 ir        r               f(r)
    1  0.00001808      0.23168275D-15
    2  0.00001829      0.24269337D-15
    3  0.00001851      0.25422724D-15
    4  0.00001872      0.26630922D-15
    5  0.00001894      0.27896522D-15
    6  0.00001916      0.29222269D-15
    7  0.00001939      0.30611011D-15
    8  0.00001961      0.32065750D-15
    9  0.00001984      0.33589620D-15
   10  0.00002007      0.35185906D-15
   11  0.00002031      0.36858049D-15
   12  0.00002054      0.38609654D-15
   13  0.00002078      0.40444495D-15
   14  0.00002103      0.42366530D-15
   15  0.00002127      0.44379900D-15
   16  0.00002152      0.46488946D-15
   17  0.00002177      0.48698213D-15
   18  0.00002203      0.51012465D-15
   19  0.00002228      0.53436689D-15
   20  0.00002254      0.55976112D-15
   21  0.00002281      0.58636206D-15
   22  0.00002307      0.61422706D-15
   23  0.00002334      0.64341617D-15
   24  0.00002362      0.67399232D-15
   25  0.00002389      0.70602141D-15
   26  0.00002417      0.73957247D-15
   27  0.00002445      0.77471783D-15
   28  0.00002474      0.81153323D-15
   29  0.00002503      0.85009802D-15
   30  0.00002532      0.89049533D-15
   31  0.00002562      0.93281222D-15
   32  0.00002591      0.97713990D-15
   33  0.00002622      0.10235739D-14
   34  0.00002652      0.10722143D-14
   35  0.00002683      0.11231660D-14
   36  0.00002715      0.11765387D-14
   37  0.00002746      0.12324475D-14
   38  0.00002778      0.12910129D-14
   39  0.00002811      0.13523610D-14
   40  0.00002844      0.14166242D-14
   41  0.00002877      0.14839409D-14
   42  0.00002910      0.15544562D-14
   43  0.00002944      0.16283220D-14
   44  0.00002979      0.17056976D-14
   45  0.00003014      0.17867496D-14
   46  0.00003049      0.18716528D-14
   47  0.00003084      0.19605901D-14
   48  0.00003120      0.20537532D-14
   49  0.00003157      0.21513428D-14
   50  0.00003194      0.22535693D-14
   51  0.00003231      0.23606529D-14
   52  0.00003269      0.24728244D-14
   53  0.00003307      0.25903255D-14
   54  0.00003346      0.27134094D-14
   55  0.00003385      0.28423413D-14
   56  0.00003424      0.29773990D-14
   57  0.00003464      0.31188737D-14
   58  0.00003505      0.32670700D-14
   59  0.00003546      0.34223073D-14
   60  0.00003587      0.35849201D-14
   61  0.00003629      0.37552589D-14
   62  0.00003671      0.39336905D-14
   63  0.00003714      0.41205995D-14
   64  0.00003757      0.43163885D-14
   65  0.00003801      0.45214795D-14
   66  0.00003846      0.47363143D-14
   67  0.00003891      0.49613557D-14
   68  0.00003936      0.51970885D-14
   69  0.00003982      0.54440208D-14
   70  0.00004028      0.57026844D-14
   71  0.00004076      0.59736366D-14
   72  0.00004123      0.62574612D-14
   73  0.00004171      0.65547696D-14
   74  0.00004220      0.68662023D-14
   75  0.00004269      0.71924301D-14
   76  0.00004319      0.75341560D-14
   77  0.00004370      0.78921159D-14
   78  0.00004421      0.82670811D-14
   79  0.00004472      0.86598592D-14
   80  0.00004524      0.90712964D-14
   81  0.00004577      0.95022789D-14
   82  0.00004631      0.99537350D-14
   83  0.00004685      0.10426637D-13
   84  0.00004739      0.10922004D-13
   85  0.00004795      0.11440903D-13
   86  0.00004851      0.11984451D-13
   87  0.00004907      0.12553819D-13
   88  0.00004965      0.13150233D-13
   89  0.00005023      0.13774979D-13
   90  0.00005081      0.14429401D-13
   91  0.00005141      0.15114909D-13
   92  0.00005201      0.15832979D-13
   93  0.00005261      0.16585158D-13
   94  0.00005323      0.17373066D-13
   95  0.00005385      0.18198399D-13
   96  0.00005448      0.19062936D-13
   97  0.00005512      0.19968536D-13
   98  0.00005576      0.20917152D-13
   99  0.00005641      0.21910825D-13
  100  0.00005707      0.22951696D-13
  101  0.00005774      0.24042005D-13
  102  0.00005841      0.25184101D-13
  103  0.00005909      0.26380442D-13
  104  0.00005978      0.27633604D-13
  105  0.00006048      0.28946287D-13
  106  0.00006119      0.30321316D-13
  107  0.00006190      0.31761651D-13
  108  0.00006262      0.33270394D-13
  109  0.00006335      0.34850793D-13
  110  0.00006409      0.36506251D-13
  111  0.00006484      0.38240331D-13
  112  0.00006560      0.40056767D-13
  113  0.00006637      0.41959469D-13
  114  0.00006714      0.43952534D-13
  115  0.00006793      0.46040250D-13
  116  0.00006872      0.48227114D-13
  117  0.00006952      0.50517831D-13
  118  0.00007033      0.52917333D-13
  119  0.00007115      0.55430786D-13
  120  0.00007198      0.58063598D-13
  121  0.00007283      0.60821436D-13
  122  0.00007368      0.63710237D-13
  123  0.00007454      0.66736219D-13
  124  0.00007541      0.69905892D-13
  125  0.00007629      0.73226080D-13
  126  0.00007718      0.76703927D-13
  127  0.00007808      0.80346918D-13
  128  0.00007899      0.84162894D-13
  129  0.00007991      0.88160064D-13
  130  0.00008085      0.92347032D-13
  131  0.00008179      0.96732806D-13
  132  0.00008275      0.10132682D-12
  133  0.00008371      0.10613897D-12
  134  0.00008469      0.11117960D-12
  135  0.00008568      0.11645956D-12
  136  0.00008668      0.12199020D-12
  137  0.00008769      0.12778343D-12
  138  0.00008872      0.13385171D-12
  139  0.00008975      0.14020810D-12
  140  0.00009080      0.14686626D-12
  141  0.00009186      0.15384053D-12
  142  0.00009293      0.16114590D-12
  143  0.00009402      0.16879810D-12
  144  0.00009512      0.17681357D-12
  145  0.00009623      0.18520956D-12
  146  0.00009735      0.19400412D-12
  147  0.00009849      0.20321618D-12
  148  0.00009964      0.21286555D-12
  149  0.00010080      0.22297297D-12
  150  0.00010198      0.23356019D-12
  151  0.00010317      0.24464997D-12
  152  0.00010437      0.25626615D-12
  153  0.00010559      0.26843373D-12
  154  0.00010682      0.28117886D-12
  155  0.00010807      0.29452894D-12
  156  0.00010933      0.30851268D-12
  157  0.00011061      0.32316015D-12
  158  0.00011190      0.33850283D-12
  159  0.00011321      0.35457371D-12
  160  0.00011453      0.37140734D-12
  161  0.00011587      0.38903991D-12
  162  0.00011722      0.40750931D-12
  163  0.00011859      0.42685526D-12
  164  0.00011997      0.44711933D-12
  165  0.00012138      0.46834507D-12
  166  0.00012279      0.49057811D-12
  167  0.00012423      0.51386623D-12
  168  0.00012568      0.53825947D-12
  169  0.00012715      0.56381027D-12
  170  0.00012863      0.59057351D-12
  171  0.00013013      0.61860671D-12
  172  0.00013165      0.64797012D-12
  173  0.00013319      0.67872680D-12
  174  0.00013474      0.71094286D-12
  175  0.00013632      0.74468750D-12
  176  0.00013791      0.78003321D-12
  177  0.00013952      0.81705592D-12
  178  0.00014115      0.85583517D-12
  179  0.00014280      0.89645425D-12
  180  0.00014446      0.93900041D-12
  181  0.00014615      0.98356502D-12
  182  0.00014786      0.10302438D-11
  183  0.00014959      0.10791370D-11
  184  0.00015133      0.11303496D-11
  185  0.00015310      0.11839916D-11
  186  0.00015489      0.12401781D-11
  187  0.00015670      0.12990299D-11
  188  0.00015853      0.13606732D-11
  189  0.00016038      0.14252404D-11
  190  0.00016225      0.14928702D-11
  191  0.00016414      0.15637076D-11
  192  0.00016606      0.16379048D-11
  193  0.00016800      0.17156209D-11
  194  0.00016996      0.17970229D-11
  195  0.00017195      0.18822854D-11
  196  0.00017395      0.19715914D-11
  197  0.00017599      0.20651326D-11
  198  0.00017804      0.21631095D-11
  199  0.00018012      0.22657326D-11
  200  0.00018222      0.23732219D-11
  201  0.00018435      0.24858081D-11
  202  0.00018650      0.26037327D-11
  203  0.00018868      0.27272487D-11
  204  0.00019088      0.28566209D-11
  205  0.00019311      0.29921270D-11
  206  0.00019537      0.31340574D-11
  207  0.00019765      0.32827167D-11
  208  0.00019996      0.34384235D-11
  209  0.00020229      0.36015117D-11
  210  0.00020466      0.37723312D-11
  211  0.00020705      0.39512479D-11
  212  0.00020946      0.41386456D-11
  213  0.00021191      0.43349260D-11
  214  0.00021438      0.45405098D-11
  215  0.00021689      0.47558376D-11
  216  0.00021942      0.49813709D-11
  217  0.00022198      0.52175931D-11
  218  0.00022457      0.54650103D-11
  219  0.00022720      0.57241528D-11
  220  0.00022985      0.59955756D-11
  221  0.00023253      0.62798604D-11
  222  0.00023525      0.65776161D-11
  223  0.00023800      0.68894805D-11
  224  0.00024077      0.72161216D-11
  225  0.00024359      0.75582390D-11
  226  0.00024643      0.79165652D-11
  227  0.00024931      0.82918677D-11
  228  0.00025222      0.86849500D-11
  229  0.00025517      0.90966537D-11
  230  0.00025814      0.95278601D-11
  231  0.00026116      0.99794923D-11
  232  0.00026421      0.10452517D-10
  233  0.00026729      0.10947946D-10
  234  0.00027042      0.11466841D-10
  235  0.00027357      0.12010311D-10
  236  0.00027677      0.12579519D-10
  237  0.00028000      0.13175683D-10
  238  0.00028327      0.13800079D-10
  239  0.00028658      0.14454041D-10
  240  0.00028992      0.15138969D-10
  241  0.00029331      0.15856328D-10
  242  0.00029673      0.16607650D-10
  243  0.00030020      0.17394544D-10
  244  0.00030370      0.18218691D-10
  245  0.00030725      0.19081852D-10
  246  0.00031084      0.19985874D-10
  247  0.00031447      0.20932687D-10
  248  0.00031814      0.21924317D-10
  249  0.00032186      0.22962880D-10
  250  0.00032561      0.24050597D-10
  251  0.00032942      0.25189790D-10
  252  0.00033326      0.26382895D-10
  253  0.00033716      0.27632458D-10
  254  0.00034109      0.28941148D-10
  255  0.00034508      0.30311760D-10
  256  0.00034910      0.31747221D-10
  257  0.00035318      0.33250594D-10
  258  0.00035731      0.34825088D-10
  259  0.00036148      0.36474066D-10
  260  0.00036570      0.38201044D-10
  261  0.00036997      0.40009709D-10
  262  0.00037429      0.41903919D-10
  263  0.00037866      0.43887715D-10
  264  0.00038308      0.45965328D-10
  265  0.00038756      0.48141190D-10
  266  0.00039208      0.50419939D-10
  267  0.00039666      0.52806436D-10
  268  0.00040129      0.55305766D-10
  269  0.00040598      0.57923259D-10
  270  0.00041072      0.60664492D-10
  271  0.00041551      0.63535306D-10
  272  0.00042037      0.66541819D-10
  273  0.00042528      0.69690436D-10
  274  0.00043024      0.72987862D-10
  275  0.00043527      0.76441121D-10
  276  0.00044035      0.80057566D-10
  277  0.00044549      0.83844896D-10
  278  0.00045069      0.87811175D-10
  279  0.00045596      0.91964843D-10
  280  0.00046128      0.96314740D-10
  281  0.00046667      0.10087012D-09
  282  0.00047212      0.10564068D-09
  283  0.00047763      0.11063656D-09
  284  0.00048321      0.11586839D-09
  285  0.00048885      0.12134729D-09
  286  0.00049456      0.12708492D-09
  287  0.00050033      0.13309346D-09
  288  0.00050617      0.13938569D-09
  289  0.00051209      0.14597497D-09
  290  0.00051807      0.15287531D-09
  291  0.00052411      0.16010137D-09
  292  0.00053023      0.16766849D-09
  293  0.00053643      0.17559273D-09
  294  0.00054269      0.18389093D-09
  295  0.00054903      0.19258070D-09
  296  0.00055544      0.20168047D-09
  297  0.00056193      0.21120956D-09
  298  0.00056849      0.22118817D-09
  299  0.00057513      0.23163749D-09
  300  0.00058184      0.24257965D-09
  301  0.00058864      0.25403787D-09
  302  0.00059551      0.26603643D-09
  303  0.00060246      0.27860076D-09
  304  0.00060950      0.29175748D-09
  305  0.00061662      0.30553446D-09
  306  0.00062382      0.31996088D-09
  307  0.00063110      0.33506729D-09
  308  0.00063847      0.35088566D-09
  309  0.00064593      0.36744949D-09
  310  0.00065347      0.38479382D-09
  311  0.00066110      0.40295534D-09
  312  0.00066882      0.42197247D-09
  313  0.00067663      0.44188542D-09
  314  0.00068453      0.46273629D-09
  315  0.00069252      0.48456916D-09
  316  0.00070061      0.50743015D-09
  317  0.00070879      0.53136757D-09
  318  0.00071707      0.55643198D-09
  319  0.00072544      0.58267630D-09
  320  0.00073391      0.61015593D-09
  321  0.00074248      0.63892888D-09
  322  0.00075115      0.66905585D-09
  323  0.00075993      0.70060039D-09
  324  0.00076880      0.73362903D-09
  325  0.00077778      0.76821141D-09
  326  0.00078686      0.80442041D-09
  327  0.00079605      0.84233234D-09
  328  0.00080534      0.88202706D-09
  329  0.00081475      0.92358816D-09
  330  0.00082426      0.96710317D-09
  331  0.00083389      0.10126637D-08
  332  0.00084362      0.10603655D-08
  333  0.00085348      0.11103091D-08
  334  0.00086344      0.11625993D-08
  335  0.00087352      0.12173463D-08
  336  0.00088372      0.12746650D-08
  337  0.00089404      0.13346758D-08
  338  0.00090448      0.13975049D-08
  339  0.00091505      0.14632841D-08
  340  0.00092573      0.15321515D-08
  341  0.00093654      0.16042516D-08
  342  0.00094748      0.16797358D-08
  343  0.00095854      0.17587622D-08
  344  0.00096974      0.18414965D-08
  345  0.00098106      0.19281122D-08
  346  0.00099252      0.20187907D-08
  347  0.00100411      0.21137219D-08
  348  0.00101583      0.22131044D-08
  349  0.00102769      0.23171464D-08
  350  0.00103969      0.24260655D-08
  351  0.00105183      0.25400894D-08
  352  0.00106412      0.26594566D-08
  353  0.00107654      0.27844163D-08
  354  0.00108911      0.29152298D-08
  355  0.00110183      0.30521702D-08
  356  0.00111470      0.31955232D-08
  357  0.00112772      0.33455880D-08
  358  0.00114088      0.35026777D-08
  359  0.00115421      0.36671196D-08
  360  0.00116768      0.38392566D-08
  361  0.00118132      0.40194472D-08
  362  0.00119511      0.42080666D-08
  363  0.00120907      0.44055075D-08
  364  0.00122319      0.46121806D-08
  365  0.00123747      0.48285157D-08
  366  0.00125192      0.50549627D-08
  367  0.00126654      0.52919919D-08
  368  0.00128133      0.55400958D-08
  369  0.00129629      0.57997894D-08
  370  0.00131143      0.60716115D-08
  371  0.00132675      0.63561261D-08
  372  0.00134224      0.66539229D-08
  373  0.00135791      0.69656190D-08
  374  0.00137377      0.72918601D-08
  375  0.00138981      0.76333215D-08
  376  0.00140604      0.79907099D-08
  377  0.00142246      0.83647643D-08
  378  0.00143907      0.87562580D-08
  379  0.00145587      0.91659998D-08
  380  0.00147287      0.95948360D-08
  381  0.00149007      0.10043652D-07
  382  0.00150747      0.10513373D-07
  383  0.00152508      0.11004967D-07
  384  0.00154289      0.11519449D-07
  385  0.00156090      0.12057877D-07
  386  0.00157913      0.12621360D-07
  387  0.00159757      0.13211057D-07
  388  0.00161623      0.13828181D-07
  389  0.00163510      0.14473999D-07
  390  0.00165419      0.15149839D-07
  391  0.00167351      0.15857087D-07
  392  0.00169305      0.16597195D-07
  393  0.00171282      0.17371679D-07
  394  0.00173282      0.18182127D-07
  395  0.00175306      0.19030198D-07
  396  0.00177353      0.19917627D-07
  397  0.00179424      0.20846230D-07
  398  0.00181519      0.21817905D-07
  399  0.00183639      0.22834635D-07
  400  0.00185783      0.23898497D-07
  401  0.00187953      0.25011661D-07
  402  0.00190147      0.26176395D-07
  403  0.00192368      0.27395073D-07
  404  0.00194614      0.28670175D-07
  405  0.00196887      0.30004295D-07
  406  0.00199186      0.31400146D-07
  407  0.00201512      0.32860562D-07
  408  0.00203865      0.34388510D-07
  409  0.00206245      0.35987087D-07
  410  0.00208654      0.37659535D-07
  411  0.00211090      0.39409241D-07
  412  0.00213555      0.41239746D-07
  413  0.00216049      0.43154753D-07
  414  0.00218572      0.45158131D-07
  415  0.00221124      0.47253926D-07
  416  0.00223706      0.49446367D-07
  417  0.00226319      0.51739874D-07
  418  0.00228962      0.54139066D-07
  419  0.00231635      0.56648774D-07
  420  0.00234340      0.59274045D-07
  421  0.00237077      0.62020153D-07
  422  0.00239845      0.64892612D-07
  423  0.00242646      0.67897185D-07
  424  0.00245479      0.71039893D-07
  425  0.00248346      0.74327030D-07
  426  0.00251246      0.77765172D-07
  427  0.00254180      0.81361192D-07
  428  0.00257148      0.85122270D-07
  429  0.00260151      0.89055912D-07
  430  0.00263188      0.93169958D-07
  431  0.00266262      0.97472600D-07
  432  0.00269371      0.10197240D-06
  433  0.00272516      0.10667830D-06
  434  0.00275699      0.11159964D-06
  435  0.00278918      0.11674620D-06
  436  0.00282175      0.12212815D-06
  437  0.00285470      0.12775617D-06
  438  0.00288804      0.13364137D-06
  439  0.00292176      0.13979539D-06
  440  0.00295588      0.14623037D-06
  441  0.00299040      0.15295899D-06
  442  0.00302532      0.15999450D-06
  443  0.00306065      0.16735074D-06
  444  0.00309639      0.17504217D-06
  445  0.00313254      0.18308387D-06
  446  0.00316912      0.19149161D-06
  447  0.00320613      0.20028186D-06
  448  0.00324357      0.20947179D-06
  449  0.00328144      0.21907937D-06
  450  0.00331976      0.22912334D-06
  451  0.00335853      0.23962327D-06
  452  0.00339775      0.25059959D-06
  453  0.00343742      0.26207364D-06
  454  0.00347756      0.27406769D-06
  455  0.00351817      0.28660499D-06
  456  0.00355926      0.29970983D-06
  457  0.00360082      0.31340753D-06
  458  0.00364287      0.32772456D-06
  459  0.00368541      0.34268852D-06
  460  0.00372844      0.35832823D-06
  461  0.00377198      0.37467377D-06
  462  0.00381603      0.39175653D-06
  463  0.00386059      0.40960927D-06
  464  0.00390567      0.42826618D-06
  465  0.00395128      0.44776293D-06
  466  0.00399742      0.46813675D-06
  467  0.00404410      0.48942649D-06
  468  0.00409132      0.51167266D-06
  469  0.00413910      0.53491755D-06
  470  0.00418743      0.55920528D-06
  471  0.00423633      0.58458187D-06
  472  0.00428580      0.61109531D-06
  473  0.00433584      0.63879568D-06
  474  0.00438647      0.66773522D-06
  475  0.00443770      0.69796840D-06
  476  0.00448952      0.72955204D-06
  477  0.00454194      0.76254538D-06
  478  0.00459498      0.79701022D-06
  479  0.00464864      0.83301100D-06
  480  0.00470292      0.87061489D-06
  481  0.00475784      0.90989195D-06
  482  0.00481340      0.95091522D-06
  483  0.00486960      0.99376084D-06
  484  0.00492647      0.10385082D-05
  485  0.00498400      0.10852400D-05
  486  0.00504220      0.11340425D-05
  487  0.00510108      0.11850056D-05
  488  0.00516064      0.12382230D-05
  489  0.00522090      0.12937923D-05
  490  0.00528187      0.13518153D-05
  491  0.00534355      0.14123980D-05
  492  0.00540595      0.14756508D-05
  493  0.00546907      0.15416889D-05
  494  0.00553294      0.16106321D-05
  495  0.00559755      0.16826055D-05
  496  0.00566291      0.17577389D-05
  497  0.00572904      0.18361681D-05
  498  0.00579594      0.19180342D-05
  499  0.00586362      0.20034841D-05
  500  0.00593209      0.20926709D-05
  501  0.00600136      0.21857541D-05
  502  0.00607144      0.22828996D-05
  503  0.00614234      0.23842801D-05
  504  0.00621407      0.24900757D-05
  505  0.00628663      0.26004736D-05
  506  0.00636004      0.27156686D-05
  507  0.00643431      0.28358636D-05
  508  0.00650945      0.29612698D-05
  509  0.00658546      0.30921068D-05
  510  0.00666236      0.32286034D-05
  511  0.00674016      0.33709972D-05
  512  0.00681887      0.35195359D-05
  513  0.00689849      0.36744768D-05
  514  0.00697905      0.38360876D-05
  515  0.00706054      0.40046470D-05
  516  0.00714299      0.41804444D-05
  517  0.00722640      0.43637812D-05
  518  0.00731079      0.45549705D-05
  519  0.00739616      0.47543379D-05
  520  0.00748253      0.49622218D-05
  521  0.00756990      0.51789743D-05
  522  0.00765830      0.54049609D-05
  523  0.00774773      0.56405618D-05
  524  0.00783820      0.58861720D-05
  525  0.00792973      0.61422019D-05
  526  0.00802233      0.64090779D-05
  527  0.00811601      0.66872430D-05
  528  0.00821078      0.69771573D-05
  529  0.00830666      0.72792988D-05
  530  0.00840366      0.75941636D-05
  531  0.00850179      0.79222672D-05
  532  0.00860107      0.82641447D-05
  533  0.00870151      0.86203514D-05
  534  0.00880312      0.89914641D-05
  535  0.00890591      0.93780812D-05
  536  0.00900991      0.97808238D-05
  537  0.00911512      0.10200336D-04
  538  0.00922156      0.10637287D-04
  539  0.00932925      0.11092370D-04
  540  0.00943819      0.11566304D-04
  541  0.00954840      0.12059836D-04
  542  0.00965990      0.12573740D-04
  543  0.00977270      0.13108817D-04
  544  0.00988682      0.13665898D-04
  545  0.01000227      0.14245847D-04
  546  0.01011907      0.14849556D-04
  547  0.01023724      0.15477952D-04
  548  0.01035678      0.16131992D-04
  549  0.01047772      0.16812671D-04
  550  0.01060007      0.17521018D-04
  551  0.01072385      0.18258098D-04
  552  0.01084908      0.19025016D-04
  553  0.01097577      0.19822913D-04
  554  0.01110393      0.20652971D-04
  555  0.01123360      0.21516416D-04
  556  0.01136478      0.22414512D-04
  557  0.01149749      0.23348571D-04
  558  0.01163175      0.24319947D-04
  559  0.01176757      0.25330041D-04
  560  0.01190499      0.26380304D-04
  561  0.01204401      0.27472234D-04
  562  0.01218465      0.28607378D-04
  563  0.01232693      0.29787338D-04
  564  0.01247088      0.31013768D-04
  565  0.01261650      0.32288375D-04
  566  0.01276383      0.33612923D-04
  567  0.01291288      0.34989236D-04
  568  0.01306367      0.36419194D-04
  569  0.01321622      0.37904737D-04
  570  0.01337055      0.39447871D-04
  571  0.01352668      0.41050662D-04
  572  0.01368463      0.42715241D-04
  573  0.01384443      0.44443809D-04
  574  0.01400610      0.46238631D-04
  575  0.01416965      0.48102046D-04
  576  0.01433512      0.50036460D-04
  577  0.01450251      0.52044355D-04
  578  0.01467186      0.54128286D-04
  579  0.01484319      0.56290885D-04
  580  0.01501652      0.58534860D-04
  581  0.01519187      0.60862999D-04
  582  0.01536927      0.63278171D-04
  583  0.01554875      0.65783325D-04
  584  0.01573031      0.68381497D-04
  585  0.01591400      0.71075804D-04
  586  0.01609983      0.73869453D-04
  587  0.01628784      0.76765735D-04
  588  0.01647804      0.79768034D-04
  589  0.01667045      0.82879821D-04
  590  0.01686512      0.86104659D-04
  591  0.01706206      0.89446207D-04
  592  0.01726130      0.92908214D-04
  593  0.01746287      0.96494525D-04
  594  0.01766679      0.10020908D-03
  595  0.01787309      0.10405592D-03
  596  0.01808180      0.10803918D-03
  597  0.01829294      0.11216309D-03
  598  0.01850656      0.11643199D-03
  599  0.01872266      0.12085030D-03
  600  0.01894129      0.12542256D-03
  601  0.01916248      0.13015340D-03
  602  0.01938624      0.13504754D-03
  603  0.01961262      0.14010982D-03
  604  0.01984165      0.14534516D-03
  605  0.02007334      0.15075860D-03
  606  0.02030775      0.15635526D-03
  607  0.02054489      0.16214036D-03
  608  0.02078480      0.16811923D-03
  609  0.02102751      0.17429727D-03
  610  0.02127305      0.18068000D-03
  611  0.02152146      0.18727302D-03
  612  0.02177278      0.19408201D-03
  613  0.02202703      0.20111275D-03
  614  0.02228424      0.20837111D-03
  615  0.02254446      0.21586302D-03
  616  0.02280772      0.22359451D-03
  617  0.02307406      0.23157167D-03
  618  0.02334350      0.23980068D-03
  619  0.02361609      0.24828776D-03
  620  0.02389186      0.25703921D-03
  621  0.02417085      0.26606138D-03
  622  0.02445310      0.27536068D-03
  623  0.02473865      0.28494356D-03
  624  0.02502753      0.29481649D-03
  625  0.02531979      0.30498601D-03
  626  0.02561546      0.31545865D-03
  627  0.02591458      0.32624098D-03
  628  0.02621719      0.33733955D-03
  629  0.02652333      0.34876094D-03
  630  0.02683306      0.36051170D-03
  631  0.02714640      0.37259836D-03
  632  0.02746339      0.38502743D-03
  633  0.02778409      0.39780537D-03
  634  0.02810854      0.41093857D-03
  635  0.02843677      0.42443337D-03
  636  0.02876883      0.43829603D-03
  637  0.02910478      0.45253270D-03
  638  0.02944464      0.46714943D-03
  639  0.02978848      0.48215214D-03
  640  0.03013633      0.49754661D-03
  641  0.03048824      0.51333846D-03
  642  0.03084426      0.52953312D-03
  643  0.03120444      0.54613585D-03
  644  0.03156882      0.56315168D-03
  645  0.03193746      0.58058540D-03
  646  0.03231041      0.59844155D-03
  647  0.03268771      0.61672440D-03
  648  0.03306941      0.63543790D-03
  649  0.03345557      0.65458569D-03
  650  0.03384624      0.67417107D-03
  651  0.03424148      0.69419695D-03
  652  0.03464133      0.71466585D-03
  653  0.03504585      0.73557987D-03
  654  0.03545509      0.75694064D-03
  655  0.03586911      0.77874932D-03
  656  0.03628796      0.80100658D-03
  657  0.03671171      0.82371253D-03
  658  0.03714040      0.84686670D-03
  659  0.03757410      0.87046805D-03
  660  0.03801287      0.89451490D-03
  661  0.03845676      0.91900489D-03
  662  0.03890583      0.94393498D-03
  663  0.03936015      0.96930141D-03
  664  0.03981977      0.99509964D-03
  665  0.04028476      0.10213243D-02
  666  0.04075517      0.10479693D-02
  667  0.04123109      0.10750276D-02
  668  0.04171256      0.11024913D-02
  669  0.04219965      0.11303515D-02
  670  0.04269243      0.11585983D-02
  671  0.04319096      0.11872210D-02
  672  0.04369531      0.12162077D-02
  673  0.04420556      0.12455454D-02
  674  0.04472176      0.12752201D-02
  675  0.04524399      0.13052166D-02
  676  0.04577232      0.13355186D-02
  677  0.04630682      0.13661085D-02
  678  0.04684756      0.13969674D-02
  679  0.04739461      0.14280754D-02
  680  0.04794806      0.14594110D-02
  681  0.04850796      0.14909516D-02
  682  0.04907440      0.15226731D-02
  683  0.04964746      0.15545502D-02
  684  0.05022721      0.15865560D-02
  685  0.05081373      0.16186624D-02
  686  0.05140710      0.16508397D-02
  687  0.05200740      0.16830568D-02
  688  0.05261470      0.17152812D-02
  689  0.05322910      0.17474788D-02
  690  0.05385068      0.17796141D-02
  691  0.05447951      0.18116502D-02
  692  0.05511568      0.18435486D-02
  693  0.05575929      0.18752694D-02
  694  0.05641041      0.19067712D-02
  695  0.05706913      0.19380112D-02
  696  0.05773555      0.19689450D-02
  697  0.05840974      0.19995270D-02
  698  0.05909181      0.20297100D-02
  699  0.05978185      0.20594457D-02
  700  0.06047994      0.20886844D-02
  701  0.06118618      0.21173749D-02
  702  0.06190067      0.21454651D-02
  703  0.06262351      0.21729015D-02
  704  0.06335478      0.21996297D-02
  705  0.06409460      0.22255942D-02
  706  0.06484305      0.22507384D-02
  707  0.06560024      0.22750050D-02
  708  0.06636628      0.22983360D-02
  709  0.06714126      0.23206724D-02
  710  0.06792529      0.23419551D-02
  711  0.06871848      0.23621241D-02
  712  0.06952093      0.23811193D-02
  713  0.07033274      0.23988805D-02
  714  0.07115404      0.24153472D-02
  715  0.07198493      0.24304592D-02
  716  0.07282552      0.24441564D-02
  717  0.07367593      0.24563792D-02
  718  0.07453627      0.24670686D-02
  719  0.07540665      0.24761663D-02
  720  0.07628720      0.24836152D-02
  721  0.07717803      0.24893589D-02
  722  0.07807926      0.24933429D-02
  723  0.07899102      0.24955139D-02
  724  0.07991343      0.24958206D-02
  725  0.08084660      0.24942136D-02
  726  0.08179067      0.24906460D-02
  727  0.08274577      0.24850732D-02
  728  0.08371202      0.24774534D-02
  729  0.08468955      0.24677479D-02
  730  0.08567850      0.24559213D-02
  731  0.08667900      0.24419416D-02
  732  0.08769117      0.24257806D-02
  733  0.08871517      0.24074144D-02
  734  0.08975113      0.23868233D-02
  735  0.09079918      0.23639922D-02
  736  0.09185947      0.23389109D-02
  737  0.09293215      0.23115745D-02
  738  0.09401735      0.22819834D-02
  739  0.09511522      0.22501437D-02
  740  0.09622591      0.22160675D-02
  741  0.09734957      0.21797733D-02
  742  0.09848635      0.21412859D-02
  743  0.09963641      0.21006369D-02
  744  0.10079990      0.20578647D-02
  745  0.10197697      0.20130152D-02
  746  0.10316779      0.19661415D-02
  747  0.10437251      0.19173043D-02
  748  0.10559131      0.18665722D-02
  749  0.10682433      0.18140216D-02
  750  0.10807175      0.17597371D-02
  751  0.10933374      0.17038115D-02
  752  0.11061047      0.16463460D-02
  753  0.11190210      0.15874502D-02
  754  0.11320882      0.15272420D-02
  755  0.11453080      0.14658481D-02
  756  0.11586821      0.14034034D-02
  757  0.11722124      0.13400515D-02
  758  0.11859007      0.12759443D-02
  759  0.11997489      0.12112422D-02
  760  0.12137587      0.11461135D-02
  761  0.12279322      0.10807347D-02
  762  0.12422711      0.10152901D-02
  763  0.12567775      0.94997160D-03
  764  0.12714533      0.88497836D-03
  765  0.12863005      0.82051651D-03
  766  0.13013211      0.75679876D-03
  767  0.13165170      0.69404402D-03
  768  0.13318904      0.63247693D-03
  769  0.13474433      0.57232734D-03
  770  0.13631779      0.51382979D-03
  771  0.13790962      0.45722290D-03
  772  0.13952003      0.40274875D-03
  773  0.14114925      0.35065216D-03
  774  0.14279750      0.30118003D-03
  775  0.14446499      0.25458049D-03
  776  0.14615196      0.21110216D-03
  777  0.14785862      0.17099322D-03
  778  0.14958521      0.13450060D-03
  779  0.15133197      0.10186897D-03
  780  0.15309912      0.73339821D-04
  781  0.15488691      0.49150433D-04
  782  0.15669558      0.29532854D-04
  783  0.15852536      0.14712837D-04
  784  0.16037651      0.49087477D-05
  785  0.16224928      0.33046040D-06
  786  0.16414392      0.11782297D-05
  787  0.16606068      0.76415529D-05
  788  0.16799983      0.19898023D-04
  789  0.16996162      0.38112176D-04
  790  0.17194632      0.62434343D-04
  791  0.17395419      0.92999507D-04
  792  0.17598551      0.12992617D-03
  793  0.17804055      0.17331525D-03
  794  0.18011959      0.22324896D-03
  795  0.18222290      0.27978982D-03
  796  0.18435078      0.34297954D-03
  797  0.18650350      0.41283812D-03
  798  0.18868136      0.48936289D-03
  799  0.19088466      0.57252764D-03
  800  0.19311368      0.66228182D-03
  801  0.19536873      0.75854980D-03
  802  0.19765012      0.86123019D-03
  803  0.19995814      0.97019530D-03
  804  0.20229312      0.10852906D-02
  805  0.20465536      0.12063345D-02
  806  0.20704519      0.13331177D-02
  807  0.20946292      0.14654034D-02
  808  0.21190889      0.16029272D-02
  809  0.21438342      0.17453967D-02
  810  0.21688685      0.18924923D-02
  811  0.21941950      0.20438673D-02
  812  0.22198174      0.21991482D-02
  813  0.22457389      0.23579352D-02
  814  0.22719631      0.25198034D-02
  815  0.22984936      0.26843034D-02
  816  0.23253339      0.28509622D-02
  817  0.23524875      0.30192845D-02
  818  0.23799583      0.31887542D-02
  819  0.24077499      0.33588354D-02
  820  0.24358659      0.35289746D-02
  821  0.24643104      0.36986020D-02
  822  0.24930869      0.38671336D-02
  823  0.25221995      0.40339731D-02
  824  0.25516520      0.41985145D-02
  825  0.25814485      0.43601437D-02
  826  0.26115929      0.45182416D-02
  827  0.26420894      0.46721862D-02
  828  0.26729419      0.48213554D-02
  829  0.27041547      0.49651297D-02
  830  0.27357320      0.51028952D-02
  831  0.27676781      0.52340461D-02
  832  0.27999971      0.53579880D-02
  833  0.28326936      0.54741410D-02
  834  0.28657719      0.55819422D-02
  835  0.28992365      0.56808494D-02
  836  0.29330918      0.57703437D-02
  837  0.29673425      0.58499329D-02
  838  0.30019931      0.59191544D-02
  839  0.30370484      0.59775780D-02
  840  0.30725130      0.60248091D-02
  841  0.31083917      0.60604917D-02
  842  0.31446894      0.60843106D-02
  843  0.31814110      0.60959947D-02
  844  0.32185614      0.60953191D-02
  845  0.32561456      0.60821079D-02
  846  0.32941686      0.60562358D-02
  847  0.33326357      0.60176311D-02
  848  0.33715520      0.59662765D-02
  849  0.34109227      0.59022117D-02
  850  0.34507532      0.58255344D-02
  851  0.34910487      0.57364015D-02
  852  0.35318149      0.56350303D-02
  853  0.35730570      0.55216990D-02
  854  0.36147808      0.53967473D-02
  855  0.36569917      0.52605765D-02
  856  0.36996956      0.51136496D-02
  857  0.37428982      0.49564906D-02
  858  0.37866052      0.47896839D-02
  859  0.38308227      0.46138735D-02
  860  0.38755564      0.44297616D-02
  861  0.39208126      0.42381067D-02
  862  0.39665972      0.40397223D-02
  863  0.40129164      0.38354741D-02
  864  0.40597766      0.36262778D-02
  865  0.41071839      0.34130964D-02
  866  0.41551448      0.31969368D-02
  867  0.42036658      0.29788465D-02
  868  0.42527534      0.27599100D-02
  869  0.43024142      0.25412452D-02
  870  0.43526549      0.23239986D-02
  871  0.44034823      0.21093414D-02
  872  0.44549032      0.18984647D-02
  873  0.45069245      0.16925748D-02
  874  0.45595534      0.14928880D-02
  875  0.46127968      0.13006258D-02
  876  0.46666619      0.11170092D-02
  877  0.47211560      0.94325353D-03
  878  0.47762865      0.78056296D-03
  879  0.48320608      0.63012482D-03
  880  0.48884863      0.49310406D-03
  881  0.49455708      0.37063761D-03
  882  0.50033218      0.26382878D-03
  883  0.50617473      0.17374169D-03
  884  0.51208549      0.10139580D-03
  885  0.51806528      0.47760503D-04
  886  0.52411490      0.13749894D-04
  887  0.53023516      0.21767677D-06
  888  0.53642689      0.79522704D-05
  889  0.54269093      0.37672143D-04
  890  0.54902810      0.90021395D-04
  891  0.55543929      0.16556562D-03
  892  0.56192533      0.26478809D-03
  893  0.56848712      0.38808624D-03
  894  0.57512553      0.53576853D-03
  895  0.58184146      0.70805173D-03
  896  0.58863581      0.90505851D-03
  897  0.59550950      0.11268155D-02
  898  0.60246346      0.13732520D-02
  899  0.60949862      0.16441984D-02
  900  0.61661594      0.19393862D-02
  901  0.62381637      0.22584477D-02
  902  0.63110087      0.26009161D-02
  903  0.63847044      0.29662264D-02
  904  0.64592607      0.33537173D-02
  905  0.65346876      0.37626320D-02
  906  0.66109953      0.41921213D-02
  907  0.66881941      0.46412458D-02
  908  0.67662943      0.51089793D-02
  909  0.68453065      0.55942124D-02
  910  0.69252414      0.60957564D-02
  911  0.70061097      0.66123476D-02
  912  0.70879224      0.71426526D-02
  913  0.71706903      0.76852729D-02
  914  0.72544248      0.82387506D-02
  915  0.73391371      0.88015743D-02
  916  0.74248386      0.93721852D-02
  917  0.75115409      0.99489832D-02
  918  0.75992556      0.10530334D-01
  919  0.76879946      0.11114574D-01
  920  0.77777698      0.11700022D-01
  921  0.78685934      0.12284979D-01
  922  0.79604775      0.12867742D-01
  923  0.80534346      0.13446608D-01
  924  0.81474772      0.14019882D-01
  925  0.82426180      0.14585883D-01
  926  0.83388697      0.15142954D-01
  927  0.84362455      0.15689466D-01
  928  0.85347582      0.16223827D-01
  929  0.86344214      0.16744487D-01
  930  0.87352484      0.17249948D-01
  931  0.88372527      0.17738765D-01
  932  0.89404482      0.18209558D-01
  933  0.90448488      0.18661012D-01
  934  0.91504684      0.19091887D-01
  935  0.92573214      0.19501020D-01
  936  0.93654222      0.19887332D-01
  937  0.94747853      0.20249829D-01
  938  0.95854255      0.20587607D-01
  939  0.96973576      0.20899858D-01
  940  0.98105968      0.21185867D-01
  941  0.99251584      0.21445018D-01
  942  1.00410577      0.21676797D-01
  943  1.01583104      0.21880786D-01
  944  1.02769323      0.22056672D-01
  945  1.03969394      0.22204241D-01
  946  1.05183479      0.22323380D-01
  947  1.06411741      0.22414075D-01
  948  1.07654345      0.22476411D-01
  949  1.08911460      0.22510566D-01
  950  1.10183255      0.22516814D-01
  951  1.11469901      0.22495517D-01
  952  1.12771572      0.22447123D-01
  953  1.14088442      0.22372165D-01
  954  1.15420690      0.22271253D-01
  955  1.16768495      0.22145072D-01
  956  1.18132039      0.21994376D-01
  957  1.19511506      0.21819984D-01
  958  1.20907081      0.21622773D-01
  959  1.22318952      0.21403675D-01
  960  1.23747311      0.21163671D-01
  961  1.25192348      0.20903784D-01
  962  1.26654260      0.20625074D-01
  963  1.28133244      0.20328633D-01
  964  1.29629497      0.20015580D-01
  965  1.31143223      0.19687052D-01
  966  1.32674626      0.19344203D-01
  967  1.34223911      0.18988197D-01
  968  1.35791287      0.18620199D-01
  969  1.37376967      0.18241377D-01
  970  1.38981162      0.17852891D-01
  971  1.40604091      0.17455892D-01
  972  1.42245971      0.17051515D-01
  973  1.43907024      0.16640877D-01
  974  1.45587473      0.16225072D-01
  975  1.47287545      0.15805167D-01
  976  1.49007470      0.15382200D-01
  977  1.50747479      0.14957175D-01
  978  1.52507807      0.14531063D-01
  979  1.54288690      0.14104792D-01
  980  1.56090370      0.13679255D-01
  981  1.57913088      0.13255299D-01
  982  1.59757091      0.12833731D-01
  983  1.61622627      0.12415309D-01
  984  1.63509947      0.12000749D-01
  985  1.65419306      0.11590718D-01
  986  1.67350962      0.11185836D-01
  987  1.69305174      0.10786678D-01
  988  1.71282205      0.10393769D-01
  989  1.73282324      0.10007590D-01
  990  1.75305798      0.96285746D-02
  991  1.77352901      0.92571103D-02
  992  1.79423909      0.88935408D-02
  993  1.81519101      0.85381661D-02
  994  1.83638759      0.81912439D-02
  995  1.85783169      0.78529910D-02
  996  1.87952619      0.75235847D-02
  997  1.90147404      0.72031647D-02
  998  1.92367817      0.68918345D-02
  999  1.94614159      0.65896633D-02
 1000  1.96886732      0.62966878D-02
 1001  1.99185843      0.60129141D-02
 1002  2.01511801      0.57383195D-02
 1003  2.03864920      0.54730372D-02
 1004  2.06245518      0.52170686D-02
 1005  2.08653914      0.49704210D-02
 1006  2.11090434      0.47330378D-02
 1007  2.13555406      0.45048211D-02
 1008  2.16049162      0.42856369D-02
 1009  2.18572039      0.40753208D-02
 1010  2.21124376      0.38736829D-02
 1011  2.23706518      0.36805120D-02
 1012  2.26318812      0.34955800D-02
 1013  2.28961611      0.33186453D-02
 1014  2.31635271      0.31494563D-02
 1015  2.34340151      0.29877419D-02
 1016  2.37076618      0.28332211D-02
 1017  2.39845039      0.26856100D-02
 1018  2.42645788      0.25446233D-02
 1019  2.45479242      0.24099793D-02
 1020  2.48345784      0.22814092D-02
 1021  2.51245799      0.21586694D-02
 1022  2.54179678      0.20415295D-02
 1023  2.57147817      0.19297761D-02
 1024  2.60150617      0.18232082D-02
 1025  2.63188480      0.17216333D-02
 1026  2.66261818      0.16248640D-02
 1027  2.69371045      0.15327182D-02
 1028  2.72516579      0.14450187D-02
 1029  2.75698844      0.13615929D-02
 1030  2.78918269      0.12822734D-02
 1031  2.82175289      0.12068972D-02
 1032  2.85470342      0.11353061D-02
 1033  2.88803873      0.10673466D-02
