 ir        r              f(r)*r^2
    1  0.00001808      0.78809197D-23
    2  0.00001829      0.84494110D-23
    3  0.00001851      0.90589099D-23
    4  0.00001872      0.97123744D-23
    5  0.00001894      0.10412976D-22
    6  0.00001916      0.11164114D-22
    7  0.00001939      0.11969435D-22
    8  0.00001961      0.12832847D-22
    9  0.00001984      0.13758539D-22
   10  0.00002007      0.14751005D-22
   11  0.00002031      0.15815061D-22
   12  0.00002054      0.16955870D-22
   13  0.00002078      0.18178970D-22
   14  0.00002103      0.19490295D-22
   15  0.00002127      0.20896210D-22
   16  0.00002152      0.22403538D-22
   17  0.00002177      0.24019594D-22
   18  0.00002203      0.25752220D-22
   19  0.00002228      0.27609824D-22
   20  0.00002254      0.29601422D-22
   21  0.00002281      0.31736679D-22
   22  0.00002307      0.34025957D-22
   23  0.00002334      0.36480365D-22
   24  0.00002362      0.39111814D-22
   25  0.00002389      0.41933075D-22
   26  0.00002417      0.44957838D-22
   27  0.00002445      0.48200782D-22
   28  0.00002474      0.51677645D-22
   29  0.00002503      0.55405300D-22
   30  0.00002532      0.59401834D-22
   31  0.00002562      0.63686644D-22
   32  0.00002591      0.68280521D-22
   33  0.00002622      0.73205759D-22
   34  0.00002652      0.78486259D-22
   35  0.00002683      0.84147645D-22
   36  0.00002715      0.90217390D-22
   37  0.00002746      0.96724948D-22
   38  0.00002778      0.10370190D-21
   39  0.00002811      0.11118210D-21
   40  0.00002844      0.11920184D-21
   41  0.00002877      0.12780006D-21
   42  0.00002910      0.13701845D-21
   43  0.00002944      0.14690177D-21
   44  0.00002979      0.15749797D-21
   45  0.00003014      0.16885846D-21
   46  0.00003049      0.18103838D-21
   47  0.00003084      0.19409682D-21
   48  0.00003120      0.20809715D-21
   49  0.00003157      0.22310732D-21
   50  0.00003194      0.23920014D-21
   51  0.00003231      0.25645372D-21
   52  0.00003269      0.27495177D-21
   53  0.00003307      0.29478405D-21
   54  0.00003346      0.31604679D-21
   55  0.00003385      0.33884317D-21
   56  0.00003424      0.36328380D-21
   57  0.00003464      0.38948727D-21
   58  0.00003505      0.41758073D-21
   59  0.00003546      0.44770050D-21
   60  0.00003587      0.47999272D-21
   61  0.00003629      0.51461407D-21
   62  0.00003671      0.55173255D-21
   63  0.00003714      0.59152826D-21
   64  0.00003757      0.63419429D-21
   65  0.00003801      0.67993765D-21
   66  0.00003846      0.72898031D-21
   67  0.00003891      0.78156021D-21
   68  0.00003936      0.83793246D-21
   69  0.00003982      0.89837060D-21
   70  0.00004028      0.96316785D-21
   71  0.00004076      0.10326386D-20
   72  0.00004123      0.11071199D-20
   73  0.00004171      0.11869732D-20
   74  0.00004220      0.12725859D-20
   75  0.00004269      0.13643733D-20
   76  0.00004319      0.14627808D-20
   77  0.00004370      0.15682859D-20
   78  0.00004421      0.16814003D-20
   79  0.00004472      0.18026730D-20
   80  0.00004524      0.19326922D-20
   81  0.00004577      0.20720889D-20
   82  0.00004631      0.22215392D-20
   83  0.00004685      0.23817683D-20
   84  0.00004739      0.25535535D-20
   85  0.00004795      0.27377282D-20
   86  0.00004851      0.29351860D-20
   87  0.00004907      0.31468848D-20
   88  0.00004965      0.33738516D-20
   89  0.00005023      0.36171876D-20
   90  0.00005081      0.38780732D-20
   91  0.00005141      0.41577741D-20
   92  0.00005201      0.44576472D-20
   93  0.00005261      0.47791472D-20
   94  0.00005323      0.51238339D-20
   95  0.00005385      0.54933793D-20
   96  0.00005448      0.58895761D-20
   97  0.00005512      0.63143465D-20
   98  0.00005576      0.67697508D-20
   99  0.00005641      0.72579984D-20
  100  0.00005707      0.77814577D-20
  101  0.00005774      0.83426680D-20
  102  0.00005841      0.89443517D-20
  103  0.00005909      0.95894274D-20
  104  0.00005978      0.10281024D-19
  105  0.00006048      0.11022497D-19
  106  0.00006119      0.11817443D-19
  107  0.00006190      0.12669718D-19
  108  0.00006262      0.13583455D-19
  109  0.00006335      0.14563087D-19
  110  0.00006409      0.15613367D-19
  111  0.00006484      0.16739388D-19
  112  0.00006560      0.17946612D-19
  113  0.00006637      0.19240894D-19
  114  0.00006714      0.20628513D-19
  115  0.00006793      0.22116200D-19
  116  0.00006872      0.23711169D-19
  117  0.00006952      0.25421156D-19
  118  0.00007033      0.27254457D-19
  119  0.00007115      0.29219962D-19
  120  0.00007198      0.31327205D-19
  121  0.00007283      0.33586406D-19
  122  0.00007368      0.36008522D-19
  123  0.00007454      0.38605301D-19
  124  0.00007541      0.41389336D-19
  125  0.00007629      0.44374130D-19
  126  0.00007718      0.47574160D-19
  127  0.00007808      0.51004943D-19
  128  0.00007899      0.54683120D-19
  129  0.00007991      0.58626528D-19
  130  0.00008085      0.62854291D-19
  131  0.00008179      0.67386912D-19
  132  0.00008275      0.72246372D-19
  133  0.00008371      0.77456238D-19
  134  0.00008469      0.83041774D-19
  135  0.00008568      0.89030066D-19
  136  0.00008668      0.95450154D-19
  137  0.00008769      0.10233317D-18
  138  0.00008872      0.10971249D-18
  139  0.00008975      0.11762390D-18
  140  0.00009080      0.12610577D-18
  141  0.00009186      0.13519921D-18
  142  0.00009293      0.14494833D-18
  143  0.00009402      0.15540040D-18
  144  0.00009512      0.16660609D-18
  145  0.00009623      0.17861975D-18
  146  0.00009735      0.19149962D-18
  147  0.00009849      0.20530816D-18
  148  0.00009964      0.22011231D-18
  149  0.00010080      0.23598385D-18
  150  0.00010198      0.25299974D-18
  151  0.00010317      0.27124247D-18
  152  0.00010437      0.29080050D-18
  153  0.00010559      0.31176865D-18
  154  0.00010682      0.33424856D-18
  155  0.00010807      0.35834924D-18
  156  0.00010933      0.38418751D-18
  157  0.00011061      0.41188865D-18
  158  0.00011190      0.44158694D-18
  159  0.00011321      0.47342636D-18
  160  0.00011453      0.50756126D-18
  161  0.00011587      0.54415712D-18
  162  0.00011722      0.58339132D-18
  163  0.00011859      0.62545407D-18
  164  0.00011997      0.67054927D-18
  165  0.00012138      0.71889550D-18
  166  0.00012279      0.77072711D-18
  167  0.00012423      0.82629534D-18
  168  0.00012568      0.88586954D-18
  169  0.00012715      0.94973847D-18
  170  0.00012863      0.10182117D-17
  171  0.00013013      0.10916211D-17
  172  0.00013165      0.11703225D-17
  173  0.00013319      0.12546973D-17
  174  0.00013474      0.13451545D-17
  175  0.00013632      0.14421324D-17
  176  0.00013791      0.15461011D-17
  177  0.00013952      0.16575644D-17
  178  0.00014115      0.17770625D-17
  179  0.00014280      0.19051746D-17
  180  0.00014446      0.20425213D-17
  181  0.00014615      0.21897685D-17
  182  0.00014786      0.23476295D-17
  183  0.00014959      0.25168693D-17
  184  0.00015133      0.26983081D-17
  185  0.00015310      0.28928249D-17
  186  0.00015489      0.31013624D-17
  187  0.00015670      0.33249310D-17
  188  0.00015853      0.35646139D-17
  189  0.00016038      0.38215724D-17
  190  0.00016225      0.40970516D-17
  191  0.00016414      0.43923860D-17
  192  0.00016606      0.47090066D-17
  193  0.00016800      0.50484474D-17
  194  0.00016996      0.54123527D-17
  195  0.00017195      0.58024855D-17
  196  0.00017395      0.62207358D-17
  197  0.00017599      0.66691298D-17
  198  0.00017804      0.71498394D-17
  199  0.00018012      0.76651934D-17
  200  0.00018222      0.82176881D-17
  201  0.00018435      0.88099996D-17
  202  0.00018650      0.94449970D-17
  203  0.00018868      0.10125756D-16
  204  0.00019088      0.10855574D-16
  205  0.00019311      0.11637985D-16
  206  0.00019537      0.12476779D-16
  207  0.00019765      0.13376018D-16
  208  0.00019996      0.14340057D-16
  209  0.00020229      0.15373566D-16
  210  0.00020466      0.16481548D-16
  211  0.00020705      0.17669369D-16
  212  0.00020946      0.18942782D-16
  213  0.00021191      0.20307952D-16
  214  0.00021438      0.21771490D-16
  215  0.00021689      0.23340483D-16
  216  0.00021942      0.25022526D-16
  217  0.00022198      0.26825765D-16
  218  0.00022457      0.28758929D-16
  219  0.00022720      0.30831378D-16
  220  0.00022985      0.33053145D-16
  221  0.00023253      0.35434986D-16
  222  0.00023525      0.37988432D-16
  223  0.00023800      0.40725843D-16
  224  0.00024077      0.43660470D-16
  225  0.00024359      0.46806518D-16
  226  0.00024643      0.50179215D-16
  227  0.00024931      0.53794886D-16
  228  0.00025222      0.57671030D-16
  229  0.00025517      0.61826408D-16
  230  0.00025814      0.66281130D-16
  231  0.00026116      0.71056754D-16
  232  0.00026421      0.76176393D-16
  233  0.00026729      0.81664820D-16
  234  0.00027042      0.87548594D-16
  235  0.00027357      0.93856186D-16
  236  0.00027677      0.10061812D-15
  237  0.00028000      0.10786710D-15
  238  0.00028327      0.11563821D-15
  239  0.00028658      0.12396905D-15
  240  0.00028992      0.13289991D-15
  241  0.00029331      0.14247401D-15
  242  0.00029673      0.15273766D-15
  243  0.00030020      0.16374051D-15
  244  0.00030370      0.17553577D-15
  245  0.00030725      0.18818051D-15
  246  0.00031084      0.20173587D-15
  247  0.00031447      0.21626743D-15
  248  0.00031814      0.23184546D-15
  249  0.00032186      0.24854530D-15
  250  0.00032561      0.26644770D-15
  251  0.00032942      0.28563925D-15
  252  0.00033326      0.30621273D-15
  253  0.00033716      0.32826762D-15
  254  0.00034109      0.35191057D-15
  255  0.00034508      0.37725587D-15
  256  0.00034910      0.40442607D-15
  257  0.00035318      0.43355251D-15
  258  0.00035731      0.46477600D-15
  259  0.00036148      0.49824746D-15
  260  0.00036570      0.53412869D-15
  261  0.00036997      0.57259311D-15
  262  0.00037429      0.61382663D-15
  263  0.00037866      0.65802852D-15
  264  0.00038308      0.70541241D-15
  265  0.00038756      0.75620726D-15
  266  0.00039208      0.81065853D-15
  267  0.00039666      0.86902931D-15
  268  0.00040129      0.93160165D-15
  269  0.00040598      0.99867784D-15
  270  0.00041072      0.10705819D-14
  271  0.00041551      0.11476613D-14
  272  0.00042037      0.12302883D-14
  273  0.00042528      0.13188620D-14
  274  0.00043024      0.14138102D-14
  275  0.00043527      0.15155916D-14
  276  0.00044035      0.16246976D-14
  277  0.00044549      0.17416551D-14
  278  0.00045069      0.18670290D-14
  279  0.00045596      0.20014246D-14
  280  0.00046128      0.21454907D-14
  281  0.00046667      0.22999231D-14
  282  0.00047212      0.24654671D-14
  283  0.00047763      0.26429219D-14
  284  0.00048321      0.28331442D-14
  285  0.00048885      0.30370520D-14
  286  0.00049456      0.32556296D-14
  287  0.00050033      0.34899318D-14
  288  0.00050617      0.37410892D-14
  289  0.00051209      0.40103139D-14
  290  0.00051807      0.42989048D-14
  291  0.00052411      0.46082543D-14
  292  0.00053023      0.49398550D-14
  293  0.00053643      0.52953063D-14
  294  0.00054269      0.56763230D-14
  295  0.00054903      0.60847428D-14
  296  0.00055544      0.65225356D-14
  297  0.00056193      0.69918126D-14
  298  0.00056849      0.74948367D-14
  299  0.00057513      0.80340337D-14
  300  0.00058184      0.86120031D-14
  301  0.00058864      0.92315316D-14
  302  0.00059551      0.98956056D-14
  303  0.00060246      0.10607426D-13
  304  0.00060950      0.11370424D-13
  305  0.00061662      0.12188278D-13
  306  0.00062382      0.13064927D-13
  307  0.00063110      0.14004597D-13
  308  0.00063847      0.15011816D-13
  309  0.00064593      0.16091435D-13
  310  0.00065347      0.17248657D-13
  311  0.00066110      0.18489055D-13
  312  0.00066882      0.19818605D-13
  313  0.00067663      0.21243709D-13
  314  0.00068453      0.22771230D-13
  315  0.00069252      0.24408525D-13
  316  0.00070061      0.26163475D-13
  317  0.00070879      0.28044532D-13
  318  0.00071707      0.30060749D-13
  319  0.00072544      0.32221831D-13
  320  0.00073391      0.34538181D-13
  321  0.00074248      0.37020945D-13
  322  0.00075115      0.39682072D-13
  323  0.00075993      0.42534364D-13
  324  0.00076880      0.45591544D-13
  325  0.00077778      0.48868320D-13
  326  0.00078686      0.52380452D-13
  327  0.00079605      0.56144832D-13
  328  0.00080534      0.60179564D-13
  329  0.00081475      0.64504048D-13
  330  0.00082426      0.69139076D-13
  331  0.00083389      0.74106931D-13
  332  0.00084362      0.79431492D-13
  333  0.00085348      0.85138351D-13
  334  0.00086344      0.91254934D-13
  335  0.00087352      0.97810633D-13
  336  0.00088372      0.10483694D-12
  337  0.00089404      0.11236762D-12
  338  0.00090448      0.12043884D-12
  339  0.00091505      0.12908937D-12
  340  0.00092573      0.13836074D-12
  341  0.00093654      0.14829749D-12
  342  0.00094748      0.15894730D-12
  343  0.00095854      0.17036131D-12
  344  0.00096974      0.18259431D-12
  345  0.00098106      0.19570500D-12
  346  0.00099252      0.20975629D-12
  347  0.00100411      0.22481560D-12
  348  0.00101583      0.24095517D-12
  349  0.00102769      0.25825242D-12
  350  0.00103969      0.27679031D-12
  351  0.00105183      0.29665773D-12
  352  0.00106412      0.31794993D-12
  353  0.00107654      0.34076899D-12
  354  0.00108911      0.36522427D-12
  355  0.00110183      0.39143299D-12
  356  0.00111470      0.41952073D-12
  357  0.00112772      0.44962205D-12
  358  0.00114088      0.48188116D-12
  359  0.00115421      0.51645254D-12
  360  0.00116768      0.55350177D-12
  361  0.00118132      0.59320623D-12
  362  0.00119511      0.63575600D-12
  363  0.00120907      0.68135474D-12
  364  0.00122319      0.73022067D-12
  365  0.00123747      0.78258762D-12
  366  0.00125192      0.83870610D-12
  367  0.00126654      0.89884455D-12
  368  0.00128133      0.96329058D-12
  369  0.00129629      0.10323523D-11
  370  0.00131143      0.11063600D-11
  371  0.00132675      0.11856673D-11
  372  0.00134224      0.12706533D-11
  373  0.00135791      0.13617240D-11
  374  0.00137377      0.14593146D-11
  375  0.00138981      0.15638911D-11
  376  0.00140604      0.16759529D-11
  377  0.00142246      0.17960352D-11
  378  0.00143907      0.19247111D-11
  379  0.00145587      0.20625948D-11
  380  0.00147287      0.22103442D-11
  381  0.00149007      0.23686642D-11
  382  0.00150747      0.25383100D-11
  383  0.00152508      0.27200906D-11
  384  0.00154289      0.29148727D-11
  385  0.00156090      0.31235848D-11
  386  0.00157913      0.33472216D-11
  387  0.00159757      0.35868488D-11
  388  0.00161623      0.38436078D-11
  389  0.00163510      0.41187215D-11
  390  0.00165419      0.44135000D-11
  391  0.00167351      0.47293466D-11
  392  0.00169305      0.50677645D-11
  393  0.00171282      0.54303642D-11
  394  0.00173282      0.58188707D-11
  395  0.00175306      0.62351317D-11
  396  0.00177353      0.66811266D-11
  397  0.00179424      0.71589757D-11
  398  0.00181519      0.76709501D-11
  399  0.00183639      0.82194824D-11
  400  0.00185783      0.88071785D-11
  401  0.00187953      0.94368294D-11
  402  0.00190147      0.10111425D-10
  403  0.00192368      0.10834167D-10
  404  0.00194614      0.11608485D-10
  405  0.00196887      0.12438053D-10
  406  0.00199186      0.13326806D-10
  407  0.00201512      0.14278957D-10
  408  0.00203865      0.15299021D-10
  409  0.00206245      0.16391832D-10
  410  0.00208654      0.17562566D-10
  411  0.00211090      0.18816770D-10
  412  0.00213555      0.20160382D-10
  413  0.00216049      0.21599761D-10
  414  0.00218572      0.23141720D-10
  415  0.00221124      0.24793554D-10
  416  0.00223706      0.26563074D-10
  417  0.00226319      0.28458647D-10
  418  0.00228962      0.30489232D-10
  419  0.00231635      0.32664424D-10
  420  0.00234340      0.34994499D-10
  421  0.00237077      0.37490457D-10
  422  0.00239845      0.40164083D-10
  423  0.00242646      0.43027992D-10
  424  0.00245479      0.46095695D-10
  425  0.00248346      0.49381658D-10
  426  0.00251246      0.52901373D-10
  427  0.00254180      0.56671427D-10
  428  0.00257148      0.60709580D-10
  429  0.00260151      0.65034849D-10
  430  0.00263188      0.69667597D-10
  431  0.00266262      0.74629624D-10
  432  0.00269371      0.79944275D-10
  433  0.00272516      0.85636540D-10
  434  0.00275699      0.91733179D-10
  435  0.00278918      0.98262839D-10
  436  0.00282175      0.10525619D-09
  437  0.00285470      0.11274607D-09
  438  0.00288804      0.12076764D-09
  439  0.00292176      0.12935853D-09
  440  0.00295588      0.13855902D-09
  441  0.00299040      0.14841226D-09
  442  0.00302532      0.15896440D-09
  443  0.00306065      0.17026489D-09
  444  0.00309639      0.18236664D-09
  445  0.00313254      0.19532627D-09
  446  0.00316912      0.20920442D-09
  447  0.00320613      0.22406598D-09
  448  0.00324357      0.23998042D-09
  449  0.00328144      0.25702210D-09
  450  0.00331976      0.27527058D-09
  451  0.00335853      0.29481107D-09
  452  0.00339775      0.31573471D-09
  453  0.00343742      0.33813910D-09
  454  0.00347756      0.36212866D-09
  455  0.00351817      0.38781517D-09
  456  0.00355926      0.41531824D-09
  457  0.00360082      0.44476589D-09
  458  0.00364287      0.47629511D-09
  459  0.00368541      0.51005252D-09
  460  0.00372844      0.54619501D-09
  461  0.00377198      0.58489046D-09
  462  0.00381603      0.62631854D-09
  463  0.00386059      0.67067149D-09
  464  0.00390567      0.71815501D-09
  465  0.00395128      0.76898922D-09
  466  0.00399742      0.82340963D-09
  467  0.00404410      0.88166822D-09
  468  0.00409132      0.94403462D-09
  469  0.00413910      0.10107973D-08
  470  0.00418743      0.10822648D-08
  471  0.00423633      0.11587674D-08
  472  0.00428580      0.12406583D-08
  473  0.00433584      0.13283154D-08
  474  0.00438647      0.14221430D-08
  475  0.00443770      0.15225735D-08
  476  0.00448952      0.16300694D-08
  477  0.00454194      0.17451258D-08
  478  0.00459498      0.18682719D-08
  479  0.00464864      0.20000738D-08
  480  0.00470292      0.21411373D-08
  481  0.00475784      0.22921099D-08
  482  0.00481340      0.24536845D-08
  483  0.00486960      0.26266021D-08
  484  0.00492647      0.28116550D-08
  485  0.00498400      0.30096907D-08
  486  0.00504220      0.32216155D-08
  487  0.00510108      0.34483986D-08
  488  0.00516064      0.36910765D-08
  489  0.00522090      0.39507573D-08
  490  0.00528187      0.42286261D-08
  491  0.00534355      0.45259501D-08
  492  0.00540595      0.48440842D-08
  493  0.00546907      0.51844769D-08
  494  0.00553294      0.55486771D-08
  495  0.00559755      0.59383406D-08
  496  0.00566291      0.63552377D-08
  497  0.00572904      0.68012610D-08
  498  0.00579594      0.72784335D-08
  499  0.00586362      0.77889181D-08
  500  0.00593209      0.83350265D-08
  501  0.00600136      0.89192298D-08
  502  0.00607144      0.95441694D-08
  503  0.00614234      0.10212668D-07
  504  0.00621407      0.10927744D-07
  505  0.00628663      0.11692622D-07
  506  0.00636004      0.12510747D-07
  507  0.00643431      0.13385804D-07
  508  0.00650945      0.14321728D-07
  509  0.00658546      0.15322725D-07
  510  0.00666236      0.16393289D-07
  511  0.00674016      0.17538222D-07
  512  0.00681887      0.18762657D-07
  513  0.00689849      0.20072073D-07
  514  0.00697905      0.21472330D-07
  515  0.00706054      0.22969684D-07
  516  0.00714299      0.24570819D-07
  517  0.00722640      0.26282877D-07
  518  0.00731079      0.28113485D-07
  519  0.00739616      0.30070792D-07
  520  0.00748253      0.32163501D-07
  521  0.00756990      0.34400907D-07
  522  0.00765830      0.36792937D-07
  523  0.00774773      0.39350195D-07
  524  0.00783820      0.42084003D-07
  525  0.00792973      0.45006453D-07
  526  0.00802233      0.48130455D-07
  527  0.00811601      0.51469797D-07
  528  0.00821078      0.55039200D-07
  529  0.00830666      0.58854378D-07
  530  0.00840366      0.62932113D-07
  531  0.00850179      0.67290317D-07
  532  0.00860107      0.71948113D-07
  533  0.00870151      0.76925914D-07
  534  0.00880312      0.82245509D-07
  535  0.00890591      0.87930154D-07
  536  0.00900991      0.94004672D-07
  537  0.00911512      0.10049555D-06
  538  0.00922156      0.10743107D-06
  539  0.00932925      0.11484139D-06
  540  0.00943819      0.12275870D-06
  541  0.00954840      0.13121736D-06
  542  0.00965990      0.14025402D-06
  543  0.00977270      0.14990777D-06
  544  0.00988682      0.16022033D-06
  545  0.01000227      0.17123620D-06
  546  0.01011907      0.18300285D-06
  547  0.01023724      0.19557091D-06
  548  0.01035678      0.20899439D-06
  549  0.01047772      0.22333087D-06
  550  0.01060007      0.23864179D-06
  551  0.01072385      0.25499264D-06
  552  0.01084908      0.27245328D-06
  553  0.01097577      0.29109816D-06
  554  0.01110393      0.31100669D-06
  555  0.01123360      0.33226354D-06
  556  0.01136478      0.35495892D-06
  557  0.01149749      0.37918905D-06
  558  0.01163175      0.40505646D-06
  559  0.01176757      0.43267043D-06
  560  0.01190499      0.46214745D-06
  561  0.01204401      0.49361162D-06
  562  0.01218465      0.52719522D-06
  563  0.01232693      0.56303918D-06
  564  0.01247088      0.60129366D-06
  565  0.01261650      0.64211865D-06
  566  0.01276383      0.68568456D-06
  567  0.01291288      0.73217294D-06
  568  0.01306367      0.78177715D-06
  569  0.01321622      0.83470314D-06
  570  0.01337055      0.89117024D-06
  571  0.01352668      0.95141202D-06
  572  0.01368463      0.10156772D-05
  573  0.01384443      0.10842305D-05
  574  0.01400610      0.11573539D-05
  575  0.01416965      0.12353476D-05
  576  0.01433512      0.13185309D-05
  577  0.01450251      0.14072439D-05
  578  0.01467186      0.15018485D-05
  579  0.01484319      0.16027299D-05
  580  0.01501652      0.17102977D-05
  581  0.01519187      0.18249881D-05
  582  0.01536927      0.19472651D-05
  583  0.01554875      0.20776220D-05
  584  0.01573031      0.22165839D-05
  585  0.01591400      0.23647092D-05
  586  0.01609983      0.25225917D-05
  587  0.01628784      0.26908629D-05
  588  0.01647804      0.28701944D-05
  589  0.01667045      0.30613000D-05
  590  0.01686512      0.32649389D-05
  591  0.01706206      0.34819180D-05
  592  0.01726130      0.37130947D-05
  593  0.01746287      0.39593807D-05
  594  0.01766679      0.42217446D-05
  595  0.01787309      0.45012157D-05
  596  0.01808180      0.47988874D-05
  597  0.01829294      0.51159217D-05
  598  0.01850656      0.54535526D-05
  599  0.01872266      0.58130908D-05
  600  0.01894129      0.61959285D-05
  601  0.01916248      0.66035438D-05
  602  0.01938624      0.70375064D-05
  603  0.01961262      0.74994826D-05
  604  0.01984165      0.79912414D-05
  605  0.02007334      0.85146602D-05
  606  0.02030775      0.90717317D-05
  607  0.02054489      0.96645704D-05
  608  0.02078480      0.10295420D-04
  609  0.02102751      0.10966661D-04
  610  0.02127305      0.11680817D-04
  611  0.02152146      0.12440568D-04
  612  0.02177278      0.13248752D-04
  613  0.02202703      0.14108382D-04
  614  0.02228424      0.15022651D-04
  615  0.02254446      0.15994944D-04
  616  0.02280772      0.17028847D-04
  617  0.02307406      0.18128165D-04
  618  0.02334350      0.19296926D-04
  619  0.02361609      0.20539400D-04
  620  0.02389186      0.21860109D-04
  621  0.02417085      0.23263844D-04
  622  0.02445310      0.24755679D-04
  623  0.02473865      0.26340987D-04
  624  0.02502753      0.28025457D-04
  625  0.02531979      0.29815109D-04
  626  0.02561546      0.31716319D-04
  627  0.02591458      0.33735832D-04
  628  0.02621719      0.35880787D-04
  629  0.02652333      0.38158734D-04
  630  0.02683306      0.40577663D-04
  631  0.02714640      0.43146022D-04
  632  0.02746339      0.45872746D-04
  633  0.02778409      0.48767281D-04
  634  0.02810854      0.51839613D-04
  635  0.02843677      0.55100297D-04
  636  0.02876883      0.58560487D-04
  637  0.02910478      0.62231968D-04
  638  0.02944464      0.66127191D-04
  639  0.02978848      0.70259304D-04
  640  0.03013633      0.74642196D-04
  641  0.03048824      0.79290528D-04
  642  0.03084426      0.84219779D-04
  643  0.03120444      0.89446285D-04
  644  0.03156882      0.94987288D-04
  645  0.03193746      0.10086097D-03
  646  0.03231041      0.10708653D-03
  647  0.03268771      0.11368420D-03
  648  0.03306941      0.12067531D-03
  649  0.03345557      0.12808236D-03
  650  0.03384624      0.13592906D-03
  651  0.03424148      0.14424040D-03
  652  0.03464133      0.15304269D-03
  653  0.03504585      0.16236368D-03
  654  0.03545509      0.17223257D-03
  655  0.03586911      0.18268010D-03
  656  0.03628796      0.19373865D-03
  657  0.03671171      0.20544229D-03
  658  0.03714040      0.21782686D-03
  659  0.03757410      0.23093007D-03
  660  0.03801287      0.24479160D-03
  661  0.03845676      0.25945314D-03
  662  0.03890583      0.27495854D-03
  663  0.03936015      0.29135389D-03
  664  0.03981977      0.30868760D-03
  665  0.04028476      0.32701053D-03
  666  0.04075517      0.34637611D-03
  667  0.04123109      0.36684042D-03
  668  0.04171256      0.38846234D-03
  669  0.04219965      0.41130366D-03
  670  0.04269243      0.43542920D-03
  671  0.04319096      0.46090695D-03
  672  0.04369531      0.48780821D-03
  673  0.04420556      0.51620771D-03
  674  0.04472176      0.54618379D-03
  675  0.04524399      0.57781850D-03
  676  0.04577232      0.61119779D-03
  677  0.04630682      0.64641169D-03
  678  0.04684756      0.68355439D-03
  679  0.04739461      0.72272450D-03
  680  0.04794806      0.76402515D-03
  681  0.04850796      0.80756424D-03
  682  0.04907440      0.85345454D-03
  683  0.04964746      0.90181394D-03
  684  0.05022721      0.95276561D-03
  685  0.05081373      0.10064382D-02
  686  0.05140710      0.10629660D-02
  687  0.05200740      0.11224893D-02
  688  0.05261470      0.11851544D-02
  689  0.05322910      0.12511139D-02
  690  0.05385068      0.13205268D-02
  691  0.05447951      0.13935592D-02
  692  0.05511568      0.14703838D-02
  693  0.05575929      0.15511806D-02
  694  0.05641041      0.16361370D-02
  695  0.05706913      0.17254481D-02
  696  0.05773555      0.18193169D-02
  697  0.05840974      0.19179543D-02
  698  0.05909181      0.20215797D-02
  699  0.05978185      0.21304212D-02
  700  0.06047994      0.22447155D-02
  701  0.06118618      0.23647083D-02
  702  0.06190067      0.24906548D-02
  703  0.06262351      0.26228197D-02
  704  0.06335478      0.27614772D-02
  705  0.06409460      0.29069118D-02
  706  0.06484305      0.30594178D-02
  707  0.06560024      0.32193004D-02
  708  0.06636628      0.33868750D-02
  709  0.06714126      0.35624682D-02
  710  0.06792529      0.37464173D-02
  711  0.06871848      0.39390710D-02
  712  0.06952093      0.41407896D-02
  713  0.07033274      0.43519446D-02
  714  0.07115404      0.45729195D-02
  715  0.07198493      0.48041096D-02
  716  0.07282552      0.50459224D-02
  717  0.07367593      0.52987774D-02
  718  0.07453627      0.55631062D-02
  719  0.07540665      0.58393530D-02
  720  0.07628720      0.61279743D-02
  721  0.07717803      0.64294390D-02
  722  0.07807926      0.67442284D-02
  723  0.07899102      0.70728363D-02
  724  0.07991343      0.74157688D-02
  725  0.08084660      0.77735445D-02
  726  0.08179067      0.81466942D-02
  727  0.08274577      0.85357606D-02
  728  0.08371202      0.89412985D-02
  729  0.08468955      0.93638746D-02
  730  0.08567850      0.98040667D-02
  731  0.08667900      0.10262464D-01
  732  0.08769117      0.10739667D-01
  733  0.08871517      0.11236287D-01
  734  0.08975113      0.11752943D-01
  735  0.09079918      0.12290267D-01
  736  0.09185947      0.12848898D-01
  737  0.09293215      0.13429484D-01
  738  0.09401735      0.14032681D-01
  739  0.09511522      0.14659154D-01
  740  0.09622591      0.15309571D-01
  741  0.09734957      0.15984608D-01
  742  0.09848635      0.16684946D-01
  743  0.09963641      0.17411270D-01
  744  0.10079990      0.18164266D-01
  745  0.10197697      0.18944623D-01
  746  0.10316779      0.19753032D-01
  747  0.10437251      0.20590182D-01
  748  0.10559131      0.21456761D-01
  749  0.10682433      0.22353452D-01
  750  0.10807175      0.23280937D-01
  751  0.10933374      0.24239888D-01
  752  0.11061047      0.25230971D-01
  753  0.11190210      0.26254844D-01
  754  0.11320882      0.27312152D-01
  755  0.11453080      0.28403528D-01
  756  0.11586821      0.29529590D-01
  757  0.11722124      0.30690938D-01
  758  0.11859007      0.31888155D-01
  759  0.11997489      0.33121803D-01
  760  0.12137587      0.34392420D-01
  761  0.12279322      0.35700518D-01
  762  0.12422711      0.37046583D-01
  763  0.12567775      0.38431070D-01
  764  0.12714533      0.39854400D-01
  765  0.12863005      0.41316961D-01
  766  0.13013211      0.42819104D-01
  767  0.13165170      0.44361136D-01
  768  0.13318904      0.45943324D-01
  769  0.13474433      0.47565890D-01
  770  0.13631779      0.49229005D-01
  771  0.13790962      0.50932790D-01
  772  0.13952003      0.52677314D-01
  773  0.14114925      0.54462586D-01
  774  0.14279750      0.56288557D-01
  775  0.14446499      0.58155118D-01
  776  0.14615196      0.60062091D-01
  777  0.14785862      0.62009233D-01
  778  0.14958521      0.63996230D-01
  779  0.15133197      0.66022695D-01
  780  0.15309912      0.68088164D-01
  781  0.15488691      0.70192097D-01
  782  0.15669558      0.72333871D-01
  783  0.15852536      0.74512782D-01
  784  0.16037651      0.76728040D-01
  785  0.16224928      0.78978767D-01
  786  0.16414392      0.81263996D-01
  787  0.16606068      0.83582668D-01
  788  0.16799983      0.85933633D-01
  789  0.16996162      0.88315644D-01
  790  0.17194632      0.90727359D-01
  791  0.17395419      0.93167338D-01
  792  0.17598551      0.95634045D-01
  793  0.17804055      0.98125843D-01
  794  0.18011959      0.10064100D+00
  795  0.18222290      0.10317767D+00
  796  0.18435078      0.10573393D+00
  797  0.18650350      0.10830773D+00
  798  0.18868136      0.11089695D+00
  799  0.19088466      0.11349936D+00
  800  0.19311368      0.11611261D+00
  801  0.19536873      0.11873430D+00
  802  0.19765012      0.12136189D+00
  803  0.19995814      0.12399278D+00
  804  0.20229312      0.12662426D+00
  805  0.20465536      0.12925356D+00
  806  0.20704519      0.13187779D+00
  807  0.20946292      0.13449400D+00
  808  0.21190889      0.13709917D+00
  809  0.21438342      0.13969019D+00
  810  0.21688685      0.14226389D+00
  811  0.21941950      0.14481705D+00
  812  0.22198174      0.14734637D+00
  813  0.22457389      0.14984851D+00
  814  0.22719631      0.15232007D+00
  815  0.22984936      0.15475764D+00
  816  0.23253339      0.15715774D+00
  817  0.23524875      0.15951690D+00
  818  0.23799583      0.16183159D+00
  819  0.24077499      0.16409830D+00
  820  0.24358659      0.16631351D+00
  821  0.24643104      0.16847370D+00
  822  0.24930869      0.17057535D+00
  823  0.25221995      0.17261499D+00
  824  0.25516520      0.17458915D+00
  825  0.25814485      0.17649442D+00
  826  0.26115929      0.17832743D+00
  827  0.26420894      0.18008487D+00
  828  0.26729419      0.18176349D+00
  829  0.27041547      0.18336012D+00
  830  0.27357320      0.18487166D+00
  831  0.27676781      0.18629514D+00
  832  0.27999971      0.18762766D+00
  833  0.28326936      0.18886644D+00
  834  0.28657719      0.19000882D+00
  835  0.28992365      0.19105228D+00
  836  0.29330918      0.19199442D+00
  837  0.29673425      0.19283301D+00
  838  0.30019931      0.19356595D+00
  839  0.30370484      0.19419132D+00
  840  0.30725130      0.19470734D+00
  841  0.31083917      0.19511245D+00
  842  0.31446894      0.19540523D+00
  843  0.31814110      0.19558447D+00
  844  0.32185614      0.19564914D+00
  845  0.32561456      0.19559842D+00
  846  0.32941686      0.19543167D+00
  847  0.33326357      0.19514849D+00
  848  0.33715520      0.19474866D+00
  849  0.34109227      0.19423217D+00
  850  0.34507532      0.19359924D+00
  851  0.34910487      0.19285028D+00
  852  0.35318149      0.19198594D+00
  853  0.35730570      0.19100706D+00
  854  0.36147808      0.18991471D+00
  855  0.36569917      0.18871016D+00
  856  0.36996956      0.18739489D+00
  857  0.37428982      0.18597060D+00
  858  0.37866052      0.18443917D+00
  859  0.38308227      0.18280270D+00
  860  0.38755564      0.18106347D+00
  861  0.39208126      0.17922396D+00
  862  0.39665972      0.17728681D+00
  863  0.40129164      0.17525487D+00
  864  0.40597766      0.17313114D+00
  865  0.41071839      0.17091878D+00
  866  0.41551448      0.16862111D+00
  867  0.42036658      0.16624161D+00
  868  0.42527534      0.16378386D+00
  869  0.43024142      0.16125161D+00
  870  0.43526549      0.15864870D+00
  871  0.44034823      0.15597910D+00
  872  0.44549032      0.15324685D+00
  873  0.45069245      0.15045611D+00
  874  0.45595534      0.14761110D+00
  875  0.46127968      0.14471610D+00
  876  0.46666619      0.14177547D+00
  877  0.47211560      0.13879359D+00
  878  0.47762865      0.13577489D+00
  879  0.48320608      0.13272381D+00
  880  0.48884863      0.12964481D+00
  881  0.49455708      0.12654234D+00
  882  0.50033218      0.12342085D+00
  883  0.50617473      0.12028477D+00
  884  0.51208549      0.11713847D+00
  885  0.51806528      0.11398631D+00
  886  0.52411490      0.11083257D+00
  887  0.53023516      0.10768147D+00
  888  0.53642689      0.10453718D+00
  889  0.54269093      0.10140373D+00
  890  0.54902810      0.98285120D-01
  891  0.55543929      0.95185198D-01
  892  0.56192533      0.92107719D-01
  893  0.56848712      0.89056316D-01
  894  0.57512553      0.86034492D-01
  895  0.58184146      0.83045615D-01
  896  0.58863581      0.80092910D-01
  897  0.59550950      0.77179453D-01
  898  0.60246346      0.74308167D-01
  899  0.60949862      0.71481814D-01
  900  0.61661594      0.68702993D-01
  901  0.62381637      0.65974135D-01
  902  0.63110087      0.63297500D-01
  903  0.63847044      0.60675174D-01
  904  0.64592607      0.58109068D-01
  905  0.65346876      0.55600916D-01
  906  0.66109953      0.53152275D-01
  907  0.66881941      0.50764526D-01
  908  0.67662943      0.48438871D-01
  909  0.68453065      0.46176340D-01
  910  0.69252414      0.43977787D-01
  911  0.70061097      0.41843898D-01
  912  0.70879224      0.39775191D-01
  913  0.71706903      0.37772020D-01
  914  0.72544248      0.35834581D-01
  915  0.73391371      0.33962916D-01
  916  0.74248386      0.32156918D-01
  917  0.75115409      0.30416335D-01
  918  0.75992556      0.28740779D-01
  919  0.76879946      0.27129733D-01
  920  0.77777698      0.25582553D-01
  921  0.78685934      0.24098479D-01
  922  0.79604775      0.22676641D-01
  923  0.80534346      0.21316067D-01
  924  0.81474772      0.20015687D-01
  925  0.82426180      0.18774346D-01
  926  0.83388697      0.17590806D-01
  927  0.84362455      0.16463758D-01
  928  0.85347582      0.15391827D-01
  929  0.86344214      0.14373579D-01
  930  0.87352484      0.13407529D-01
  931  0.88372527      0.12492150D-01
  932  0.89404482      0.11625876D-01
  933  0.90448488      0.10807113D-01
  934  0.91504684      0.10034241D-01
  935  0.92573214      0.93056268D-02
  936  0.93654222      0.86196230D-02
  937  0.94747853      0.79745785D-02
  938  0.95854255      0.73688427D-02
  939  0.96973576      0.68007710D-02
  940  0.98105968      0.62687293D-02
  941  0.99251584      0.57710996D-02
  942  1.00410577      0.53062834D-02
  943  1.01583104      0.48727066D-02
  944  1.02769323      0.44688227D-02
  945  1.03969394      0.40931164D-02
  946  1.05183479      0.37441069D-02
  947  1.06411741      0.34203503D-02
  948  1.07654345      0.31204421D-02
  949  1.08911460      0.28430197D-02
  950  1.10183255      0.25867636D-02
  951  1.11469901      0.23503997D-02
  952  1.12771572      0.21326996D-02
  953  1.14088442      0.19324825D-02
  954  1.15420690      0.17486151D-02
  955  1.16768495      0.15800124D-02
  956  1.18132039      0.14256378D-02
  957  1.19511506      0.12845031D-02
  958  1.20907081      0.11556681D-02
  959  1.22318952      0.10382403D-02
  960  1.23747311      0.93137405D-03
  961  1.25192348      0.83426988D-03
  962  1.26654260      0.74617356D-03
  963  1.28133244      0.66637494D-03
  964  1.29629497      0.59420673D-03
  965  1.31143223      0.52904326D-03
  966  1.32674626      0.47029901D-03
  967  1.34223911      0.41742719D-03
  968  1.35791287      0.36991819D-03
  969  1.37376967      0.32729805D-03
  970  1.38981162      0.28912680D-03
  971  1.40604091      0.25499689D-03
  972  1.42245971      0.22453158D-03
  973  1.43907024      0.19738327D-03
  974  1.45587473      0.17323192D-03
  975  1.47287545      0.15178347D-03
  976  1.49007470      0.13276826D-03
  977  1.50747479      0.11593954D-03
  978  1.52507807      0.10107193D-03
  979  1.54288690      0.87960052D-04
  980  1.56090370      0.76417080D-04
  981  1.57913088      0.66273454D-04
  982  1.59757091      0.57375581D-04
  983  1.61622627      0.49584621D-04
  984  1.63509947      0.42775333D-04
  985  1.65419306      0.36834971D-04
  986  1.67350962      0.31662256D-04
  987  1.69305174      0.27166393D-04
  988  1.71282205      0.23266159D-04
  989  1.73282324      0.19889048D-04
  990  1.75305798      0.16970469D-04
  991  1.77352901      0.14453007D-04
  992  1.79423909      0.12285733D-04
  993  1.81519101      0.10423566D-04
  994  1.83638759      0.88266905D-05
  995  1.85783169      0.74600157D-05
  996  1.87952619      0.62926817D-05
  997  1.90147404      0.52976087D-05
  998  1.92367817      0.44510861D-05
  999  1.94614159      0.37323987D-05
 1000  1.96886732      0.31234883D-05
 1001  1.99185843      0.26086480D-05
 1002  2.01511801      0.21742463D-05
 1003  2.03864920      0.18084793D-05
 1004  2.06245518      0.15011490D-05
 1005  2.08653914      0.12434645D-05
 1006  2.11090434      0.10278650D-05
 1007  2.13555406      0.84786305D-06
 1008  2.16049162      0.69790428D-06
 1009  2.18572039      0.57324470D-06
 1010  2.21124376      0.46984167D-06
 1011  2.23706518      0.38425830D-06
 1012  2.26318812      0.31357955D-06
 1013  2.28961611      0.25533882D-06
 1014  2.31635271      0.20745393D-06
 1015  2.34340151      0.16817140D-06
 1016  2.37076618      0.13601809D-06
 1017  2.39845039      0.10975940D-06
 1018  2.42645788      0.88363439D-07
 1019  2.45479242      0.70967838D-07
 1020  2.48345784      0.56859030D-07
 1021  2.51245799      0.45442952D-07
 1022  2.54179678      0.36218512D-07
 1023  2.57147817      0.28794669D-07
