 ir        r               f(r)
    1  0.00001808      0.51302402D+05
    2  0.00001829      0.51301492D+05
    3  0.00001851      0.51300572D+05
    4  0.00001872      0.51299641D+05
    5  0.00001894      0.51298699D+05
    6  0.00001916      0.51297746D+05
    7  0.00001939      0.51296781D+05
    8  0.00001961      0.51295806D+05
    9  0.00001984      0.51294819D+05
   10  0.00002007      0.51293821D+05
   11  0.00002031      0.51292811D+05
   12  0.00002054      0.51291789D+05
   13  0.00002078      0.51290755D+05
   14  0.00002103      0.51289710D+05
   15  0.00002127      0.51288652D+05
   16  0.00002152      0.51287582D+05
   17  0.00002177      0.51286499D+05
   18  0.00002203      0.51285404D+05
   19  0.00002228      0.51284296D+05
   20  0.00002254      0.51283175D+05
   21  0.00002281      0.51282041D+05
   22  0.00002307      0.51280893D+05
   23  0.00002334      0.51279733D+05
   24  0.00002362      0.51278559D+05
   25  0.00002389      0.51277371D+05
   26  0.00002417      0.51276169D+05
   27  0.00002445      0.51274953D+05
   28  0.00002474      0.51273723D+05
   29  0.00002503      0.51272479D+05
   30  0.00002532      0.51271221D+05
   31  0.00002562      0.51269947D+05
   32  0.00002591      0.51268659D+05
   33  0.00002622      0.51267356D+05
   34  0.00002652      0.51266037D+05
   35  0.00002683      0.51264704D+05
   36  0.00002715      0.51263354D+05
   37  0.00002746      0.51261989D+05
   38  0.00002778      0.51260609D+05
   39  0.00002811      0.51259212D+05
   40  0.00002844      0.51257798D+05
   41  0.00002877      0.51256369D+05
   42  0.00002910      0.51254922D+05
   43  0.00002944      0.51253459D+05
   44  0.00002979      0.51251979D+05
   45  0.00003014      0.51250481D+05
   46  0.00003049      0.51248966D+05
   47  0.00003084      0.51247434D+05
   48  0.00003120      0.51245883D+05
   49  0.00003157      0.51244315D+05
   50  0.00003194      0.51242728D+05
   51  0.00003231      0.51241123D+05
   52  0.00003269      0.51239499D+05
   53  0.00003307      0.51237856D+05
   54  0.00003346      0.51236194D+05
   55  0.00003385      0.51234512D+05
   56  0.00003424      0.51232811D+05
   57  0.00003464      0.51231091D+05
   58  0.00003505      0.51229350D+05
   59  0.00003546      0.51227589D+05
   60  0.00003587      0.51225807D+05
   61  0.00003629      0.51224005D+05
   62  0.00003671      0.51222182D+05
   63  0.00003714      0.51220337D+05
   64  0.00003757      0.51218471D+05
   65  0.00003801      0.51216584D+05
   66  0.00003846      0.51214674D+05
   67  0.00003891      0.51212742D+05
   68  0.00003936      0.51210788D+05
   69  0.00003982      0.51208811D+05
   70  0.00004028      0.51206811D+05
   71  0.00004076      0.51204787D+05
   72  0.00004123      0.51202740D+05
   73  0.00004171      0.51200670D+05
   74  0.00004220      0.51198575D+05
   75  0.00004269      0.51196455D+05
   76  0.00004319      0.51194312D+05
   77  0.00004370      0.51192143D+05
   78  0.00004421      0.51189949D+05
   79  0.00004472      0.51187729D+05
   80  0.00004524      0.51185484D+05
   81  0.00004577      0.51183212D+05
   82  0.00004631      0.51180914D+05
   83  0.00004685      0.51178590D+05
   84  0.00004739      0.51176238D+05
   85  0.00004795      0.51173859D+05
   86  0.00004851      0.51171452D+05
   87  0.00004907      0.51169017D+05
   88  0.00004965      0.51166554D+05
   89  0.00005023      0.51164063D+05
   90  0.00005081      0.51161542D+05
   91  0.00005141      0.51158992D+05
   92  0.00005201      0.51156412D+05
   93  0.00005261      0.51153803D+05
   94  0.00005323      0.51151163D+05
   95  0.00005385      0.51148492D+05
   96  0.00005448      0.51145791D+05
   97  0.00005512      0.51143058D+05
   98  0.00005576      0.51140293D+05
   99  0.00005641      0.51137496D+05
  100  0.00005707      0.51134666D+05
  101  0.00005774      0.51131804D+05
  102  0.00005841      0.51128908D+05
  103  0.00005909      0.51125979D+05
  104  0.00005978      0.51123016D+05
  105  0.00006048      0.51120018D+05
  106  0.00006119      0.51116986D+05
  107  0.00006190      0.51113918D+05
  108  0.00006262      0.51110814D+05
  109  0.00006335      0.51107675D+05
  110  0.00006409      0.51104499D+05
  111  0.00006484      0.51101286D+05
  112  0.00006560      0.51098036D+05
  113  0.00006637      0.51094748D+05
  114  0.00006714      0.51091422D+05
  115  0.00006793      0.51088058D+05
  116  0.00006872      0.51084654D+05
  117  0.00006952      0.51081211D+05
  118  0.00007033      0.51077727D+05
  119  0.00007115      0.51074204D+05
  120  0.00007198      0.51070639D+05
  121  0.00007283      0.51067033D+05
  122  0.00007368      0.51063386D+05
  123  0.00007454      0.51059695D+05
  124  0.00007541      0.51055963D+05
  125  0.00007629      0.51052186D+05
  126  0.00007718      0.51048366D+05
  127  0.00007808      0.51044502D+05
  128  0.00007899      0.51040593D+05
  129  0.00007991      0.51036638D+05
  130  0.00008085      0.51032638D+05
  131  0.00008179      0.51028591D+05
  132  0.00008275      0.51024497D+05
  133  0.00008371      0.51020356D+05
  134  0.00008469      0.51016167D+05
  135  0.00008568      0.51011929D+05
  136  0.00008668      0.51007642D+05
  137  0.00008769      0.51003306D+05
  138  0.00008872      0.50998919D+05
  139  0.00008975      0.50994481D+05
  140  0.00009080      0.50989992D+05
  141  0.00009186      0.50985451D+05
  142  0.00009293      0.50980857D+05
  143  0.00009402      0.50976210D+05
  144  0.00009512      0.50971510D+05
  145  0.00009623      0.50966754D+05
  146  0.00009735      0.50961944D+05
  147  0.00009849      0.50957078D+05
  148  0.00009964      0.50952156D+05
  149  0.00010080      0.50947176D+05
  150  0.00010198      0.50942139D+05
  151  0.00010317      0.50937044D+05
  152  0.00010437      0.50931890D+05
  153  0.00010559      0.50926676D+05
  154  0.00010682      0.50921401D+05
  155  0.00010807      0.50916066D+05
  156  0.00010933      0.50910669D+05
  157  0.00011061      0.50905210D+05
  158  0.00011190      0.50899687D+05
  159  0.00011321      0.50894100D+05
  160  0.00011453      0.50888449D+05
  161  0.00011587      0.50882733D+05
  162  0.00011722      0.50876950D+05
  163  0.00011859      0.50871101D+05
  164  0.00011997      0.50865184D+05
  165  0.00012138      0.50859198D+05
  166  0.00012279      0.50853143D+05
  167  0.00012423      0.50847019D+05
  168  0.00012568      0.50840823D+05
  169  0.00012715      0.50834556D+05
  170  0.00012863      0.50828217D+05
  171  0.00013013      0.50821805D+05
  172  0.00013165      0.50815318D+05
  173  0.00013319      0.50808756D+05
  174  0.00013474      0.50802119D+05
  175  0.00013632      0.50795405D+05
  176  0.00013791      0.50788614D+05
  177  0.00013952      0.50781744D+05
  178  0.00014115      0.50774795D+05
  179  0.00014280      0.50767766D+05
  180  0.00014446      0.50760655D+05
  181  0.00014615      0.50753463D+05
  182  0.00014786      0.50746188D+05
  183  0.00014959      0.50738829D+05
  184  0.00015133      0.50731385D+05
  185  0.00015310      0.50723855D+05
  186  0.00015489      0.50716238D+05
  187  0.00015670      0.50708534D+05
  188  0.00015853      0.50700741D+05
  189  0.00016038      0.50692858D+05
  190  0.00016225      0.50684884D+05
  191  0.00016414      0.50676818D+05
  192  0.00016606      0.50668660D+05
  193  0.00016800      0.50660407D+05
  194  0.00016996      0.50652060D+05
  195  0.00017195      0.50643617D+05
  196  0.00017395      0.50635076D+05
  197  0.00017599      0.50626437D+05
  198  0.00017804      0.50617699D+05
  199  0.00018012      0.50608860D+05
  200  0.00018222      0.50599920D+05
  201  0.00018435      0.50590877D+05
  202  0.00018650      0.50581729D+05
  203  0.00018868      0.50572477D+05
  204  0.00019088      0.50563119D+05
  205  0.00019311      0.50553652D+05
  206  0.00019537      0.50544078D+05
  207  0.00019765      0.50534393D+05
  208  0.00019996      0.50524597D+05
  209  0.00020229      0.50514688D+05
  210  0.00020466      0.50504666D+05
  211  0.00020705      0.50494529D+05
  212  0.00020946      0.50484276D+05
  213  0.00021191      0.50473904D+05
  214  0.00021438      0.50463414D+05
  215  0.00021689      0.50452804D+05
  216  0.00021942      0.50442072D+05
  217  0.00022198      0.50431217D+05
  218  0.00022457      0.50420238D+05
  219  0.00022720      0.50409133D+05
  220  0.00022985      0.50397901D+05
  221  0.00023253      0.50386540D+05
  222  0.00023525      0.50375049D+05
  223  0.00023800      0.50363427D+05
  224  0.00024077      0.50351671D+05
  225  0.00024359      0.50339782D+05
  226  0.00024643      0.50327756D+05
  227  0.00024931      0.50315592D+05
  228  0.00025222      0.50303290D+05
  229  0.00025517      0.50290847D+05
  230  0.00025814      0.50278262D+05
  231  0.00026116      0.50265533D+05
  232  0.00026421      0.50252659D+05
  233  0.00026729      0.50239638D+05
  234  0.00027042      0.50226468D+05
  235  0.00027357      0.50213148D+05
  236  0.00027677      0.50199676D+05
  237  0.00028000      0.50186050D+05
  238  0.00028327      0.50172269D+05
  239  0.00028658      0.50158331D+05
  240  0.00028992      0.50144234D+05
  241  0.00029331      0.50129977D+05
  242  0.00029673      0.50115557D+05
  243  0.00030020      0.50100973D+05
  244  0.00030370      0.50086223D+05
  245  0.00030725      0.50071306D+05
  246  0.00031084      0.50056218D+05
  247  0.00031447      0.50040959D+05
  248  0.00031814      0.50025527D+05
  249  0.00032186      0.50009919D+05
  250  0.00032561      0.49994134D+05
  251  0.00032942      0.49978170D+05
  252  0.00033326      0.49962025D+05
  253  0.00033716      0.49945696D+05
  254  0.00034109      0.49929182D+05
  255  0.00034508      0.49912481D+05
  256  0.00034910      0.49895590D+05
  257  0.00035318      0.49878509D+05
  258  0.00035731      0.49861233D+05
  259  0.00036148      0.49843762D+05
  260  0.00036570      0.49826093D+05
  261  0.00036997      0.49808225D+05
  262  0.00037429      0.49790154D+05
  263  0.00037866      0.49771879D+05
  264  0.00038308      0.49753397D+05
  265  0.00038756      0.49734706D+05
  266  0.00039208      0.49715805D+05
  267  0.00039666      0.49696690D+05
  268  0.00040129      0.49677359D+05
  269  0.00040598      0.49657810D+05
  270  0.00041072      0.49638041D+05
  271  0.00041551      0.49618049D+05
  272  0.00042037      0.49597831D+05
  273  0.00042528      0.49577386D+05
  274  0.00043024      0.49556711D+05
  275  0.00043527      0.49535804D+05
  276  0.00044035      0.49514661D+05
  277  0.00044549      0.49493280D+05
  278  0.00045069      0.49471659D+05
  279  0.00045596      0.49449796D+05
  280  0.00046128      0.49427686D+05
  281  0.00046667      0.49405329D+05
  282  0.00047212      0.49382721D+05
  283  0.00047763      0.49359860D+05
  284  0.00048321      0.49336742D+05
  285  0.00048885      0.49313366D+05
  286  0.00049456      0.49289728D+05
  287  0.00050033      0.49265825D+05
  288  0.00050617      0.49241655D+05
  289  0.00051209      0.49217215D+05
  290  0.00051807      0.49192502D+05
  291  0.00052411      0.49167513D+05
  292  0.00053023      0.49142245D+05
  293  0.00053643      0.49116696D+05
  294  0.00054269      0.49090861D+05
  295  0.00054903      0.49064739D+05
  296  0.00055544      0.49038326D+05
  297  0.00056193      0.49011619D+05
  298  0.00056849      0.48984615D+05
  299  0.00057513      0.48957311D+05
  300  0.00058184      0.48929703D+05
  301  0.00058864      0.48901789D+05
  302  0.00059551      0.48873565D+05
  303  0.00060246      0.48845029D+05
  304  0.00060950      0.48816176D+05
  305  0.00061662      0.48787004D+05
  306  0.00062382      0.48757508D+05
  307  0.00063110      0.48727687D+05
  308  0.00063847      0.48697536D+05
  309  0.00064593      0.48667051D+05
  310  0.00065347      0.48636231D+05
  311  0.00066110      0.48605070D+05
  312  0.00066882      0.48573566D+05
  313  0.00067663      0.48541715D+05
  314  0.00068453      0.48509513D+05
  315  0.00069252      0.48476957D+05
  316  0.00070061      0.48444043D+05
  317  0.00070879      0.48410768D+05
  318  0.00071707      0.48377127D+05
  319  0.00072544      0.48343117D+05
  320  0.00073391      0.48308735D+05
  321  0.00074248      0.48273976D+05
  322  0.00075115      0.48238837D+05
  323  0.00075993      0.48203313D+05
  324  0.00076880      0.48167402D+05
  325  0.00077778      0.48131098D+05
  326  0.00078686      0.48094399D+05
  327  0.00079605      0.48057299D+05
  328  0.00080534      0.48019795D+05
  329  0.00081475      0.47981884D+05
  330  0.00082426      0.47943560D+05
  331  0.00083389      0.47904820D+05
  332  0.00084362      0.47865659D+05
  333  0.00085348      0.47826074D+05
  334  0.00086344      0.47786060D+05
  335  0.00087352      0.47745613D+05
  336  0.00088372      0.47704728D+05
  337  0.00089404      0.47663402D+05
  338  0.00090448      0.47621630D+05
  339  0.00091505      0.47579408D+05
  340  0.00092573      0.47536730D+05
  341  0.00093654      0.47493594D+05
  342  0.00094748      0.47449993D+05
  343  0.00095854      0.47405925D+05
  344  0.00096974      0.47361383D+05
  345  0.00098106      0.47316365D+05
  346  0.00099252      0.47270864D+05
  347  0.00100411      0.47224876D+05
  348  0.00101583      0.47178397D+05
  349  0.00102769      0.47131423D+05
  350  0.00103969      0.47083947D+05
  351  0.00105183      0.47035966D+05
  352  0.00106412      0.46987474D+05
  353  0.00107654      0.46938467D+05
  354  0.00108911      0.46888941D+05
  355  0.00110183      0.46838889D+05
  356  0.00111470      0.46788307D+05
  357  0.00112772      0.46737191D+05
  358  0.00114088      0.46685534D+05
  359  0.00115421      0.46633333D+05
  360  0.00116768      0.46580582D+05
  361  0.00118132      0.46527275D+05
  362  0.00119511      0.46473409D+05
  363  0.00120907      0.46418977D+05
  364  0.00122319      0.46363975D+05
  365  0.00123747      0.46308397D+05
  366  0.00125192      0.46252238D+05
  367  0.00126654      0.46195493D+05
  368  0.00128133      0.46138156D+05
  369  0.00129629      0.46080223D+05
  370  0.00131143      0.46021687D+05
  371  0.00132675      0.45962544D+05
  372  0.00134224      0.45902787D+05
  373  0.00135791      0.45842413D+05
  374  0.00137377      0.45781414D+05
  375  0.00138981      0.45719786D+05
  376  0.00140604      0.45657523D+05
  377  0.00142246      0.45594620D+05
  378  0.00143907      0.45531071D+05
  379  0.00145587      0.45466870D+05
  380  0.00147287      0.45402012D+05
  381  0.00149007      0.45336491D+05
  382  0.00150747      0.45270302D+05
  383  0.00152508      0.45203438D+05
  384  0.00154289      0.45135895D+05
  385  0.00156090      0.45067666D+05
  386  0.00157913      0.44998746D+05
  387  0.00159757      0.44929129D+05
  388  0.00161623      0.44858808D+05
  389  0.00163510      0.44787780D+05
  390  0.00165419      0.44716036D+05
  391  0.00167351      0.44643573D+05
  392  0.00169305      0.44570383D+05
  393  0.00171282      0.44496461D+05
  394  0.00173282      0.44421801D+05
  395  0.00175306      0.44346398D+05
  396  0.00177353      0.44270245D+05
  397  0.00179424      0.44193336D+05
  398  0.00181519      0.44115666D+05
  399  0.00183639      0.44037228D+05
  400  0.00185783      0.43958017D+05
  401  0.00187953      0.43878027D+05
  402  0.00190147      0.43797251D+05
  403  0.00192368      0.43715685D+05
  404  0.00194614      0.43633321D+05
  405  0.00196887      0.43550154D+05
  406  0.00199186      0.43466178D+05
  407  0.00201512      0.43381387D+05
  408  0.00203865      0.43295775D+05
  409  0.00206245      0.43209336D+05
  410  0.00208654      0.43122064D+05
  411  0.00211090      0.43033953D+05
  412  0.00213555      0.42944998D+05
  413  0.00216049      0.42855192D+05
  414  0.00218572      0.42764529D+05
  415  0.00221124      0.42673004D+05
  416  0.00223706      0.42580610D+05
  417  0.00226319      0.42487342D+05
  418  0.00228962      0.42393194D+05
  419  0.00231635      0.42298160D+05
  420  0.00234340      0.42202235D+05
  421  0.00237077      0.42105411D+05
  422  0.00239845      0.42007685D+05
  423  0.00242646      0.41909049D+05
  424  0.00245479      0.41809499D+05
  425  0.00248346      0.41709028D+05
  426  0.00251246      0.41607631D+05
  427  0.00254180      0.41505302D+05
  428  0.00257148      0.41402036D+05
  429  0.00260151      0.41297827D+05
  430  0.00263188      0.41192669D+05
  431  0.00266262      0.41086558D+05
  432  0.00269371      0.40979487D+05
  433  0.00272516      0.40871452D+05
  434  0.00275699      0.40762447D+05
  435  0.00278918      0.40652466D+05
  436  0.00282175      0.40541505D+05
  437  0.00285470      0.40429559D+05
  438  0.00288804      0.40316621D+05
  439  0.00292176      0.40202689D+05
  440  0.00295588      0.40087755D+05
  441  0.00299040      0.39971816D+05
  442  0.00302532      0.39854866D+05
  443  0.00306065      0.39736901D+05
  444  0.00309639      0.39617916D+05
  445  0.00313254      0.39497907D+05
  446  0.00316912      0.39376869D+05
  447  0.00320613      0.39254797D+05
  448  0.00324357      0.39131688D+05
  449  0.00328144      0.39007537D+05
  450  0.00331976      0.38882340D+05
  451  0.00335853      0.38756092D+05
  452  0.00339775      0.38628790D+05
  453  0.00343742      0.38500431D+05
  454  0.00347756      0.38371009D+05
  455  0.00351817      0.38240523D+05
  456  0.00355926      0.38108967D+05
  457  0.00360082      0.37976339D+05
  458  0.00364287      0.37842636D+05
  459  0.00368541      0.37707854D+05
  460  0.00372844      0.37571990D+05
  461  0.00377198      0.37435042D+05
  462  0.00381603      0.37297007D+05
  463  0.00386059      0.37157881D+05
  464  0.00390567      0.37017664D+05
  465  0.00395128      0.36876352D+05
  466  0.00399742      0.36733943D+05
  467  0.00404410      0.36590435D+05
  468  0.00409132      0.36445827D+05
  469  0.00413910      0.36300116D+05
  470  0.00418743      0.36153302D+05
  471  0.00423633      0.36005383D+05
  472  0.00428580      0.35856358D+05
  473  0.00433584      0.35706226D+05
  474  0.00438647      0.35554985D+05
  475  0.00443770      0.35402637D+05
  476  0.00448952      0.35249180D+05
  477  0.00454194      0.35094613D+05
  478  0.00459498      0.34938938D+05
  479  0.00464864      0.34782154D+05
  480  0.00470292      0.34624262D+05
  481  0.00475784      0.34465263D+05
  482  0.00481340      0.34305157D+05
  483  0.00486960      0.34143945D+05
  484  0.00492647      0.33981630D+05
  485  0.00498400      0.33818212D+05
  486  0.00504220      0.33653693D+05
  487  0.00510108      0.33488076D+05
  488  0.00516064      0.33321363D+05
  489  0.00522090      0.33153557D+05
  490  0.00528187      0.32984659D+05
  491  0.00534355      0.32814675D+05
  492  0.00540595      0.32643606D+05
  493  0.00546907      0.32471457D+05
  494  0.00553294      0.32298232D+05
  495  0.00559755      0.32123935D+05
  496  0.00566291      0.31948570D+05
  497  0.00572904      0.31772142D+05
  498  0.00579594      0.31594658D+05
  499  0.00586362      0.31416121D+05
  500  0.00593209      0.31236538D+05
  501  0.00600136      0.31055915D+05
  502  0.00607144      0.30874259D+05
  503  0.00614234      0.30691575D+05
  504  0.00621407      0.30507872D+05
  505  0.00628663      0.30323156D+05
  506  0.00636004      0.30137436D+05
  507  0.00643431      0.29950720D+05
  508  0.00650945      0.29763015D+05
  509  0.00658546      0.29574332D+05
  510  0.00666236      0.29384678D+05
  511  0.00674016      0.29194064D+05
  512  0.00681887      0.29002499D+05
  513  0.00689849      0.28809994D+05
  514  0.00697905      0.28616560D+05
  515  0.00706054      0.28422207D+05
  516  0.00714299      0.28226947D+05
  517  0.00722640      0.28030791D+05
  518  0.00731079      0.27833753D+05
  519  0.00739616      0.27635844D+05
  520  0.00748253      0.27437077D+05
  521  0.00756990      0.27237467D+05
  522  0.00765830      0.27037026D+05
  523  0.00774773      0.26835769D+05
  524  0.00783820      0.26633711D+05
  525  0.00792973      0.26430866D+05
  526  0.00802233      0.26227250D+05
  527  0.00811601      0.26022879D+05
  528  0.00821078      0.25817770D+05
  529  0.00830666      0.25611938D+05
  530  0.00840366      0.25405402D+05
  531  0.00850179      0.25198179D+05
  532  0.00860107      0.24990286D+05
  533  0.00870151      0.24781742D+05
  534  0.00880312      0.24572567D+05
  535  0.00890591      0.24362778D+05
  536  0.00900991      0.24152397D+05
  537  0.00911512      0.23941444D+05
  538  0.00922156      0.23729938D+05
  539  0.00932925      0.23517901D+05
  540  0.00943819      0.23305355D+05
  541  0.00954840      0.23092322D+05
  542  0.00965990      0.22878823D+05
  543  0.00977270      0.22664881D+05
  544  0.00988682      0.22450521D+05
  545  0.01000227      0.22235764D+05
  546  0.01011907      0.22020637D+05
  547  0.01023724      0.21805162D+05
  548  0.01035678      0.21589365D+05
  549  0.01047772      0.21373272D+05
  550  0.01060007      0.21156908D+05
  551  0.01072385      0.20940298D+05
  552  0.01084908      0.20723471D+05
  553  0.01097577      0.20506452D+05
  554  0.01110393      0.20289270D+05
  555  0.01123360      0.20071951D+05
  556  0.01136478      0.19854524D+05
  557  0.01149749      0.19637018D+05
  558  0.01163175      0.19419461D+05
  559  0.01176757      0.19201884D+05
  560  0.01190499      0.18984314D+05
  561  0.01204401      0.18766783D+05
  562  0.01218465      0.18549321D+05
  563  0.01232693      0.18331958D+05
  564  0.01247088      0.18114726D+05
  565  0.01261650      0.17897655D+05
  566  0.01276383      0.17680778D+05
  567  0.01291288      0.17464126D+05
  568  0.01306367      0.17247731D+05
  569  0.01321622      0.17031627D+05
  570  0.01337055      0.16815845D+05
  571  0.01352668      0.16600419D+05
  572  0.01368463      0.16385382D+05
  573  0.01384443      0.16170768D+05
  574  0.01400610      0.15956610D+05
  575  0.01416965      0.15742942D+05
  576  0.01433512      0.15529798D+05
  577  0.01450251      0.15317212D+05
  578  0.01467186      0.15105219D+05
  579  0.01484319      0.14893853D+05
  580  0.01501652      0.14683150D+05
  581  0.01519187      0.14473143D+05
  582  0.01536927      0.14263867D+05
  583  0.01554875      0.14055358D+05
  584  0.01573031      0.13847651D+05
  585  0.01591400      0.13640780D+05
  586  0.01609983      0.13434780D+05
  587  0.01628784      0.13229687D+05
  588  0.01647804      0.13025536D+05
  589  0.01667045      0.12822360D+05
  590  0.01686512      0.12620196D+05
  591  0.01706206      0.12419079D+05
  592  0.01726130      0.12219041D+05
  593  0.01746287      0.12020120D+05
  594  0.01766679      0.11822348D+05
  595  0.01787309      0.11625759D+05
  596  0.01808180      0.11430389D+05
  597  0.01829294      0.11236271D+05
  598  0.01850656      0.11043438D+05
  599  0.01872266      0.10851924D+05
  600  0.01894129      0.10661761D+05
  601  0.01916248      0.10472983D+05
  602  0.01938624      0.10285621D+05
  603  0.01961262      0.10099708D+05
  604  0.01984165      0.99152757D+04
  605  0.02007334      0.97323547D+04
  606  0.02030775      0.95509760D+04
  607  0.02054489      0.93711700D+04
  608  0.02078480      0.91929663D+04
  609  0.02102751      0.90163943D+04
  610  0.02127305      0.88414828D+04
  611  0.02152146      0.86682600D+04
  612  0.02177278      0.84967535D+04
  613  0.02202703      0.83269903D+04
  614  0.02228424      0.81589967D+04
  615  0.02254446      0.79927985D+04
  616  0.02280772      0.78284208D+04
  617  0.02307406      0.76658878D+04
  618  0.02334350      0.75052231D+04
  619  0.02361609      0.73464496D+04
  620  0.02389186      0.71895893D+04
  621  0.02417085      0.70346635D+04
  622  0.02445310      0.68816926D+04
  623  0.02473865      0.67306962D+04
  624  0.02502753      0.65816930D+04
  625  0.02531979      0.64347008D+04
  626  0.02561546      0.62897367D+04
  627  0.02591458      0.61468166D+04
  628  0.02621719      0.60059555D+04
  629  0.02652333      0.58671675D+04
  630  0.02683306      0.57304658D+04
  631  0.02714640      0.55958625D+04
  632  0.02746339      0.54633687D+04
  633  0.02778409      0.53329944D+04
  634  0.02810854      0.52047486D+04
  635  0.02843677      0.50786394D+04
  636  0.02876883      0.49546736D+04
  637  0.02910478      0.48328571D+04
  638  0.02944464      0.47131945D+04
  639  0.02978848      0.45956895D+04
  640  0.03013633      0.44803446D+04
  641  0.03048824      0.43671612D+04
  642  0.03084426      0.42561396D+04
  643  0.03120444      0.41472788D+04
  644  0.03156882      0.40405770D+04
  645  0.03193746      0.39360310D+04
  646  0.03231041      0.38336365D+04
  647  0.03268771      0.37333881D+04
  648  0.03306941      0.36352794D+04
  649  0.03345557      0.35393025D+04
  650  0.03384624      0.34454488D+04
  651  0.03424148      0.33537084D+04
  652  0.03464133      0.32640701D+04
  653  0.03504585      0.31765219D+04
  654  0.03545509      0.30910504D+04
  655  0.03586911      0.30076415D+04
  656  0.03628796      0.29262796D+04
  657  0.03671171      0.28469483D+04
  658  0.03714040      0.27696301D+04
  659  0.03757410      0.26943064D+04
  660  0.03801287      0.26209577D+04
  661  0.03845676      0.25495634D+04
  662  0.03890583      0.24801020D+04
  663  0.03936015      0.24125511D+04
  664  0.03981977      0.23468871D+04
  665  0.04028476      0.22830858D+04
  666  0.04075517      0.22211220D+04
  667  0.04123109      0.21609696D+04
  668  0.04171256      0.21026019D+04
  669  0.04219965      0.20459910D+04
  670  0.04269243      0.19911087D+04
  671  0.04319096      0.19379257D+04
  672  0.04369531      0.18864123D+04
  673  0.04420556      0.18365378D+04
  674  0.04472176      0.17882712D+04
  675  0.04524399      0.17415808D+04
  676  0.04577232      0.16964341D+04
  677  0.04630682      0.16527985D+04
  678  0.04684756      0.16106407D+04
  679  0.04739461      0.15699269D+04
  680  0.04794806      0.15306230D+04
  681  0.04850796      0.14926946D+04
  682  0.04907440      0.14561067D+04
  683  0.04964746      0.14208245D+04
  684  0.05022721      0.13868124D+04
  685  0.05081373      0.13540352D+04
  686  0.05140710      0.13224570D+04
  687  0.05200740      0.12920422D+04
  688  0.05261470      0.12627549D+04
  689  0.05322910      0.12345593D+04
  690  0.05385068      0.12074196D+04
  691  0.05447951      0.11812999D+04
  692  0.05511568      0.11561648D+04
  693  0.05575929      0.11319786D+04
  694  0.05641041      0.11087061D+04
  695  0.05706913      0.10863121D+04
  696  0.05773555      0.10647620D+04
  697  0.05840974      0.10440212D+04
  698  0.05909181      0.10240556D+04
  699  0.05978185      0.10048314D+04
  700  0.06047994      0.98631531D+03
  701  0.06118618      0.96847452D+03
  702  0.06190067      0.95127669D+03
  703  0.06262351      0.93469000D+03
  704  0.06335478      0.91868321D+03
  705  0.06409460      0.90322570D+03
  706  0.06484305      0.88828749D+03
  707  0.06560024      0.87383922D+03
  708  0.06636628      0.85985228D+03
  709  0.06714126      0.84629875D+03
  710  0.06792529      0.83315146D+03
  711  0.06871848      0.82038400D+03
  712  0.06952093      0.80797077D+03
  713  0.07033274      0.79588698D+03
  714  0.07115404      0.78410865D+03
  715  0.07198493      0.77261269D+03
  716  0.07282552      0.76137684D+03
  717  0.07367593      0.75037972D+03
  718  0.07453627      0.73960085D+03
  719  0.07540665      0.72902067D+03
  720  0.07628720      0.71862048D+03
  721  0.07717803      0.70838254D+03
  722  0.07807926      0.69829000D+03
  723  0.07899102      0.68832695D+03
  724  0.07991343      0.67847839D+03
  725  0.08084660      0.66873025D+03
  726  0.08179067      0.65906937D+03
  727  0.08274577      0.64948352D+03
  728  0.08371202      0.63996136D+03
  729  0.08468955      0.63049246D+03
  730  0.08567850      0.62106726D+03
  731  0.08667900      0.61167711D+03
  732  0.08769117      0.60231419D+03
  733  0.08871517      0.59297155D+03
  734  0.08975113      0.58364306D+03
  735  0.09079918      0.57432342D+03
  736  0.09185947      0.56500811D+03
  737  0.09293215      0.55569338D+03
  738  0.09401735      0.54637625D+03
  739  0.09511522      0.53705444D+03
  740  0.09622591      0.52772640D+03
  741  0.09734957      0.51839124D+03
  742  0.09848635      0.50904872D+03
  743  0.09963641      0.49969924D+03
  744  0.10079990      0.49034376D+03
  745  0.10197697      0.48098384D+03
  746  0.10316779      0.47162155D+03
  747  0.10437251      0.46225946D+03
  748  0.10559131      0.45290062D+03
  749  0.10682433      0.44354853D+03
  750  0.10807175      0.43420707D+03
  751  0.10933374      0.42488050D+03
  752  0.11061047      0.41557344D+03
  753  0.11190210      0.40629080D+03
  754  0.11320882      0.39703776D+03
  755  0.11453080      0.38781977D+03
  756  0.11586821      0.37864246D+03
  757  0.11722124      0.36951164D+03
  758  0.11859007      0.36043328D+03
  759  0.11997489      0.35141346D+03
  760  0.12137587      0.34245832D+03
  761  0.12279322      0.33357409D+03
  762  0.12422711      0.32476699D+03
  763  0.12567775      0.31604325D+03
  764  0.12714533      0.30740905D+03
  765  0.12863005      0.29887052D+03
  766  0.13013211      0.29043369D+03
  767  0.13165170      0.28210449D+03
  768  0.13318904      0.27388870D+03
  769  0.13474433      0.26579193D+03
  770  0.13631779      0.25781962D+03
  771  0.13790962      0.24997700D+03
  772  0.13952003      0.24226908D+03
  773  0.14114925      0.23470063D+03
  774  0.14279750      0.22727614D+03
  775  0.14446499      0.21999984D+03
  776  0.14615196      0.21287569D+03
  777  0.14785862      0.20590731D+03
  778  0.14958521      0.19909803D+03
  779  0.15133197      0.19245087D+03
  780  0.15309912      0.18596850D+03
  781  0.15488691      0.17965325D+03
  782  0.15669558      0.17350714D+03
  783  0.15852536      0.16753180D+03
  784  0.16037651      0.16172855D+03
  785  0.16224928      0.15609834D+03
  786  0.16414392      0.15064178D+03
  787  0.16606068      0.14535912D+03
  788  0.16799983      0.14025030D+03
  789  0.16996162      0.13531488D+03
  790  0.17194632      0.13055211D+03
  791  0.17395419      0.12596092D+03
  792  0.17598551      0.12153990D+03
  793  0.17804055      0.11728735D+03
  794  0.18011959      0.11320126D+03
  795  0.18222290      0.10927933D+03
  796  0.18435078      0.10551901D+03
  797  0.18650350      0.10191744D+03
  798  0.18868136      0.98471563D+02
  799  0.19088466      0.95178052D+02
  800  0.19311368      0.92033374D+02
  801  0.19536873      0.89033791D+02
  802  0.19765012      0.86175376D+02
  803  0.19995814      0.83454031D+02
  804  0.20229312      0.80865503D+02
  805  0.20465536      0.78405402D+02
  806  0.20704519      0.76069217D+02
  807  0.20946292      0.73852334D+02
  808  0.21190889      0.71750056D+02
  809  0.21438342      0.69757612D+02
  810  0.21688685      0.67870184D+02
  811  0.21941950      0.66082919D+02
  812  0.22198174      0.64390943D+02
  813  0.22457389      0.62789384D+02
  814  0.22719631      0.61273383D+02
  815  0.22984936      0.59838108D+02
  816  0.23253339      0.58478775D+02
  817  0.23524875      0.57190658D+02
  818  0.23799583      0.55969100D+02
  819  0.24077499      0.54809534D+02
  820  0.24358659      0.53707488D+02
  821  0.24643104      0.52658599D+02
  822  0.24930869      0.51658624D+02
  823  0.25221995      0.50703451D+02
  824  0.25516520      0.49789105D+02
  825  0.25814485      0.48911759D+02
  826  0.26115929      0.48067739D+02
  827  0.26420894      0.47253534D+02
  828  0.26729419      0.46465797D+02
  829  0.27041547      0.45701353D+02
  830  0.27357320      0.44957203D+02
  831  0.27676781      0.44230522D+02
  832  0.27999971      0.43518670D+02
  833  0.28326936      0.42819184D+02
  834  0.28657719      0.42129783D+02
  835  0.28992365      0.41448369D+02
  836  0.29330918      0.40773021D+02
  837  0.29673425      0.40101998D+02
  838  0.30019931      0.39433734D+02
  839  0.30370484      0.38766835D+02
  840  0.30725130      0.38100074D+02
  841  0.31083917      0.37432389D+02
  842  0.31446894      0.36762876D+02
  843  0.31814110      0.36090784D+02
  844  0.32185614      0.35415510D+02
  845  0.32561456      0.34736590D+02
  846  0.32941686      0.34053695D+02
  847  0.33326357      0.33366623D+02
  848  0.33715520      0.32675291D+02
  849  0.34109227      0.31979729D+02
  850  0.34507532      0.31280072D+02
  851  0.34910487      0.30576548D+02
  852  0.35318149      0.29869479D+02
  853  0.35730570      0.29159263D+02
  854  0.36147808      0.28446375D+02
  855  0.36569917      0.27731352D+02
  856  0.36996956      0.27014790D+02
  857  0.37428982      0.26297335D+02
  858  0.37866052      0.25579675D+02
  859  0.38308227      0.24862533D+02
  860  0.38755564      0.24146661D+02
  861  0.39208126      0.23432830D+02
  862  0.39665972      0.22721828D+02
  863  0.40129164      0.22014452D+02
  864  0.40597766      0.21311501D+02
  865  0.41071839      0.20613771D+02
  866  0.41551448      0.19922050D+02
  867  0.42036658      0.19237114D+02
  868  0.42527534      0.18559721D+02
  869  0.43024142      0.17890608D+02
  870  0.43526549      0.17230485D+02
  871  0.44034823      0.16580037D+02
  872  0.44549032      0.15939913D+02
  873  0.45069245      0.15310731D+02
  874  0.45595534      0.14693070D+02
  875  0.46127968      0.14087473D+02
  876  0.46666619      0.13494440D+02
  877  0.47211560      0.12914430D+02
  878  0.47762865      0.12347860D+02
  879  0.48320608      0.11795104D+02
  880  0.48884863      0.11256492D+02
  881  0.49455708      0.10732309D+02
  882  0.50033218      0.10222798D+02
  883  0.50617473      0.97281568D+01
  884  0.51208549      0.92485425D+01
  885  0.51806528      0.87840689D+01
  886  0.52411490      0.83348091D+01
  887  0.53023516      0.79007967D+01
  888  0.53642689      0.74820265D+01
  889  0.54269093      0.70784565D+01
  890  0.54902810      0.66900093D+01
  891  0.55543929      0.63165736D+01
  892  0.56192533      0.59580065D+01
  893  0.56848712      0.56141347D+01
  894  0.57512553      0.52847571D+01
  895  0.58184146      0.49696461D+01
  896  0.58863581      0.46685502D+01
  897  0.59550950      0.43811956D+01
  898  0.60246346      0.41072884D+01
  899  0.60949862      0.38465164D+01
  900  0.61661594      0.35985517D+01
  901  0.62381637      0.33630518D+01
  902  0.63110087      0.31396623D+01
  903  0.63847044      0.29280182D+01
  904  0.64592607      0.27277463D+01
  905  0.65346876      0.25384665D+01
  906  0.66109953      0.23597937D+01
  907  0.66881941      0.21913393D+01
  908  0.67662943      0.20327132D+01
  909  0.68453065      0.18835246D+01
  910  0.69252414      0.17433841D+01
  911  0.70061097      0.16119041D+01
  912  0.70879224      0.14887012D+01
  913  0.71706903      0.13733962D+01
  914  0.72544248      0.12656157D+01
  915  0.73391371      0.11649931D+01
  916  0.74248386      0.10711690D+01
  917  0.75115409      0.98379257D+00
  918  0.75992556      0.90252156D+00
  919  0.76879946      0.82702339D+00
  920  0.77777698      0.75697538D+00
  921  0.78685934      0.69206525D+00
  922  0.79604775      0.63199145D+00
  923  0.80534346      0.57646343D+00
  924  0.81474772      0.52520178D+00
  925  0.82426180      0.47793843D+00
  926  0.83388697      0.43441667D+00
  927  0.84362455      0.39439117D+00
  928  0.85347582      0.35762794D+00
  929  0.86344214      0.32390422D+00
  930  0.87352484      0.29300837D+00
  931  0.88372527      0.26473965D+00
  932  0.89404482      0.23890807D+00
  933  0.90448488      0.21533408D+00
  934  0.91504684      0.19384835D+00
  935  0.92573214      0.17429144D+00
  936  0.93654222      0.15651352D+00
  937  0.94747853      0.14037400D+00
  938  0.95854255      0.12574125D+00
  939  0.96973576      0.11249216D+00
  940  0.98105968      0.10051186D+00
  941  0.99251584      0.89693321D-01
  942  1.00410577      0.79936979D-01
  943  1.01583104      0.71150395D-01
  944  1.02769323      0.63247875D-01
  945  1.03969394      0.56150120D-01
  946  1.05183479      0.49783866D-01
  947  1.06411741      0.44081539D-01
  948  1.07654345      0.38980921D-01
  949  1.08911460      0.34424816D-01
  950  1.10183255      0.30360737D-01
  951  1.11469901      0.26740595D-01
  952  1.12771572      0.23520404D-01
  953  1.14088442      0.20659999D-01
  954  1.15420690      0.18122764D-01
  955  1.16768495      0.15875374D-01
  956  1.18132039      0.13887550D-01
  957  1.19511506      0.12131824D-01
  958  1.20907081      0.10583321D-01
  959  1.22318952      0.92195527D-02
  960  1.23747311      0.80202193D-02
  961  1.25192348      0.69670287D-02
  962  1.26654260      0.60435248D-02
  963  1.28133244      0.52349278D-02
  964  1.29629497      0.45279853D-02
  965  1.31143223      0.39108343D-02
  966  1.32674626      0.33728733D-02
  967  1.34223911      0.29046437D-02
  968  1.35791287      0.24977206D-02
  969  1.37376967      0.21446127D-02
  970  1.38981162      0.18386694D-02
  971  1.40604091      0.15739969D-02
  972  1.42245971      0.13453806D-02
  973  1.43907024      0.11482143D-02
  974  1.45587473      0.97843659D-03
  975  1.47287545      0.83247200D-03
  976  1.49007470      0.70717845D-03
  977  1.50747479      0.59979927D-03
  978  1.52507807      0.50792009D-03
  979  1.54288690      0.42942992D-03
  980  1.56090370      0.36248619D-03
  981  1.57913088      0.30548340D-03
  982  1.59757091      0.25702498D-03
  983  1.61622627      0.21589828D-03
  984  1.63509947      0.18105208D-03
  985  1.65419306      0.15157680D-03
  986  1.67350962      0.12668670D-03
  987  1.69305174      0.10570427D-03
  988  1.71282205      0.88046347D-04
  989  1.73282324      0.73211850D-04
  990  1.75305798      0.60771024D-04
  991  1.77352901      0.50355933D-04
  992  1.79423909      0.41652147D-04
  993  1.81519101      0.34391447D-04
  994  1.83638759      0.28345451D-04
  995  1.85783169      0.23320061D-04
  996  1.87952619      0.19150618D-04
  997  1.90147404      0.15697704D-04
  998  1.92367817      0.12843488D-04
  999  1.94614159      0.10488578D-04
 1000  1.96886732      0.85492946D-05
 1001  1.99185843      0.69553203D-05
 1002  2.01511801      0.56476829D-05
 1003  2.03864920      0.45770207D-05
 1004  2.06245518      0.37020979D-05
 1005  2.08653914      0.29885349D-05
 1006  2.11090434      0.24077260D-05
 1007  2.13555406      0.19359178D-05
 1008  2.16049162      0.15534259D-05
 1009  2.18572039      0.12439715D-05
 1010  2.21124376      0.99411999D-06
 1011  2.23706518      0.79280723D-06
 1012  2.26318812      0.63094030D-06
 1013  2.28961611      0.50106217D-06
 1014  2.31635271      0.39707053D-06
 1015  2.34340151      0.31398237D-06
 1016  2.37076618      0.24773749D-06
 1017  2.39845039      0.19503496D-06
 1018  2.42645788      0.15319748D-06
 1019  2.45479242      0.12005507D-06
 1020  2.48345784      0.93861745D-07
 1021  2.51245799      0.73207468D-07
 1022  2.54179678      0.56943928D-07
 1023  2.57147817      0.44185915D-07
 1024  2.60150617      0.00000000D+00
 1025  2.63188480      0.00000000D+00
 1026  2.66261818      0.00000000D+00
 1027  2.69371045      0.00000000D+00
 1028  2.72516579      0.00000000D+00
 1029  2.75698844      0.00000000D+00
 1030  2.78918269      0.00000000D+00
 1031  2.82175289      0.00000000D+00
 1032  2.85470342      0.00000000D+00
 1033  2.88803873      0.00000000D+00
 1034  2.92176330      0.00000000D+00
 1035  2.95588169      0.00000000D+00
 1036  2.99039848      0.00000000D+00
 1037  3.02531835      0.00000000D+00
 1038  3.06064598      0.00000000D+00
 1039  3.09638614      0.00000000D+00
 1040  3.13254366      0.00000000D+00
 1041  3.16912339      0.00000000D+00
 1042  3.20613028      0.00000000D+00
 1043  3.24356932      0.00000000D+00
 1044  3.28144554      0.00000000D+00
 1045  3.31976405      0.00000000D+00
 1046  3.35853002      0.00000000D+00
 1047  3.39774867      0.00000000D+00
 1048  3.43742529      0.00000000D+00
 1049  3.47756523      0.00000000D+00
 1050  3.51817390      0.00000000D+00
 1051  3.55925677      0.00000000D+00
 1052  3.60081937      0.00000000D+00
 1053  3.64286732      0.00000000D+00
 1054  3.68540627      0.00000000D+00
 1055  3.72844197      0.00000000D+00
 1056  3.77198020      0.00000000D+00
 1057  3.81602685      0.00000000D+00
 1058  3.86058784      0.00000000D+00
 1059  3.90566919      0.00000000D+00
 1060  3.95127697      0.00000000D+00
 1061  3.99741732      0.00000000D+00
 1062  4.04409647      0.00000000D+00
 1063  4.09132071      0.00000000D+00
 1064  4.13909640      0.00000000D+00
 1065  4.18742998      0.00000000D+00
 1066  4.23632797      0.00000000D+00
 1067  4.28579696      0.00000000D+00
 1068  4.33584361      0.00000000D+00
 1069  4.38647467      0.00000000D+00
 1070  4.43769697      0.00000000D+00
 1071  4.48951741      0.00000000D+00
 1072  4.54194298      0.00000000D+00
 1073  4.59498073      0.00000000D+00
 1074  4.64863782      0.00000000D+00
 1075  4.70292149      0.00000000D+00
 1076  4.75783904      0.00000000D+00
 1077  4.81339788      0.00000000D+00
 1078  4.86960550      0.00000000D+00
 1079  4.92646948      0.00000000D+00
 1080  4.98399747      0.00000000D+00
 1081  5.04219724      0.00000000D+00
 1082  5.10107663      0.00000000D+00
 1083  5.16064357      0.00000000D+00
 1084  5.22090609      0.00000000D+00
 1085  5.28187232      0.00000000D+00
 1086  5.34355047      0.00000000D+00
 1087  5.40594886      0.00000000D+00
 1088  5.46907589      0.00000000D+00
 1089  5.53294008      0.00000000D+00
 1090  5.59755003      0.00000000D+00
 1091  5.66291445      0.00000000D+00
 1092  5.72904216      0.00000000D+00
 1093  5.79594206      0.00000000D+00
 1094  5.86362317      0.00000000D+00
 1095  5.93209461      0.00000000D+00
 1096  6.00136562      0.00000000D+00
 1097  6.07144553      0.00000000D+00
 1098  6.14234379      0.00000000D+00
 1099  6.21406994      0.00000000D+00
 1100  6.28663367      0.00000000D+00
 1101  6.36004475      0.00000000D+00
