System Description            : Mo, BCC structure                               
Number of Atoms in Unit Cell  : 1                                               
Number of Atomic Species      : 1                                               
Number of Atoms in Each Type  : 1(Mo)                                           
Energy Offset                 : -7947                                           
=======================================================================================
    Iter     Energy      3PV     Efermi   Rms_rho    Rms_pot   Mix  Alg  Alpha 
---------------------------------------------------------------------------------------
**       1  -0.901146  -3.27790  1.80461  0.239E-02  0.342E-01  pot  B   0.1000
         2  -0.565827  -0.20993  1.81461  0.101E-02  0.327E-01  pot  B   0.1000
         3  -0.636866  -0.39588  1.82461  0.208E-03  0.301E-01  pot  B   0.1000
         4  -1.098048  -1.87039  1.83461  0.113E-02  0.776E-02  pot  B   0.1000
         5  -1.096930  -1.28684  1.84461  0.192E-03  0.613E-02  pot  B   0.1000
         6  -0.694614   2.91393  1.85461  0.142E-02  0.910E-02  pot  B   0.1000
         7  -0.860230   0.67171  1.86461  0.708E-03  0.149E-02  pot  B   0.1000
         8  -0.638125   1.78261  1.87461  0.503E-03  0.407E-02  pot  B   0.1000
         9  -0.629844   1.72245  1.88461  0.649E-04  0.335E-02  pot  B   0.1000
        10  -0.592743   1.90713  1.89461  0.724E-04  0.346E-02  pot  B   0.1000
        11  -0.404588   3.22265  1.90461  0.487E-03  0.677E-02  pot  B   0.1000
        12  -0.466767   2.48675  1.91461  0.238E-03  0.435E-02  pot  B   0.1000
        13  -0.156081   4.57417  1.92461  0.828E-03  0.101E-01  pot  B   0.1000
        14  -0.242955   3.79128  1.93461  0.289E-03  0.747E-02  pot  B   0.1000
        15  -0.260230   3.50787  1.94461  0.917E-04  0.637E-02  pot  B   0.1000
        16   0.041215   5.58706  1.95461  0.757E-03  0.118E-01  pot  B   0.1000
        17   0.063993   5.76186  1.96461  0.670E-04  0.121E-01  pot  B   0.1000
        18   0.283651   7.50669  1.97461  0.615E-03  0.172E-01  pot  B   0.1000
        19   1.187060  14.23321  1.98497  0.220E-02  0.318E-01  pot  B   0.1000
        20   1.178529  12.99754  1.99390  0.405E-03  0.275E-01  pot  B   0.1000
        21   1.150151  12.58963  2.02409  0.131E-03  0.263E-01  pot  B   0.1000
        22   0.942033  12.26231  2.01287  0.251E-03  0.255E-01  pot  B   0.1000
        23   0.930143  12.36655  2.02609  0.880E-04  0.254E-01  pot  B   0.1000
        24   0.546490  12.06325  2.01128  0.567E-03  0.240E-01  pot  B   0.1000
        25   0.414871  12.13040  2.01312  0.201E-03  0.242E-01  pot  B   0.1000
        26   1.183057  12.28483  2.01026  0.112E-02  0.274E-01  pot  B   0.1000
        27   1.182683  12.03151  2.00740  0.845E-04  0.277E-01  pot  B   0.1000
        28   1.088444  11.87781  2.03222  0.127E-03  0.253E-01  pot  B   0.1000
        29  -0.293848  16.70333  2.02222  0.364E-02  0.333E-01  pot  B   0.1000
        30  -1.748196  13.47427  1.97630  0.159E-02  0.272E-01  pot  B   0.1000
        31  -1.015791  17.95255  1.96630  0.154E-02  0.362E-01  pot  B   0.1000
        32  -1.219290  16.38540  1.95630  0.457E-03  0.329E-01  pot  B   0.1000
        33  -1.289256  15.13537  1.94630  0.354E-03  0.322E-01  pot  B   0.1000
        34  -1.797784  11.65478  1.93975  0.106E-02  0.262E-01  pot  B   0.1000
        35  -1.311715  13.20567  1.93911  0.594E-03  0.268E-01  pot  B   0.1000
        36  -0.865447   9.22727  1.94911  0.229E-02  0.155E-01  pot  B   0.1000
        37  -0.635502   5.35766  1.95911  0.194E-02  0.604E-02  pot  B   0.1000
        38  -0.317794   3.82036  1.96911  0.102E-02  0.333E-02  pot  B   0.1000
        39   0.043241   5.39452  1.97911  0.585E-03  0.786E-02  pot  B   0.1000
        40   0.180678   6.28630  1.98911  0.316E-03  0.102E-01  pot  B   0.1000
        41   1.022019  12.55036  2.02677  0.225E-02  0.260E-01  pot  B   0.1000
        42   0.827138  12.66023  2.02050  0.332E-03  0.251E-01  pot  B   0.1000
        43   0.725669  12.50924  2.02177  0.159E-03  0.245E-01  pot  B   0.1000
        44   0.854509  12.61253  2.02145  0.187E-03  0.251E-01  pot  B   0.1000
        45   0.888271  12.57113  2.02035  0.558E-04  0.253E-01  pot  B   0.1000
        46   1.185424  13.23703  2.01253  0.352E-03  0.284E-01  pot  B   0.1000
        47   1.186149  13.32334  2.00682  0.397E-04  0.293E-01  pot  B   0.1000
        48   1.137258  12.49950  2.03649  0.248E-03  0.261E-01  pot  B   0.1000
        49   0.486415  16.23980  2.02649  0.242E-02  0.327E-01  pot  B   0.1000
        50  -0.503865  12.35557  1.98703  0.121E-02  0.244E-01  pot  B   0.1000
        51  -0.912584  16.82619  1.97703  0.224E-02  0.347E-01  pot  B   0.1000
        52  -1.140018  17.30201  1.96703  0.555E-03  0.350E-01  pot  B   0.1000
        53  -1.727377  12.91967  1.94508  0.145E-02  0.258E-01  pot  B   0.1000
        54  -1.701466  13.09024  1.93030  0.972E-04  0.266E-01  pot  B   0.1000
        55  -1.651425  13.07468  1.91808  0.838E-04  0.280E-01  pot  B   0.1000
        56  -2.143591  12.93242  1.90391  0.682E-03  0.274E-01  pot  B   0.1000
        57  -1.304144   2.53418  1.91391  0.560E-02  0.241E-02  pot  B   0.1000
        58  -0.359544   2.34346  1.92391  0.158E-02  0.127E-02  pot  B   0.1000
        59  -0.032243   6.69873  1.93391  0.140E-02  0.174E-01  pot  B   0.1000
        60   1.232469  17.38659  1.96556  0.355E-02  0.460E-01  pot  B   0.1000
        61   1.563307  20.48421  1.95556  0.982E-03  0.551E-01  pot  B   0.1000
        62   1.980927  25.66824  1.94556  0.165E-02  0.721E-01  pot  B   0.1000
        63   2.532402  32.02946  1.93556  0.203E-02  0.925E-01  pot  B   0.1000
        64   4.023189  45.15109  1.92556  0.424E-02  0.127E+00  pot  B   0.1000
        65   6.257629  63.21246  1.91556  0.600E-02  0.154E+00  pot  B   0.1000
        66   1.814398  26.75674  1.90556  0.120E-01  0.787E-01  pot  B   0.1000
        67   1.308741  21.77917  1.92261  0.157E-02  0.628E-01  pot  B   0.1000
        68  -0.477488   3.34137  1.93261  0.597E-02  0.910E-02  pot  B   0.1000
        69  -0.421964   3.08902  1.94261  0.253E-03  0.109E-01  pot  B   0.1000
        70  -0.592624   4.20348  1.95261  0.694E-03  0.110E-01  pot  B   0.1000
        71  -0.260645   4.07486  1.96261  0.559E-03  0.104E-01  pot  B   0.1000
        72  -0.740474   9.20959  1.97261  0.284E-02  0.165E-01  pot  B   0.1000
        73  -0.335693  14.53369  1.99626  0.207E-02  0.285E-01  pot  B   0.1000
        74  -0.540123  14.55932  2.00181  0.283E-03  0.283E-01  pot  B   0.1000
        75   1.190071  14.44345  2.01474  0.255E-02  0.306E-01  pot  B   0.1000
        76   1.200300  15.11480  2.00247  0.259E-03  0.335E-01  pot  B   0.1000
        77   1.252236  19.79168  1.97392  0.160E-02  0.571E-01  pot  B   0.1000
        78   2.406006  28.50295  1.96392  0.295E-02  0.783E-01  pot  B   0.1000
        79   3.389777  38.43507  1.95392  0.321E-02  0.108E+00  pot  B   0.1000
        80   1.330674  24.54345  1.90883  0.493E-02  0.783E-01  pot  B   0.1000
        81   1.331323  22.60424  1.88910  0.688E-03  0.686E-01  pot  B   0.1000
        82  -0.070961  10.14578  1.89910  0.413E-02  0.307E-01  pot  B   0.1000
        83   0.122648  11.75112  1.90910  0.531E-03  0.355E-01  pot  B   0.1000
        84   1.232084  18.24716  1.93709  0.252E-02  0.494E-01  pot  B   0.1000
        85   1.278171  20.09796  1.94460  0.630E-03  0.556E-01  pot  B   0.1000
        86   0.030576   8.04711  1.95460  0.393E-02  0.198E-01  pot  B   0.1000
        87   1.211251  16.14412  1.99697  0.297E-02  0.402E-01  pot  B   0.1000
        88   1.205480  15.44716  2.00052  0.313E-03  0.360E-01  pot  B   0.1000
        89   1.552121  19.47079  1.99052  0.126E-02  0.485E-01  pot  B   0.1000
        90   1.224255  16.72497  1.96918  0.862E-03  0.419E-01  pot  B   0.1000
        91   1.198932  15.24963  1.98005  0.534E-03  0.355E-01  pot  B   0.1000
        92   0.097526   5.32381  1.99005  0.321E-02  0.774E-02  pot  B   0.1000
        93   0.993857  12.62045  2.02672  0.270E-02  0.258E-01  pot  B   0.1000
        94   0.442691  12.78892  2.01485  0.894E-03  0.247E-01  pot  B   0.1000
        95  -0.058986  12.50379  2.02778  0.671E-03  0.242E-01  pot  B   0.1000
        96   0.190241  12.76995  1.99981  0.306E-03  0.246E-01  pot  B   0.1000
        97  -0.013639   9.41595  2.00981  0.126E-02  0.170E-01  pot  B   0.1000
        98   0.916461  12.82167  2.02842  0.112E-02  0.254E-01  pot  B   0.1000
        99   0.978596  12.67621  2.00916  0.153E-03  0.254E-01  pot  B   0.1000
       100   0.747929  12.69531  2.02141  0.357E-03  0.247E-01  pot  B   0.1000
**     101  -0.904321  -3.31191  1.80461  0.240E-02  0.342E-01  pot  B   0.1000
       102  -0.558861  -0.15488  1.81461  0.104E-02  0.328E-01  pot  B   0.1000
       103  -0.652243  -0.51663  1.82461  0.262E-03  0.300E-01  pot  B   0.1000
       104  -1.088497  -1.69677  1.83461  0.106E-02  0.713E-02  pot  B   0.1000
       105  -1.092598  -1.15673  1.84461  0.190E-03  0.574E-02  pot  B   0.1000
       106  -0.892537   1.19634  1.85461  0.809E-03  0.423E-02  pot  B   0.1000
       107  -0.714719   1.86704  1.86461  0.389E-03  0.517E-02  pot  B   0.1000
       108  -0.665001   1.31823  1.87461  0.246E-03  0.285E-02  pot  B   0.1000
       109  -0.623634   1.84773  1.88461  0.155E-03  0.376E-02  pot  B   0.1000
       110  -0.502525   2.87899  1.89461  0.353E-03  0.676E-02  pot  B   0.1000
       111  -0.457359   3.32126  1.90461  0.143E-03  0.791E-02  pot  B   0.1000
       112  -0.152873   5.50123  1.91461  0.834E-03  0.141E-01  pot  B   0.1000
       113  -0.191981   4.92891  1.92461  0.197E-03  0.118E-01  pot  B   0.1000
       114  -0.254049   4.27398  1.93461  0.222E-03  0.954E-02  pot  B   0.1000
       115  -0.101959   5.20233  1.94461  0.369E-03  0.117E-01  pot  B   0.1000
       116   1.177033  13.87676  1.98750  0.316E-02  0.334E-01  pot  B   0.1000
       117   1.189723  13.65023  2.00191  0.139E-03  0.316E-01  pot  B   0.1000
       118   1.183984  12.96153  2.00970  0.231E-03  0.287E-01  pot  B   0.1000
       119   1.176852  12.25375  2.01821  0.239E-03  0.257E-01  pot  B   0.1000
       120   1.179505  12.62463  2.01114  0.129E-03  0.269E-01  pot  B   0.1000
       121   1.175538  12.17190  2.02059  0.158E-03  0.251E-01  pot  B   0.1000
       122   1.171201  11.80541  2.02320  0.148E-03  0.231E-01  pot  B   0.1000
       123   1.160746  10.91808  2.03885  0.328E-03  0.184E-01  pot  B   0.1000
       124   1.150931   9.75465  2.05743  0.414E-03  0.127E-01  pot  B   0.1000
       125   1.144655   8.73209  2.06325  0.358E-03  0.786E-02  pot  B   0.1000
       126   1.134499   7.45639  2.07981  0.473E-03  0.125E-02  pot  B   0.1000
       127   1.135809   7.16317  2.08255  0.104E-03  0.161E-03  pot  B   0.1000
       128   1.135863   7.21487  2.08357  0.285E-04  0.108E-03  pot  B   0.1000
       129   1.135774   7.19782  2.08367  0.560E-05  0.263E-04  pot  B   0.1000
       130   1.135702   7.18293  2.08390  0.509E-05  0.469E-04  pot  B   0.1000
       131   1.135881   7.23580  2.08332  0.173E-04  0.128E-03  pot  B   0.1000
       132   1.135799   7.20931  2.08364  0.885E-05  0.448E-04  pot  B   0.1000
       133   1.135792   7.20217  2.08360  0.223E-05  0.414E-04  pot  B   0.1000
       134   1.135771   7.19977  2.08368  0.117E-05  0.195E-04  pot  B   0.1000
       135   1.135748   7.19526  2.08374  0.154E-05  0.211E-05  pot  B   0.1000
       136   1.135749   7.19584  2.08373  0.252E-06  0.563E-06  pot  B   0.1000
       137   1.135749   7.19547  2.08373  0.123E-06  0.116E-05  pot  B   0.1000
       138   1.135750   7.19582  2.08372  0.127E-06  0.461E-06  pot  B   0.1000
       139   1.135750   7.19575  2.08372  0.298E-07  0.221E-06  pot  B   0.1000
       140   1.135750   7.19568  2.08373  0.198E-07  0.770E-08  pot  B   0.1000
       141   1.135750   7.19569  2.08373  0.155E-08  0.454E-08  pot  B   0.1000
       142   1.135750   7.19569  2.08373  0.124E-09  0.343E-08  pot  B   0.1000
**     143   0.631285   5.12634  2.05153  0.756E-03  0.148E-01  pot  B   0.1000
       144   0.701144   5.79255  2.07097  0.350E-03  0.756E-03  pot  B   0.1000
       145   0.701384   5.83093  2.05918  0.660E-04  0.650E-03  pot  B   0.1000
       146   0.698296   5.41083  2.06682  0.136E-03  0.358E-03  pot  B   0.1000
       147   0.699931   5.55177  2.06755  0.490E-04  0.117E-03  pot  B   0.1000
       148   0.699965   5.57766  2.06729  0.575E-05  0.906E-04  pot  B   0.1000
       149   0.699732   5.56101  2.06788  0.476E-05  0.186E-04  pot  B   0.1000
       150   0.699689   5.55982  2.06778  0.824E-06  0.118E-04  pot  B   0.1000
       151   0.699757   5.56415  2.06770  0.112E-05  0.621E-05  pot  B   0.1000
       152   0.699749   5.56339  2.06774  0.212E-06  0.416E-05  pot  B   0.1000
       153   0.699735   5.56224  2.06775  0.281E-06  0.138E-06  pot  B   0.1000
       154   0.699735   5.56217  2.06775  0.232E-07  0.178E-06  pot  B   0.1000
       155   0.699735   5.56222  2.06775  0.107E-07  0.593E-07  pot  B   0.1000
       156   0.699735   5.56223  2.06775  0.375E-08  0.669E-08  pot  B   0.1000
       157   0.699735   5.56223  2.06775  0.661E-09  0.734E-08  pot  B   0.1000
       158   0.699735   5.56223  2.06775  0.208E-09  0.757E-08  pot  B   0.1000
       159   0.699735   5.56223  2.06775  0.725E-10  0.675E-08  pot  B   0.1000
       160   0.699735   5.56223  2.06775  0.641E-10  0.643E-08  pot  B   0.1000
