 ir        r              f(r)*r^2
    1  0.00001465      0.13686689D-13
    2  0.00001483      0.14363525D-13
    3  0.00001501      0.15073830D-13
    4  0.00001519      0.15819261D-13
    5  0.00001538      0.16601552D-13
    6  0.00001556      0.17422528D-13
    7  0.00001575      0.18284101D-13
    8  0.00001594      0.19188278D-13
    9  0.00001614      0.20137166D-13
   10  0.00001633      0.21132976D-13
   11  0.00001653      0.22178028D-13
   12  0.00001673      0.23274757D-13
   13  0.00001693      0.24425717D-13
   14  0.00001714      0.25633591D-13
   15  0.00001735      0.26901193D-13
   16  0.00001756      0.28231476D-13
   17  0.00001777      0.29627539D-13
   18  0.00001799      0.31092634D-13
   19  0.00001821      0.32630176D-13
   20  0.00001843      0.34243746D-13
   21  0.00001865      0.35937103D-13
   22  0.00001888      0.37714193D-13
   23  0.00001911      0.39579155D-13
   24  0.00001934      0.41536334D-13
   25  0.00001957      0.43590291D-13
   26  0.00001981      0.45745809D-13
   27  0.00002005      0.48007911D-13
   28  0.00002030      0.50381866D-13
   29  0.00002054      0.52873204D-13
   30  0.00002079      0.55487731D-13
   31  0.00002104      0.58231535D-13
   32  0.00002130      0.61111010D-13
   33  0.00002156      0.64132863D-13
   34  0.00002182      0.67304133D-13
   35  0.00002208      0.70632208D-13
   36  0.00002235      0.74124840D-13
   37  0.00002262      0.77790167D-13
   38  0.00002290      0.81636725D-13
   39  0.00002318      0.85673475D-13
   40  0.00002346      0.89909821D-13
   41  0.00002374      0.94355630D-13
   42  0.00002403      0.99021258D-13
   43  0.00002432      0.10391757D-12
   44  0.00002462      0.10905598D-12
   45  0.00002492      0.11444845D-12
   46  0.00002522      0.12010754D-12
   47  0.00002553      0.12604644D-12
   48  0.00002584      0.13227897D-12
   49  0.00002615      0.13881966D-12
   50  0.00002647      0.14568373D-12
   51  0.00002679      0.15288718D-12
   52  0.00002711      0.16044679D-12
   53  0.00002744      0.16838016D-12
   54  0.00002778      0.17670576D-12
   55  0.00002811      0.18544300D-12
   56  0.00002846      0.19461221D-12
   57  0.00002880      0.20423477D-12
   58  0.00002915      0.21433307D-12
   59  0.00002950      0.22493063D-12
   60  0.00002986      0.23605214D-12
   61  0.00003023      0.24772351D-12
   62  0.00003059      0.25997190D-12
   63  0.00003096      0.27282585D-12
   64  0.00003134      0.28631529D-12
   65  0.00003172      0.30047163D-12
   66  0.00003211      0.31532785D-12
   67  0.00003250      0.33091854D-12
   68  0.00003289      0.34728001D-12
   69  0.00003329      0.36445036D-12
   70  0.00003369      0.38246958D-12
   71  0.00003410      0.40137962D-12
   72  0.00003452      0.42122452D-12
   73  0.00003494      0.44205049D-12
   74  0.00003536      0.46390604D-12
   75  0.00003579      0.48684204D-12
   76  0.00003622      0.51091191D-12
   77  0.00003666      0.53617170D-12
   78  0.00003711      0.56268022D-12
   79  0.00003756      0.59049920D-12
   80  0.00003802      0.61969341D-12
   81  0.00003848      0.65033083D-12
   82  0.00003894      0.68248278D-12
   83  0.00003942      0.71622414D-12
   84  0.00003990      0.75163347D-12
   85  0.00004038      0.78879319D-12
   86  0.00004087      0.82778984D-12
   87  0.00004137      0.86871421D-12
   88  0.00004187      0.91166156D-12
   89  0.00004238      0.95673190D-12
   90  0.00004289      0.10040301D-11
   91  0.00004341      0.10536664D-11
   92  0.00004394      0.11057562D-11
   93  0.00004447      0.11604209D-11
   94  0.00004501      0.12177877D-11
   95  0.00004556      0.12779901D-11
   96  0.00004611      0.13411683D-11
   97  0.00004667      0.14074694D-11
   98  0.00004724      0.14770476D-11
   99  0.00004781      0.15500650D-11
  100  0.00004839      0.16266916D-11
  101  0.00004898      0.17071056D-11
  102  0.00004958      0.17914942D-11
  103  0.00005018      0.18800540D-11
  104  0.00005079      0.19729909D-11
  105  0.00005140      0.20705214D-11
  106  0.00005203      0.21728723D-11
  107  0.00005266      0.22802821D-11
  108  0.00005330      0.23930005D-11
  109  0.00005395      0.25112900D-11
  110  0.00005460      0.26354259D-11
  111  0.00005526      0.27656970D-11
  112  0.00005594      0.29024065D-11
  113  0.00005661      0.30458726D-11
  114  0.00005730      0.31964291D-11
  115  0.00005800      0.33544264D-11
  116  0.00005870      0.35202321D-11
  117  0.00005941      0.36942321D-11
  118  0.00006014      0.38768313D-11
  119  0.00006087      0.40684546D-11
  120  0.00006161      0.42695477D-11
  121  0.00006235      0.44805787D-11
  122  0.00006311      0.47020385D-11
  123  0.00006388      0.49344425D-11
  124  0.00006465      0.51783312D-11
  125  0.00006544      0.54342722D-11
  126  0.00006623      0.57028609D-11
  127  0.00006704      0.59847221D-11
  128  0.00006785      0.62805117D-11
  129  0.00006867      0.65909176D-11
  130  0.00006951      0.69166620D-11
  131  0.00007035      0.72585027D-11
  132  0.00007121      0.76172349D-11
  133  0.00007207      0.79936929D-11
  134  0.00007295      0.83887525D-11
  135  0.00007383      0.88033325D-11
  136  0.00007473      0.92383974D-11
  137  0.00007563      0.96949589D-11
  138  0.00007655      0.10174079D-10
  139  0.00007748      0.10676872D-10
  140  0.00007842      0.11204507D-10
  141  0.00007938      0.11758211D-10
  142  0.00008034      0.12339273D-10
  143  0.00008132      0.12949043D-10
  144  0.00008230      0.13588939D-10
  145  0.00008330      0.14260449D-10
  146  0.00008431      0.14965134D-10
  147  0.00008534      0.15704634D-10
  148  0.00008637      0.16480668D-10
  149  0.00008742      0.17295040D-10
  150  0.00008848      0.18149643D-10
  151  0.00008956      0.19046465D-10
  152  0.00009065      0.19987590D-10
  153  0.00009175      0.20975206D-10
  154  0.00009286      0.22011609D-10
  155  0.00009399      0.23099209D-10
  156  0.00009513      0.24240534D-10
  157  0.00009628      0.25438236D-10
  158  0.00009745      0.26695100D-10
  159  0.00009864      0.28014047D-10
  160  0.00009983      0.29398143D-10
  161  0.00010105      0.30850604D-10
  162  0.00010227      0.32374806D-10
  163  0.00010351      0.33974291D-10
  164  0.00010477      0.35652777D-10
  165  0.00010604      0.37414164D-10
  166  0.00010733      0.39262545D-10
  167  0.00010863      0.41202214D-10
  168  0.00010995      0.43237680D-10
  169  0.00011129      0.45373671D-10
  170  0.00011264      0.47615150D-10
  171  0.00011401      0.49967324D-10
  172  0.00011539      0.52435658D-10
  173  0.00011679      0.55025887D-10
  174  0.00011821      0.57744028D-10
  175  0.00011965      0.60596393D-10
  176  0.00012110      0.63589610D-10
  177  0.00012257      0.66730630D-10
  178  0.00012406      0.70026749D-10
  179  0.00012556      0.73485622D-10
  180  0.00012709      0.77115282D-10
  181  0.00012863      0.80924158D-10
  182  0.00013019      0.84921095D-10
  183  0.00013177      0.89115375D-10
  184  0.00013337      0.93516736D-10
  185  0.00013499      0.98135398D-10
  186  0.00013663      0.10298208D-09
  187  0.00013829      0.10806805D-09
  188  0.00013997      0.11340509D-09
  189  0.00014167      0.11900561D-09
  190  0.00014339      0.12488261D-09
  191  0.00014513      0.13104972D-09
  192  0.00014689      0.13752126D-09
  193  0.00014868      0.14431224D-09
  194  0.00015048      0.15143844D-09
  195  0.00015231      0.15891639D-09
  196  0.00015416      0.16676344D-09
  197  0.00015603      0.17499780D-09
  198  0.00015793      0.18363858D-09
  199  0.00015984      0.19270582D-09
  200  0.00016178      0.20222057D-09
  201  0.00016375      0.21220489D-09
  202  0.00016574      0.22268194D-09
  203  0.00016775      0.23367604D-09
  204  0.00016979      0.24521268D-09
  205  0.00017185      0.25731862D-09
  206  0.00017393      0.27002193D-09
  207  0.00017605      0.28335208D-09
  208  0.00017818      0.29733998D-09
  209  0.00018035      0.31201806D-09
  210  0.00018254      0.32742036D-09
  211  0.00018475      0.34358258D-09
  212  0.00018700      0.36054221D-09
  213  0.00018927      0.37833854D-09
  214  0.00019156      0.39701285D-09
  215  0.00019389      0.41660840D-09
  216  0.00019624      0.43717062D-09
  217  0.00019863      0.45874717D-09
  218  0.00020104      0.48138804D-09
  219  0.00020348      0.50514571D-09
  220  0.00020595      0.53007521D-09
  221  0.00020845      0.55623431D-09
  222  0.00021098      0.58368361D-09
  223  0.00021354      0.61248670D-09
  224  0.00021614      0.64271030D-09
  225  0.00021876      0.67442441D-09
  226  0.00022142      0.70770249D-09
  227  0.00022411      0.74262161D-09
  228  0.00022683      0.77926261D-09
  229  0.00022958      0.81771036D-09
  230  0.00023237      0.85805385D-09
  231  0.00023519      0.90038651D-09
  232  0.00023805      0.94480631D-09
  233  0.00024094      0.99141608D-09
  234  0.00024386      0.10403237D-08
  235  0.00024682      0.10916424D-08
  236  0.00024982      0.11454908D-08
  237  0.00025285      0.12019937D-08
  238  0.00025592      0.12612816D-08
  239  0.00025903      0.13234919D-08
  240  0.00026218      0.13887684D-08
  241  0.00026536      0.14572620D-08
  242  0.00026858      0.15291313D-08
  243  0.00027184      0.16045424D-08
  244  0.00027514      0.16836697D-08
  245  0.00027848      0.17666961D-08
  246  0.00028187      0.18538137D-08
  247  0.00028529      0.19452237D-08
  248  0.00028875      0.20411375D-08
  249  0.00029226      0.21417769D-08
  250  0.00029581      0.22473742D-08
  251  0.00029940      0.23581737D-08
  252  0.00030303      0.24744312D-08
  253  0.00030671      0.25964154D-08
  254  0.00031044      0.27244080D-08
  255  0.00031421      0.28587047D-08
  256  0.00031802      0.29996157D-08
  257  0.00032188      0.31474663D-08
  258  0.00032579      0.33025979D-08
  259  0.00032975      0.34653688D-08
  260  0.00033375      0.36361546D-08
  261  0.00033780      0.38153495D-08
  262  0.00034191      0.40033672D-08
  263  0.00034606      0.42006414D-08
  264  0.00035026      0.44076274D-08
  265  0.00035451      0.46248028D-08
  266  0.00035882      0.48526684D-08
  267  0.00036317      0.50917499D-08
  268  0.00036758      0.53425985D-08
  269  0.00037205      0.56057929D-08
  270  0.00037656      0.58819396D-08
  271  0.00038114      0.61716755D-08
  272  0.00038576      0.64756682D-08
  273  0.00039045      0.67946184D-08
  274  0.00039519      0.71292610D-08
  275  0.00039999      0.74803671D-08
  276  0.00040484      0.78487454D-08
  277  0.00040976      0.82352446D-08
  278  0.00041473      0.86407547D-08
  279  0.00041977      0.90662094D-08
  280  0.00042487      0.95125884D-08
  281  0.00043003      0.99809191D-08
  282  0.00043525      0.10472279D-07
  283  0.00044053      0.10987800D-07
  284  0.00044588      0.11528668D-07
  285  0.00045129      0.12096126D-07
  286  0.00045677      0.12691480D-07
  287  0.00046232      0.13316100D-07
  288  0.00046793      0.13971421D-07
  289  0.00047362      0.14658951D-07
  290  0.00047937      0.15380269D-07
  291  0.00048519      0.16137034D-07
  292  0.00049108      0.16930984D-07
  293  0.00049704      0.17763943D-07
  294  0.00050308      0.18637825D-07
  295  0.00050918      0.19554637D-07
  296  0.00051537      0.20516484D-07
  297  0.00052162      0.21525574D-07
  298  0.00052796      0.22584224D-07
  299  0.00053437      0.23694862D-07
  300  0.00054086      0.24860038D-07
  301  0.00054742      0.26082425D-07
  302  0.00055407      0.27364825D-07
  303  0.00056080      0.28710181D-07
  304  0.00056761      0.30121575D-07
  305  0.00057450      0.31602245D-07
  306  0.00058147      0.33155583D-07
  307  0.00058853      0.34785147D-07
  308  0.00059568      0.36494672D-07
  309  0.00060291      0.38288073D-07
  310  0.00061023      0.40169456D-07
  311  0.00061764      0.42143129D-07
  312  0.00062514      0.44213609D-07
  313  0.00063273      0.46385633D-07
  314  0.00064042      0.48664172D-07
  315  0.00064819      0.51054436D-07
  316  0.00065606      0.53561893D-07
  317  0.00066403      0.56192274D-07
  318  0.00067209      0.58951591D-07
  319  0.00068025      0.61846151D-07
  320  0.00068851      0.64882566D-07
  321  0.00069687      0.68067771D-07
  322  0.00070533      0.71409040D-07
  323  0.00071390      0.74914000D-07
  324  0.00072257      0.78590651D-07
  325  0.00073134      0.82447382D-07
  326  0.00074022      0.86492990D-07
  327  0.00074921      0.90736702D-07
  328  0.00075830      0.95188194D-07
  329  0.00076751      0.99857610D-07
  330  0.00077683      0.10475559D-06
  331  0.00078626      0.10989330D-06
  332  0.00079581      0.11528242D-06
  333  0.00080547      0.12093525D-06
  334  0.00081525      0.12686463D-06
  335  0.00082515      0.13308406D-06
  336  0.00083517      0.13960769D-06
  337  0.00084531      0.14645035D-06
  338  0.00085557      0.15362761D-06
  339  0.00086596      0.16115577D-06
  340  0.00087648      0.16905193D-06
  341  0.00088712      0.17733403D-06
  342  0.00089789      0.18602088D-06
  343  0.00090879      0.19513219D-06
  344  0.00091983      0.20468864D-06
  345  0.00093100      0.21471190D-06
  346  0.00094230      0.22522471D-06
  347  0.00095374      0.23625088D-06
  348  0.00096532      0.24781542D-06
  349  0.00097704      0.25994451D-06
  350  0.00098891      0.27266562D-06
  351  0.00100091      0.28600755D-06
  352  0.00101307      0.30000048D-06
  353  0.00102537      0.31467607D-06
  354  0.00103782      0.33006751D-06
  355  0.00105042      0.34620958D-06
  356  0.00106317      0.36313876D-06
  357  0.00107608      0.38089328D-06
  358  0.00108915      0.39951322D-06
  359  0.00110237      0.41904062D-06
  360  0.00111576      0.43951952D-06
  361  0.00112931      0.46099610D-06
  362  0.00114302      0.48351878D-06
  363  0.00115690      0.50713830D-06
  364  0.00117094      0.53190786D-06
  365  0.00118516      0.55788323D-06
  366  0.00119955      0.58512285D-06
  367  0.00121412      0.61368801D-06
  368  0.00122886      0.64364293D-06
  369  0.00124378      0.67505492D-06
  370  0.00125888      0.70799455D-06
  371  0.00127417      0.74253579D-06
  372  0.00128964      0.77875616D-06
  373  0.00130530      0.81673690D-06
  374  0.00132115      0.85656319D-06
  375  0.00133719      0.89832427D-06
  376  0.00135342      0.94211370D-06
  377  0.00136986      0.98802952D-06
  378  0.00138649      0.10361745D-05
  379  0.00140332      0.10866563D-05
  380  0.00142036      0.11395878D-05
  381  0.00143761      0.11950872D-05
  382  0.00145507      0.12532786D-05
  383  0.00147273      0.13142918D-05
  384  0.00149061      0.13782628D-05
  385  0.00150871      0.14453345D-05
  386  0.00152703      0.15156562D-05
  387  0.00154557      0.15893845D-05
  388  0.00156434      0.16666836D-05
  389  0.00158333      0.17477254D-05
  390  0.00160256      0.18326902D-05
  391  0.00162202      0.19217668D-05
  392  0.00164171      0.20151529D-05
  393  0.00166165      0.21130559D-05
  394  0.00168182      0.22156929D-05
  395  0.00170224      0.23232914D-05
  396  0.00172291      0.24360899D-05
  397  0.00174383      0.25543381D-05
  398  0.00176501      0.26782976D-05
  399  0.00178644      0.28082425D-05
  400  0.00180813      0.29444600D-05
  401  0.00183008      0.30872509D-05
  402  0.00185230      0.32369304D-05
  403  0.00187479      0.33938285D-05
  404  0.00189756      0.35582910D-05
  405  0.00192060      0.37306801D-05
  406  0.00194392      0.39113752D-05
  407  0.00196752      0.41007738D-05
  408  0.00199141      0.42992920D-05
  409  0.00201559      0.45073657D-05
  410  0.00204006      0.47254517D-05
  411  0.00206483      0.49540281D-05
  412  0.00208991      0.51935958D-05
  413  0.00211528      0.54446792D-05
  414  0.00214096      0.57078278D-05
  415  0.00216696      0.59836166D-05
  416  0.00219327      0.62726482D-05
  417  0.00221990      0.65755534D-05
  418  0.00224686      0.68929927D-05
  419  0.00227414      0.72256578D-05
  420  0.00230175      0.75742730D-05
  421  0.00232970      0.79395965D-05
  422  0.00235799      0.83224225D-05
  423  0.00238662      0.87235821D-05
  424  0.00241560      0.91439458D-05
  425  0.00244493      0.95844248D-05
  426  0.00247461      0.10045973D-04
  427  0.00250466      0.10529589D-04
  428  0.00253507      0.11036318D-04
  429  0.00256585      0.11567255D-04
  430  0.00259701      0.12123546D-04
  431  0.00262854      0.12706388D-04
  432  0.00266046      0.13317039D-04
  433  0.00269276      0.13956810D-04
  434  0.00272545      0.14627078D-04
  435  0.00275855      0.15329281D-04
  436  0.00279204      0.16064925D-04
  437  0.00282594      0.16835587D-04
  438  0.00286026      0.17642916D-04
  439  0.00289498      0.18488638D-04
  440  0.00293014      0.19374559D-04
  441  0.00296571      0.20302570D-04
  442  0.00300172      0.21274648D-04
  443  0.00303817      0.22292862D-04
  444  0.00307506      0.23359377D-04
  445  0.00311240      0.24476458D-04
  446  0.00315019      0.25646476D-04
  447  0.00318844      0.26871908D-04
  448  0.00322715      0.28155348D-04
  449  0.00326634      0.29499510D-04
  450  0.00330600      0.30907230D-04
  451  0.00334614      0.32381477D-04
  452  0.00338677      0.33925356D-04
  453  0.00342789      0.35542113D-04
  454  0.00346951      0.37235144D-04
  455  0.00351164      0.39008001D-04
  456  0.00355428      0.40864397D-04
  457  0.00359743      0.42808217D-04
  458  0.00364111      0.44843522D-04
  459  0.00368532      0.46974557D-04
  460  0.00373007      0.49205763D-04
  461  0.00377536      0.51541782D-04
  462  0.00382120      0.53987467D-04
  463  0.00386760      0.56547891D-04
  464  0.00391456      0.59228359D-04
  465  0.00396209      0.62034413D-04
  466  0.00401020      0.64971851D-04
  467  0.00405889      0.68046728D-04
  468  0.00410818      0.71265375D-04
  469  0.00415806      0.74634409D-04
  470  0.00420854      0.78160745D-04
  471  0.00425964      0.81851608D-04
  472  0.00431137      0.85714548D-04
  473  0.00436371      0.89757455D-04
  474  0.00441670      0.93988572D-04
  475  0.00447033      0.98416512D-04
  476  0.00452461      0.10305027D-03
  477  0.00457954      0.10789925D-03
  478  0.00463515      0.11297326D-03
  479  0.00469143      0.11828257D-03
  480  0.00474839      0.12383788D-03
  481  0.00480605      0.12965038D-03
  482  0.00486440      0.13573175D-03
  483  0.00492347      0.14209420D-03
  484  0.00498325      0.14875047D-03
  485  0.00504375      0.15571385D-03
  486  0.00510500      0.16299824D-03
  487  0.00516698      0.17061814D-03
  488  0.00522972      0.17858868D-03
  489  0.00529322      0.18692566D-03
  490  0.00535749      0.19564559D-03
  491  0.00542254      0.20476567D-03
  492  0.00548838      0.21430388D-03
  493  0.00555502      0.22427895D-03
  494  0.00562247      0.23471047D-03
  495  0.00569074      0.24561884D-03
  496  0.00575984      0.25702536D-03
  497  0.00582977      0.26895226D-03
  498  0.00590056      0.28142272D-03
  499  0.00597220      0.29446092D-03
  500  0.00604472      0.30809209D-03
  501  0.00611811      0.32234253D-03
  502  0.00619240      0.33723967D-03
  503  0.00626759      0.35281214D-03
  504  0.00634369      0.36908975D-03
  505  0.00642071      0.38610362D-03
  506  0.00649867      0.40388616D-03
  507  0.00657758      0.42247117D-03
  508  0.00665745      0.44189390D-03
  509  0.00673828      0.46219106D-03
  510  0.00682010      0.48340092D-03
  511  0.00690291      0.50556337D-03
  512  0.00698672      0.52871995D-03
  513  0.00707156      0.55291397D-03
  514  0.00715742      0.57819053D-03
  515  0.00724433      0.60459662D-03
  516  0.00733229      0.63218117D-03
  517  0.00742132      0.66099516D-03
  518  0.00751143      0.69109166D-03
  519  0.00760263      0.72252595D-03
  520  0.00769494      0.75535556D-03
  521  0.00778838      0.78964042D-03
  522  0.00788294      0.82544287D-03
  523  0.00797866      0.86282783D-03
  524  0.00807553      0.90186285D-03
  525  0.00817359      0.94261823D-03
  526  0.00827283      0.98516711D-03
  527  0.00837328      0.10295856D-02
  528  0.00847495      0.10759528D-02
  529  0.00857785      0.11243512D-02
  530  0.00868201      0.11748662D-02
  531  0.00878742      0.12275871D-02
  532  0.00889412      0.12826063D-02
  533  0.00900211      0.13400202D-02
  534  0.00911142      0.13999287D-02
  535  0.00922205      0.14624360D-02
  536  0.00933402      0.15276501D-02
  537  0.00944736      0.15956833D-02
  538  0.00956207      0.16666522D-02
  539  0.00967817      0.17406783D-02
  540  0.00979568      0.18178873D-02
  541  0.00991462      0.18984100D-02
  542  0.01003501      0.19823822D-02
  543  0.01015685      0.20699449D-02
  544  0.01028018      0.21612445D-02
  545  0.01040500      0.22564328D-02
  546  0.01053134      0.23556676D-02
  547  0.01065921      0.24591123D-02
  548  0.01078864      0.25669368D-02
  549  0.01091963      0.26793171D-02
  550  0.01105222      0.27964357D-02
  551  0.01118642      0.29184821D-02
  552  0.01132224      0.30456525D-02
  553  0.01145972      0.31781504D-02
  554  0.01159886      0.33161867D-02
  555  0.01173970      0.34599802D-02
  556  0.01188224      0.36097571D-02
  557  0.01202652      0.37657521D-02
  558  0.01217254      0.39282082D-02
  559  0.01232034      0.40973771D-02
  560  0.01246994      0.42735192D-02
  561  0.01262135      0.44569042D-02
  562  0.01277460      0.46478112D-02
  563  0.01292971      0.48465290D-02
  564  0.01308670      0.50533565D-02
  565  0.01324560      0.52686025D-02
  566  0.01340643      0.54925867D-02
  567  0.01356921      0.57256394D-02
  568  0.01373397      0.59681023D-02
  569  0.01390072      0.62203282D-02
  570  0.01406951      0.64826819D-02
  571  0.01424034      0.67555400D-02
  572  0.01441325      0.70392915D-02
  573  0.01458825      0.73343382D-02
  574  0.01476539      0.76410948D-02
  575  0.01494467      0.79599890D-02
  576  0.01512613      0.82914625D-02
  577  0.01530979      0.86359705D-02
  578  0.01549568      0.89939829D-02
  579  0.01568383      0.93659837D-02
  580  0.01587426      0.97524719D-02
  581  0.01606701      0.10153962D-01
  582  0.01626210      0.10570983D-01
  583  0.01645955      0.11004081D-01
  584  0.01665941      0.11453817D-01
  585  0.01686169      0.11920770D-01
  586  0.01706642      0.12405534D-01
  587  0.01727364      0.12908720D-01
  588  0.01748338      0.13430959D-01
  589  0.01769566      0.13972895D-01
  590  0.01791053      0.14535195D-01
  591  0.01812800      0.15118539D-01
  592  0.01834811      0.15723630D-01
  593  0.01857089      0.16351187D-01
  594  0.01879638      0.17001947D-01
  595  0.01902461      0.17676669D-01
  596  0.01925560      0.18376129D-01
  597  0.01948941      0.19101124D-01
  598  0.01972605      0.19852468D-01
  599  0.01996556      0.20630997D-01
  600  0.02020799      0.21437566D-01
  601  0.02045335      0.22273052D-01
  602  0.02070170      0.23138349D-01
  603  0.02095306      0.24034372D-01
  604  0.02120747      0.24962057D-01
  605  0.02146497      0.25922360D-01
  606  0.02172560      0.26916257D-01
  607  0.02198940      0.27944743D-01
  608  0.02225639      0.29008833D-01
  609  0.02252663      0.30109564D-01
  610  0.02280015      0.31247990D-01
  611  0.02307699      0.32425185D-01
  612  0.02335719      0.33642243D-01
  613  0.02364080      0.34900275D-01
  614  0.02392785      0.36200413D-01
  615  0.02421838      0.37543803D-01
  616  0.02451244      0.38931613D-01
  617  0.02481007      0.40365025D-01
  618  0.02511132      0.41845237D-01
  619  0.02541622      0.43373464D-01
  620  0.02572483      0.44950935D-01
  621  0.02603718      0.46578895D-01
  622  0.02635332      0.48258599D-01
  623  0.02667331      0.49991318D-01
  624  0.02699717      0.51778331D-01
  625  0.02732498      0.53620929D-01
  626  0.02765676      0.55520411D-01
  627  0.02799257      0.57478085D-01
  628  0.02833245      0.59495265D-01
  629  0.02867647      0.61573268D-01
  630  0.02902466      0.63713418D-01
  631  0.02937708      0.65917037D-01
  632  0.02973378      0.68185450D-01
  633  0.03009481      0.70519978D-01
  634  0.03046022      0.72921939D-01
  635  0.03083007      0.75392647D-01
  636  0.03120441      0.77933405D-01
  637  0.03158329      0.80545508D-01
  638  0.03196678      0.83230237D-01
  639  0.03235492      0.85988859D-01
  640  0.03274778      0.88822622D-01
  641  0.03314540      0.91732756D-01
  642  0.03354786      0.94720466D-01
  643  0.03395520      0.97786930D-01
  644  0.03436748      0.10093330D+00
  645  0.03478477      0.10416069D+00
  646  0.03520713      0.10747018D+00
  647  0.03563462      0.11086282D+00
  648  0.03606730      0.11433961D+00
  649  0.03650523      0.11790150D+00
  650  0.03694848      0.12154938D+00
  651  0.03739711      0.12528412D+00
  652  0.03785119      0.12910650D+00
  653  0.03831078      0.13301726D+00
  654  0.03877595      0.13701704D+00
  655  0.03924677      0.14110645D+00
  656  0.03972330      0.14528601D+00
  657  0.04020563      0.14955614D+00
  658  0.04069381      0.15391720D+00
  659  0.04118791      0.15836946D+00
  660  0.04168802      0.16291308D+00
  661  0.04219420      0.16754814D+00
  662  0.04270652      0.17227460D+00
  663  0.04322507      0.17709232D+00
  664  0.04374991      0.18200106D+00
  665  0.04428112      0.18700043D+00
  666  0.04481878      0.19208995D+00
  667  0.04536298      0.19726898D+00
  668  0.04591378      0.20253677D+00
  669  0.04647126      0.20789243D+00
  670  0.04703552      0.21333492D+00
  671  0.04760663      0.21886304D+00
  672  0.04818467      0.22447546D+00
  673  0.04876973      0.23017068D+00
  674  0.04936190      0.23594703D+00
  675  0.04996125      0.24180269D+00
  676  0.05056788      0.24773565D+00
  677  0.05118188      0.25374375D+00
  678  0.05180333      0.25982461D+00
  679  0.05243233      0.26597570D+00
  680  0.05306897      0.27219429D+00
  681  0.05371334      0.27847744D+00
  682  0.05436553      0.28482206D+00
  683  0.05502564      0.29122481D+00
  684  0.05569376      0.29768219D+00
  685  0.05637000      0.30419047D+00
  686  0.05705444      0.31074573D+00
  687  0.05774720      0.31734384D+00
  688  0.05844837      0.32398045D+00
  689  0.05915806      0.33065102D+00
  690  0.05987636      0.33735078D+00
  691  0.06060338      0.34407477D+00
  692  0.06133923      0.35081782D+00
  693  0.06208401      0.35757452D+00
  694  0.06283784      0.36433930D+00
  695  0.06360082      0.37110635D+00
  696  0.06437306      0.37786968D+00
  697  0.06515469      0.38462309D+00
  698  0.06594580      0.39136019D+00
  699  0.06674652      0.39807440D+00
  700  0.06755696      0.40475895D+00
  701  0.06837724      0.41140690D+00
  702  0.06920748      0.41801113D+00
  703  0.07004780      0.42456436D+00
  704  0.07089832      0.43105916D+00
  705  0.07175917      0.43748794D+00
  706  0.07263048      0.44384297D+00
  707  0.07351236      0.45011641D+00
  708  0.07440495      0.45630029D+00
  709  0.07530838      0.46238653D+00
  710  0.07622278      0.46836696D+00
  711  0.07714828      0.47423335D+00
  712  0.07808502      0.47997737D+00
  713  0.07903313      0.48559067D+00
  714  0.07999275      0.49106484D+00
  715  0.08096403      0.49639147D+00
  716  0.08194710      0.50156213D+00
  717  0.08294211      0.50656842D+00
  718  0.08394919      0.51140196D+00
  719  0.08496851      0.51605442D+00
  720  0.08600020      0.52051756D+00
  721  0.08704442      0.52478320D+00
  722  0.08810132      0.52884329D+00
  723  0.08917105      0.53268990D+00
  724  0.09025377      0.53631526D+00
  725  0.09134964      0.53971175D+00
  726  0.09245881      0.54287196D+00
  727  0.09358145      0.54578870D+00
  728  0.09471772      0.54845500D+00
  729  0.09586779      0.55086414D+00
  730  0.09703182      0.55300970D+00
  731  0.09820999      0.55488555D+00
  732  0.09940246      0.55648588D+00
  733  0.10060941      0.55780521D+00
  734  0.10183101      0.55883845D+00
  735  0.10306745      0.55958087D+00
  736  0.10431890      0.56002815D+00
  737  0.10558555      0.56017638D+00
  738  0.10686757      0.56002211D+00
  739  0.10816516      0.55956232D+00
  740  0.10947851      0.55879449D+00
  741  0.11080781      0.55771658D+00
  742  0.11215324      0.55632703D+00
  743  0.11351501      0.55462484D+00
  744  0.11489332      0.55260951D+00
  745  0.11628836      0.55028109D+00
  746  0.11770034      0.54764017D+00
  747  0.11912946      0.54468791D+00
  748  0.12057594      0.54142603D+00
  749  0.12203998      0.53785682D+00
  750  0.12352179      0.53398315D+00
  751  0.12502160      0.52980845D+00
  752  0.12653962      0.52533674D+00
  753  0.12807607      0.52057261D+00
  754  0.12963118      0.51552122D+00
  755  0.13120517      0.51018828D+00
  756  0.13279827      0.50458008D+00
  757  0.13441071      0.49870344D+00
  758  0.13604273      0.49256573D+00
  759  0.13769457      0.48617482D+00
  760  0.13936647      0.47953911D+00
  761  0.14105866      0.47266750D+00
  762  0.14277140      0.46556932D+00
  763  0.14450494      0.45825439D+00
  764  0.14625953      0.45073296D+00
  765  0.14803542      0.44301565D+00
  766  0.14983287      0.43511350D+00
  767  0.15165215      0.42703787D+00
  768  0.15349352      0.41880047D+00
  769  0.15535725      0.41041328D+00
  770  0.15724361      0.40188857D+00
  771  0.15915287      0.39323880D+00
  772  0.16108531      0.38447667D+00
  773  0.16304122      0.37561500D+00
  774  0.16502087      0.36666677D+00
  775  0.16702456      0.35764502D+00
  776  0.16905258      0.34856287D+00
  777  0.17110523      0.33943343D+00
  778  0.17318280      0.33026982D+00
  779  0.17528559      0.32108507D+00
  780  0.17741392      0.31189214D+00
  781  0.17956809      0.30270385D+00
  782  0.18174842      0.29353285D+00
  783  0.18395522      0.28439159D+00
  784  0.18618881      0.27529229D+00
  785  0.18844953      0.26624689D+00
  786  0.19073769      0.25726702D+00
  787  0.19305364      0.24836400D+00
  788  0.19539771      0.23954876D+00
  789  0.19777024      0.23083185D+00
  790  0.20017157      0.22222340D+00
  791  0.20260207      0.21373310D+00
  792  0.20506207      0.20537016D+00
  793  0.20755195      0.19714332D+00
  794  0.21007205      0.18906081D+00
  795  0.21262276      0.18113032D+00
  796  0.21520444      0.17335902D+00
  797  0.21781746      0.16575354D+00
  798  0.22046221      0.15831993D+00
  799  0.22313908      0.15106370D+00
  800  0.22584844      0.14398976D+00
  801  0.22859071      0.13710248D+00
  802  0.23136627      0.13040563D+00
  803  0.23417553      0.12390243D+00
  804  0.23701890      0.11759554D+00
  805  0.23989680      0.11148704D+00
  806  0.24280964      0.10557848D+00
  807  0.24575785      0.99870865D-01
  808  0.24874185      0.94364671D-01
  809  0.25176209      0.89059874D-01
  810  0.25481900      0.83955951D-01
  811  0.25791303      0.79051907D-01
  812  0.26104462      0.74346291D-01
  813  0.26421424      0.69837219D-01
  814  0.26742234      0.65522396D-01
  815  0.27066940      0.61399139D-01
  816  0.27395588      0.57464400D-01
  817  0.27728227      0.53714796D-01
  818  0.28064905      0.50146630D-01
  819  0.28405670      0.46755918D-01
  820  0.28750573      0.43538416D-01
  821  0.29099664      0.40489649D-01
  822  0.29452994      0.37604934D-01
  823  0.29810614      0.34879407D-01
  824  0.30172576      0.32308051D-01
  825  0.30538933      0.29885722D-01
  826  0.30909739      0.27607170D-01
  827  0.31285046      0.25467069D-01
  828  0.31664911      0.23460038D-01
  829  0.32049388      0.21580662D-01
  830  0.32438534      0.19823518D-01
  831  0.32832404      0.18183192D-01
  832  0.33231057      0.16654301D-01
  833  0.33634550      0.15231511D-01
  834  0.34042943      0.13909554D-01
  835  0.34456294      0.12683241D-01
  836  0.34874664      0.11547484D-01
  837  0.35298114      0.10497301D-01
  838  0.35726706      0.95278333D-02
  839  0.36160502      0.86343528D-02
  840  0.36599565      0.78122740D-02
  841  0.37043958      0.70571603D-02
  842  0.37493748      0.63647310D-02
  843  0.37948999      0.57308669D-02
  844  0.38409778      0.51516142D-02
  845  0.38876152      0.46231879D-02
  846  0.39348188      0.41419737D-02
  847  0.39825956      0.37045289D-02
  848  0.40309525      0.33075826D-02
  849  0.40798966      0.29480344D-02
  850  0.41294349      0.26229532D-02
  851  0.41795747      0.23295743D-02
  852  0.42303233      0.20652966D-02
  853  0.42816882      0.18276786D-02
  854  0.43336766      0.16144342D-02
  855  0.43862964      0.14234278D-02
  856  0.44395550      0.12526695D-02
  857  0.44934604      0.11003093D-02
  858  0.45480202      0.96463151D-03
  859  0.46032425      0.84404868D-03
  860  0.46591353      0.73709567D-03
  861  0.47157068      0.64242336D-03
  862  0.47729652      0.55879251D-03
  863  0.48309188      0.48506747D-03
  864  0.48895761      0.42021010D-03
  865  0.49489456      0.36327365D-03
  866  0.50090359      0.31339678D-03
  867  0.50698559      0.26979783D-03
  868  0.51314144      0.23176913D-03
  869  0.51937203      0.19867157D-03
  870  0.52567828      0.16992939D-03
  871  0.53206109      0.14502519D-03
  872  0.53852141      0.12349517D-03
  873  0.54506016      0.10492460D-03
  874  0.55167831      0.88943579D-04
  875  0.55837682      0.75223028D-04
  876  0.56515666      0.63470919D-04
  877  0.57201883      0.53428778D-04
  878  0.57896431      0.44868416D-04
  879  0.58599413      0.37588908D-04
  880  0.59310930      0.31413797D-04
  881  0.60031086      0.26188526D-04
  882  0.60759987      0.21778080D-04
  883  0.61497738      0.18064830D-04
  884  0.62244447      0.14946573D-04
  885  0.63000223      0.12334752D-04
  886  0.63765175      0.10152842D-04
  887  0.64539415      0.83349036D-05
  888  0.65323056      0.68242721D-05
  889  0.66116212      0.55723945D-05
  890  0.66918999      0.45377853D-05
  891  0.67731533      0.36850997D-05
  892  0.68553933      0.29843119D-05
  893  0.69386319      0.24099896D-05
  894  0.70228811      0.19406547D-05
  895  0.71081534      0.15582224D-05
  896  0.71944609      0.12475114D-05
  897  0.72818165      0.99581596D-06
  898  0.73702327      0.79253523D-06
  899  0.74597225      0.62885171D-06
  900  0.75502988      0.49745425D-06
  901  0.76419750      0.39229985D-06
  902  0.77347643      0.30840961D-06
  903  0.78286802      0.24169457D-06
  904  0.79237364      0.18880757D-06
  905  0.80199469      0.14701765D-06
  906  0.81173255      0.11410403D-06
  907  0.82158865      0.88266846D-07
  908  0.83156443      0.68052292D-07
  909  0.84166133      0.52290125D-07
  910  0.85188083      0.40041597D-07
  911  0.86222441      0.30556295D-07
  912  0.87269359      0.23236472D-07
  913  0.88328988      0.17607684D-07
  914  0.89401484      0.13294714D-07
  915  0.90487001      0.10001897D-07
  916  0.91585699      0.74971137D-08
  917  0.92697738      0.55988090D-08
  918  0.93823279      0.41655110D-08
  919  0.94962486      0.30874009D-08
  920  0.96115526      0.22795583D-08
  921  0.97282566      0.16765706D-08
  922  0.98463776      0.12282501D-08
  923  0.99659329      0.89624290D-09
  924  1.00869398      0.65135602D-09
  925  1.02094160      0.47145968D-09
  926  1.03333793      0.33984705D-09
  927  1.04588477      0.24395763D-09
  928  1.05858396      0.17438782D-09
  929  1.07143735      0.12412733D-09
  930  1.08444680      0.87972427D-10
  931  1.09761421      0.62077151D-10
  932  1.11094150      0.43611488D-10
  933  1.12443062      0.30502230D-10
  934  1.13808352      0.21237391D-10
  935  1.15190219      0.14719286D-10
  936  1.16588865      0.10154654D-10
  937  1.18004493      0.69728910D-11
  938  1.19437310      0.47654755D-11
  939  1.20887525      0.32413147D-11
  940  1.22355348      0.21939839D-11
  941  1.23840993      0.14778093D-11
  942  1.25344677      0.99049234D-12
  943  1.26866619      0.66055116D-12
  944  1.28407041      0.43828731D-12
  945  1.29966166      0.28932277D-12
  946  1.31544222      0.18999908D-12
  947  1.33141439      0.12411923D-12
  948  1.34758050      0.80652628D-13
  949  1.36394290      0.52126996D-13
  950  1.38050397      0.33507656D-13
  951  1.39726612      0.21420746D-13
  952  1.41423180      0.13617765D-13
  953  1.43140348      0.86085253D-14
  954  1.44878366      0.54109494D-14
  955  1.46637487      0.33814977D-14
  956  1.48417968      0.21008894D-14
  957  1.50220067      0.12975407D-14
  958  1.52044047      0.79657015D-15
  959  1.53890175      0.48603516D-15
  960  1.55758718      0.29471165D-15
  961  1.57649948      0.17755848D-15
  962  1.59564143      0.10626667D-15
  963  1.61501579      0.63156253D-16
  964  1.63462540      0.37246943D-16
  965  1.65447312      0.21790019D-16
  966  1.67456182      0.12626908D-16
  967  1.69489444      0.71900986D-17
  968  1.71547394      0.41032985D-17
  969  1.73630332      0.23445717D-17
  970  1.75738561      0.13305848D-17
  971  1.77872388      0.74995361D-18
  972  1.80032125      0.41976166D-18
  973  1.82218085      0.00000000D+00
  974  1.84430587      0.00000000D+00
  975  1.86669953      0.00000000D+00
  976  1.88936510      0.00000000D+00
  977  1.91230587      0.00000000D+00
  978  1.93552520      0.00000000D+00
  979  1.95902645      0.00000000D+00
  980  1.98281306      0.00000000D+00
  981  2.00688848      0.00000000D+00
  982  2.03125623      0.00000000D+00
  983  2.05591986      0.00000000D+00
  984  2.08088295      0.00000000D+00
  985  2.10614914      0.00000000D+00
  986  2.13172212      0.00000000D+00
  987  2.15760561      0.00000000D+00
  988  2.18380338      0.00000000D+00
  989  2.21031924      0.00000000D+00
  990  2.23715705      0.00000000D+00
  991  2.26432074      0.00000000D+00
  992  2.29181424      0.00000000D+00
  993  2.31964158      0.00000000D+00
  994  2.34780679      0.00000000D+00
  995  2.37631399      0.00000000D+00
  996  2.40516733      0.00000000D+00
  997  2.43437100      0.00000000D+00
  998  2.46392927      0.00000000D+00
  999  2.49384643      0.00000000D+00
 1000  2.52412685      0.00000000D+00
 1001  2.55477494      0.00000000D+00
 1002  2.58579516      0.00000000D+00
 1003  2.61719203      0.00000000D+00
 1004  2.64897012      0.00000000D+00
 1005  2.68113406      0.00000000D+00
 1006  2.71368853      0.00000000D+00
 1007  2.74663829      0.00000000D+00
 1008  2.77998812      0.00000000D+00
 1009  2.81374289      0.00000000D+00
 1010  2.84790751      0.00000000D+00
 1011  2.88248696      0.00000000D+00
 1012  2.91748628      0.00000000D+00
 1013  2.95291055      0.00000000D+00
 1014  2.98876496      0.00000000D+00
 1015  3.02505470      0.00000000D+00
 1016  3.06178509      0.00000000D+00
 1017  3.09896145      0.00000000D+00
 1018  3.13658921      0.00000000D+00
 1019  3.17467385      0.00000000D+00
 1020  3.21322091      0.00000000D+00
 1021  3.25223602      0.00000000D+00
 1022  3.29172484      0.00000000D+00
 1023  3.33169315      0.00000000D+00
