 ir        r               f(r)
    1  0.00001574      0.35572542D-20
    2  0.00001593      0.36427075D-20
    3  0.00001612      0.37302128D-20
    4  0.00001632      0.38198195D-20
    5  0.00001651      0.39115761D-20
    6  0.00001671      0.40055366D-20
    7  0.00001691      0.41017524D-20
    8  0.00001711      0.42002789D-20
    9  0.00001731      0.43011712D-20
   10  0.00001752      0.44044861D-20
   11  0.00001773      0.45102818D-20
   12  0.00001794      0.46186176D-20
   13  0.00001816      0.47295548D-20
   14  0.00001837      0.48431555D-20
   15  0.00001859      0.49594838D-20
   16  0.00001881      0.50786051D-20
   17  0.00001904      0.52005865D-20
   18  0.00001927      0.53254965D-20
   19  0.00001950      0.54534054D-20
   20  0.00001973      0.55843853D-20
   21  0.00001997      0.57185096D-20
   22  0.00002020      0.58558540D-20
   23  0.00002045      0.59964957D-20
   24  0.00002069      0.61405137D-20
   25  0.00002094      0.62879891D-20
   26  0.00002119      0.64390048D-20
   27  0.00002144      0.65936457D-20
   28  0.00002170      0.67519989D-20
   29  0.00002196      0.69141533D-20
   30  0.00002222      0.70802002D-20
   31  0.00002248      0.72502329D-20
   32  0.00002275      0.74243470D-20
   33  0.00002302      0.76026405D-20
   34  0.00002330      0.77852135D-20
   35  0.00002358      0.79721688D-20
   36  0.00002386      0.81636113D-20
   37  0.00002414      0.83596488D-20
   38  0.00002443      0.85603915D-20
   39  0.00002472      0.87659521D-20
   40  0.00002502      0.89764463D-20
   41  0.00002532      0.91919923D-20
   42  0.00002562      0.94127113D-20
   43  0.00002593      0.96387274D-20
   44  0.00002624      0.98701675D-20
   45  0.00002655      0.10107162D-19
   46  0.00002687      0.10349843D-19
   47  0.00002719      0.10598348D-19
   48  0.00002751      0.10852817D-19
   49  0.00002784      0.11113391D-19
   50  0.00002818      0.11380219D-19
   51  0.00002851      0.11653449D-19
   52  0.00002885      0.11933234D-19
   53  0.00002920      0.12219733D-19
   54  0.00002955      0.12513107D-19
   55  0.00002990      0.12813519D-19
   56  0.00003026      0.13121138D-19
   57  0.00003062      0.13436139D-19
   58  0.00003098      0.13758696D-19
   59  0.00003135      0.14088992D-19
   60  0.00003173      0.14427211D-19
   61  0.00003211      0.14773545D-19
   62  0.00003249      0.15128187D-19
   63  0.00003288      0.15491335D-19
   64  0.00003327      0.15863196D-19
   65  0.00003367      0.16243976D-19
   66  0.00003407      0.16633889D-19
   67  0.00003448      0.17033156D-19
   68  0.00003489      0.17441998D-19
   69  0.00003531      0.17860647D-19
   70  0.00003573      0.18289337D-19
   71  0.00003616      0.18728308D-19
   72  0.00003659      0.19177807D-19
   73  0.00003703      0.19638086D-19
   74  0.00003747      0.20109403D-19
   75  0.00003792      0.20592023D-19
   76  0.00003837      0.21086216D-19
   77  0.00003883      0.21592260D-19
   78  0.00003929      0.22110438D-19
   79  0.00003976      0.22641040D-19
   80  0.00004024      0.23184365D-19
   81  0.00004072      0.23740718D-19
   82  0.00004120      0.24310409D-19
   83  0.00004169      0.24893759D-19
   84  0.00004219      0.25491094D-19
   85  0.00004270      0.26102750D-19
   86  0.00004321      0.26729068D-19
   87  0.00004372      0.27370401D-19
   88  0.00004425      0.28027107D-19
   89  0.00004477      0.28699555D-19
   90  0.00004531      0.29388121D-19
   91  0.00004585      0.30093192D-19
   92  0.00004640      0.30815161D-19
   93  0.00004695      0.31554434D-19
   94  0.00004751      0.32311425D-19
   95  0.00004808      0.33086557D-19
   96  0.00004866      0.33880265D-19
   97  0.00004924      0.34692993D-19
   98  0.00004983      0.35525197D-19
   99  0.00005042      0.36377341D-19
  100  0.00005102      0.37249904D-19
  101  0.00005163      0.38143373D-19
  102  0.00005225      0.39058250D-19
  103  0.00005287      0.39995045D-19
  104  0.00005351      0.40954282D-19
  105  0.00005415      0.41936500D-19
  106  0.00005479      0.42942247D-19
  107  0.00005545      0.43972086D-19
  108  0.00005611      0.45026593D-19
  109  0.00005678      0.46106358D-19
  110  0.00005746      0.47211984D-19
  111  0.00005814      0.48344090D-19
  112  0.00005884      0.49503310D-19
  113  0.00005954      0.50690290D-19
  114  0.00006025      0.51905695D-19
  115  0.00006097      0.53150204D-19
  116  0.00006170      0.54424512D-19
  117  0.00006244      0.55729332D-19
  118  0.00006319      0.57065393D-19
  119  0.00006394      0.58433441D-19
  120  0.00006470      0.59834240D-19
  121  0.00006548      0.61268573D-19
  122  0.00006626      0.62737241D-19
  123  0.00006705      0.64241063D-19
  124  0.00006785      0.65780881D-19
  125  0.00006866      0.67357552D-19
  126  0.00006948      0.68971958D-19
  127  0.00007031      0.70625000D-19
  128  0.00007115      0.72317600D-19
  129  0.00007200      0.74050702D-19
  130  0.00007286      0.75825273D-19
  131  0.00007373      0.77642303D-19
  132  0.00007462      0.79502807D-19
  133  0.00007551      0.81407820D-19
  134  0.00007641      0.83358407D-19
  135  0.00007732      0.85355653D-19
  136  0.00007825      0.87400672D-19
  137  0.00007918      0.89494605D-19
  138  0.00008013      0.91638618D-19
  139  0.00008108      0.93833906D-19
  140  0.00008205      0.96081691D-19
  141  0.00008303      0.98383227D-19
  142  0.00008403      0.10073979D-18
  143  0.00008503      0.10315270D-18
  144  0.00008605      0.10562330D-18
  145  0.00008707      0.10815296D-18
  146  0.00008811      0.11074309D-18
  147  0.00008917      0.11339514D-18
  148  0.00009023      0.11611057D-18
  149  0.00009131      0.11889090D-18
  150  0.00009240      0.12173767D-18
  151  0.00009351      0.12465247D-18
  152  0.00009462      0.12763692D-18
  153  0.00009575      0.13069268D-18
  154  0.00009690      0.13382144D-18
  155  0.00009805      0.13702495D-18
  156  0.00009923      0.14030498D-18
  157  0.00010041      0.14366336D-18
  158  0.00010161      0.14710195D-18
  159  0.00010283      0.15062266D-18
  160  0.00010405      0.15422745D-18
  161  0.00010530      0.15791832D-18
  162  0.00010656      0.16169731D-18
  163  0.00010783      0.16556652D-18
  164  0.00010912      0.16952810D-18
  165  0.00011042      0.17358424D-18
  166  0.00011174      0.17773720D-18
  167  0.00011307      0.18198928D-18
  168  0.00011443      0.18634283D-18
  169  0.00011579      0.19080027D-18
  170  0.00011718      0.19536406D-18
  171  0.00011858      0.20003674D-18
  172  0.00011999      0.20482089D-18
  173  0.00012143      0.20971916D-18
  174  0.00012288      0.21473426D-18
  175  0.00012435      0.21986897D-18
  176  0.00012583      0.22512613D-18
  177  0.00012733      0.23050864D-18
  178  0.00012886      0.23601949D-18
  179  0.00013040      0.24166172D-18
  180  0.00013195      0.24743844D-18
  181  0.00013353      0.25335286D-18
  182  0.00013513      0.25940823D-18
  183  0.00013674      0.26560791D-18
  184  0.00013837      0.27195531D-18
  185  0.00014003      0.27845395D-18
  186  0.00014170      0.28510740D-18
  187  0.00014339      0.29191933D-18
  188  0.00014511      0.29889352D-18
  189  0.00014684      0.30603379D-18
  190  0.00014859      0.31334409D-18
  191  0.00015037      0.32082845D-18
  192  0.00015217      0.32849099D-18
  193  0.00015398      0.33633593D-18
  194  0.00015582      0.34436758D-18
  195  0.00015769      0.35259038D-18
  196  0.00015957      0.36100885D-18
  197  0.00016148      0.36962762D-18
  198  0.00016341      0.37845142D-18
  199  0.00016536      0.38748512D-18
  200  0.00016733      0.39673367D-18
  201  0.00016933      0.40620216D-18
  202  0.00017136      0.41589578D-18
  203  0.00017340      0.42581987D-18
  204  0.00017548      0.43597987D-18
  205  0.00017757      0.44638135D-18
  206  0.00017969      0.45703002D-18
  207  0.00018184      0.46793172D-18
  208  0.00018401      0.47909243D-18
  209  0.00018621      0.49051826D-18
  210  0.00018844      0.50221547D-18
  211  0.00019069      0.51419047D-18
  212  0.00019297      0.52644980D-18
  213  0.00019527      0.53900019D-18
  214  0.00019761      0.55184849D-18
  215  0.00019997      0.56500174D-18
  216  0.00020236      0.57846711D-18
  217  0.00020477      0.59225196D-18
  218  0.00020722      0.60636384D-18
  219  0.00020970      0.62081043D-18
  220  0.00021220      0.63559962D-18
  221  0.00021474      0.65073949D-18
  222  0.00021730      0.66623828D-18
  223  0.00021990      0.68210444D-18
  224  0.00022253      0.69834662D-18
  225  0.00022518      0.71497366D-18
  226  0.00022787      0.73199462D-18
  227  0.00023060      0.74941875D-18
  228  0.00023335      0.76725553D-18
  229  0.00023614      0.78551465D-18
  230  0.00023896      0.80420605D-18
  231  0.00024182      0.82333986D-18
  232  0.00024471      0.84292648D-18
  233  0.00024763      0.86297654D-18
  234  0.00025059      0.88350090D-18
  235  0.00025358      0.90451070D-18
  236  0.00025661      0.92601732D-18
  237  0.00025968      0.94803240D-18
  238  0.00026278      0.97056786D-18
  239  0.00026592      0.99363590D-18
  240  0.00026910      0.10172490D-17
  241  0.00027231      0.10414199D-17
  242  0.00027557      0.10661616D-17
  243  0.00027886      0.10914876D-17
  244  0.00028219      0.11174115D-17
  245  0.00028556      0.11439472D-17
  246  0.00028897      0.11711091D-17
  247  0.00029243      0.11989118D-17
  248  0.00029592      0.12273703D-17
  249  0.00029946      0.12564998D-17
  250  0.00030303      0.12863161D-17
  251  0.00030665      0.13168352D-17
  252  0.00031032      0.13480734D-17
  253  0.00031403      0.13800475D-17
  254  0.00031778      0.14127748D-17
  255  0.00032157      0.14462726D-17
  256  0.00032542      0.14805591D-17
  257  0.00032930      0.15156525D-17
  258  0.00033324      0.15515715D-17
  259  0.00033722      0.15883355D-17
  260  0.00034125      0.16259641D-17
  261  0.00034533      0.16644773D-17
  262  0.00034945      0.17038957D-17
  263  0.00035363      0.17442404D-17
  264  0.00035785      0.17855328D-17
  265  0.00036213      0.18277949D-17
  266  0.00036646      0.18710493D-17
  267  0.00037083      0.19153189D-17
  268  0.00037526      0.19606272D-17
  269  0.00037975      0.20069983D-17
  270  0.00038429      0.20544568D-17
  271  0.00038888      0.21030278D-17
  272  0.00039352      0.21527372D-17
  273  0.00039822      0.22036112D-17
  274  0.00040298      0.22556767D-17
  275  0.00040780      0.23089613D-17
  276  0.00041267      0.23634930D-17
  277  0.00041760      0.24193007D-17
  278  0.00042259      0.24764138D-17
  279  0.00042764      0.25348624D-17
  280  0.00043275      0.25946772D-17
  281  0.00043792      0.26558896D-17
  282  0.00044315      0.27185320D-17
  283  0.00044845      0.27826370D-17
  284  0.00045380      0.28482384D-17
  285  0.00045923      0.29153706D-17
  286  0.00046471      0.29840686D-17
  287  0.00047026      0.30543684D-17
  288  0.00047588      0.31263068D-17
  289  0.00048157      0.31999212D-17
  290  0.00048732      0.32752502D-17
  291  0.00049315      0.33523328D-17
  292  0.00049904      0.34312094D-17
  293  0.00050500      0.35119208D-17
  294  0.00051103      0.35945090D-17
  295  0.00051714      0.36790168D-17
  296  0.00052332      0.37654881D-17
  297  0.00052957      0.38539676D-17
  298  0.00053590      0.39445012D-17
  299  0.00054230      0.40371354D-17
  300  0.00054878      0.41319183D-17
  301  0.00055534      0.42288986D-17
  302  0.00056197      0.43281263D-17
  303  0.00056869      0.44296524D-17
  304  0.00057548      0.45335291D-17
  305  0.00058236      0.46398096D-17
  306  0.00058931      0.47485486D-17
  307  0.00059635      0.48598015D-17
  308  0.00060348      0.49736253D-17
  309  0.00061069      0.50900781D-17
  310  0.00061799      0.52092194D-17
  311  0.00062537      0.53311097D-17
  312  0.00063284      0.54558112D-17
  313  0.00064040      0.55833870D-17
  314  0.00064805      0.57139021D-17
  315  0.00065580      0.58474224D-17
  316  0.00066363      0.59840156D-17
  317  0.00067156      0.61237506D-17
  318  0.00067959      0.62666980D-17
  319  0.00068771      0.64129298D-17
  320  0.00069592      0.65625196D-17
  321  0.00070424      0.67155424D-17
  322  0.00071265      0.68720751D-17
  323  0.00072117      0.70321960D-17
  324  0.00072978      0.71959853D-17
  325  0.00073850      0.73635247D-17
  326  0.00074732      0.75348978D-17
  327  0.00075625      0.77101898D-17
  328  0.00076529      0.78894878D-17
  329  0.00077443      0.80728808D-17
  330  0.00078369      0.82604597D-17
  331  0.00079305      0.84523172D-17
  332  0.00080252      0.86485481D-17
  333  0.00081211      0.88492489D-17
  334  0.00082182      0.90545185D-17
  335  0.00083163      0.92644576D-17
  336  0.00084157      0.94791691D-17
  337  0.00085163      0.96987582D-17
  338  0.00086180      0.99233320D-17
  339  0.00087210      0.10153000D-16
  340  0.00088252      0.10387874D-16
  341  0.00089306      0.10628068D-16
  342  0.00090373      0.10873699D-16
  343  0.00091453      0.11124884D-16
  344  0.00092546      0.11381746D-16
  345  0.00093651      0.11644409D-16
  346  0.00094770      0.11912998D-16
  347  0.00095903      0.12187642D-16
  348  0.00097048      0.12468473D-16
  349  0.00098208      0.12755625D-16
  350  0.00099381      0.13049235D-16
  351  0.00100569      0.13349442D-16
  352  0.00101770      0.13656390D-16
  353  0.00102986      0.13970222D-16
  354  0.00104217      0.14291088D-16
  355  0.00105462      0.14619139D-16
  356  0.00106722      0.14954528D-16
  357  0.00107997      0.15297414D-16
  358  0.00109287      0.15647956D-16
  359  0.00110593      0.16006318D-16
  360  0.00111914      0.16372667D-16
  361  0.00113251      0.16747174D-16
  362  0.00114605      0.17130010D-16
  363  0.00115974      0.17521354D-16
  364  0.00117360      0.17921385D-16
  365  0.00118762      0.18330287D-16
  366  0.00120181      0.18748248D-16
  367  0.00121617      0.19175458D-16
  368  0.00123070      0.19612113D-16
  369  0.00124540      0.20058409D-16
  370  0.00126028      0.20514550D-16
  371  0.00127534      0.20980741D-16
  372  0.00129058      0.21457192D-16
  373  0.00130599      0.21944117D-16
  374  0.00132160      0.22441734D-16
  375  0.00133739      0.22950264D-16
  376  0.00135337      0.23469934D-16
  377  0.00136954      0.24000974D-16
  378  0.00138590      0.24543618D-16
  379  0.00140246      0.25098105D-16
  380  0.00141922      0.25664678D-16
  381  0.00143617      0.26243585D-16
  382  0.00145333      0.26835078D-16
  383  0.00147070      0.27439413D-16
  384  0.00148827      0.28056852D-16
  385  0.00150605      0.28687661D-16
  386  0.00152404      0.29332110D-16
  387  0.00154225      0.29990475D-16
  388  0.00156068      0.30663036D-16
  389  0.00157933      0.31350079D-16
  390  0.00159819      0.32051893D-16
  391  0.00161729      0.32768774D-16
  392  0.00163661      0.33501022D-16
  393  0.00165617      0.34248943D-16
  394  0.00167595      0.35012846D-16
  395  0.00169598      0.35793049D-16
  396  0.00171624      0.36589872D-16
  397  0.00173675      0.37403642D-16
  398  0.00175750      0.38234691D-16
  399  0.00177850      0.39083356D-16
  400  0.00179975      0.39949980D-16
  401  0.00182125      0.40834912D-16
  402  0.00184301      0.41738505D-16
  403  0.00186503      0.42661121D-16
  404  0.00188731      0.43603123D-16
  405  0.00190986      0.44564884D-16
  406  0.00193268      0.45546780D-16
  407  0.00195577      0.46549194D-16
  408  0.00197914      0.47572515D-16
  409  0.00200278      0.48617138D-16
  410  0.00202671      0.49683463D-16
  411  0.00205093      0.50771896D-16
  412  0.00207543      0.51882850D-16
  413  0.00210023      0.53016744D-16
  414  0.00212532      0.54174002D-16
  415  0.00215072      0.55355054D-16
  416  0.00217641      0.56560338D-16
  417  0.00220242      0.57790296D-16
  418  0.00222873      0.59045376D-16
  419  0.00225536      0.60326034D-16
  420  0.00228230      0.61632731D-16
  421  0.00230957      0.62965933D-16
  422  0.00233717      0.64326115D-16
  423  0.00236509      0.65713755D-16
  424  0.00239335      0.67129338D-16
  425  0.00242195      0.68573356D-16
  426  0.00245088      0.70046307D-16
  427  0.00248016      0.71548692D-16
  428  0.00250980      0.73081023D-16
  429  0.00253978      0.74643814D-16
  430  0.00257013      0.76237585D-16
  431  0.00260084      0.77862865D-16
  432  0.00263191      0.79520184D-16
  433  0.00266336      0.81210082D-16
  434  0.00269518      0.82933101D-16
  435  0.00272738      0.84689792D-16
  436  0.00275997      0.86480709D-16
  437  0.00279294      0.88306411D-16
  438  0.00282631      0.90167464D-16
  439  0.00286008      0.92064438D-16
  440  0.00289425      0.93997908D-16
  441  0.00292883      0.95968453D-16
  442  0.00296382      0.97976659D-16
  443  0.00299924      0.10002311D-15
  444  0.00303507      0.10210841D-15
  445  0.00307133      0.10423315D-15
  446  0.00310803      0.10639793D-15
  447  0.00314516      0.10860335D-15
  448  0.00318274      0.11085003D-15
  449  0.00322077      0.11313858D-15
  450  0.00325925      0.11546960D-15
  451  0.00329819      0.11784373D-15
  452  0.00333760      0.12026158D-15
  453  0.00337747      0.12272377D-15
  454  0.00341783      0.12523093D-15
  455  0.00345866      0.12778368D-15
  456  0.00349999      0.13038265D-15
  457  0.00354180      0.13302847D-15
  458  0.00358412      0.13572177D-15
  459  0.00362694      0.13846317D-15
  460  0.00367028      0.14125331D-15
  461  0.00371413      0.14409282D-15
  462  0.00375851      0.14698232D-15
  463  0.00380341      0.14992244D-15
  464  0.00384885      0.15291380D-15
  465  0.00389484      0.15595702D-15
  466  0.00394137      0.15905272D-15
  467  0.00398847      0.16220153D-15
  468  0.00403612      0.16540404D-15
  469  0.00408434      0.16866086D-15
  470  0.00413314      0.17197261D-15
  471  0.00418252      0.17533986D-15
  472  0.00423250      0.17876321D-15
  473  0.00428306      0.18224324D-15
  474  0.00433424      0.18578053D-15
  475  0.00438602      0.18937564D-15
  476  0.00443843      0.19302912D-15
  477  0.00449146      0.19674152D-15
  478  0.00454512      0.20051338D-15
  479  0.00459942      0.20434521D-15
  480  0.00465438      0.20823753D-15
  481  0.00470999      0.21219083D-15
  482  0.00476626      0.21620560D-15
  483  0.00482321      0.22028230D-15
  484  0.00488083      0.22442137D-15
  485  0.00493915      0.22862326D-15
  486  0.00499816      0.23288837D-15
  487  0.00505788      0.23721710D-15
  488  0.00511831      0.24160982D-15
  489  0.00517946      0.24606689D-15
  490  0.00524135      0.25058862D-15
  491  0.00530397      0.25517533D-15
  492  0.00536734      0.25982729D-15
  493  0.00543147      0.26454475D-15
  494  0.00549636      0.26932794D-15
  495  0.00556203      0.27417705D-15
  496  0.00562849      0.27909223D-15
  497  0.00569573      0.28407363D-15
  498  0.00576379      0.28912133D-15
  499  0.00583265      0.29423540D-15
  500  0.00590234      0.29941586D-15
  501  0.00597286      0.30466269D-15
  502  0.00604422      0.30997584D-15
  503  0.00611644      0.31535522D-15
  504  0.00618952      0.32080067D-15
  505  0.00626347      0.32631202D-15
  506  0.00633830      0.33188903D-15
  507  0.00641403      0.33753141D-15
  508  0.00649066      0.34323885D-15
  509  0.00656821      0.34901095D-15
  510  0.00664669      0.35484727D-15
  511  0.00672610      0.36074731D-15
  512  0.00680647      0.36671052D-15
  513  0.00688779      0.37273629D-15
  514  0.00697008      0.37882394D-15
  515  0.00705336      0.38497273D-15
  516  0.00713763      0.39118184D-15
  517  0.00722291      0.39745040D-15
  518  0.00730921      0.40377746D-15
  519  0.00739654      0.41016200D-15
  520  0.00748491      0.41660293D-15
  521  0.00757434      0.42309906D-15
  522  0.00766484      0.42964914D-15
  523  0.00775642      0.43625185D-15
  524  0.00784909      0.44290574D-15
  525  0.00794287      0.44960933D-15
  526  0.00803777      0.45636101D-15
  527  0.00813380      0.46315908D-15
  528  0.00823099      0.47000178D-15
  529  0.00832933      0.47688723D-15
  530  0.00842885      0.48381343D-15
  531  0.00852955      0.49077833D-15
  532  0.00863146      0.49777973D-15
  533  0.00873459      0.50481536D-15
  534  0.00883895      0.51188281D-15
  535  0.00894456      0.51897960D-15
  536  0.00905142      0.52610309D-15
  537  0.00915957      0.53325056D-15
  538  0.00926901      0.54041916D-15
  539  0.00937975      0.54760592D-15
  540  0.00949182      0.55480777D-15
  541  0.00960522      0.56202149D-15
  542  0.00971999      0.56924373D-15
  543  0.00983612      0.57647105D-15
  544  0.00995364      0.58369986D-15
  545  0.01007256      0.59092641D-15
  546  0.01019291      0.59814687D-15
  547  0.01031469      0.60535725D-15
  548  0.01043793      0.61255342D-15
  549  0.01056264      0.61973111D-15
  550  0.01068884      0.62688593D-15
  551  0.01081655      0.63401334D-15
  552  0.01094579      0.64110865D-15
  553  0.01107657      0.64816705D-15
  554  0.01120891      0.65518356D-15
  555  0.01134283      0.66215309D-15
  556  0.01147835      0.66907037D-15
  557  0.01161549      0.67593001D-15
  558  0.01175427      0.68272648D-15
  559  0.01189471      0.68945408D-15
  560  0.01203683      0.69610699D-15
  561  0.01218064      0.70267923D-15
  562  0.01232617      0.70916470D-15
  563  0.01247345      0.71555713D-15
  564  0.01262248      0.72185014D-15
  565  0.01277329      0.72803719D-15
  566  0.01292590      0.73411161D-15
  567  0.01308034      0.74006660D-15
  568  0.01323662      0.74589521D-15
  569  0.01339477      0.75159039D-15
  570  0.01355481      0.75714493D-15
  571  0.01371676      0.76255154D-15
  572  0.01388064      0.76780276D-15
  573  0.01404649      0.77289107D-15
  574  0.01421431      0.77780878D-15
  575  0.01438414      0.78254816D-15
  576  0.01455600      0.78710132D-15
  577  0.01472992      0.79146032D-15
  578  0.01490591      0.79561712D-15
  579  0.01508400      0.79956359D-15
  580  0.01526422      0.80329154D-15
  581  0.01544660      0.80679270D-15
  582  0.01563115      0.81005876D-15
  583  0.01581791      0.81308136D-15
  584  0.01600690      0.81585209D-15
  585  0.01619815      0.81836253D-15
  586  0.01639168      0.82060421D-15
  587  0.01658752      0.82256870D-15
  588  0.01678571      0.82424754D-15
  589  0.01698626      0.82563229D-15
  590  0.01718921      0.82671457D-15
  591  0.01739459      0.82748600D-15
  592  0.01760241      0.82793830D-15
  593  0.01781273      0.82806324D-15
  594  0.01802555      0.82785268D-15
  595  0.01824092      0.82729859D-15
  596  0.01845886      0.82639308D-15
  597  0.01867940      0.82512836D-15
  598  0.01890258      0.82349684D-15
  599  0.01912842      0.82149107D-15
  600  0.01935697      0.81910384D-15
  601  0.01958824      0.81632811D-15
  602  0.01982228      0.81315710D-15
  603  0.02005911      0.80958431D-15
  604  0.02029877      0.80560349D-15
  605  0.02054130      0.80120870D-15
  606  0.02078673      0.79639435D-15
  607  0.02103508      0.79115519D-15
  608  0.02128641      0.78548634D-15
  609  0.02154073      0.77938333D-15
  610  0.02179810      0.77284213D-15
  611  0.02205854      0.76585915D-15
  612  0.02232209      0.75843129D-15
  613  0.02258879      0.75055596D-15
  614  0.02285868      0.74223110D-15
  615  0.02313179      0.73345525D-15
  616  0.02340817      0.72422751D-15
  617  0.02368784      0.71454762D-15
  618  0.02397086      0.70441597D-15
  619  0.02425726      0.69383365D-15
  620  0.02454708      0.68280244D-15
  621  0.02484037      0.67132489D-15
  622  0.02513716      0.65940431D-15
  623  0.02543749      0.64704482D-15
  624  0.02574142      0.63425137D-15
  625  0.02604897      0.62102978D-15
  626  0.02636020      0.60738677D-15
  627  0.02667515      0.59332998D-15
  628  0.02699386      0.57886799D-15
  629  0.02731638      0.56401038D-15
  630  0.02764275      0.54876774D-15
  631  0.02797302      0.53315167D-15
  632  0.02830724      0.51717487D-15
  633  0.02864545      0.50085111D-15
  634  0.02898770      0.48419525D-15
  635  0.02933404      0.46722332D-15
  636  0.02968452      0.44995250D-15
  637  0.03003919      0.43240113D-15
  638  0.03039809      0.41458877D-15
  639  0.03076128      0.39653616D-15
  640  0.03112881      0.37826529D-15
  641  0.03150073      0.35979941D-15
  642  0.03187710      0.34116297D-15
  643  0.03225796      0.32238173D-15
  644  0.03264338      0.30348268D-15
  645  0.03303339      0.28449411D-15
  646  0.03342807      0.26544555D-15
  647  0.03382747      0.24636781D-15
  648  0.03423163      0.22729298D-15
  649  0.03464063      0.20825437D-15
  650  0.03505451      0.18928653D-15
  651  0.03547333      0.17042527D-15
  652  0.03589716      0.15170757D-15
  653  0.03632606      0.13317159D-15
  654  0.03676008      0.11485665D-15
  655  0.03719928      0.96803173D-16
  656  0.03764373      0.79052678D-16
  657  0.03809349      0.61647707D-16
  658  0.03854863      0.44631796D-16
  659  0.03900920      0.28049415D-16
  660  0.03947528      0.11945917D-16
  661  0.03994692     -0.36325323D-17
  662  0.04042420     -0.18639017D-16
  663  0.04090718     -0.33025948D-16
  664  0.04139594     -0.46745139D-16
  665  0.04189053     -0.59747898D-16
  666  0.04239103     -0.71985111D-16
  667  0.04289751     -0.83407344D-16
  668  0.04341004     -0.93964944D-16
  669  0.04392870     -0.10360815D-15
  670  0.04445355     -0.11228720D-15
  671  0.04498468     -0.11995248D-15
  672  0.04552215     -0.12655459D-15
  673  0.04606604     -0.13204456D-15
  674  0.04661643     -0.13637391D-15
  675  0.04717340     -0.13949486D-15
  676  0.04773702     -0.14136042D-15
  677  0.04830737     -0.14192460D-15
  678  0.04888454     -0.14114252D-15
  679  0.04946861     -0.13897064D-15
  680  0.05005965     -0.13536686D-15
  681  0.05065776     -0.13029074D-15
  682  0.05126301     -0.12370367D-15
  683  0.05187549     -0.11556905D-15
  684  0.05249529     -0.10585247D-15
  685  0.05312250     -0.94521922D-16
  686  0.05375720     -0.81547965D-16
  687  0.05439948     -0.66903939D-16
  688  0.05504943     -0.50566155D-16
  689  0.05570716     -0.32514088D-16
  690  0.05637274     -0.12730580D-16
  691  0.05704627      0.87979693D-17
  692  0.05772785      0.32081400D-16
  693  0.05841757      0.57125606D-16
  694  0.05911554      0.83932338D-16
  695  0.05982184      0.11249902D-15
  696  0.06053658      0.14281856D-15
  697  0.06125987      0.17487919D-15
  698  0.06199179      0.20866427D-15
  699  0.06273246      0.24415214D-15
  700  0.06348198      0.28131596D-15
  701  0.06424045      0.32012357D-15
  702  0.06500798      0.36053735D-15
  703  0.06578469      0.40251409D-15
  704  0.06657068      0.44600487D-15
  705  0.06736605      0.49095501D-15
  706  0.06817093      0.53730393D-15
  707  0.06898543      0.58498511D-15
  708  0.06980966      0.63392606D-15
  709  0.07064373      0.68404823D-15
  710  0.07148777      0.73526708D-15
  711  0.07234190      0.78749203D-15
  712  0.07320623      0.84062652D-15
  713  0.07408088      0.89456805D-15
  714  0.07496599      0.94920828D-15
  715  0.07586167      0.10044331D-14
  716  0.07676806      0.10601229D-14
  717  0.07768527      0.11161524D-14
  718  0.07861344      0.11723913D-14
  719  0.07955270      0.12287041D-14
  720  0.08050319      0.12849506D-14
  721  0.08146503      0.13409858D-14
  722  0.08243836      0.13966610D-14
  723  0.08342332      0.14518231D-14
  724  0.08442005      0.15063158D-14
  725  0.08542869      0.15599797D-14
  726  0.08644938      0.16126525D-14
  727  0.08748226      0.16641700D-14
  728  0.08852748      0.17143661D-14
  729  0.08958520      0.17630736D-14
  730  0.09065555      0.18101246D-14
  731  0.09173869      0.18553514D-14
  732  0.09283477      0.18985868D-14
  733  0.09394394      0.19396646D-14
  734  0.09506637      0.19784209D-14
  735  0.09620221      0.20146942D-14
  736  0.09735162      0.20483263D-14
  737  0.09851476      0.20791634D-14
  738  0.09969180      0.21070561D-14
  739  0.10088290      0.21318610D-14
  740  0.10208824      0.21534409D-14
  741  0.10330797      0.21716659D-14
  742  0.10454228      0.21864140D-14
  743  0.10579133      0.21975723D-14
  744  0.10705531      0.22050372D-14
  745  0.10833439      0.22087160D-14
  746  0.10962876      0.22085269D-14
  747  0.11093858      0.22044003D-14
  748  0.11226406      0.21962796D-14
  749  0.11360538      0.21841215D-14
  750  0.11496272      0.21678973D-14
  751  0.11633627      0.21475933D-14
  752  0.11772624      0.21232114D-14
  753  0.11913282      0.20947700D-14
  754  0.12055620      0.20623043D-14
  755  0.12199658      0.20258671D-14
  756  0.12345418      0.19855290D-14
  757  0.12492919      0.19413792D-14
  758  0.12642183      0.18935254D-14
  759  0.12793230      0.18420945D-14
  760  0.12946081      0.17872325D-14
  761  0.13100759      0.17291049D-14
  762  0.13257285      0.16678964D-14
  763  0.13415681      0.16038113D-14
  764  0.13575970      0.15370729D-14
  765  0.13738173      0.14679236D-14
  766  0.13902315      0.13966244D-14
  767  0.14068418      0.13234546D-14
  768  0.14236505      0.12487109D-14
  769  0.14406601      0.11727073D-14
  770  0.14578728      0.10957737D-14
  771  0.14752913      0.10182555D-14
  772  0.14929178      0.94051235D-15
  773  0.15107550      0.86291707D-15
  774  0.15288053      0.78585444D-15
  775  0.15470712      0.70971984D-15
  776  0.15655554      0.63491781D-15
  777  0.15842604      0.56186041D-15
  778  0.16031889      0.49096564D-15
  779  0.16223436      0.42265558D-15
  780  0.16417271      0.35735458D-15
  781  0.16613422      0.29548722D-15
  782  0.16811916      0.23747635D-15
  783  0.17012783      0.18374086D-15
  784  0.17216049      0.13469357D-15
  785  0.17421744      0.90738920D-16
  786  0.17629896      0.52270697D-16
  787  0.17840535      0.19669659D-16
  788  0.18053691     -0.66988203D-17
  789  0.18269394     -0.26487143D-16
  790  0.18487674     -0.39367879D-16
  791  0.18708562     -0.45036147D-16
  792  0.18932089     -0.43211967D-16
  793  0.19158287     -0.33642574D-16
  794  0.19387187     -0.16104680D-16
  795  0.19618822      0.95933398D-17
  796  0.19853225      0.43609347D-16
  797  0.20090428      0.86065435D-16
  798  0.20330466      0.13704606D-15
  799  0.20573371      0.19659627D-15
  800  0.20819179      0.26472016D-15
  801  0.21067923      0.34137937D-15
  802  0.21319639      0.42649192D-15
  803  0.21574363      0.51993110D-15
  804  0.21832130      0.62152467D-15
  805  0.22092977      0.73105423D-15
  806  0.22356941      0.84825485D-15
  807  0.22624058      0.97281497D-15
  808  0.22894367      0.11043765D-14
  809  0.23167906      0.12425353D-14
  810  0.23444712      0.13868418D-14
  811  0.23724826      0.15368020D-14
  812  0.24008287      0.16918788D-14
  813  0.24295134      0.18514935D-14
  814  0.24585409      0.20150277D-14
  815  0.24879151      0.21818253D-14
  816  0.25176404      0.23511953D-14
  817  0.25477208      0.25224145D-14
  818  0.25781605      0.26947300D-14
  819  0.26089640      0.28673632D-14
  820  0.26401355      0.30395132D-14
  821  0.26716795      0.32103602D-14
  822  0.27036003      0.33790704D-14
  823  0.27359025      0.35447995D-14
  824  0.27685906      0.37066977D-14
  825  0.28016693      0.38639141D-14
  826  0.28351433      0.40156019D-14
  827  0.28690171      0.41609230D-14
  828  0.29032957      0.42990535D-14
  829  0.29379839      0.44291884D-14
  830  0.29730864      0.45505473D-14
  831  0.30086084      0.46623793D-14
  832  0.30445548      0.47639683D-14
  833  0.30809307      0.48546385D-14
  834  0.31177412      0.49337589D-14
  835  0.31549915      0.50007487D-14
  836  0.31926869      0.50550823D-14
  837  0.32308326      0.50962933D-14
  838  0.32694341      0.51239796D-14
  839  0.33084968      0.51378070D-14
  840  0.33480262      0.51375136D-14
  841  0.33880279      0.51229128D-14
  842  0.34285076      0.50938971D-14
  843  0.34694709      0.50504404D-14
  844  0.35109236      0.49926006D-14
  845  0.35528716      0.49205217D-14
  846  0.35953207      0.48344349D-14
  847  0.36382771      0.47346600D-14
  848  0.36817467      0.46216058D-14
  849  0.37257356      0.44957701D-14
  850  0.37702501      0.43577388D-14
  851  0.38152965      0.42081855D-14
  852  0.38608811      0.40478691D-14
  853  0.39070103      0.38776322D-14
  854  0.39536907      0.36983980D-14
  855  0.40009288      0.35111668D-14
  856  0.40487313      0.33170128D-14
  857  0.40971049      0.31170791D-14
  858  0.41460565      0.29125728D-14
  859  0.41955930      0.27047600D-14
  860  0.42457213      0.24949594D-14
  861  0.42964485      0.22845362D-14
  862  0.43477818      0.20748953D-14
  863  0.43997285      0.18674739D-14
  864  0.44522958      0.16637342D-14
  865  0.45054911      0.14651553D-14
  866  0.45593220      0.12732251D-14
  867  0.46137961      0.10894320D-14
  868  0.46689211      0.91525601D-15
  869  0.47247046      0.75216054D-15
  870  0.47811547      0.60158310D-15
  871  0.48382792      0.46492669D-15
  872  0.48960862      0.34355094D-15
  873  0.49545839      0.23876337D-15
  874  0.50137806      0.15181082D-15
  875  0.50736844      0.83871011D-16
  876  0.51343041      0.36044461D-16
  877  0.51956479      0.93466220D-17
  878  0.52577248      0.47004535D-17
  879  0.53205433      0.22929398D-16
  880  0.53841123      0.64750849D-16
  881  0.54484409      0.13077015D-15
  882  0.55135380      0.22147520D-15
  883  0.55794129      0.33723164D-15
  884  0.56460749      0.47827877D-15
  885  0.57135334      0.64472617D-15
  886  0.57817978      0.83655102D-15
  887  0.58508778      0.10535963D-14
  888  0.59207833      0.12955695D-14
  889  0.59915239      0.15620428D-14
  890  0.60631097      0.18524533D-14
  891  0.61355508      0.21661042D-14
  892  0.62088574      0.25021678D-14
  893  0.62830399      0.28596878D-14
  894  0.63581087      0.32375837D-14
  895  0.64340745      0.36346551D-14
  896  0.65109478      0.40495876D-14
  897  0.65887396      0.44809584D-14
  898  0.66674609      0.49272437D-14
  899  0.67471227      0.53868262D-14
  900  0.68277363      0.58580028D-14
  901  0.69093131      0.63389940D-14
  902  0.69918645      0.68279526D-14
  903  0.70754022      0.73229740D-14
  904  0.71599381      0.78221058D-14
  905  0.72454839      0.83233583D-14
  906  0.73320519      0.88247158D-14
  907  0.74196541      0.93241467D-14
  908  0.75083030      0.98196155D-14
  909  0.75980111      0.10309093D-13
  910  0.76887910      0.10790569D-13
  911  0.77806555      0.11262060D-13
  912  0.78736176      0.11721627D-13
  913  0.79676904      0.12167376D-13
  914  0.80628872      0.12597480D-13
  915  0.81592213      0.13010180D-13
  916  0.82567065      0.13403799D-13
  917  0.83553563      0.13776750D-13
  918  0.84551849      0.14127546D-13
  919  0.85562061      0.14454808D-13
  920  0.86584344      0.14757268D-13
  921  0.87618841      0.15033783D-13
  922  0.88665697      0.15283334D-13
  923  0.89725062      0.15505037D-13
  924  0.90797083      0.15698142D-13
  925  0.91881913      0.15862040D-13
  926  0.92979704      0.15996262D-13
  927  0.94090611      0.16100484D-13
  928  0.95214792      0.16174527D-13
  929  0.96352404      0.16218354D-13
  930  0.97503608      0.16232072D-13
  931  0.98668566      0.16215926D-13
  932  0.99847443      0.16170302D-13
  933  1.01040405      0.16095715D-13
  934  1.02247621      0.15992814D-13
  935  1.03469260      0.15862368D-13
  936  1.04705495      0.15705265D-13
  937  1.05956500      0.15522504D-13
  938  1.07222453      0.15315187D-13
  939  1.08503530      0.15084514D-13
  940  1.09799914      0.14831772D-13
  941  1.11111787      0.14558326D-13
  942  1.12439334      0.14265615D-13
  943  1.13782742      0.13955137D-13
  944  1.15142201      0.13628444D-13
  945  1.16517902      0.13287132D-13
  946  1.17910041      0.12932829D-13
  947  1.19318812      0.12567190D-13
  948  1.20744415      0.12191887D-13
  949  1.22187051      0.11808596D-13
  950  1.23646924      0.11418994D-13
  951  1.25124238      0.11024748D-13
  952  1.26619204      0.10627507D-13
  953  1.28132031      0.10228894D-13
  954  1.29662933      0.98304993D-14
  955  1.31212126      0.94338739D-14
  956  1.32779829      0.90405223D-14
  957  1.34366262      0.86518971D-14
  958  1.35971650      0.82693932D-14
  959  1.37596219      0.78943428D-14
  960  1.39240197      0.75280107D-14
  961  1.40903818      0.71715908D-14
  962  1.42587316      0.68262014D-14
  963  1.44290927      0.64928832D-14
  964  1.46014894      0.61725955D-14
  965  1.47759457      0.58662148D-14
  966  1.49524865      0.55745322D-14
  967  1.51311366      0.52982521D-14
  968  1.53119211      0.50379910D-14
  969  1.54948656      0.47942766D-14
  970  1.56799959      0.45675475D-14
  971  1.58673381      0.43581522D-14
  972  1.60569187      0.41663500D-14
  973  1.62487643      0.39923104D-14
  974  1.64429021      0.38361136D-14
  975  1.66393594      0.36977513D-14
  976  1.68381640      0.35771270D-14
  977  1.70393438      0.34740568D-14
  978  1.72429273      0.33882703D-14
  979  1.74489432      0.33194112D-14
  980  1.76574205      0.32670382D-14
  981  1.78683887      0.32306260D-14
  982  1.80818775      0.32095656D-14
  983  1.82979171      0.32031655D-14
  984  1.85165378      0.32106516D-14
  985  1.87377706      0.32311681D-14
  986  1.89616467      0.32637771D-14
  987  1.91881975      0.33074591D-14
  988  1.94174552      0.33611121D-14
  989  1.96494520      0.34235507D-14
  990  1.98842207      0.34935054D-14
  991  2.01217944      0.35696204D-14
  992  2.03622065      0.36504511D-14
  993  2.06054911      0.37344617D-14
  994  2.08516824      0.38200205D-14
  995  2.11008151      0.39053959D-14
  996  2.13529245      0.39887501D-14
  997  2.16080460      0.40681324D-14
  998  2.18662157      0.41414709D-14
  999  2.21274699      0.42065625D-14
 1000  2.23918456      0.42610618D-14
 1001  2.26593800      0.43024674D-14
 1002  2.29301108      0.43281072D-14
 1003  2.32040763      0.43420825D-14
 1004  2.34813151      0.43456528D-14
 1005  2.37618663      0.43418138D-14
 1006  2.40457695      0.43327024D-14
 1007  2.43330647      0.43201172D-14
 1008  2.46237925      0.43055205D-14
 1009  2.49179938      0.42900437D-14
 1010  2.52157102      0.42744953D-14
 1011  2.55169837      0.42593708D-14
 1012  2.58218568      0.42448630D-14
 1013  2.61303724      0.42308739D-14
 1014  2.64425742      0.42170255D-14
 1015  2.67585061      0.42026714D-14
 1016  2.70782126      0.41869073D-14
 1017  2.74017390      0.41685811D-14
 1018  2.77291309      0.41463011D-14
 1019  2.80604343      0.41184438D-14
 1020  2.83956961      0.40831594D-14
 1021  2.87349636      0.40383757D-14
 1022  2.90782846      0.39817997D-14
 1023  2.94257076      0.39109172D-14
 1024  2.97772815      0.38238384D-14
 1025  3.01330559      0.37221129D-14
 1026  3.04930811      0.36066914D-14
 1027  3.08574078      0.34798182D-14
 1028  3.12260875      0.33439507D-14
 1029  3.15991721      0.32019491D-14
 1030  3.19767142      0.30570715D-14
 1031  3.23587671      0.29129074D-14
 1032  3.27453848      0.27730234D-14
 1033  3.31366217      0.26412719D-14
 1034  3.35325330      0.25217052D-14
 1035  3.39331747      0.24186729D-14
 1036  3.43386031      0.23368541D-14
 1037  3.47488756      0.22792456D-14
 1038  3.51640499      0.22487139D-14
 1039  3.55841846      0.22477166D-14
 1040  3.60093391      0.22786536D-14
 1041  3.64395732      0.23440869D-14
 1042  3.68749477      0.24470114D-14
 1043  3.73155240      0.25911838D-14
 1044  3.77613642      0.27812590D-14
 1045  3.82125313      0.30229424D-14
 1046  3.86690889      0.33231724D-14
 1047  3.91311013      0.36903405D-14
 1048  3.95986338      0.41345569D-14
 1049  4.00717523      0.46679702D-14
 1050  4.05505235      0.53051533D-14
