 ir        r               f(r)
    1  0.00001574      0.70508595D-11
    2  0.00001593      0.72202470D-11
    3  0.00001612      0.73937026D-11
    4  0.00001632      0.75713241D-11
    5  0.00001651      0.77532075D-11
    6  0.00001671      0.79394604D-11
    7  0.00001691      0.81301843D-11
    8  0.00001711      0.83254892D-11
    9  0.00001731      0.85254844D-11
   10  0.00001752      0.87302825D-11
   11  0.00001773      0.89399988D-11
   12  0.00001794      0.91547513D-11
   13  0.00001816      0.93746609D-11
   14  0.00001837      0.95998515D-11
   15  0.00001859      0.98304497D-11
   16  0.00001881      0.10066585D-10
   17  0.00001904      0.10308392D-10
   18  0.00001927      0.10556004D-10
   19  0.00001950      0.10809563D-10
   20  0.00001973      0.11069210D-10
   21  0.00001997      0.11335092D-10
   22  0.00002020      0.11607358D-10
   23  0.00002045      0.11886162D-10
   24  0.00002069      0.12171660D-10
   25  0.00002094      0.12464014D-10
   26  0.00002119      0.12763387D-10
   27  0.00002144      0.13069949D-10
   28  0.00002170      0.13383871D-10
   29  0.00002196      0.13705330D-10
   30  0.00002222      0.14034508D-10
   31  0.00002248      0.14371589D-10
   32  0.00002275      0.14716763D-10
   33  0.00002302      0.15070225D-10
   34  0.00002330      0.15432173D-10
   35  0.00002358      0.15802811D-10
   36  0.00002386      0.16182347D-10
   37  0.00002414      0.16570995D-10
   38  0.00002443      0.16968974D-10
   39  0.00002472      0.17376507D-10
   40  0.00002502      0.17793824D-10
   41  0.00002532      0.18221159D-10
   42  0.00002562      0.18658753D-10
   43  0.00002593      0.19106852D-10
   44  0.00002624      0.19565709D-10
   45  0.00002655      0.20035580D-10
   46  0.00002687      0.20516731D-10
   47  0.00002719      0.21009432D-10
   48  0.00002751      0.21513961D-10
   49  0.00002784      0.22030600D-10
   50  0.00002818      0.22559641D-10
   51  0.00002851      0.23101381D-10
   52  0.00002885      0.23656124D-10
   53  0.00002920      0.24224184D-10
   54  0.00002955      0.24805878D-10
   55  0.00002990      0.25401535D-10
   56  0.00003026      0.26011489D-10
   57  0.00003062      0.26636083D-10
   58  0.00003098      0.27275669D-10
   59  0.00003135      0.27930606D-10
   60  0.00003173      0.28601261D-10
   61  0.00003211      0.29288014D-10
   62  0.00003249      0.29991248D-10
   63  0.00003288      0.30711361D-10
   64  0.00003327      0.31448756D-10
   65  0.00003367      0.32203849D-10
   66  0.00003407      0.32977063D-10
   67  0.00003448      0.33768834D-10
   68  0.00003489      0.34579606D-10
   69  0.00003531      0.35409835D-10
   70  0.00003573      0.36259989D-10
   71  0.00003616      0.37130544D-10
   72  0.00003659      0.38021990D-10
   73  0.00003703      0.38934829D-10
   74  0.00003747      0.39869572D-10
   75  0.00003792      0.40826747D-10
   76  0.00003837      0.41806890D-10
   77  0.00003883      0.42810552D-10
   78  0.00003929      0.43838298D-10
   79  0.00003976      0.44890705D-10
   80  0.00004024      0.45968365D-10
   81  0.00004072      0.47071883D-10
   82  0.00004120      0.48201879D-10
   83  0.00004169      0.49358988D-10
   84  0.00004219      0.50543861D-10
   85  0.00004270      0.51757163D-10
   86  0.00004321      0.52999576D-10
   87  0.00004372      0.54271798D-10
   88  0.00004425      0.55574545D-10
   89  0.00004477      0.56908547D-10
   90  0.00004531      0.58274555D-10
   91  0.00004585      0.59673336D-10
   92  0.00004640      0.61105675D-10
   93  0.00004695      0.62572379D-10
   94  0.00004751      0.64074270D-10
   95  0.00004808      0.65612192D-10
   96  0.00004866      0.67187010D-10
   97  0.00004924      0.68799608D-10
   98  0.00004983      0.70450892D-10
   99  0.00005042      0.72141790D-10
  100  0.00005102      0.73873252D-10
  101  0.00005163      0.75646250D-10
  102  0.00005225      0.77461781D-10
  103  0.00005287      0.79320864D-10
  104  0.00005351      0.81224544D-10
  105  0.00005415      0.83173889D-10
  106  0.00005479      0.85169996D-10
  107  0.00005545      0.87213985D-10
  108  0.00005611      0.89307005D-10
  109  0.00005678      0.91450231D-10
  110  0.00005746      0.93644867D-10
  111  0.00005814      0.95892147D-10
  112  0.00005884      0.98193332D-10
  113  0.00005954      0.10054971D-09
  114  0.00006025      0.10296262D-09
  115  0.00006097      0.10543340D-09
  116  0.00006170      0.10796345D-09
  117  0.00006244      0.11055418D-09
  118  0.00006319      0.11320706D-09
  119  0.00006394      0.11592357D-09
  120  0.00006470      0.11870523D-09
  121  0.00006548      0.12155362D-09
  122  0.00006626      0.12447033D-09
  123  0.00006705      0.12745700D-09
  124  0.00006785      0.13051530D-09
  125  0.00006866      0.13364697D-09
  126  0.00006948      0.13685374D-09
  127  0.00007031      0.14013744D-09
  128  0.00007115      0.14349989D-09
  129  0.00007200      0.14694300D-09
  130  0.00007286      0.15046870D-09
  131  0.00007373      0.15407896D-09
  132  0.00007462      0.15777582D-09
  133  0.00007551      0.16156135D-09
  134  0.00007641      0.16543768D-09
  135  0.00007732      0.16940699D-09
  136  0.00007825      0.17347152D-09
  137  0.00007918      0.17763353D-09
  138  0.00008013      0.18189539D-09
  139  0.00008108      0.18625947D-09
  140  0.00008205      0.19072824D-09
  141  0.00008303      0.19530420D-09
  142  0.00008403      0.19998993D-09
  143  0.00008503      0.20478807D-09
  144  0.00008605      0.20970131D-09
  145  0.00008707      0.21473241D-09
  146  0.00008811      0.21988421D-09
  147  0.00008917      0.22515960D-09
  148  0.00009023      0.23056154D-09
  149  0.00009131      0.23609309D-09
  150  0.00009240      0.24175735D-09
  151  0.00009351      0.24755751D-09
  152  0.00009462      0.25349683D-09
  153  0.00009575      0.25957865D-09
  154  0.00009690      0.26580640D-09
  155  0.00009805      0.27218359D-09
  156  0.00009923      0.27871380D-09
  157  0.00010041      0.28540071D-09
  158  0.00010161      0.29224809D-09
  159  0.00010283      0.29925979D-09
  160  0.00010405      0.30643977D-09
  161  0.00010530      0.31379207D-09
  162  0.00010656      0.32132083D-09
  163  0.00010783      0.32903029D-09
  164  0.00010912      0.33692480D-09
  165  0.00011042      0.34500882D-09
  166  0.00011174      0.35328690D-09
  167  0.00011307      0.36176371D-09
  168  0.00011443      0.37044403D-09
  169  0.00011579      0.37933276D-09
  170  0.00011718      0.38843491D-09
  171  0.00011858      0.39775563D-09
  172  0.00011999      0.40730018D-09
  173  0.00012143      0.41707394D-09
  174  0.00012288      0.42708244D-09
  175  0.00012435      0.43733133D-09
  176  0.00012583      0.44782641D-09
  177  0.00012733      0.45857361D-09
  178  0.00012886      0.46957901D-09
  179  0.00013040      0.48084882D-09
  180  0.00013195      0.49238944D-09
  181  0.00013353      0.50420738D-09
  182  0.00013513      0.51630935D-09
  183  0.00013674      0.52870219D-09
  184  0.00013837      0.54139293D-09
  185  0.00014003      0.55438876D-09
  186  0.00014170      0.56769705D-09
  187  0.00014339      0.58132535D-09
  188  0.00014511      0.59528139D-09
  189  0.00014684      0.60957308D-09
  190  0.00014859      0.62420856D-09
  191  0.00015037      0.63919613D-09
  192  0.00015217      0.65454430D-09
  193  0.00015398      0.67026182D-09
  194  0.00015582      0.68635761D-09
  195  0.00015769      0.70284085D-09
  196  0.00015957      0.71972091D-09
  197  0.00016148      0.73700742D-09
  198  0.00016341      0.75471022D-09
  199  0.00016536      0.77283942D-09
  200  0.00016733      0.79140535D-09
  201  0.00016933      0.81041863D-09
  202  0.00017136      0.82989011D-09
  203  0.00017340      0.84983092D-09
  204  0.00017548      0.87025248D-09
  205  0.00017757      0.89116646D-09
  206  0.00017969      0.91258486D-09
  207  0.00018184      0.93451994D-09
  208  0.00018401      0.95698428D-09
  209  0.00018621      0.97999079D-09
  210  0.00018844      0.10035527D-08
  211  0.00019069      0.10276835D-08
  212  0.00019297      0.10523971D-08
  213  0.00019527      0.10777077D-08
  214  0.00019761      0.11036300D-08
  215  0.00019997      0.11301788D-08
  216  0.00020236      0.11573695D-08
  217  0.00020477      0.11852178D-08
  218  0.00020722      0.12137398D-08
  219  0.00020970      0.12429520D-08
  220  0.00021220      0.12728713D-08
  221  0.00021474      0.13035152D-08
  222  0.00021730      0.13349013D-08
  223  0.00021990      0.13670479D-08
  224  0.00022253      0.13999738D-08
  225  0.00022518      0.14336980D-08
  226  0.00022787      0.14682403D-08
  227  0.00023060      0.15036209D-08
  228  0.00023335      0.15398603D-08
  229  0.00023614      0.15769798D-08
  230  0.00023896      0.16150013D-08
  231  0.00024182      0.16539468D-08
  232  0.00024471      0.16938395D-08
  233  0.00024763      0.17347026D-08
  234  0.00025059      0.17765603D-08
  235  0.00025358      0.18194373D-08
  236  0.00025661      0.18633590D-08
  237  0.00025968      0.19083512D-08
  238  0.00026278      0.19544406D-08
  239  0.00026592      0.20016547D-08
  240  0.00026910      0.20500215D-08
  241  0.00027231      0.20995697D-08
  242  0.00027557      0.21503290D-08
  243  0.00027886      0.22023296D-08
  244  0.00028219      0.22556027D-08
  245  0.00028556      0.23101802D-08
  246  0.00028897      0.23660950D-08
  247  0.00029243      0.24233806D-08
  248  0.00029592      0.24820717D-08
  249  0.00029946      0.25422036D-08
  250  0.00030303      0.26038128D-08
  251  0.00030665      0.26669367D-08
  252  0.00031032      0.27316137D-08
  253  0.00031403      0.27978832D-08
  254  0.00031778      0.28657856D-08
  255  0.00032157      0.29353625D-08
  256  0.00032542      0.30066566D-08
  257  0.00032930      0.30797118D-08
  258  0.00033324      0.31545732D-08
  259  0.00033722      0.32312869D-08
  260  0.00034125      0.33099005D-08
  261  0.00034533      0.33904628D-08
  262  0.00034945      0.34730242D-08
  263  0.00035363      0.35576360D-08
  264  0.00035785      0.36443514D-08
  265  0.00036213      0.37332247D-08
  266  0.00036646      0.38243121D-08
  267  0.00037083      0.39176710D-08
  268  0.00037526      0.40133606D-08
  269  0.00037975      0.41114417D-08
  270  0.00038429      0.42119769D-08
  271  0.00038888      0.43150305D-08
  272  0.00039352      0.44206686D-08
  273  0.00039822      0.45289594D-08
  274  0.00040298      0.46399727D-08
  275  0.00040780      0.47537805D-08
  276  0.00041267      0.48704569D-08
  277  0.00041760      0.49900782D-08
  278  0.00042259      0.51127226D-08
  279  0.00042764      0.52384710D-08
  280  0.00043275      0.53674062D-08
  281  0.00043792      0.54996140D-08
  282  0.00044315      0.56351821D-08
  283  0.00044845      0.57742013D-08
  284  0.00045380      0.59167649D-08
  285  0.00045923      0.60629688D-08
  286  0.00046471      0.62129120D-08
  287  0.00047026      0.63666965D-08
  288  0.00047588      0.65244273D-08
  289  0.00048157      0.66862124D-08
  290  0.00048732      0.68521633D-08
  291  0.00049315      0.70223948D-08
  292  0.00049904      0.71970254D-08
  293  0.00050500      0.73761769D-08
  294  0.00051103      0.75599752D-08
  295  0.00051714      0.77485499D-08
  296  0.00052332      0.79420347D-08
  297  0.00052957      0.81405675D-08
  298  0.00053590      0.83442903D-08
  299  0.00054230      0.85533500D-08
  300  0.00054878      0.87678979D-08
  301  0.00055534      0.89880900D-08
  302  0.00056197      0.92140874D-08
  303  0.00056869      0.94460565D-08
  304  0.00057548      0.96841689D-08
  305  0.00058236      0.99286017D-08
  306  0.00058931      0.10179538D-07
  307  0.00059635      0.10437166D-07
  308  0.00060348      0.10701682D-07
  309  0.00061069      0.10973287D-07
  310  0.00061799      0.11252188D-07
  311  0.00062537      0.11538602D-07
  312  0.00063284      0.11832750D-07
  313  0.00064040      0.12134862D-07
  314  0.00064805      0.12445175D-07
  315  0.00065580      0.12763935D-07
  316  0.00066363      0.13091396D-07
  317  0.00067156      0.13427819D-07
  318  0.00067959      0.13773477D-07
  319  0.00068771      0.14128649D-07
  320  0.00069592      0.14493627D-07
  321  0.00070424      0.14868710D-07
  322  0.00071265      0.15254210D-07
  323  0.00072117      0.15650447D-07
  324  0.00072978      0.16057756D-07
  325  0.00073850      0.16476481D-07
  326  0.00074732      0.16906979D-07
  327  0.00075625      0.17349620D-07
  328  0.00076529      0.17804785D-07
  329  0.00077443      0.18272873D-07
  330  0.00078369      0.18754293D-07
  331  0.00079305      0.19249472D-07
  332  0.00080252      0.19758850D-07
  333  0.00081211      0.20282885D-07
  334  0.00082182      0.20822050D-07
  335  0.00083163      0.21376837D-07
  336  0.00084157      0.21947756D-07
  337  0.00085163      0.22535334D-07
  338  0.00086180      0.23140119D-07
  339  0.00087210      0.23762681D-07
  340  0.00088252      0.24403607D-07
  341  0.00089306      0.25063511D-07
  342  0.00090373      0.25743027D-07
  343  0.00091453      0.26442814D-07
  344  0.00092546      0.27163556D-07
  345  0.00093651      0.27905964D-07
  346  0.00094770      0.28670773D-07
  347  0.00095903      0.29458750D-07
  348  0.00097048      0.30270691D-07
  349  0.00098208      0.31107420D-07
  350  0.00099381      0.31969796D-07
  351  0.00100569      0.32858711D-07
  352  0.00101770      0.33775090D-07
  353  0.00102986      0.34719896D-07
  354  0.00104217      0.35694130D-07
  355  0.00105462      0.36698832D-07
  356  0.00106722      0.37735083D-07
  357  0.00107997      0.38804006D-07
  358  0.00109287      0.39906772D-07
  359  0.00110593      0.41044596D-07
  360  0.00111914      0.42218742D-07
  361  0.00113251      0.43430526D-07
  362  0.00114605      0.44681316D-07
  363  0.00115974      0.45972536D-07
  364  0.00117360      0.47305668D-07
  365  0.00118762      0.48682253D-07
  366  0.00120181      0.50103897D-07
  367  0.00121617      0.51572269D-07
  368  0.00123070      0.53089110D-07
  369  0.00124540      0.54656229D-07
  370  0.00126028      0.56275512D-07
  371  0.00127534      0.57948922D-07
  372  0.00129058      0.59678503D-07
  373  0.00130599      0.61466385D-07
  374  0.00132160      0.63314786D-07
  375  0.00133739      0.65226016D-07
  376  0.00135337      0.67202484D-07
  377  0.00136954      0.69246697D-07
  378  0.00138590      0.71361269D-07
  379  0.00140246      0.73548924D-07
  380  0.00141922      0.75812501D-07
  381  0.00143617      0.78154958D-07
  382  0.00145333      0.80579379D-07
  383  0.00147070      0.83088980D-07
  384  0.00148827      0.85687112D-07
  385  0.00150605      0.88377270D-07
  386  0.00152404      0.91163097D-07
  387  0.00154225      0.94048394D-07
  388  0.00156068      0.97037122D-07
  389  0.00157933      0.10013341D-06
  390  0.00159819      0.10334158D-06
  391  0.00161729      0.10666612D-06
  392  0.00163661      0.11011171D-06
  393  0.00165617      0.11368326D-06
  394  0.00167595      0.11738586D-06
  395  0.00169598      0.12122484D-06
  396  0.00171624      0.12520576D-06
  397  0.00173675      0.12933440D-06
  398  0.00175750      0.13361683D-06
  399  0.00177850      0.13805935D-06
  400  0.00179975      0.14266855D-06
  401  0.00182125      0.14745131D-06
  402  0.00184301      0.15241480D-06
  403  0.00186503      0.15756650D-06
  404  0.00188731      0.16291425D-06
  405  0.00190986      0.16846619D-06
  406  0.00193268      0.17423085D-06
  407  0.00195577      0.18021711D-06
  408  0.00197914      0.18643427D-06
  409  0.00200278      0.19289201D-06
  410  0.00202671      0.19960045D-06
  411  0.00205093      0.20657016D-06
  412  0.00207543      0.21381216D-06
  413  0.00210023      0.22133798D-06
  414  0.00212532      0.22915964D-06
  415  0.00215072      0.23728970D-06
  416  0.00217641      0.24574128D-06
  417  0.00220242      0.25452806D-06
  418  0.00222873      0.26366435D-06
  419  0.00225536      0.27316508D-06
  420  0.00228230      0.28304585D-06
  421  0.00230957      0.29332295D-06
  422  0.00233717      0.30401339D-06
  423  0.00236509      0.31513493D-06
  424  0.00239335      0.32670614D-06
  425  0.00242195      0.33874638D-06
  426  0.00245088      0.35127591D-06
  427  0.00248016      0.36431586D-06
  428  0.00250980      0.37788831D-06
  429  0.00253978      0.39201634D-06
  430  0.00257013      0.40672402D-06
  431  0.00260084      0.42203652D-06
  432  0.00263191      0.43798011D-06
  433  0.00266336      0.45458226D-06
  434  0.00269518      0.47187163D-06
  435  0.00272738      0.48987817D-06
  436  0.00275997      0.50863316D-06
  437  0.00279294      0.52816928D-06
  438  0.00282631      0.54852065D-06
  439  0.00286008      0.56972292D-06
  440  0.00289425      0.59181333D-06
  441  0.00292883      0.61483077D-06
  442  0.00296382      0.63881585D-06
  443  0.00299924      0.66381102D-06
  444  0.00303507      0.68986057D-06
  445  0.00307133      0.71701081D-06
  446  0.00310803      0.74531007D-06
  447  0.00314516      0.77480885D-06
  448  0.00318274      0.80555988D-06
  449  0.00322077      0.83761825D-06
  450  0.00325925      0.87104148D-06
  451  0.00329819      0.90588964D-06
  452  0.00333760      0.94222549D-06
  453  0.00337747      0.98011454D-06
  454  0.00341783      0.10196252D-05
  455  0.00345866      0.10608290D-05
  456  0.00349999      0.11038006D-05
  457  0.00354180      0.11486178D-05
  458  0.00358412      0.11953620D-05
  459  0.00362694      0.12441183D-05
  460  0.00367028      0.12949753D-05
  461  0.00371413      0.13480257D-05
  462  0.00375851      0.14033663D-05
  463  0.00380341      0.14610981D-05
  464  0.00384885      0.15213264D-05
  465  0.00389484      0.15841615D-05
  466  0.00394137      0.16497182D-05
  467  0.00398847      0.17181166D-05
  468  0.00403612      0.17894820D-05
  469  0.00408434      0.18639450D-05
  470  0.00413314      0.19416423D-05
  471  0.00418252      0.20227163D-05
  472  0.00423250      0.21073158D-05
  473  0.00428306      0.21955959D-05
  474  0.00433424      0.22877187D-05
  475  0.00438602      0.23838533D-05
  476  0.00443843      0.24841762D-05
  477  0.00449146      0.25888714D-05
  478  0.00454512      0.26981313D-05
  479  0.00459942      0.28121562D-05
  480  0.00465438      0.29311555D-05
  481  0.00470999      0.30553474D-05
  482  0.00476626      0.31849598D-05
  483  0.00482321      0.33202301D-05
  484  0.00488083      0.34614064D-05
  485  0.00493915      0.36087471D-05
  486  0.00499816      0.37625221D-05
  487  0.00505788      0.39230126D-05
  488  0.00511831      0.40905122D-05
  489  0.00517946      0.42653269D-05
  490  0.00524135      0.44477757D-05
  491  0.00530397      0.46381916D-05
  492  0.00536734      0.48369217D-05
  493  0.00543147      0.50443277D-05
  494  0.00549636      0.52607869D-05
  495  0.00556203      0.54866929D-05
  496  0.00562849      0.57224554D-05
  497  0.00569573      0.59685022D-05
  498  0.00576379      0.62252786D-05
  499  0.00583265      0.64932491D-05
  500  0.00590234      0.67728978D-05
  501  0.00597286      0.70647289D-05
  502  0.00604422      0.73692680D-05
  503  0.00611644      0.76870630D-05
  504  0.00618952      0.80186843D-05
  505  0.00626347      0.83647264D-05
  506  0.00633830      0.87258086D-05
  507  0.00641403      0.91025761D-05
  508  0.00649066      0.94957007D-05
  509  0.00656821      0.99058823D-05
  510  0.00664669      0.10333850D-04
  511  0.00672610      0.10780361D-04
  512  0.00680647      0.11246208D-04
  513  0.00688779      0.11732212D-04
  514  0.00697008      0.12239230D-04
  515  0.00705336      0.12768153D-04
  516  0.00713763      0.13319909D-04
  517  0.00722291      0.13895465D-04
  518  0.00730921      0.14495825D-04
  519  0.00739654      0.15122035D-04
  520  0.00748491      0.15775182D-04
  521  0.00757434      0.16456400D-04
  522  0.00766484      0.17166866D-04
  523  0.00775642      0.17907804D-04
  524  0.00784909      0.18680489D-04
  525  0.00794287      0.19486245D-04
  526  0.00803777      0.20326450D-04
  527  0.00813380      0.21202536D-04
  528  0.00823099      0.22115992D-04
  529  0.00832933      0.23068365D-04
  530  0.00842885      0.24061265D-04
  531  0.00852955      0.25096363D-04
  532  0.00863146      0.26175396D-04
  533  0.00873459      0.27300169D-04
  534  0.00883895      0.28472557D-04
  535  0.00894456      0.29694507D-04
  536  0.00905142      0.30968042D-04
  537  0.00915957      0.32295263D-04
  538  0.00926901      0.33678350D-04
  539  0.00937975      0.35119567D-04
  540  0.00949182      0.36621266D-04
  541  0.00960522      0.38185885D-04
  542  0.00971999      0.39815956D-04
  543  0.00983612      0.41514105D-04
  544  0.00995364      0.43283058D-04
  545  0.01007256      0.45125643D-04
  546  0.01019291      0.47044789D-04
  547  0.01031469      0.49043538D-04
  548  0.01043793      0.51125042D-04
  549  0.01056264      0.53292569D-04
  550  0.01068884      0.55549506D-04
  551  0.01081655      0.57899362D-04
  552  0.01094579      0.60345776D-04
  553  0.01107657      0.62892514D-04
  554  0.01120891      0.65543480D-04
  555  0.01134283      0.68302716D-04
  556  0.01147835      0.71174406D-04
  557  0.01161549      0.74162884D-04
  558  0.01175427      0.77272634D-04
  559  0.01189471      0.80508297D-04
  560  0.01203683      0.83874674D-04
  561  0.01218064      0.87376733D-04
  562  0.01232617      0.91019611D-04
  563  0.01247345      0.94808622D-04
  564  0.01262248      0.98749256D-04
  565  0.01277329      0.10284719D-03
  566  0.01292590      0.10710829D-03
  567  0.01308034      0.11153862D-03
  568  0.01323662      0.11614444D-03
  569  0.01339477      0.12093221D-03
  570  0.01355481      0.12590862D-03
  571  0.01371676      0.13108054D-03
  572  0.01388064      0.13645509D-03
  573  0.01404649      0.14203961D-03
  574  0.01421431      0.14784166D-03
  575  0.01438414      0.15386905D-03
  576  0.01455600      0.16012983D-03
  577  0.01472992      0.16663227D-03
  578  0.01490591      0.17338493D-03
  579  0.01508400      0.18039661D-03
  580  0.01526422      0.18767636D-03
  581  0.01544660      0.19523352D-03
  582  0.01563115      0.20307769D-03
  583  0.01581791      0.21121874D-03
  584  0.01600690      0.21966685D-03
  585  0.01619815      0.22843244D-03
  586  0.01639168      0.23752627D-03
  587  0.01658752      0.24695937D-03
  588  0.01678571      0.25674306D-03
  589  0.01698626      0.26688900D-03
  590  0.01718921      0.27740912D-03
  591  0.01739459      0.28831568D-03
  592  0.01760241      0.29962126D-03
  593  0.01781273      0.31133874D-03
  594  0.01802555      0.32348134D-03
  595  0.01824092      0.33606259D-03
  596  0.01845886      0.34909634D-03
  597  0.01867940      0.36259679D-03
  598  0.01890258      0.37657844D-03
  599  0.01912842      0.39105614D-03
  600  0.01935697      0.40604506D-03
  601  0.01958824      0.42156070D-03
  602  0.01982228      0.43761889D-03
  603  0.02005911      0.45423577D-03
  604  0.02029877      0.47142783D-03
  605  0.02054130      0.48921188D-03
  606  0.02078673      0.50760501D-03
  607  0.02103508      0.52662467D-03
  608  0.02128641      0.54628860D-03
  609  0.02154073      0.56661484D-03
  610  0.02179810      0.58762172D-03
  611  0.02205854      0.60932787D-03
  612  0.02232209      0.63175221D-03
  613  0.02258879      0.65491389D-03
  614  0.02285868      0.67883235D-03
  615  0.02313179      0.70352727D-03
  616  0.02340817      0.72901856D-03
  617  0.02368784      0.75532635D-03
  618  0.02397086      0.78247095D-03
  619  0.02425726      0.81047288D-03
  620  0.02454708      0.83935282D-03
  621  0.02484037      0.86913157D-03
  622  0.02513716      0.89983009D-03
  623  0.02543749      0.93146940D-03
  624  0.02574142      0.96407061D-03
  625  0.02604897      0.99765488D-03
  626  0.02636020      0.10322434D-02
  627  0.02667515      0.10678572D-02
  628  0.02699386      0.11045176D-02
  629  0.02731638      0.11422454D-02
  630  0.02764275      0.11810615D-02
  631  0.02797302      0.12209868D-02
  632  0.02830724      0.12620417D-02
  633  0.02864545      0.13042465D-02
  634  0.02898770      0.13476212D-02
  635  0.02933404      0.13921854D-02
  636  0.02968452      0.14379584D-02
  637  0.03003919      0.14849589D-02
  638  0.03039809      0.15332053D-02
  639  0.03076128      0.15827152D-02
  640  0.03112881      0.16335057D-02
  641  0.03150073      0.16855933D-02
  642  0.03187710      0.17389935D-02
  643  0.03225796      0.17937213D-02
  644  0.03264338      0.18497904D-02
  645  0.03303339      0.19072139D-02
  646  0.03342807      0.19660036D-02
  647  0.03382747      0.20261702D-02
  648  0.03423163      0.20877233D-02
  649  0.03464063      0.21506710D-02
  650  0.03505451      0.22150202D-02
  651  0.03547333      0.22807762D-02
  652  0.03589716      0.23479427D-02
  653  0.03632606      0.24165219D-02
  654  0.03676008      0.24865139D-02
  655  0.03719928      0.25579172D-02
  656  0.03764373      0.26307282D-02
  657  0.03809349      0.27049412D-02
  658  0.03854863      0.27805484D-02
  659  0.03900920      0.28575395D-02
  660  0.03947528      0.29359018D-02
  661  0.03994692      0.30156204D-02
  662  0.04042420      0.30966773D-02
  663  0.04090718      0.31790520D-02
  664  0.04139594      0.32627211D-02
  665  0.04189053      0.33476580D-02
  666  0.04239103      0.34338333D-02
  667  0.04289751      0.35212140D-02
  668  0.04341004      0.36097641D-02
  669  0.04392870      0.36994439D-02
  670  0.04445355      0.37902101D-02
  671  0.04498468      0.38820160D-02
  672  0.04552215      0.39748106D-02
  673  0.04606604      0.40685395D-02
  674  0.04661643      0.41631438D-02
  675  0.04717340      0.42585609D-02
  676  0.04773702      0.43547236D-02
  677  0.04830737      0.44515606D-02
  678  0.04888454      0.45489961D-02
  679  0.04946861      0.46469499D-02
  680  0.05005965      0.47453372D-02
  681  0.05065776      0.48440683D-02
  682  0.05126301      0.49430492D-02
  683  0.05187549      0.50421808D-02
  684  0.05249529      0.51413594D-02
  685  0.05312250      0.52404764D-02
  686  0.05375720      0.53394183D-02
  687  0.05439948      0.54380667D-02
  688  0.05504943      0.55362984D-02
  689  0.05570716      0.56339852D-02
  690  0.05637274      0.57309943D-02
  691  0.05704627      0.58271878D-02
  692  0.05772785      0.59224233D-02
  693  0.05841757      0.60165536D-02
  694  0.05911554      0.61094269D-02
  695  0.05982184      0.62008872D-02
  696  0.06053658      0.62907738D-02
  697  0.06125987      0.63789220D-02
  698  0.06199179      0.64651632D-02
  699  0.06273246      0.65493247D-02
  700  0.06348198      0.66312304D-02
  701  0.06424045      0.67107009D-02
  702  0.06500798      0.67875536D-02
  703  0.06578469      0.68616030D-02
  704  0.06657068      0.69326613D-02
  705  0.06736605      0.70005384D-02
  706  0.06817093      0.70650427D-02
  707  0.06898543      0.71259808D-02
  708  0.06980966      0.71831587D-02
  709  0.07064373      0.72363818D-02
  710  0.07148777      0.72854555D-02
  711  0.07234190      0.73301857D-02
  712  0.07320623      0.73703792D-02
  713  0.07408088      0.74058447D-02
  714  0.07496599      0.74363929D-02
  715  0.07586167      0.74618374D-02
  716  0.07676806      0.74819953D-02
  717  0.07768527      0.74966880D-02
  718  0.07861344      0.75057416D-02
  719  0.07955270      0.75089880D-02
  720  0.08050319      0.75062655D-02
  721  0.08146503      0.74974195D-02
  722  0.08243836      0.74823034D-02
  723  0.08342332      0.74607795D-02
  724  0.08442005      0.74327199D-02
  725  0.08542869      0.73980071D-02
  726  0.08644938      0.73565350D-02
  727  0.08748226      0.73082100D-02
  728  0.08852748      0.72529516D-02
  729  0.08958520      0.71906937D-02
  730  0.09065555      0.71213852D-02
  731  0.09173869      0.70449908D-02
  732  0.09283477      0.69614924D-02
  733  0.09394394      0.68708898D-02
  734  0.09506637      0.67732013D-02
  735  0.09620221      0.66684650D-02
  736  0.09735162      0.65567397D-02
  737  0.09851476      0.64381054D-02
  738  0.09969180      0.63126643D-02
  739  0.10088290      0.61805417D-02
  740  0.10208824      0.60418867D-02
  741  0.10330797      0.58968729D-02
  742  0.10454228      0.57456989D-02
  743  0.10579133      0.55885891D-02
  744  0.10705531      0.54257945D-02
  745  0.10833439      0.52575926D-02
  746  0.10962876      0.50842883D-02
  747  0.11093858      0.49062140D-02
  748  0.11226406      0.47237300D-02
  749  0.11360538      0.45372246D-02
  750  0.11496272      0.43471141D-02
  751  0.11633627      0.41538429D-02
  752  0.11772624      0.39578834D-02
  753  0.11913282      0.37597357D-02
  754  0.12055620      0.35599271D-02
  755  0.12199658      0.33590117D-02
  756  0.12345418      0.31575699D-02
  757  0.12492919      0.29562076D-02
  758  0.12642183      0.27555553D-02
  759  0.12793230      0.25562668D-02
  760  0.12946081      0.23590186D-02
  761  0.13100759      0.21645081D-02
  762  0.13257285      0.19734522D-02
  763  0.13415681      0.17865857D-02
  764  0.13575970      0.16046599D-02
  765  0.13738173      0.14284399D-02
  766  0.13902315      0.12587031D-02
  767  0.14068418      0.10962367D-02
  768  0.14236505      0.94183537D-03
  769  0.14406601      0.79629859D-03
  770  0.14578728      0.66042807D-03
  771  0.14752913      0.53502478D-03
  772  0.14929178      0.42088600D-03
  773  0.15107550      0.31880217D-03
  774  0.15288053      0.22955365D-03
  775  0.15470712      0.15390734D-03
  776  0.15655554      0.92613163D-04
  777  0.15842604      0.46400532D-04
  778  0.16031889      0.15974632D-04
  779  0.16223436      0.20127008D-05
  780  0.16417271      0.51602137D-05
  781  0.16613422      0.26027034D-04
  782  0.16811916      0.65183533D-04
  783  0.17012783      0.12315670D-03
  784  0.17216049      0.20042623D-03
  785  0.17421744      0.29742072D-03
  786  0.17629896      0.41451378D-03
  787  0.17840535      0.55202031D-03
  788  0.18053691      0.71019287D-03
  789  0.18269394      0.88921805D-03
  790  0.18487674      0.10892131D-02
  791  0.18708562      0.13102226D-02
  792  0.18932089      0.15522155D-02
  793  0.19158287      0.18150821D-02
  794  0.19387187      0.20986314D-02
  795  0.19618822      0.24025888D-02
  796  0.19853225      0.27265937D-02
  797  0.20090428      0.30701981D-02
  798  0.20330466      0.34328646D-02
  799  0.20573371      0.38139656D-02
  800  0.20819179      0.42127824D-02
  801  0.21067923      0.46285047D-02
  802  0.21319639      0.50602306D-02
  803  0.21574363      0.55069672D-02
  804  0.21832130      0.59676312D-02
  805  0.22092977      0.64410506D-02
  806  0.22356941      0.69259660D-02
  807  0.22624058      0.74210335D-02
  808  0.22894367      0.79248270D-02
  809  0.23167906      0.84358417D-02
  810  0.23444712      0.89524980D-02
  811  0.23724826      0.94731456D-02
  812  0.24008287      0.99960687D-02
  813  0.24295134      0.10519491D-01
  814  0.24585409      0.11041581D-01
  815  0.24879151      0.11560461D-01
  816  0.25176404      0.12074210D-01
  817  0.25477208      0.12580873D-01
  818  0.25781605      0.13078470D-01
  819  0.26089640      0.13565003D-01
  820  0.26401355      0.14038463D-01
  821  0.26716795      0.14496841D-01
  822  0.27036003      0.14938137D-01
  823  0.27359025      0.15360369D-01
  824  0.27685906      0.15761584D-01
  825  0.28016693      0.16139865D-01
  826  0.28351433      0.16493346D-01
  827  0.28690171      0.16820217D-01
  828  0.29032957      0.17118739D-01
  829  0.29379839      0.17387251D-01
  830  0.29730864      0.17624184D-01
  831  0.30086084      0.17828067D-01
  832  0.30445548      0.17997540D-01
  833  0.30809307      0.18131363D-01
  834  0.31177412      0.18228427D-01
  835  0.31549915      0.18287760D-01
  836  0.31926869      0.18308541D-01
  837  0.32308326      0.18290102D-01
  838  0.32694341      0.18231943D-01
  839  0.33084968      0.18133733D-01
  840  0.33480262      0.17995321D-01
  841  0.33880279      0.17816741D-01
  842  0.34285076      0.17598216D-01
  843  0.34694709      0.17340165D-01
  844  0.35109236      0.17043205D-01
  845  0.35528716      0.16708154D-01
  846  0.35953207      0.16336032D-01
  847  0.36382771      0.15928065D-01
  848  0.36817467      0.15485683D-01
  849  0.37257356      0.15010519D-01
  850  0.37702501      0.14504407D-01
  851  0.38152965      0.13969381D-01
  852  0.38608811      0.13407666D-01
  853  0.39070103      0.12821678D-01
  854  0.39536907      0.12214017D-01
  855  0.40009288      0.11587456D-01
  856  0.40487313      0.10944936D-01
  857  0.40971049      0.10289556D-01
  858  0.41460565      0.96245630D-02
  859  0.41955930      0.89533389D-02
  860  0.42457213      0.82793894D-02
  861  0.42964485      0.76063309D-02
  862  0.43477818      0.69378756D-02
  863  0.43997285      0.62778173D-02
  864  0.44522958      0.56300150D-02
  865  0.45054911      0.49983770D-02
  866  0.45593220      0.43868434D-02
  867  0.46137961      0.37993687D-02
  868  0.46689211      0.32399038D-02
  869  0.47247046      0.27123771D-02
  870  0.47811547      0.22206759D-02
  871  0.48382792      0.17686274D-02
  872  0.48960862      0.13599792D-02
  873  0.49545839      0.99838034D-03
  874  0.50137806      0.68736217D-03
  875  0.50736844      0.43031909D-03
  876  0.51343041      0.23049005D-03
  877  0.51956479      0.90940180D-04
  878  0.52577248      0.14542981D-04
  879  0.53205433      0.39631024D-05
  880  0.53841123      0.61639841D-04
  881  0.54484409      0.18977146D-03
  882  0.55135380      0.39030042D-03
  883  0.55794129      0.66489966D-03
  884  0.56460749      0.10149599D-02
  885  0.57135334      0.14415785D-02
  886  0.57817978      0.19455488D-02
  887  0.58508778      0.25273519D-02
  888  0.59207833      0.31871492D-02
  889  0.59915239      0.39247766D-02
  890  0.60631097      0.47397400D-02
  891  0.61355508      0.56312133D-02
  892  0.62088574      0.65980368D-02
  893  0.62830399      0.76387182D-02
  894  0.63581087      0.87514350D-02
  895  0.64340745      0.99340385D-02
  896  0.65109478      0.11184060D-01
  897  0.65887396      0.12498716D-01
  898  0.66674609      0.13874921D-01
  899  0.67471227      0.15309296D-01
  900  0.68277363      0.16798180D-01
  901  0.69093131      0.18337644D-01
  902  0.69918645      0.19923509D-01
  903  0.70754022      0.21551358D-01
  904  0.71599381      0.23216557D-01
  905  0.72454839      0.24914273D-01
  906  0.73320519      0.26639494D-01
  907  0.74196541      0.28387051D-01
  908  0.75083030      0.30151638D-01
  909  0.75980111      0.31927839D-01
  910  0.76887910      0.33710146D-01
  911  0.77806555      0.35492987D-01
  912  0.78736176      0.37270752D-01
  913  0.79676904      0.39037814D-01
  914  0.80628872      0.40788555D-01
  915  0.81592213      0.42517395D-01
  916  0.82567065      0.44218813D-01
  917  0.83553563      0.45887375D-01
  918  0.84551849      0.47517755D-01
  919  0.85562061      0.49104765D-01
  920  0.86584344      0.50643372D-01
  921  0.87618841      0.52128725D-01
  922  0.88665697      0.53556177D-01
  923  0.89725062      0.54921303D-01
  924  0.90797083      0.56219920D-01
  925  0.91881913      0.57448109D-01
  926  0.92979704      0.58602226D-01
  927  0.94090611      0.59678923D-01
  928  0.95214792      0.60675155D-01
  929  0.96352404      0.61588199D-01
  930  0.97503608      0.62415659D-01
  931  0.98668566      0.63155475D-01
  932  0.99847443      0.63805932D-01
  933  1.01040405      0.64365659D-01
  934  1.02247621      0.64833639D-01
  935  1.03469260      0.65209200D-01
  936  1.04705495      0.65492023D-01
  937  1.05956500      0.65682132D-01
  938  1.07222453      0.65779891D-01
  939  1.08503530      0.65785997D-01
  940  1.09799914      0.65701472D-01
  941  1.11111787      0.65527651D-01
  942  1.12439334      0.65266173D-01
  943  1.13782742      0.64918963D-01
  944  1.15142201      0.64488223D-01
  945  1.16517902      0.63976412D-01
  946  1.17910041      0.63386231D-01
  947  1.19318812      0.62720605D-01
  948  1.20744415      0.61982664D-01
  949  1.22187051      0.61175725D-01
  950  1.23646924      0.60303271D-01
  951  1.25124238      0.59368932D-01
  952  1.26619204      0.58376465D-01
  953  1.28132031      0.57329730D-01
  954  1.29662933      0.56232675D-01
  955  1.31212126      0.55089313D-01
  956  1.32779829      0.53903701D-01
  957  1.34366262      0.52679923D-01
  958  1.35971650      0.51422070D-01
  959  1.37596219      0.50134221D-01
  960  1.39240197      0.48820424D-01
  961  1.40903818      0.47484684D-01
  962  1.42587316      0.46130941D-01
  963  1.44290927      0.44763059D-01
  964  1.46014894      0.43384809D-01
  965  1.47759457      0.41999857D-01
  966  1.49524865      0.40611754D-01
  967  1.51311366      0.39223920D-01
  968  1.53119211      0.37839642D-01
  969  1.54948656      0.36462054D-01
  970  1.56799959      0.35094142D-01
  971  1.58673381      0.33738727D-01
  972  1.60569187      0.32398467D-01
  973  1.62487643      0.31075847D-01
  974  1.64429021      0.29773181D-01
  975  1.66393594      0.28492608D-01
  976  1.68381640      0.27236088D-01
  977  1.70393438      0.26005406D-01
  978  1.72429273      0.24802173D-01
  979  1.74489432      0.23627824D-01
  980  1.76574205      0.22483622D-01
  981  1.78683887      0.21370665D-01
  982  1.80818775      0.20289884D-01
  983  1.82979171      0.19242052D-01
  984  1.85165378      0.18227789D-01
  985  1.87377706      0.17247565D-01
  986  1.89616467      0.16301711D-01
  987  1.91881975      0.15390420D-01
  988  1.94174552      0.14513759D-01
  989  1.96494520      0.13671673D-01
  990  1.98842207      0.12863994D-01
  991  2.01217944      0.12090449D-01
  992  2.03622065      0.11350668D-01
  993  2.06054911      0.10644189D-01
  994  2.08516824      0.99704692D-02
  995  2.11008151      0.93288919D-02
  996  2.13529245      0.87187728D-02
  997  2.16080460      0.81393688D-02
  998  2.18662157      0.75898850D-02
  999  2.21274699      0.70694815D-02
 1000  2.23918456      0.65772809D-02
 1001  2.26593800      0.61123742D-02
 1002  2.29301108      0.56738277D-02
 1003  2.32040763      0.52607774D-02
 1004  2.34813151      0.48722959D-02
 1005  2.37618663      0.45074614D-02
 1006  2.40457695      0.41653284D-02
 1007  2.43330647      0.38449413D-02
 1008  2.46237925      0.35453402D-02
 1009  2.49179938      0.32655660D-02
 1010  2.52157102      0.30046655D-02
 1011  2.55169837      0.27616955D-02
 1012  2.58218568      0.25357270D-02
 1013  2.61303724      0.23258483D-02
 1014  2.64425742      0.21311686D-02
 1015  2.67585061      0.19508203D-02
 1016  2.70782126      0.17839613D-02
 1017  2.74017390      0.16297769D-02
 1018  2.77291309      0.14874813D-02
 1019  2.80604343      0.13563188D-02
 1020  2.83956961      0.12355647D-02
 1021  2.87349636      0.11245261D-02
 1022  2.90782846      0.10225416D-02
 1023  2.94257076      0.92898205D-03
 1024  2.97772815      0.84324739D-03
 1025  3.01330559      0.76475012D-03
 1026  3.04930811      0.69294164D-03
 1027  3.08574078      0.62730314D-03
 1028  3.12260875      0.56735040D-03
 1029  3.15991721      0.51263221D-03
 1030  3.19767142      0.46272887D-03
 1031  3.23587671      0.41725130D-03
 1032  3.27453848      0.37584310D-03
 1033  3.31366217      0.33817413D-03
 1034  3.35325330      0.30393967D-03
 1035  3.39331747      0.27285752D-03
 1036  3.43386031      0.24466636D-03
 1037  3.47488756      0.21912554D-03
 1038  3.51640499      0.19601223D-03
 1039  3.55841846      0.17512036D-03
 1040  3.60093391      0.15625929D-03
 1041  3.64395732      0.13925270D-03
 1042  3.68749477      0.12393759D-03
 1043  3.73155240      0.11016333D-03
 1044  3.77613642      0.97790928D-04
 1045  3.82125313      0.86692275D-04
 1046  3.86690889      0.76749453D-04
 1047  3.91311013      0.67854067D-04
 1048  3.95986338      0.59906610D-04
 1049  4.00717523      0.52815859D-04
 1050  4.05505235      0.46498302D-04
