 ir        r               f(r)
    1  0.00001574     -0.34880743D-20
    2  0.00001593     -0.35718657D-20
    3  0.00001612     -0.36576694D-20
    4  0.00001632     -0.37455334D-20
    5  0.00001651     -0.38355055D-20
    6  0.00001671     -0.39276388D-20
    7  0.00001691     -0.40219834D-20
    8  0.00001711     -0.41185938D-20
    9  0.00001731     -0.42175240D-20
   10  0.00001752     -0.43188297D-20
   11  0.00001773     -0.44225679D-20
   12  0.00001794     -0.45287969D-20
   13  0.00001816     -0.46375765D-20
   14  0.00001837     -0.47489680D-20
   15  0.00001859     -0.48630340D-20
   16  0.00001881     -0.49798387D-20
   17  0.00001904     -0.50994479D-20
   18  0.00001927     -0.52219287D-20
   19  0.00001950     -0.53473501D-20
   20  0.00001973     -0.54757827D-20
   21  0.00001997     -0.56072986D-20
   22  0.00002020     -0.57419720D-20
   23  0.00002045     -0.58798785D-20
   24  0.00002069     -0.60210957D-20
   25  0.00002094     -0.61657031D-20
   26  0.00002119     -0.63137819D-20
   27  0.00002144     -0.64654155D-20
   28  0.00002170     -0.66206890D-20
   29  0.00002196     -0.67796900D-20
   30  0.00002222     -0.69425076D-20
   31  0.00002248     -0.71092336D-20
   32  0.00002275     -0.72799617D-20
   33  0.00002302     -0.74547877D-20
   34  0.00002330     -0.76338102D-20
   35  0.00002358     -0.78171296D-20
   36  0.00002386     -0.80048491D-20
   37  0.00002414     -0.81970741D-20
   38  0.00002443     -0.83939128D-20
   39  0.00002472     -0.85954758D-20
   40  0.00002502     -0.88018764D-20
   41  0.00002532     -0.90132305D-20
   42  0.00002562     -0.92296571D-20
   43  0.00002593     -0.94512777D-20
   44  0.00002624     -0.96782168D-20
   45  0.00002655     -0.99106020D-20
   46  0.00002687     -0.10148564D-19
   47  0.00002719     -0.10392236D-19
   48  0.00002751     -0.10641756D-19
   49  0.00002784     -0.10897263D-19
   50  0.00002818     -0.11158901D-19
   51  0.00002851     -0.11426817D-19
   52  0.00002885     -0.11701162D-19
   53  0.00002920     -0.11982089D-19
   54  0.00002955     -0.12269757D-19
   55  0.00002990     -0.12564327D-19
   56  0.00003026     -0.12865964D-19
   57  0.00003062     -0.13174838D-19
   58  0.00003098     -0.13491123D-19
   59  0.00003135     -0.13814995D-19
   60  0.00003173     -0.14146637D-19
   61  0.00003211     -0.14486235D-19
   62  0.00003249     -0.14833980D-19
   63  0.00003288     -0.15190067D-19
   64  0.00003327     -0.15554695D-19
   65  0.00003367     -0.15928070D-19
   66  0.00003407     -0.16310401D-19
   67  0.00003448     -0.16701902D-19
   68  0.00003489     -0.17102794D-19
   69  0.00003531     -0.17513301D-19
   70  0.00003573     -0.17933654D-19
   71  0.00003616     -0.18364088D-19
   72  0.00003659     -0.18804845D-19
   73  0.00003703     -0.19256173D-19
   74  0.00003747     -0.19718324D-19
   75  0.00003792     -0.20191558D-19
   76  0.00003837     -0.20676140D-19
   77  0.00003883     -0.21172342D-19
   78  0.00003929     -0.21680443D-19
   79  0.00003976     -0.22200727D-19
   80  0.00004024     -0.22733485D-19
   81  0.00004072     -0.23279018D-19
   82  0.00004120     -0.23837630D-19
   83  0.00004169     -0.24409635D-19
   84  0.00004219     -0.24995354D-19
   85  0.00004270     -0.25595114D-19
   86  0.00004321     -0.26209252D-19
   87  0.00004372     -0.26838112D-19
   88  0.00004425     -0.27482047D-19
   89  0.00004477     -0.28141417D-19
   90  0.00004531     -0.28816593D-19
   91  0.00004585     -0.29507951D-19
   92  0.00004640     -0.30215880D-19
   93  0.00004695     -0.30940776D-19
   94  0.00004751     -0.31683045D-19
   95  0.00004808     -0.32443102D-19
   96  0.00004866     -0.33221374D-19
   97  0.00004924     -0.34018297D-19
   98  0.00004983     -0.34834316D-19
   99  0.00005042     -0.35669888D-19
  100  0.00005102     -0.36525482D-19
  101  0.00005163     -0.37401575D-19
  102  0.00005225     -0.38298659D-19
  103  0.00005287     -0.39217235D-19
  104  0.00005351     -0.40157818D-19
  105  0.00005415     -0.41120934D-19
  106  0.00005479     -0.42107122D-19
  107  0.00005545     -0.43116933D-19
  108  0.00005611     -0.44150932D-19
  109  0.00005678     -0.45209697D-19
  110  0.00005746     -0.46293822D-19
  111  0.00005814     -0.47403911D-19
  112  0.00005884     -0.48540586D-19
  113  0.00005954     -0.49704483D-19
  114  0.00006025     -0.50896251D-19
  115  0.00006097     -0.52116556D-19
  116  0.00006170     -0.53366082D-19
  117  0.00006244     -0.54645526D-19
  118  0.00006319     -0.55955604D-19
  119  0.00006394     -0.57297046D-19
  120  0.00006470     -0.58670602D-19
  121  0.00006548     -0.60077041D-19
  122  0.00006626     -0.61517146D-19
  123  0.00006705     -0.62991723D-19
  124  0.00006785     -0.64501594D-19
  125  0.00006866     -0.66047603D-19
  126  0.00006948     -0.67630612D-19
  127  0.00007031     -0.69251505D-19
  128  0.00007115     -0.70911187D-19
  129  0.00007200     -0.72610584D-19
  130  0.00007286     -0.74350644D-19
  131  0.00007373     -0.76132337D-19
  132  0.00007462     -0.77956657D-19
  133  0.00007551     -0.79824622D-19
  134  0.00007641     -0.81737273D-19
  135  0.00007732     -0.83695677D-19
  136  0.00007825     -0.85700925D-19
  137  0.00007918     -0.87754135D-19
  138  0.00008013     -0.89856452D-19
  139  0.00008108     -0.92009045D-19
  140  0.00008205     -0.94213116D-19
  141  0.00008303     -0.96469891D-19
  142  0.00008403     -0.98780627D-19
  143  0.00008503     -0.10114661D-18
  144  0.00008605     -0.10356916D-18
  145  0.00008707     -0.10604963D-18
  146  0.00008811     -0.10858938D-18
  147  0.00008917     -0.11118985D-18
  148  0.00009023     -0.11385247D-18
  149  0.00009131     -0.11657873D-18
  150  0.00009240     -0.11937014D-18
  151  0.00009351     -0.12222825D-18
  152  0.00009462     -0.12515466D-18
  153  0.00009575     -0.12815099D-18
  154  0.00009690     -0.13121890D-18
  155  0.00009805     -0.13436011D-18
  156  0.00009923     -0.13757635D-18
  157  0.00010041     -0.14086941D-18
  158  0.00010161     -0.14424113D-18
  159  0.00010283     -0.14769337D-18
  160  0.00010405     -0.15122805D-18
  161  0.00010530     -0.15484713D-18
  162  0.00010656     -0.15855263D-18
  163  0.00010783     -0.16234659D-18
  164  0.00010912     -0.16623112D-18
  165  0.00011042     -0.17020838D-18
  166  0.00011174     -0.17428057D-18
  167  0.00011307     -0.17844995D-18
  168  0.00011443     -0.18271883D-18
  169  0.00011579     -0.18708958D-18
  170  0.00011718     -0.19156462D-18
  171  0.00011858     -0.19614642D-18
  172  0.00011999     -0.20083752D-18
  173  0.00012143     -0.20564053D-18
  174  0.00012288     -0.21055809D-18
  175  0.00012435     -0.21559294D-18
  176  0.00012583     -0.22074785D-18
  177  0.00012733     -0.22602568D-18
  178  0.00012886     -0.23142935D-18
  179  0.00013040     -0.23696184D-18
  180  0.00013195     -0.24262622D-18
  181  0.00013353     -0.24842561D-18
  182  0.00013513     -0.25436321D-18
  183  0.00013674     -0.26044231D-18
  184  0.00013837     -0.26666626D-18
  185  0.00014003     -0.27303851D-18
  186  0.00014170     -0.27956255D-18
  187  0.00014339     -0.28624201D-18
  188  0.00014511     -0.29308055D-18
  189  0.00014684     -0.30008195D-18
  190  0.00014859     -0.30725007D-18
  191  0.00015037     -0.31458886D-18
  192  0.00015217     -0.32210237D-18
  193  0.00015398     -0.32979473D-18
  194  0.00015582     -0.33767018D-18
  195  0.00015769     -0.34573305D-18
  196  0.00015957     -0.35398779D-18
  197  0.00016148     -0.36243892D-18
  198  0.00016341     -0.37109111D-18
  199  0.00016536     -0.37994910D-18
  200  0.00016733     -0.38901777D-18
  201  0.00016933     -0.39830210D-18
  202  0.00017136     -0.40780719D-18
  203  0.00017340     -0.41753826D-18
  204  0.00017548     -0.42750065D-18
  205  0.00017757     -0.43769982D-18
  206  0.00017969     -0.44814138D-18
  207  0.00018184     -0.45883104D-18
  208  0.00018401     -0.46977467D-18
  209  0.00018621     -0.48097827D-18
  210  0.00018844     -0.49244797D-18
  211  0.00019069     -0.50419005D-18
  212  0.00019297     -0.51621094D-18
  213  0.00019527     -0.52851722D-18
  214  0.00019761     -0.54111562D-18
  215  0.00019997     -0.55401302D-18
  216  0.00020236     -0.56721648D-18
  217  0.00020477     -0.58073322D-18
  218  0.00020722     -0.59457061D-18
  219  0.00020970     -0.60873620D-18
  220  0.00021220     -0.62323773D-18
  221  0.00021474     -0.63808312D-18
  222  0.00021730     -0.65328044D-18
  223  0.00021990     -0.66883799D-18
  224  0.00022253     -0.68476424D-18
  225  0.00022518     -0.70106787D-18
  226  0.00022787     -0.71775774D-18
  227  0.00023060     -0.73484295D-18
  228  0.00023335     -0.75233278D-18
  229  0.00023614     -0.77023673D-18
  230  0.00023896     -0.78856455D-18
  231  0.00024182     -0.80732617D-18
  232  0.00024471     -0.82653180D-18
  233  0.00024763     -0.84619184D-18
  234  0.00025059     -0.86631696D-18
  235  0.00025358     -0.88691807D-18
  236  0.00025661     -0.90800634D-18
  237  0.00025968     -0.92959317D-18
  238  0.00026278     -0.95169026D-18
  239  0.00026592     -0.97430956D-18
  240  0.00026910     -0.99746331D-18
  241  0.00027231     -0.10211640D-17
  242  0.00027557     -0.10454245D-17
  243  0.00027886     -0.10702578D-17
  244  0.00028219     -0.10956773D-17
  245  0.00028556     -0.11216968D-17
  246  0.00028897     -0.11483303D-17
  247  0.00029243     -0.11755922D-17
  248  0.00029592     -0.12034970D-17
  249  0.00029946     -0.12320599D-17
  250  0.00030303     -0.12612961D-17
  251  0.00030665     -0.12912214D-17
  252  0.00031032     -0.13218519D-17
  253  0.00031403     -0.13532040D-17
  254  0.00031778     -0.13852946D-17
  255  0.00032157     -0.14181407D-17
  256  0.00032542     -0.14517601D-17
  257  0.00032930     -0.14861707D-17
  258  0.00033324     -0.15213910D-17
  259  0.00033722     -0.15574397D-17
  260  0.00034125     -0.15943362D-17
  261  0.00034533     -0.16321001D-17
  262  0.00034945     -0.16707516D-17
  263  0.00035363     -0.17103112D-17
  264  0.00035785     -0.17508002D-17
  265  0.00036213     -0.17922401D-17
  266  0.00036646     -0.18346528D-17
  267  0.00037083     -0.18780610D-17
  268  0.00037526     -0.19224877D-17
  269  0.00037975     -0.19679565D-17
  270  0.00038429     -0.20144915D-17
  271  0.00038888     -0.20621175D-17
  272  0.00039352     -0.21108595D-17
  273  0.00039822     -0.21607436D-17
  274  0.00040298     -0.22117959D-17
  275  0.00040780     -0.22640436D-17
  276  0.00041267     -0.23175141D-17
  277  0.00041760     -0.23722358D-17
  278  0.00042259     -0.24282374D-17
  279  0.00042764     -0.24855485D-17
  280  0.00043275     -0.25441992D-17
  281  0.00043792     -0.26042204D-17
  282  0.00044315     -0.26656436D-17
  283  0.00044845     -0.27285010D-17
  284  0.00045380     -0.27928256D-17
  285  0.00045923     -0.28586511D-17
  286  0.00046471     -0.29260121D-17
  287  0.00047026     -0.29949436D-17
  288  0.00047588     -0.30654817D-17
  289  0.00048157     -0.31376633D-17
  290  0.00048732     -0.32115259D-17
  291  0.00049315     -0.32871082D-17
  292  0.00049904     -0.33644493D-17
  293  0.00050500     -0.34435895D-17
  294  0.00051103     -0.35245700D-17
  295  0.00051714     -0.36074327D-17
  296  0.00052332     -0.36922206D-17
  297  0.00052957     -0.37789775D-17
  298  0.00053590     -0.38677485D-17
  299  0.00054230     -0.39585792D-17
  300  0.00054878     -0.40515167D-17
  301  0.00055534     -0.41466087D-17
  302  0.00056197     -0.42439043D-17
  303  0.00056869     -0.43434536D-17
  304  0.00057548     -0.44453075D-17
  305  0.00058236     -0.45495185D-17
  306  0.00058931     -0.46561399D-17
  307  0.00059635     -0.47652263D-17
  308  0.00060348     -0.48768334D-17
  309  0.00061069     -0.49910183D-17
  310  0.00061799     -0.51078391D-17
  311  0.00062537     -0.52273554D-17
  312  0.00063284     -0.53496280D-17
  313  0.00064040     -0.54747189D-17
  314  0.00064805     -0.56026917D-17
  315  0.00065580     -0.57336111D-17
  316  0.00066363     -0.58675433D-17
  317  0.00067156     -0.60045561D-17
  318  0.00067959     -0.61447186D-17
  319  0.00068771     -0.62881013D-17
  320  0.00069592     -0.64347765D-17
  321  0.00070424     -0.65848177D-17
  322  0.00071265     -0.67383002D-17
  323  0.00072117     -0.68953009D-17
  324  0.00072978     -0.70558983D-17
  325  0.00073850     -0.72201726D-17
  326  0.00074732     -0.73882057D-17
  327  0.00075625     -0.75600811D-17
  328  0.00076529     -0.77358843D-17
  329  0.00077443     -0.79157025D-17
  330  0.00078369     -0.80996247D-17
  331  0.00079305     -0.82877419D-17
  332  0.00080252     -0.84801469D-17
  333  0.00081211     -0.86769346D-17
  334  0.00082182     -0.88782016D-17
  335  0.00083163     -0.90840469D-17
  336  0.00084157     -0.92945713D-17
  337  0.00085163     -0.95098778D-17
  338  0.00086180     -0.97300715D-17
  339  0.00087210     -0.99552598D-17
  340  0.00088252     -0.10185552D-16
  341  0.00089306     -0.10421060D-16
  342  0.00090373     -0.10661899D-16
  343  0.00091453     -0.10908183D-16
  344  0.00092546     -0.11160033D-16
  345  0.00093651     -0.11417570D-16
  346  0.00094770     -0.11680917D-16
  347  0.00095903     -0.11950201D-16
  348  0.00097048     -0.12225550D-16
  349  0.00098208     -0.12507096D-16
  350  0.00099381     -0.12794974D-16
  351  0.00100569     -0.13089320D-16
  352  0.00101770     -0.13390273D-16
  353  0.00102986     -0.13697976D-16
  354  0.00104217     -0.14012575D-16
  355  0.00105462     -0.14334218D-16
  356  0.00106722     -0.14663056D-16
  357  0.00107997     -0.14999242D-16
  358  0.00109287     -0.15342934D-16
  359  0.00110593     -0.15694293D-16
  360  0.00111914     -0.16053482D-16
  361  0.00113251     -0.16420668D-16
  362  0.00114605     -0.16796020D-16
  363  0.00115974     -0.17179712D-16
  364  0.00117360     -0.17571921D-16
  365  0.00118762     -0.17972826D-16
  366  0.00120181     -0.18382611D-16
  367  0.00121617     -0.18801464D-16
  368  0.00123070     -0.19229574D-16
  369  0.00124540     -0.19667137D-16
  370  0.00126028     -0.20114350D-16
  371  0.00127534     -0.20571415D-16
  372  0.00129058     -0.21038538D-16
  373  0.00130599     -0.21515928D-16
  374  0.00132160     -0.22003799D-16
  375  0.00133739     -0.22502368D-16
  376  0.00135337     -0.23011856D-16
  377  0.00136954     -0.23532490D-16
  378  0.00138590     -0.24064498D-16
  379  0.00140246     -0.24608115D-16
  380  0.00141922     -0.25163579D-16
  381  0.00143617     -0.25731132D-16
  382  0.00145333     -0.26311023D-16
  383  0.00147070     -0.26903501D-16
  384  0.00148827     -0.27508823D-16
  385  0.00150605     -0.28127250D-16
  386  0.00152404     -0.28759046D-16
  387  0.00154225     -0.29404482D-16
  388  0.00156068     -0.30063832D-16
  389  0.00157933     -0.30737375D-16
  390  0.00159819     -0.31425396D-16
  391  0.00161729     -0.32128184D-16
  392  0.00163661     -0.32846033D-16
  393  0.00165617     -0.33579242D-16
  394  0.00167595     -0.34328116D-16
  395  0.00169598     -0.35092963D-16
  396  0.00171624     -0.35874099D-16
  397  0.00173675     -0.36671843D-16
  398  0.00175750     -0.37486520D-16
  399  0.00177850     -0.38318461D-16
  400  0.00179975     -0.39168001D-16
  401  0.00182125     -0.40035482D-16
  402  0.00184301     -0.40921251D-16
  403  0.00186503     -0.41825659D-16
  404  0.00188731     -0.42749065D-16
  405  0.00190986     -0.43691832D-16
  406  0.00193268     -0.44654329D-16
  407  0.00195577     -0.45636931D-16
  408  0.00197914     -0.46640018D-16
  409  0.00200278     -0.47663976D-16
  410  0.00202671     -0.48709198D-16
  411  0.00205093     -0.49776081D-16
  412  0.00207543     -0.50865029D-16
  413  0.00210023     -0.51976452D-16
  414  0.00212532     -0.53110764D-16
  415  0.00215072     -0.54268387D-16
  416  0.00217641     -0.55449749D-16
  417  0.00220242     -0.56655282D-16
  418  0.00222873     -0.57885425D-16
  419  0.00225536     -0.59140624D-16
  420  0.00228230     -0.60421329D-16
  421  0.00230957     -0.61727997D-16
  422  0.00233717     -0.63061090D-16
  423  0.00236509     -0.64421078D-16
  424  0.00239335     -0.65808434D-16
  425  0.00242195     -0.67223640D-16
  426  0.00245088     -0.68667181D-16
  427  0.00248016     -0.70139548D-16
  428  0.00250980     -0.71641241D-16
  429  0.00253978     -0.73172762D-16
  430  0.00257013     -0.74734620D-16
  431  0.00260084     -0.76327330D-16
  432  0.00263191     -0.77951411D-16
  433  0.00266336     -0.79607391D-16
  434  0.00269518     -0.81295798D-16
  435  0.00272738     -0.83017171D-16
  436  0.00275997     -0.84772049D-16
  437  0.00279294     -0.86560980D-16
  438  0.00282631     -0.88384515D-16
  439  0.00286008     -0.90243210D-16
  440  0.00289425     -0.92137626D-16
  441  0.00292883     -0.94068329D-16
  442  0.00296382     -0.96035889D-16
  443  0.00299924     -0.98040879D-16
  444  0.00303507     -0.10008388D-15
  445  0.00307133     -0.10216547D-15
  446  0.00310803     -0.10428624D-15
  447  0.00314516     -0.10644678D-15
  448  0.00318274     -0.10864767D-15
  449  0.00322077     -0.11088952D-15
  450  0.00325925     -0.11317293D-15
  451  0.00329819     -0.11549848D-15
  452  0.00333760     -0.11786680D-15
  453  0.00337747     -0.12027848D-15
  454  0.00341783     -0.12273413D-15
  455  0.00345866     -0.12523437D-15
  456  0.00349999     -0.12777978D-15
  457  0.00354180     -0.13037100D-15
  458  0.00358412     -0.13300863D-15
  459  0.00362694     -0.13569327D-15
  460  0.00367028     -0.13842555D-15
  461  0.00371413     -0.14120606D-15
  462  0.00375851     -0.14403542D-15
  463  0.00380341     -0.14691423D-15
  464  0.00384885     -0.14984310D-15
  465  0.00389484     -0.15282262D-15
  466  0.00394137     -0.15585339D-15
  467  0.00398847     -0.15893602D-15
  468  0.00403612     -0.16207108D-15
  469  0.00408434     -0.16525915D-15
  470  0.00413314     -0.16850083D-15
  471  0.00418252     -0.17179668D-15
  472  0.00423250     -0.17514727D-15
  473  0.00428306     -0.17855315D-15
  474  0.00433424     -0.18201488D-15
  475  0.00438602     -0.18553299D-15
  476  0.00443843     -0.18910802D-15
  477  0.00449146     -0.19274048D-15
  478  0.00454512     -0.19643089D-15
  479  0.00459942     -0.20017973D-15
  480  0.00465438     -0.20398751D-15
  481  0.00470999     -0.20785467D-15
  482  0.00476626     -0.21178168D-15
  483  0.00482321     -0.21576898D-15
  484  0.00488083     -0.21981699D-15
  485  0.00493915     -0.22392610D-15
  486  0.00499816     -0.22809671D-15
  487  0.00505788     -0.23232917D-15
  488  0.00511831     -0.23662383D-15
  489  0.00517946     -0.24098102D-15
  490  0.00524135     -0.24540101D-15
  491  0.00530397     -0.24988410D-15
  492  0.00536734     -0.25443052D-15
  493  0.00543147     -0.25904048D-15
  494  0.00549636     -0.26371418D-15
  495  0.00556203     -0.26845178D-15
  496  0.00562849     -0.27325340D-15
  497  0.00569573     -0.27811914D-15
  498  0.00576379     -0.28304905D-15
  499  0.00583265     -0.28804315D-15
  500  0.00590234     -0.29310143D-15
  501  0.00597286     -0.29822384D-15
  502  0.00604422     -0.30341028D-15
  503  0.00611644     -0.30866061D-15
  504  0.00618952     -0.31397464D-15
  505  0.00626347     -0.31935215D-15
  506  0.00633830     -0.32479286D-15
  507  0.00641403     -0.33029644D-15
  508  0.00649066     -0.33586251D-15
  509  0.00656821     -0.34149064D-15
  510  0.00664669     -0.34718033D-15
  511  0.00672610     -0.35293105D-15
  512  0.00680647     -0.35874218D-15
  513  0.00688779     -0.36461305D-15
  514  0.00697008     -0.37054294D-15
  515  0.00705336     -0.37653104D-15
  516  0.00713763     -0.38257650D-15
  517  0.00722291     -0.38867836D-15
  518  0.00730921     -0.39483562D-15
  519  0.00739654     -0.40104719D-15
  520  0.00748491     -0.40731192D-15
  521  0.00757434     -0.41362855D-15
  522  0.00766484     -0.41999578D-15
  523  0.00775642     -0.42641218D-15
  524  0.00784909     -0.43287626D-15
  525  0.00794287     -0.43938644D-15
  526  0.00803777     -0.44594105D-15
  527  0.00813380     -0.45253831D-15
  528  0.00823099     -0.45917635D-15
  529  0.00832933     -0.46585322D-15
  530  0.00842885     -0.47256684D-15
  531  0.00852955     -0.47931505D-15
  532  0.00863146     -0.48609557D-15
  533  0.00873459     -0.49290602D-15
  534  0.00883895     -0.49974389D-15
  535  0.00894456     -0.50660657D-15
  536  0.00905142     -0.51349135D-15
  537  0.00915957     -0.52039538D-15
  538  0.00926901     -0.52731568D-15
  539  0.00937975     -0.53424918D-15
  540  0.00949182     -0.54119265D-15
  541  0.00960522     -0.54814276D-15
  542  0.00971999     -0.55509603D-15
  543  0.00983612     -0.56204886D-15
  544  0.00995364     -0.56899751D-15
  545  0.01007256     -0.57593811D-15
  546  0.01019291     -0.58286663D-15
  547  0.01031469     -0.58977893D-15
  548  0.01043793     -0.59667072D-15
  549  0.01056264     -0.60353754D-15
  550  0.01068884     -0.61037482D-15
  551  0.01081655     -0.61717783D-15
  552  0.01094579     -0.62394168D-15
  553  0.01107657     -0.63066135D-15
  554  0.01120891     -0.63733165D-15
  555  0.01134283     -0.64394725D-15
  556  0.01147835     -0.65050268D-15
  557  0.01161549     -0.65699228D-15
  558  0.01175427     -0.66341028D-15
  559  0.01189471     -0.66975073D-15
  560  0.01203683     -0.67600753D-15
  561  0.01218064     -0.68217443D-15
  562  0.01232617     -0.68824503D-15
  563  0.01247345     -0.69421276D-15
  564  0.01262248     -0.70007093D-15
  565  0.01277329     -0.70581267D-15
  566  0.01292590     -0.71143097D-15
  567  0.01308034     -0.71691867D-15
  568  0.01323662     -0.72226849D-15
  569  0.01339477     -0.72747297D-15
  570  0.01355481     -0.73252453D-15
  571  0.01371676     -0.73741544D-15
  572  0.01388064     -0.74213786D-15
  573  0.01404649     -0.74668379D-15
  574  0.01421431     -0.75104513D-15
  575  0.01438414     -0.75521363D-15
  576  0.01455600     -0.75918096D-15
  577  0.01472992     -0.76293865D-15
  578  0.01490591     -0.76647812D-15
  579  0.01508400     -0.76979073D-15
  580  0.01526422     -0.77286770D-15
  581  0.01544660     -0.77570019D-15
  582  0.01563115     -0.77827929D-15
  583  0.01581791     -0.78059601D-15
  584  0.01600690     -0.78264129D-15
  585  0.01619815     -0.78440604D-15
  586  0.01639168     -0.78588112D-15
  587  0.01658752     -0.78705736D-15
  588  0.01678571     -0.78792557D-15
  589  0.01698626     -0.78847655D-15
  590  0.01718921     -0.78870113D-15
  591  0.01739459     -0.78859012D-15
  592  0.01760241     -0.78813439D-15
  593  0.01781273     -0.78732484D-15
  594  0.01802555     -0.78615246D-15
  595  0.01824092     -0.78460828D-15
  596  0.01845886     -0.78268346D-15
  597  0.01867940     -0.78036924D-15
  598  0.01890258     -0.77765701D-15
  599  0.01912842     -0.77453830D-15
  600  0.01935697     -0.77100481D-15
  601  0.01958824     -0.76704842D-15
  602  0.01982228     -0.76266123D-15
  603  0.02005911     -0.75783555D-15
  604  0.02029877     -0.75256395D-15
  605  0.02054130     -0.74683930D-15
  606  0.02078673     -0.74065471D-15
  607  0.02103508     -0.73400367D-15
  608  0.02128641     -0.72687998D-15
  609  0.02154073     -0.71927783D-15
  610  0.02179810     -0.71119178D-15
  611  0.02205854     -0.70261685D-15
  612  0.02232209     -0.69354849D-15
  613  0.02258879     -0.68398264D-15
  614  0.02285868     -0.67391574D-15
  615  0.02313179     -0.66334477D-15
  616  0.02340817     -0.65226728D-15
  617  0.02368784     -0.64068141D-15
  618  0.02397086     -0.62858593D-15
  619  0.02425726     -0.61598026D-15
  620  0.02454708     -0.60286453D-15
  621  0.02484037     -0.58923956D-15
  622  0.02513716     -0.57510694D-15
  623  0.02543749     -0.56046903D-15
  624  0.02574142     -0.54532902D-15
  625  0.02604897     -0.52969092D-15
  626  0.02636020     -0.51355965D-15
  627  0.02667515     -0.49694100D-15
  628  0.02699386     -0.47984173D-15
  629  0.02731638     -0.46226955D-15
  630  0.02764275     -0.44423317D-15
  631  0.02797302     -0.42574235D-15
  632  0.02830724     -0.40680789D-15
  633  0.02864545     -0.38744167D-15
  634  0.02898770     -0.36765671D-15
  635  0.02933404     -0.34746714D-15
  636  0.02968452     -0.32688829D-15
  637  0.03003919     -0.30593664D-15
  638  0.03039809     -0.28462991D-15
  639  0.03076128     -0.26298706D-15
  640  0.03112881     -0.24102829D-15
  641  0.03150073     -0.21877507D-15
  642  0.03187710     -0.19625015D-15
  643  0.03225796     -0.17347762D-15
  644  0.03264338     -0.15048284D-15
  645  0.03303339     -0.12729251D-15
  646  0.03342807     -0.10393467D-15
  647  0.03382747     -0.80438672D-16
  648  0.03423163     -0.56835213D-16
  649  0.03464063     -0.33156321D-16
  650  0.03505451     -0.94353489D-17
  651  0.03547333      0.14293032D-16
  652  0.03589716      0.37992845D-16
  653  0.03632606      0.61626826D-16
  654  0.03676008      0.85156442D-16
  655  0.03719928      0.10854191D-15
  656  0.03764373      0.13174225D-15
  657  0.03809349      0.15471527D-15
  658  0.03854863      0.17741765D-15
  659  0.03900920      0.19980498D-15
  660  0.03947528      0.22183177D-15
  661  0.03994692      0.24345154D-15
  662  0.04042420      0.26461687D-15
  663  0.04090718      0.28527945D-15
  664  0.04139594      0.30539015D-15
  665  0.04189053      0.32489913D-15
  666  0.04239103      0.34375586D-15
  667  0.04289751      0.36190925D-15
  668  0.04341004      0.37930773D-15
  669  0.04392870      0.39589936D-15
  670  0.04445355      0.41163189D-15
  671  0.04498468      0.42645292D-15
  672  0.04552215      0.44030999D-15
  673  0.04606604      0.45315071D-15
  674  0.04661643      0.46492289D-15
  675  0.04717340      0.47557465D-15
  676  0.04773702      0.48505460D-15
  677  0.04830737      0.49331195D-15
  678  0.04888454      0.50029666D-15
  679  0.04946861      0.50595964D-15
  680  0.05005965      0.51025286D-15
  681  0.05065776      0.51312954D-15
  682  0.05126301      0.51454433D-15
  683  0.05187549      0.51445345D-15
  684  0.05249529      0.51281490D-15
  685  0.05312250      0.50958867D-15
  686  0.05375720      0.50473683D-15
  687  0.05439948      0.49822385D-15
  688  0.05504943      0.49001667D-15
  689  0.05570716      0.48008499D-15
  690  0.05637274      0.46840139D-15
  691  0.05704627      0.45494158D-15
  692  0.05772785      0.43968458D-15
  693  0.05841757      0.42261290D-15
  694  0.05911554      0.40371275D-15
  695  0.05982184      0.38297424D-15
  696  0.06053658      0.36039154D-15
  697  0.06125987      0.33596310D-15
  698  0.06199179      0.30969181D-15
  699  0.06273246      0.28158518D-15
  700  0.06348198      0.25165554D-15
  701  0.06424045      0.21992013D-15
  702  0.06500798      0.18640133D-15
  703  0.06578469      0.15112676D-15
  704  0.06657068      0.11412945D-15
  705  0.06736605      0.75447914D-16
  706  0.06817093      0.35126301D-16
  707  0.06898543     -0.67855260D-17
  708  0.06980966     -0.50231903D-16
  709  0.07064373     -0.95151302D-16
  710  0.07148777     -0.14147628D-15
  711  0.07234190     -0.18913346D-15
  712  0.07320623     -0.23804350D-15
  713  0.07408088     -0.28812111D-15
  714  0.07496599     -0.33927511D-15
  715  0.07586167     -0.39140843D-15
  716  0.07676806     -0.44441824D-15
  717  0.07768527     -0.49819602D-15
  718  0.07861344     -0.55262770D-15
  719  0.07955270     -0.60759383D-15
  720  0.08050319     -0.66296971D-15
  721  0.08146503     -0.71862565D-15
  722  0.08243836     -0.77442719D-15
  723  0.08342332     -0.83023536D-15
  724  0.08442005     -0.88590700D-15
  725  0.08542869     -0.94129505D-15
  726  0.08644938     -0.99624893D-15
  727  0.08748226     -0.10506149D-14
  728  0.08852748     -0.11042366D-14
  729  0.08958520     -0.11569552D-14
  730  0.09065555     -0.12086103D-14
  731  0.09173869     -0.12590401D-14
  732  0.09283477     -0.13080819D-14
  733  0.09394394     -0.13555730D-14
  734  0.09506637     -0.14013511D-14
  735  0.09620221     -0.14452548D-14
  736  0.09735162     -0.14871243D-14
  737  0.09851476     -0.15268022D-14
  738  0.09969180     -0.15641341D-14
  739  0.10088290     -0.15989693D-14
  740  0.10208824     -0.16311613D-14
  741  0.10330797     -0.16605689D-14
  742  0.10454228     -0.16870568D-14
  743  0.10579133     -0.17104962D-14
  744  0.10705531     -0.17307657D-14
  745  0.10833439     -0.17477521D-14
  746  0.10962876     -0.17613510D-14
  747  0.11093858     -0.17714677D-14
  748  0.11226406     -0.17780179D-14
  749  0.11360538     -0.17809283D-14
  750  0.11496272     -0.17801376D-14
  751  0.11633627     -0.17755968D-14
  752  0.11772624     -0.17672704D-14
  753  0.11913282     -0.17551364D-14
  754  0.12055620     -0.17391874D-14
  755  0.12199658     -0.17194310D-14
  756  0.12345418     -0.16958904D-14
  757  0.12492919     -0.16686045D-14
  758  0.12642183     -0.16376288D-14
  759  0.12793230     -0.16030358D-14
  760  0.12946081     -0.15649147D-14
  761  0.13100759     -0.15233721D-14
  762  0.13257285     -0.14785322D-14
  763  0.13415681     -0.14305367D-14
  764  0.13575970     -0.13795448D-14
  765  0.13738173     -0.13257332D-14
  766  0.13902315     -0.12692959D-14
  767  0.14068418     -0.12104441D-14
  768  0.14236505     -0.11494056D-14
  769  0.14406601     -0.10864243D-14
  770  0.14578728     -0.10217601D-14
  771  0.14752913     -0.95568787D-15
  772  0.14929178     -0.88849668D-15
  773  0.15107550     -0.82048924D-15
  774  0.15288053     -0.75198069D-15
  775  0.15470712     -0.68329770D-15
  776  0.15655554     -0.61477722D-15
  777  0.15842604     -0.54676528D-15
  778  0.16031889     -0.47961560D-15
  779  0.16223436     -0.41368821D-15
  780  0.16417271     -0.34934784D-15
  781  0.16613422     -0.28696235D-15
  782  0.16811916     -0.22690102D-15
  783  0.17012783     -0.16953274D-15
  784  0.17216049     -0.11522423D-15
  785  0.17421744     -0.64338083D-16
  786  0.17629896     -0.17230834D-16
  787  0.17840535      0.25749049D-16
  788  0.18053691      0.64263190D-16
  789  0.18269394      0.97985371D-16
  790  0.18487674      0.12660359D-15
  791  0.18708562      0.14982215D-15
  792  0.18932089      0.16736369D-15
  793  0.19158287      0.17897126D-15
  794  0.19387187      0.18441029D-15
  795  0.19618822      0.18347055D-15
  796  0.19853225      0.17596805D-15
  797  0.20090428      0.16174686D-15
  798  0.20330466      0.14068080D-15
  799  0.20573371      0.11267507D-15
  800  0.20819179      0.77667759D-16
  801  0.21067923      0.35631221D-16
  802  0.21319639     -0.13426735D-16
  803  0.21574363     -0.69461761D-16
  804  0.21832130     -0.13239209D-15
  805  0.22092977     -0.20209782D-15
  806  0.22356941     -0.27842042D-15
  807  0.22624058     -0.36116241D-15
  808  0.22894367     -0.45008730D-15
  809  0.23167906     -0.54491968D-15
  810  0.23444712     -0.64534564D-15
  811  0.23724826     -0.75101338D-15
  812  0.24008287     -0.86153402D-15
  813  0.24295134     -0.97648277D-15
  814  0.24585409     -0.10954002D-14
  815  0.24879151     -0.12177940D-14
  816  0.25176404     -0.13431407D-14
  817  0.25477208     -0.14708878D-14
  818  0.25781605     -0.16004561D-14
  819  0.26089640     -0.17312424D-14
  820  0.26401355     -0.18626224D-14
  821  0.26716795     -0.19939535D-14
  822  0.27036003     -0.21245780D-14
  823  0.27359025     -0.22538269D-14
  824  0.27685906     -0.23810233D-14
  825  0.28016693     -0.25054862D-14
  826  0.28351433     -0.26265344D-14
  827  0.28690171     -0.27434907D-14
  828  0.29032957     -0.28556859D-14
  829  0.29379839     -0.29624629D-14
  830  0.29730864     -0.30631815D-14
  831  0.30086084     -0.31572221D-14
  832  0.30445548     -0.32439903D-14
  833  0.30809307     -0.33229212D-14
  834  0.31177412     -0.33934835D-14
  835  0.31549915     -0.34551838D-14
  836  0.31926869     -0.35075702D-14
  837  0.32308326     -0.35502366D-14
  838  0.32694341     -0.35828264D-14
  839  0.33084968     -0.36050356D-14
  840  0.33480262     -0.36166163D-14
  841  0.33880279     -0.36173796D-14
  842  0.34285076     -0.36071986D-14
  843  0.34694709     -0.35860102D-14
  844  0.35109236     -0.35538177D-14
  845  0.35528716     -0.35106923D-14
  846  0.35953207     -0.34567744D-14
  847  0.36382771     -0.33922743D-14
  848  0.36817467     -0.33174732D-14
  849  0.37257356     -0.32327228D-14
  850  0.37702501     -0.31384453D-14
  851  0.38152965     -0.30351323D-14
  852  0.38608811     -0.29233436D-14
  853  0.39070103     -0.28037058D-14
  854  0.39536907     -0.26769094D-14
  855  0.40009288     -0.25437070D-14
  856  0.40487313     -0.24049097D-14
  857  0.40971049     -0.22613836D-14
  858  0.41460565     -0.21140460D-14
  859  0.41955930     -0.19638611D-14
  860  0.42457213     -0.18118348D-14
  861  0.42964485     -0.16590104D-14
  862  0.43477818     -0.15064620D-14
  863  0.43997285     -0.13552898D-14
  864  0.44522958     -0.12066133D-14
  865  0.45054911     -0.10615652D-14
  866  0.45593220     -0.92128488D-15
  867  0.46137961     -0.78691152D-15
  868  0.46689211     -0.65957729D-15
  869  0.47247046     -0.54040038D-15
  870  0.47811547     -0.43047788D-15
  871  0.48382792     -0.33087879D-15
  872  0.48960862     -0.24263698D-15
  873  0.49545839     -0.16674422D-15
  874  0.50137806     -0.10414344D-15
  875  0.50736844     -0.55722063D-16
  876  0.51343041     -0.22305609D-16
  877  0.51956479     -0.46516147D-17
  878  0.52577248     -0.34438166D-17
  879  0.53205433     -0.19286739D-16
  880  0.53841123     -0.52700688D-16
  881  0.54484409     -0.10411720D-15
  882  0.55135380     -0.17387500D-15
  883  0.55794129     -0.26221645D-15
  884  0.56460749     -0.36928464D-15
  885  0.57135334     -0.49512098D-15
  886  0.57817978     -0.63966349D-15
  887  0.58508778     -0.80274569D-15
  888  0.59207833     -0.98409615D-15
  889  0.59915239     -0.11833387D-14
  890  0.60631097     -0.13999935D-14
  891  0.61355508     -0.16334782D-14
  892  0.62088574     -0.18831106D-14
  893  0.62830399     -0.21481115D-14
  894  0.63581087     -0.24276081D-14
  895  0.64340745     -0.27206382D-14
  896  0.65109478     -0.30261550D-14
  897  0.65887396     -0.33430326D-14
  898  0.66674609     -0.36700719D-14
  899  0.67471227     -0.40060065D-14
  900  0.68277363     -0.43495103D-14
  901  0.69093131     -0.46992044D-14
  902  0.69918645     -0.50536647D-14
  903  0.70754022     -0.54114298D-14
  904  0.71599381     -0.57710097D-14
  905  0.72454839     -0.61308938D-14
  906  0.73320519     -0.64895598D-14
  907  0.74196541     -0.68454822D-14
  908  0.75083030     -0.71971412D-14
  909  0.75980111     -0.75430318D-14
  910  0.76887910     -0.78816720D-14
  911  0.77806555     -0.82116117D-14
  912  0.78736176     -0.85314411D-14
  913  0.79676904     -0.88397989D-14
  914  0.80628872     -0.91353802D-14
  915  0.81592213     -0.94169439D-14
  916  0.82567065     -0.96833202D-14
  917  0.83553563     -0.99334166D-14
  918  0.84551849     -0.10166225D-13
  919  0.85562061     -0.10380826D-13
  920  0.86584344     -0.10576397D-13
  921  0.87618841     -0.10752210D-13
  922  0.88665697     -0.10907643D-13
  923  0.89725062     -0.11042179D-13
  924  0.90797083     -0.11155408D-13
  925  0.91881913     -0.11247030D-13
  926  0.92979704     -0.11316854D-13
  927  0.94090611     -0.11364800D-13
  928  0.95214792     -0.11390897D-13
  929  0.96352404     -0.11395283D-13
  930  0.97503608     -0.11378200D-13
  931  0.98668566     -0.11339994D-13
  932  0.99847443     -0.11281110D-13
  933  1.01040405     -0.11202088D-13
  934  1.02247621     -0.11103561D-13
  935  1.03469260     -0.10986244D-13
  936  1.04705495     -0.10850935D-13
  937  1.05956500     -0.10698502D-13
  938  1.07222453     -0.10529883D-13
  939  1.08503530     -0.10346075D-13
  940  1.09799914     -0.10148129D-13
  941  1.11111787     -0.99371421D-14
  942  1.12439334     -0.97142493D-14
  943  1.13782742     -0.94806174D-14
  944  1.15142201     -0.92374369D-14
  945  1.16517902     -0.89859148D-14
  946  1.17910041     -0.87272669D-14
  947  1.19318812     -0.84627112D-14
  948  1.20744415     -0.81934604D-14
  949  1.22187051     -0.79207151D-14
  950  1.23646924     -0.76456576D-14
  951  1.25124238     -0.73694452D-14
  952  1.26619204     -0.70932046D-14
  953  1.28132031     -0.68180258D-14
  954  1.29662933     -0.65449573D-14
  955  1.31212126     -0.62750005D-14
  956  1.32779829     -0.60091053D-14
  957  1.34366262     -0.57481661D-14
  958  1.35971650     -0.54930172D-14
  959  1.37596219     -0.52444294D-14
  960  1.39240197     -0.50031066D-14
  961  1.40903818     -0.47696828D-14
  962  1.42587316     -0.45447189D-14
  963  1.44290927     -0.43287004D-14
  964  1.46014894     -0.41220348D-14
  965  1.47759457     -0.39250492D-14
  966  1.49524865     -0.37379884D-14
  967  1.51311366     -0.35610128D-14
  968  1.53119211     -0.33941959D-14
  969  1.54948656     -0.32375232D-14
  970  1.56799959     -0.30908892D-14
  971  1.58673381     -0.29540960D-14
  972  1.60569187     -0.28268507D-14
  973  1.62487643     -0.27087631D-14
  974  1.64429021     -0.25993430D-14
  975  1.66393594     -0.24979976D-14
  976  1.68381640     -0.24040279D-14
  977  1.70393438     -0.23166257D-14
  978  1.72429273     -0.22348690D-14
  979  1.74489432     -0.21577179D-14
  980  1.76574205     -0.20840097D-14
  981  1.78683887     -0.20124529D-14
  982  1.80818775     -0.19416210D-14
  983  1.82979171     -0.18699456D-14
  984  1.85165378     -0.17957080D-14
  985  1.87377706     -0.17170303D-14
  986  1.89616467     -0.16318650D-14
  987  1.91881975     -0.15379838D-14
  988  1.94174552     -0.14329647D-14
  989  1.96494520     -0.13141768D-14
  990  1.98842207     -0.11787645D-14
  991  2.01217944     -0.10236283D-14
  992  2.03622065     -0.84540439D-15
  993  2.06054911     -0.64044030D-15
  994  2.08516824     -0.40476855D-15
  995  2.11008151     -0.13407615D-15
  996  2.13529245      0.17632953D-15
  997  2.16080460      0.53155953D-15
  998  2.18662157      0.93718703D-15
  999  2.21274699      0.13992967D-14
 1000  2.23918456      0.19245407D-14
 1001  2.26593800      0.25202013D-14
 1002  2.29301108      0.31942622D-14
 1003  2.32040763      0.39468689D-14
 1004  2.34813151      0.47823538D-14
 1005  2.37618663      0.57036290D-14
 1006  2.40457695      0.67154968D-14
 1007  2.43330647      0.78240986D-14
 1008  2.46237925      0.90370233D-14
 1009  2.49179938      0.10363426D-13
 1010  2.52157102      0.11814162D-13
 1011  2.55169837      0.13401933D-13
 1012  2.58218568      0.15141467D-13
 1013  2.61303724      0.17049706D-13
 1014  2.64425742      0.19146040D-13
 1015  2.67585061      0.21452562D-13
 1016  2.70782126      0.23994374D-13
 1017  2.74017390      0.26799927D-13
 1018  2.77291309      0.29901428D-13
 1019  2.80604343      0.33335290D-13
 1020  2.83956961      0.37142674D-13
 1021  2.87349636      0.41370089D-13
 1022  2.90782846      0.46070107D-13
 1023  2.94257076      0.51302166D-13
 1024  2.97772815      0.57132056D-13
 1025  3.01330559      0.63628451D-13
 1026  3.04930811      0.70870202D-13
 1027  3.08574078      0.78944440D-13
 1028  3.12260875      0.87949728D-13
 1029  3.15991721      0.97997275D-13
 1030  3.19767142      0.10921275D-12
 1031  3.23587671      0.12173840D-12
 1032  3.27453848      0.13573584D-12
 1033  3.31366217      0.15138845D-12
 1034  3.35325330      0.16890462D-12
 1035  3.39331747      0.18852130D-12
 1036  3.43386031      0.21050818D-12
 1037  3.47488756      0.23517963D-12
 1038  3.51640499      0.26289689D-12
 1039  3.55841846      0.29407674D-12
 1040  3.60093391      0.32919959D-12
 1041  3.64395732      0.36881942D-12
 1042  3.68749477      0.41357495D-12
 1043  3.73155240      0.46420256D-12
 1044  3.77613642      0.52155225D-12
 1045  3.82125313      0.58660656D-12
 1046  3.86690889      0.66050275D-12
 1047  3.91311013      0.74455905D-12
 1048  3.95986338      0.84030551D-12
 1049  4.00717523      0.94952059D-12
 1050  4.05505235      0.10742744D-11
