 ir        r              f(r)*r^2
    1  0.00001574      0.18248134D-13
    2  0.00001593      0.19135841D-13
    3  0.00001612      0.20066731D-13
    4  0.00001632      0.21042902D-13
    5  0.00001651      0.22066558D-13
    6  0.00001671      0.23140009D-13
    7  0.00001691      0.24265677D-13
    8  0.00001711      0.25446102D-13
    9  0.00001731      0.26683946D-13
   10  0.00001752      0.27982003D-13
   11  0.00001773      0.29343203D-13
   12  0.00001794      0.30770615D-13
   13  0.00001816      0.32267461D-13
   14  0.00001837      0.33837118D-13
   15  0.00001859      0.35483127D-13
   16  0.00001881      0.37209202D-13
   17  0.00001904      0.39019238D-13
   18  0.00001927      0.40917318D-13
   19  0.00001950      0.42907725D-13
   20  0.00001973      0.44994949D-13
   21  0.00001997      0.47183700D-13
   22  0.00002020      0.49478915D-13
   23  0.00002045      0.51885773D-13
   24  0.00002069      0.54409704D-13
   25  0.00002094      0.57056401D-13
   26  0.00002119      0.59831837D-13
   27  0.00002144      0.62742273D-13
   28  0.00002170      0.65794274D-13
   29  0.00002196      0.68994727D-13
   30  0.00002222      0.72350851D-13
   31  0.00002248      0.75870217D-13
   32  0.00002275      0.79560765D-13
   33  0.00002302      0.83430821D-13
   34  0.00002330      0.87489116D-13
   35  0.00002358      0.91744804D-13
   36  0.00002386      0.96207485D-13
   37  0.00002414      0.10088723D-12
   38  0.00002443      0.10579459D-12
   39  0.00002472      0.11094064D-12
   40  0.00002502      0.11633698D-12
   41  0.00002532      0.12199580D-12
   42  0.00002562      0.12792985D-12
   43  0.00002593      0.13415251D-12
   44  0.00002624      0.14067784D-12
   45  0.00002655      0.14752054D-12
   46  0.00002687      0.15469606D-12
   47  0.00002719      0.16222057D-12
   48  0.00002751      0.17011105D-12
   49  0.00002784      0.17838529D-12
   50  0.00002818      0.18706197D-12
   51  0.00002851      0.19616065D-12
   52  0.00002885      0.20570185D-12
   53  0.00002920      0.21570710D-12
   54  0.00002955      0.22619896D-12
   55  0.00002990      0.23720109D-12
   56  0.00003026      0.24873832D-12
   57  0.00003062      0.26083666D-12
   58  0.00003098      0.27352340D-12
   59  0.00003135      0.28682715D-12
   60  0.00003173      0.30077792D-12
   61  0.00003211      0.31540717D-12
   62  0.00003249      0.33074790D-12
   63  0.00003288      0.34683470D-12
   64  0.00003327      0.36370385D-12
   65  0.00003367      0.38139340D-12
   66  0.00003407      0.39994324D-12
   67  0.00003448      0.41939521D-12
   68  0.00003489      0.43979317D-12
   69  0.00003531      0.46118312D-12
   70  0.00003573      0.48361329D-12
   71  0.00003616      0.50713428D-12
   72  0.00003659      0.53179912D-12
   73  0.00003703      0.55766343D-12
   74  0.00003747      0.58478554D-12
   75  0.00003792      0.61322660D-12
   76  0.00003837      0.64305075D-12
   77  0.00003883      0.67432524D-12
   78  0.00003929      0.70712058D-12
   79  0.00003976      0.74151074D-12
   80  0.00004024      0.77757324D-12
   81  0.00004072      0.81538940D-12
   82  0.00004120      0.85504450D-12
   83  0.00004169      0.89662793D-12
   84  0.00004219      0.94023346D-12
   85  0.00004270      0.98595940D-12
   86  0.00004321      0.10339089D-11
   87  0.00004372      0.10841899D-11
   88  0.00004425      0.11369160D-11
   89  0.00004477      0.11922058D-11
   90  0.00004531      0.12501842D-11
   91  0.00004585      0.13109818D-11
   92  0.00004640      0.13747357D-11
   93  0.00004695      0.14415895D-11
   94  0.00004751      0.15116941D-11
   95  0.00004808      0.15852074D-11
   96  0.00004866      0.16622951D-11
   97  0.00004924      0.17431311D-11
   98  0.00004983      0.18278975D-11
   99  0.00005042      0.19167855D-11
  100  0.00005102      0.20099954D-11
  101  0.00005163      0.21077372D-11
  102  0.00005225      0.22102313D-11
  103  0.00005287      0.23177088D-11
  104  0.00005351      0.24304119D-11
  105  0.00005415      0.25485945D-11
  106  0.00005479      0.26725231D-11
  107  0.00005545      0.28024770D-11
  108  0.00005611      0.29387490D-11
  109  0.00005678      0.30816464D-11
  110  0.00005746      0.32314910D-11
  111  0.00005814      0.33886207D-11
  112  0.00005884      0.35533895D-11
  113  0.00005954      0.37261687D-11
  114  0.00006025      0.39073477D-11
  115  0.00006097      0.40973349D-11
  116  0.00006170      0.42965582D-11
  117  0.00006244      0.45054666D-11
  118  0.00006319      0.47245309D-11
  119  0.00006394      0.49542447D-11
  120  0.00006470      0.51951255D-11
  121  0.00006548      0.54477162D-11
  122  0.00006626      0.57125857D-11
  123  0.00006705      0.59903310D-11
  124  0.00006785      0.62815776D-11
  125  0.00006866      0.65869819D-11
  126  0.00006948      0.69072319D-11
  127  0.00007031      0.72430489D-11
  128  0.00007115      0.75951896D-11
  129  0.00007200      0.79644473D-11
  130  0.00007286      0.83516537D-11
  131  0.00007373      0.87576811D-11
  132  0.00007462      0.91834440D-11
  133  0.00007551      0.96299016D-11
  134  0.00007641      0.10098059D-10
  135  0.00007732      0.10588972D-10
  136  0.00007825      0.11103745D-10
  137  0.00007918      0.11643538D-10
  138  0.00008013      0.12209566D-10
  139  0.00008108      0.12803104D-10
  140  0.00008205      0.13425490D-10
  141  0.00008303      0.14078124D-10
  142  0.00008403      0.14762476D-10
  143  0.00008503      0.15480088D-10
  144  0.00008605      0.16232575D-10
  145  0.00008707      0.17021632D-10
  146  0.00008811      0.17849036D-10
  147  0.00008917      0.18716648D-10
  148  0.00009023      0.19626424D-10
  149  0.00009131      0.20580411D-10
  150  0.00009240      0.21580757D-10
  151  0.00009351      0.22629714D-10
  152  0.00009462      0.23729643D-10
  153  0.00009575      0.24883022D-10
  154  0.00009690      0.26092445D-10
  155  0.00009805      0.27360636D-10
  156  0.00009923      0.28690449D-10
  157  0.00010041      0.30084878D-10
  158  0.00010161      0.31547060D-10
  159  0.00010283      0.33080288D-10
  160  0.00010405      0.34688011D-10
  161  0.00010530      0.36373848D-10
  162  0.00010656      0.38141594D-10
  163  0.00010783      0.39995225D-10
  164  0.00010912      0.41938913D-10
  165  0.00011042      0.43977032D-10
  166  0.00011174      0.46114169D-10
  167  0.00011307      0.48355131D-10
  168  0.00011443      0.50704960D-10
  169  0.00011579      0.53168945D-10
  170  0.00011718      0.55752627D-10
  171  0.00011858      0.58461819D-10
  172  0.00011999      0.61302617D-10
  173  0.00012143      0.64281410D-10
  174  0.00012288      0.67404899D-10
  175  0.00012435      0.70680109D-10
  176  0.00012583      0.74114407D-10
  177  0.00012733      0.77715518D-10
  178  0.00012886      0.81491540D-10
  179  0.00013040      0.85450966D-10
  180  0.00013195      0.89602698D-10
  181  0.00013353      0.93956074D-10
  182  0.00013513      0.98520882D-10
  183  0.00013674      0.10330739D-09
  184  0.00013837      0.10832635D-09
  185  0.00014003      0.11358905D-09
  186  0.00014170      0.11910733D-09
  187  0.00014339      0.12489359D-09
  188  0.00014511      0.13096083D-09
  189  0.00014684      0.13732270D-09
  190  0.00014859      0.14399349D-09
  191  0.00015037      0.15098820D-09
  192  0.00015217      0.15832255D-09
  193  0.00015398      0.16601302D-09
  194  0.00015582      0.17407689D-09
  195  0.00015769      0.18253228D-09
  196  0.00015957      0.19139820D-09
  197  0.00016148      0.20069456D-09
  198  0.00016341      0.21044226D-09
  199  0.00016536      0.22066318D-09
  200  0.00016733      0.23138029D-09
  201  0.00016933      0.24261767D-09
  202  0.00017136      0.25440056D-09
  203  0.00017340      0.26675542D-09
  204  0.00017548      0.27971000D-09
  205  0.00017757      0.29329340D-09
  206  0.00017969      0.30753611D-09
  207  0.00018184      0.32247013D-09
  208  0.00018401      0.33812898D-09
  209  0.00018621      0.35454783D-09
  210  0.00018844      0.37176353D-09
  211  0.00019069      0.38981473D-09
  212  0.00019297      0.40874196D-09
  213  0.00019527      0.42858770D-09
  214  0.00019761      0.44939650D-09
  215  0.00019997      0.47121506D-09
  216  0.00020236      0.49409233D-09
  217  0.00020477      0.51807967D-09
  218  0.00020722      0.54323089D-09
  219  0.00020970      0.56960243D-09
  220  0.00021220      0.59725346D-09
  221  0.00021474      0.62624600D-09
  222  0.00021730      0.65664510D-09
  223  0.00021990      0.68851893D-09
  224  0.00022253      0.72193899D-09
  225  0.00022518      0.75698024D-09
  226  0.00022787      0.79372125D-09
  227  0.00023060      0.83224440D-09
  228  0.00023335      0.87263608D-09
  229  0.00023614      0.91498685D-09
  230  0.00023896      0.95939164D-09
  231  0.00024182      0.10059500D-08
  232  0.00024471      0.10547663D-08
  233  0.00024763      0.11059499D-08
  234  0.00025059      0.11596155D-08
  235  0.00025358      0.12158834D-08
  236  0.00025661      0.12748798D-08
  237  0.00025968      0.13367366D-08
  238  0.00026278      0.14015926D-08
  239  0.00026592      0.14695930D-08
  240  0.00026910      0.15408901D-08
  241  0.00027231      0.16156436D-08
  242  0.00027557      0.16940209D-08
  243  0.00027886      0.17761975D-08
  244  0.00028219      0.18623573D-08
  245  0.00028556      0.19526934D-08
  246  0.00028897      0.20474079D-08
  247  0.00029243      0.21467128D-08
  248  0.00029592      0.22508304D-08
  249  0.00029946      0.23599936D-08
  250  0.00030303      0.24744467D-08
  251  0.00030665      0.25944459D-08
  252  0.00031032      0.27202595D-08
  253  0.00031403      0.28521690D-08
  254  0.00031778      0.29904694D-08
  255  0.00032157      0.31354701D-08
  256  0.00032542      0.32874953D-08
  257  0.00032930      0.34468848D-08
  258  0.00033324      0.36139951D-08
  259  0.00033722      0.37891996D-08
  260  0.00034125      0.39728901D-08
  261  0.00034533      0.41654769D-08
  262  0.00034945      0.43673905D-08
  263  0.00035363      0.45790821D-08
  264  0.00035785      0.48010245D-08
  265  0.00036213      0.50337134D-08
  266  0.00036646      0.52776687D-08
  267  0.00037083      0.55334351D-08
  268  0.00037526      0.58015837D-08
  269  0.00037975      0.60827133D-08
  270  0.00038429      0.63774512D-08
  271  0.00038888      0.66864555D-08
  272  0.00039352      0.70104157D-08
  273  0.00039822      0.73500548D-08
  274  0.00040298      0.77061304D-08
  275  0.00040780      0.80794370D-08
  276  0.00041267      0.84708071D-08
  277  0.00041760      0.88811136D-08
  278  0.00042259      0.93112714D-08
  279  0.00042764      0.97622396D-08
  280  0.00043275      0.10235023D-07
  281  0.00043792      0.10730676D-07
  282  0.00044315      0.11250303D-07
  283  0.00044845      0.11795062D-07
  284  0.00045380      0.12366166D-07
  285  0.00045923      0.12964888D-07
  286  0.00046471      0.13592560D-07
  287  0.00047026      0.14250581D-07
  288  0.00047588      0.14940415D-07
  289  0.00048157      0.15663598D-07
  290  0.00048732      0.16421739D-07
  291  0.00049315      0.17216527D-07
  292  0.00049904      0.18049728D-07
  293  0.00050500      0.18923196D-07
  294  0.00051103      0.19838874D-07
  295  0.00051714      0.20798798D-07
  296  0.00052332      0.21805102D-07
  297  0.00052957      0.22860023D-07
  298  0.00053590      0.23965906D-07
  299  0.00054230      0.25125208D-07
  300  0.00054878      0.26340504D-07
  301  0.00055534      0.27614493D-07
  302  0.00056197      0.28950006D-07
  303  0.00056869      0.30350007D-07
  304  0.00057548      0.31817603D-07
  305  0.00058236      0.33356053D-07
  306  0.00058931      0.34968769D-07
  307  0.00059635      0.36659331D-07
  308  0.00060348      0.38431486D-07
  309  0.00061069      0.40289166D-07
  310  0.00061799      0.42236489D-07
  311  0.00062537      0.44277771D-07
  312  0.00063284      0.46417536D-07
  313  0.00064040      0.48660525D-07
  314  0.00064805      0.51011707D-07
  315  0.00065580      0.53476288D-07
  316  0.00066363      0.56059725D-07
  317  0.00067156      0.58767738D-07
  318  0.00067959      0.61606318D-07
  319  0.00068771      0.64581748D-07
  320  0.00069592      0.67700607D-07
  321  0.00070424      0.70969794D-07
  322  0.00071265      0.74396537D-07
  323  0.00072117      0.77988409D-07
  324  0.00072978      0.81753349D-07
  325  0.00073850      0.85699673D-07
  326  0.00074732      0.89836099D-07
  327  0.00075625      0.94171759D-07
  328  0.00076529      0.98716225D-07
  329  0.00077443      0.10347953D-06
  330  0.00078369      0.10847217D-06
  331  0.00079305      0.11370517D-06
  332  0.00080252      0.11919007D-06
  333  0.00081211      0.12493895D-06
  334  0.00082182      0.13096449D-06
  335  0.00083163      0.13727996D-06
  336  0.00084157      0.14389928D-06
  337  0.00085163      0.15083701D-06
  338  0.00086180      0.15810843D-06
  339  0.00087210      0.16572954D-06
  340  0.00088252      0.17371710D-06
  341  0.00089306      0.18208869D-06
  342  0.00090373      0.19086270D-06
  343  0.00091453      0.20005842D-06
  344  0.00092546      0.20969606D-06
  345  0.00093651      0.21979678D-06
  346  0.00094770      0.23038276D-06
  347  0.00095903      0.24147723D-06
  348  0.00097048      0.25310454D-06
  349  0.00098208      0.26529020D-06
  350  0.00099381      0.27806091D-06
  351  0.00100569      0.29144468D-06
  352  0.00101770      0.30547083D-06
  353  0.00102986      0.32017007D-06
  354  0.00104217      0.33557460D-06
  355  0.00105462      0.35171813D-06
  356  0.00106722      0.36863599D-06
  357  0.00107997      0.38636516D-06
  358  0.00109287      0.40494442D-06
  359  0.00110593      0.42441436D-06
  360  0.00111914      0.44481752D-06
  361  0.00113251      0.46619845D-06
  362  0.00114605      0.48860383D-06
  363  0.00115974      0.51208253D-06
  364  0.00117360      0.53668577D-06
  365  0.00118762      0.56246718D-06
  366  0.00120181      0.58948294D-06
  367  0.00121617      0.61779191D-06
  368  0.00123070      0.64745572D-06
  369  0.00124540      0.67853894D-06
  370  0.00126028      0.71110916D-06
  371  0.00127534      0.74523723D-06
  372  0.00129058      0.78099732D-06
  373  0.00130599      0.81846710D-06
  374  0.00132160      0.85772796D-06
  375  0.00133739      0.89886509D-06
  376  0.00135337      0.94196774D-06
  377  0.00136954      0.98712937D-06
  378  0.00138590      0.10344479D-05
  379  0.00140246      0.10840257D-05
  380  0.00141922      0.11359703D-05
  381  0.00143617      0.11903939D-05
  382  0.00145333      0.12474144D-05
  383  0.00147070      0.13071550D-05
  384  0.00148827      0.13697448D-05
  385  0.00150605      0.14353189D-05
  386  0.00152404      0.15040188D-05
  387  0.00154225      0.15759929D-05
  388  0.00156068      0.16513962D-05
  389  0.00157933      0.17303912D-05
  390  0.00159819      0.18131480D-05
  391  0.00161729      0.18998448D-05
  392  0.00163661      0.19906681D-05
  393  0.00165617      0.20858131D-05
  394  0.00167595      0.21854843D-05
  395  0.00169598      0.22898956D-05
  396  0.00171624      0.23992711D-05
  397  0.00173675      0.25138454D-05
  398  0.00175750      0.26338641D-05
  399  0.00177850      0.27595843D-05
  400  0.00179975      0.28912750D-05
  401  0.00182125      0.30292180D-05
  402  0.00184301      0.31737081D-05
  403  0.00186503      0.33250541D-05
  404  0.00188731      0.34835791D-05
  405  0.00190986      0.36496213D-05
  406  0.00193268      0.38235347D-05
  407  0.00195577      0.40056899D-05
  408  0.00197914      0.41964746D-05
  409  0.00200278      0.43962947D-05
  410  0.00202671      0.46055752D-05
  411  0.00205093      0.48247605D-05
  412  0.00207543      0.50543161D-05
  413  0.00210023      0.52947288D-05
  414  0.00212532      0.55465082D-05
  415  0.00215072      0.58101877D-05
  416  0.00217641      0.60863253D-05
  417  0.00220242      0.63755049D-05
  418  0.00222873      0.66783377D-05
  419  0.00225536      0.69954629D-05
  420  0.00228230      0.73275496D-05
  421  0.00230957      0.76752979D-05
  422  0.00233717      0.80394401D-05
  423  0.00236509      0.84207424D-05
  424  0.00239335      0.88200066D-05
  425  0.00242195      0.92380714D-05
  426  0.00245088      0.96758143D-05
  427  0.00248016      0.10134153D-04
  428  0.00250980      0.10614048D-04
  429  0.00253978      0.11116504D-04
  430  0.00257013      0.11642572D-04
  431  0.00260084      0.12193350D-04
  432  0.00263191      0.12769988D-04
  433  0.00266336      0.13373689D-04
  434  0.00269518      0.14005710D-04
  435  0.00272738      0.14667367D-04
  436  0.00275997      0.15360036D-04
  437  0.00279294      0.16085154D-04
  438  0.00282631      0.16844228D-04
  439  0.00286008      0.17638829D-04
  440  0.00289425      0.18470603D-04
  441  0.00292883      0.19341271D-04
  442  0.00296382      0.20252632D-04
  443  0.00299924      0.21206566D-04
  444  0.00303507      0.22205041D-04
  445  0.00307133      0.23250112D-04
  446  0.00310803      0.24343929D-04
  447  0.00314516      0.25488740D-04
  448  0.00318274      0.26686893D-04
  449  0.00322077      0.27940846D-04
  450  0.00325925      0.29253165D-04
  451  0.00329819      0.30626533D-04
  452  0.00333760      0.32063757D-04
  453  0.00337747      0.33567768D-04
  454  0.00341783      0.35141629D-04
  455  0.00345866      0.36788544D-04
  456  0.00349999      0.38511859D-04
  457  0.00354180      0.40315072D-04
  458  0.00358412      0.42201838D-04
  459  0.00362694      0.44175975D-04
  460  0.00367028      0.46241474D-04
  461  0.00371413      0.48402505D-04
  462  0.00375851      0.50663424D-04
  463  0.00380341      0.53028783D-04
  464  0.00384885      0.55503335D-04
  465  0.00389484      0.58092048D-04
  466  0.00394137      0.60800111D-04
  467  0.00398847      0.63632944D-04
  468  0.00403612      0.66596207D-04
  469  0.00408434      0.69695813D-04
  470  0.00413314      0.72937938D-04
  471  0.00418252      0.76329030D-04
  472  0.00423250      0.79875825D-04
  473  0.00428306      0.83585355D-04
  474  0.00433424      0.87464964D-04
  475  0.00438602      0.91522320D-04
  476  0.00443843      0.95765428D-04
  477  0.00449146      0.10020265D-03
  478  0.00454512      0.10484270D-03
  479  0.00459942      0.10969470D-03
  480  0.00465438      0.11476815D-03
  481  0.00470999      0.12007298D-03
  482  0.00476626      0.12561955D-03
  483  0.00482321      0.13141866D-03
  484  0.00488083      0.13748160D-03
  485  0.00493915      0.14382014D-03
  486  0.00499816      0.15044657D-03
  487  0.00505788      0.15737371D-03
  488  0.00511831      0.16461493D-03
  489  0.00517946      0.17218418D-03
  490  0.00524135      0.18009602D-03
  491  0.00530397      0.18836564D-03
  492  0.00536734      0.19700886D-03
  493  0.00543147      0.20604223D-03
  494  0.00549636      0.21548295D-03
  495  0.00556203      0.22534901D-03
  496  0.00562849      0.23565913D-03
  497  0.00569573      0.24643286D-03
  498  0.00576379      0.25769056D-03
  499  0.00583265      0.26945347D-03
  500  0.00590234      0.28174373D-03
  501  0.00597286      0.29458443D-03
  502  0.00604422      0.30799961D-03
  503  0.00611644      0.32201436D-03
  504  0.00618952      0.33665480D-03
  505  0.00626347      0.35194816D-03
  506  0.00633830      0.36792282D-03
  507  0.00641403      0.38460834D-03
  508  0.00649066      0.40203553D-03
  509  0.00656821      0.42023648D-03
  510  0.00664669      0.43924460D-03
  511  0.00672610      0.45909473D-03
  512  0.00680647      0.47982311D-03
  513  0.00688779      0.50146751D-03
  514  0.00697008      0.52406726D-03
  515  0.00705336      0.54766330D-03
  516  0.00713763      0.57229825D-03
  517  0.00722291      0.59801650D-03
  518  0.00730921      0.62486423D-03
  519  0.00739654      0.65288952D-03
  520  0.00748491      0.68214243D-03
  521  0.00757434      0.71267501D-03
  522  0.00766484      0.74454144D-03
  523  0.00775642      0.77779812D-03
  524  0.00784909      0.81250367D-03
  525  0.00794287      0.84871910D-03
  526  0.00803777      0.88650787D-03
  527  0.00813380      0.92593597D-03
  528  0.00823099      0.96707202D-03
  529  0.00832933      0.10099874D-02
  530  0.00842885      0.10547562D-02
  531  0.00852955      0.11014556D-02
  532  0.00863146      0.11501658D-02
  533  0.00873459      0.12009700D-02
  534  0.00883895      0.12539549D-02
  535  0.00894456      0.13092104D-02
  536  0.00905142      0.13668298D-02
  537  0.00915957      0.14269105D-02
  538  0.00926901      0.14895530D-02
  539  0.00937975      0.15548623D-02
  540  0.00949182      0.16229469D-02
  541  0.00960522      0.16939199D-02
  542  0.00971999      0.17678985D-02
  543  0.00983612      0.18450043D-02
  544  0.00995364      0.19253637D-02
  545  0.01007256      0.20091076D-02
  546  0.01019291      0.20963720D-02
  547  0.01031469      0.21872981D-02
  548  0.01043793      0.22820321D-02
  549  0.01056264      0.23807258D-02
  550  0.01068884      0.24835366D-02
  551  0.01081655      0.25906276D-02
  552  0.01094579      0.27021680D-02
  553  0.01107657      0.28183331D-02
  554  0.01120891      0.29393046D-02
  555  0.01134283      0.30652709D-02
  556  0.01147835      0.31964269D-02
  557  0.01161549      0.33329747D-02
  558  0.01175427      0.34751236D-02
  559  0.01189471      0.36230902D-02
  560  0.01203683      0.37770990D-02
  561  0.01218064      0.39373820D-02
  562  0.01232617      0.41041798D-02
  563  0.01247345      0.42777408D-02
  564  0.01262248      0.44583226D-02
  565  0.01277329      0.46461911D-02
  566  0.01292590      0.48416216D-02
  567  0.01308034      0.50448987D-02
  568  0.01323662      0.52563166D-02
  569  0.01339477      0.54761794D-02
  570  0.01355481      0.57048013D-02
  571  0.01371676      0.59425069D-02
  572  0.01388064      0.61896316D-02
  573  0.01404649      0.64465216D-02
  574  0.01421431      0.67135346D-02
  575  0.01438414      0.69910394D-02
  576  0.01455600      0.72794172D-02
  577  0.01472992      0.75790608D-02
  578  0.01490591      0.78903756D-02
  579  0.01508400      0.82137796D-02
  580  0.01526422      0.85497041D-02
  581  0.01544660      0.88985932D-02
  582  0.01563115      0.92609048D-02
  583  0.01581791      0.96371108D-02
  584  0.01600690      0.10027697D-01
  585  0.01619815      0.10433163D-01
  586  0.01639168      0.10854025D-01
  587  0.01658752      0.11290813D-01
  588  0.01678571      0.11744072D-01
  589  0.01698626      0.12214362D-01
  590  0.01718921      0.12702261D-01
  591  0.01739459      0.13208361D-01
  592  0.01760241      0.13733272D-01
  593  0.01781273      0.14277620D-01
  594  0.01802555      0.14842047D-01
  595  0.01824092      0.15427214D-01
  596  0.01845886      0.16033796D-01
  597  0.01867940      0.16662491D-01
  598  0.01890258      0.17314009D-01
  599  0.01912842      0.17989081D-01
  600  0.01935697      0.18688457D-01
  601  0.01958824      0.19412902D-01
  602  0.01982228      0.20163203D-01
  603  0.02005911      0.20940163D-01
  604  0.02029877      0.21744606D-01
  605  0.02054130      0.22577371D-01
  606  0.02078673      0.23439321D-01
  607  0.02103508      0.24331334D-01
  608  0.02128641      0.25254307D-01
  609  0.02154073      0.26209158D-01
  610  0.02179810      0.27196823D-01
  611  0.02205854      0.28218255D-01
  612  0.02232209      0.29274428D-01
  613  0.02258879      0.30366333D-01
  614  0.02285868      0.31494980D-01
  615  0.02313179      0.32661397D-01
  616  0.02340817      0.33866629D-01
  617  0.02368784      0.35111740D-01
  618  0.02397086      0.36397811D-01
  619  0.02425726      0.37725937D-01
  620  0.02454708      0.39097232D-01
  621  0.02484037      0.40512825D-01
  622  0.02513716      0.41973861D-01
  623  0.02543749      0.43481499D-01
  624  0.02574142      0.45036911D-01
  625  0.02604897      0.46641283D-01
  626  0.02636020      0.48295814D-01
  627  0.02667515      0.50001713D-01
  628  0.02699386      0.51760202D-01
  629  0.02731638      0.53572509D-01
  630  0.02764275      0.55439873D-01
  631  0.02797302      0.57363541D-01
  632  0.02830724      0.59344763D-01
  633  0.02864545      0.61384796D-01
  634  0.02898770      0.63484901D-01
  635  0.02933404      0.65646337D-01
  636  0.02968452      0.67870368D-01
  637  0.03003919      0.70158253D-01
  638  0.03039809      0.72511249D-01
  639  0.03076128      0.74930609D-01
  640  0.03112881      0.77417576D-01
  641  0.03150073      0.79973386D-01
  642  0.03187710      0.82599264D-01
  643  0.03225796      0.85296420D-01
  644  0.03264338      0.88066048D-01
  645  0.03303339      0.90909325D-01
  646  0.03342807      0.93827406D-01
  647  0.03382747      0.96821422D-01
  648  0.03423163      0.99892478D-01
  649  0.03464063      0.10304165D+00
  650  0.03505451      0.10626998D+00
  651  0.03547333      0.10957847D+00
  652  0.03589716      0.11296809D+00
  653  0.03632606      0.11643978D+00
  654  0.03676008      0.11999440D+00
  655  0.03719928      0.12363280D+00
  656  0.03764373      0.12735574D+00
  657  0.03809349      0.13116395D+00
  658  0.03854863      0.13505809D+00
  659  0.03900920      0.13903876D+00
  660  0.03947528      0.14310649D+00
  661  0.03994692      0.14726173D+00
  662  0.04042420      0.15150486D+00
  663  0.04090718      0.15583618D+00
  664  0.04139594      0.16025590D+00
  665  0.04189053      0.16476414D+00
  666  0.04239103      0.16936094D+00
  667  0.04289751      0.17404621D+00
  668  0.04341004      0.17881980D+00
  669  0.04392870      0.18368140D+00
  670  0.04445355      0.18863064D+00
  671  0.04498468      0.19366700D+00
  672  0.04552215      0.19878984D+00
  673  0.04606604      0.20399840D+00
  674  0.04661643      0.20929179D+00
  675  0.04717340      0.21466899D+00
  676  0.04773702      0.22012882D+00
  677  0.04830737      0.22566998D+00
  678  0.04888454      0.23129100D+00
  679  0.04946861      0.23699026D+00
  680  0.05005965      0.24276599D+00
  681  0.05065776      0.24861626D+00
  682  0.05126301      0.25453895D+00
  683  0.05187549      0.26053181D+00
  684  0.05249529      0.26659239D+00
  685  0.05312250      0.27271806D+00
  686  0.05375720      0.27890602D+00
  687  0.05439948      0.28515329D+00
  688  0.05504943      0.29145669D+00
  689  0.05570716      0.29781286D+00
  690  0.05637274      0.30421826D+00
  691  0.05704627      0.31066914D+00
  692  0.05772785      0.31716156D+00
  693  0.05841757      0.32369139D+00
  694  0.05911554      0.33025431D+00
  695  0.05982184      0.33684578D+00
  696  0.06053658      0.34346108D+00
  697  0.06125987      0.35009530D+00
  698  0.06199179      0.35674332D+00
  699  0.06273246      0.36339983D+00
  700  0.06348198      0.37005934D+00
  701  0.06424045      0.37671616D+00
  702  0.06500798      0.38336440D+00
  703  0.06578469      0.38999802D+00
  704  0.06657068      0.39661078D+00
  705  0.06736605      0.40319626D+00
  706  0.06817093      0.40974788D+00
  707  0.06898543      0.41625890D+00
  708  0.06980966      0.42272243D+00
  709  0.07064373      0.42913141D+00
  710  0.07148777      0.43547866D+00
  711  0.07234190      0.44175685D+00
  712  0.07320623      0.44795854D+00
  713  0.07408088      0.45407617D+00
  714  0.07496599      0.46010208D+00
  715  0.07586167      0.46602852D+00
  716  0.07676806      0.47184766D+00
  717  0.07768527      0.47755159D+00
  718  0.07861344      0.48313237D+00
  719  0.07955270      0.48858201D+00
  720  0.08050319      0.49389248D+00
  721  0.08146503      0.49905576D+00
  722  0.08243836      0.50406383D+00
  723  0.08342332      0.50890868D+00
  724  0.08442005      0.51358237D+00
  725  0.08542869      0.51807697D+00
  726  0.08644938      0.52238467D+00
  727  0.08748226      0.52649772D+00
  728  0.08852748      0.53040849D+00
  729  0.08958520      0.53410948D+00
  730  0.09065555      0.53759334D+00
  731  0.09173869      0.54085290D+00
  732  0.09283477      0.54388114D+00
  733  0.09394394      0.54667130D+00
  734  0.09506637      0.54921680D+00
  735  0.09620221      0.55151134D+00
  736  0.09735162      0.55354886D+00
  737  0.09851476      0.55532361D+00
  738  0.09969180      0.55683014D+00
  739  0.10088290      0.55806331D+00
  740  0.10208824      0.55901835D+00
  741  0.10330797      0.55969084D+00
  742  0.10454228      0.56007673D+00
  743  0.10579133      0.56017238D+00
  744  0.10705531      0.55997456D+00
  745  0.10833439      0.55948049D+00
  746  0.10962876      0.55868780D+00
  747  0.11093858      0.55759461D+00
  748  0.11226406      0.55619951D+00
  749  0.11360538      0.55450157D+00
  750  0.11496272      0.55250034D+00
  751  0.11633627      0.55019592D+00
  752  0.11772624      0.54758888D+00
  753  0.11913282      0.54468036D+00
  754  0.12055620      0.54147198D+00
  755  0.12199658      0.53796594D+00
  756  0.12345418      0.53416495D+00
  757  0.12492919      0.53007227D+00
  758  0.12642183      0.52569169D+00
  759  0.12793230      0.52102755D+00
  760  0.12946081      0.51608472D+00
  761  0.13100759      0.51086861D+00
  762  0.13257285      0.50538512D+00
  763  0.13415681      0.49964070D+00
  764  0.13575970      0.49364229D+00
  765  0.13738173      0.48739733D+00
  766  0.13902315      0.48091372D+00
  767  0.14068418      0.47419985D+00
  768  0.14236505      0.46726454D+00
  769  0.14406601      0.46011703D+00
  770  0.14578728      0.45276699D+00
  771  0.14752913      0.44522446D+00
  772  0.14929178      0.43749986D+00
  773  0.15107550      0.42960392D+00
  774  0.15288053      0.42154770D+00
  775  0.15470712      0.41334255D+00
  776  0.15655554      0.40500005D+00
  777  0.15842604      0.39653204D+00
  778  0.16031889      0.38795053D+00
  779  0.16223436      0.37926770D+00
  780  0.16417271      0.37049586D+00
  781  0.16613422      0.36164743D+00
  782  0.16811916      0.35273487D+00
  783  0.17012783      0.34377070D+00
  784  0.17216049      0.33476740D+00
  785  0.17421744      0.32573746D+00
  786  0.17629896      0.31669326D+00
  787  0.17840535      0.30764708D+00
  788  0.18053691      0.29861108D+00
  789  0.18269394      0.28959722D+00
  790  0.18487674      0.28061729D+00
  791  0.18708562      0.27168282D+00
  792  0.18932089      0.26280507D+00
  793  0.19158287      0.25399502D+00
  794  0.19387187      0.24526332D+00
  795  0.19618822      0.23662025D+00
  796  0.19853225      0.22807575D+00
  797  0.20090428      0.21963932D+00
  798  0.20330466      0.21132007D+00
  799  0.20573371      0.20312664D+00
  800  0.20819179      0.19506722D+00
  801  0.21067923      0.18714953D+00
  802  0.21319639      0.17938077D+00
  803  0.21574363      0.17176767D+00
  804  0.21832130      0.16431641D+00
  805  0.22092977      0.15703267D+00
  806  0.22356941      0.14992158D+00
  807  0.22624058      0.14298775D+00
  808  0.22894367      0.13623524D+00
  809  0.23167906      0.12966760D+00
  810  0.23444712      0.12328781D+00
  811  0.23724826      0.11709836D+00
  812  0.24008287      0.11110117D+00
  813  0.24295134      0.10529770D+00
  814  0.24585409      0.99688862D-01
  815  0.24879151      0.94275102D-01
  816  0.25176404      0.89056380D-01
  817  0.25477208      0.84032196D-01
  818  0.25781605      0.79201602D-01
  819  0.26089640      0.74563227D-01
  820  0.26401355      0.70115290D-01
  821  0.26716795      0.65855625D-01
  822  0.27036003      0.61781699D-01
  823  0.27359025      0.57890639D-01
  824  0.27685906      0.54179250D-01
  825  0.28016693      0.50644044D-01
  826  0.28351433      0.47281258D-01
  827  0.28690171      0.44086884D-01
  828  0.29032957      0.41056691D-01
  829  0.29379839      0.38186251D-01
  830  0.29730864      0.35470959D-01
  831  0.30086084      0.32906065D-01
  832  0.30445548      0.30486689D-01
  833  0.30809307      0.28207853D-01
  834  0.31177412      0.26064496D-01
  835  0.31549915      0.24051502D-01
  836  0.31926869      0.22163718D-01
  837  0.32308326      0.20395976D-01
  838  0.32694341      0.18743111D-01
  839  0.33084968      0.17199980D-01
  840  0.33480262      0.15761482D-01
  841  0.33880279      0.14422569D-01
  842  0.34285076      0.13178267D-01
  843  0.34694709      0.12023685D-01
  844  0.35109236      0.10954031D-01
  845  0.35528716      0.99646212D-02
  846  0.35953207      0.90508930D-02
  847  0.36382771      0.82084113D-02
  848  0.36817467      0.74328781D-02
  849  0.37257356      0.67201387D-02
  850  0.37702501      0.60661871D-02
  851  0.38152965      0.54671710D-02
  852  0.38608811      0.49193946D-02
  853  0.39070103      0.44193215D-02
  854  0.39536907      0.39635758D-02
  855  0.40009288      0.35489425D-02
  856  0.40487313      0.31723677D-02
  857  0.40971049      0.28309569D-02
  858  0.41460565      0.25219736D-02
  859  0.41955930      0.22428363D-02
  860  0.42457213      0.19911159D-02
  861  0.42964485      0.17645318D-02
  862  0.43477818      0.15609477D-02
  863  0.43997285      0.13783674D-02
  864  0.44522958      0.12149297D-02
  865  0.45054911      0.10689034D-02
  866  0.45593220      0.93868205D-03
  867  0.46137961      0.82277801D-03
  868  0.46689211      0.71981732D-03
  869  0.47247046      0.62853369D-03
  870  0.47811547      0.54776286D-03
  871  0.48382792      0.47643683D-03
  872  0.48960862      0.41357822D-03
  873  0.49545839      0.35829465D-03
  874  0.50137806      0.30977327D-03
  875  0.50736844      0.26727543D-03
  876  0.51343041      0.23013145D-03
  877  0.51956479      0.19773566D-03
  878  0.52577248      0.16954161D-03
  879  0.53205433      0.14505738D-03
  880  0.53841123      0.12384131D-03
  881  0.54484409      0.10549773D-03
  882  0.55135380      0.89673120D-04
  883  0.55794129      0.76052321D-04
  884  0.56460749      0.64355118D-04
  885  0.57135334      0.54332962D-04
  886  0.57817978      0.45765947D-04
  887  0.58508778      0.38460003D-04
  888  0.59207833      0.32244288D-04
  889  0.59915239      0.26968799D-04
  890  0.60631097      0.22502168D-04
  891  0.61355508      0.18729643D-04
  892  0.62088574      0.15551251D-04
  893  0.62830399      0.12880123D-04
  894  0.63581087      0.10640980D-04
  895  0.64340745      0.87687568D-05
  896  0.65109478      0.72073727D-05
  897  0.65887396      0.59086204D-05
  898  0.66674609      0.48311756D-05
  899  0.67471227      0.39397121D-05
  900  0.68277363      0.32041160D-05
  901  0.69093131      0.25987893D-05
  902  0.69918645      0.21020346D-05
  903  0.70754022      0.16955135D-05
  904  0.71599381      0.13637722D-05
  905  0.72454839      0.10938251D-05
  906  0.73320519      0.87479368D-06
  907  0.74196541      0.69759137D-06
  908  0.75083030      0.55465140D-06
  909  0.75980111      0.43969177D-06
  910  0.76887910      0.34751315D-06
  911  0.77806555      0.27382565D-06
  912  0.78736176      0.21510084D-06
  913  0.79676904      0.16844577D-06
  914  0.80628872      0.13149609D-06
  915  0.81592213      0.10232573D-06
  916  0.82567065      0.79370744D-07
  917  0.83553563      0.61365435D-07
  918  0.84551849      0.47288864D-07
  919  0.85562061      0.36320296D-07
  920  0.86584344      0.27802180D-07
  921  0.87618841      0.21209510D-07
  922  0.88665697      0.16124559D-07
  923  0.89725062      0.12216124D-07
  924  0.90797083      0.92225311D-08
  925  0.91881913      0.69377781D-08
  926  0.92979704      0.52002781D-08
  927  0.94090611      0.38837451D-08
  928  0.95214792      0.28898461D-08
  929  0.96352404      0.21422998D-08
  930  0.97503608      0.15821539D-08
  931  0.98668566      0.11640225D-08
  932  0.99847443      0.85309857D-09
  933  1.01040405      0.62279201D-09
  934  1.02247621      0.45286982D-09
  935  1.03469260      0.32799754D-09
  936  1.04705495      0.23660002D-09
  937  1.05956500      0.16997529D-09
  938  1.07222453      0.12160833D-09
  939  1.08503530      0.86641649D-10
  940  1.09799914      0.61468861D-10
  941  1.11111787      0.43423778D-10
  942  1.12439334      0.30543774D-10
  943  1.13782742      0.21390399D-10
  944  1.15142201      0.14914007D-10
  945  1.16517902      0.10352066D-10
  946  1.17910041      0.71531043D-11
  947  1.19318812      0.49201050D-11
  948  1.20744415      0.33685548D-11
  949  1.22187051      0.22955098D-11
  950  1.23646924      0.15568888D-11
  951  1.25124238      0.10508852D-11
  952  1.26619204      0.70590815D-12
  953  1.28132031      0.47185892D-12
  954  1.29662933      0.31385037D-12
  955  1.31212126      0.20770874D-12
  956  1.32779829      0.13676766D-12
  957  1.34366262      0.89594866D-13
  958  1.35971650      0.58388599D-13
  959  1.37596219      0.37852280D-13
  960  1.39240197      0.24408914D-13
  961  1.40903818      0.15655619D-13
  962  1.42587316      0.99868764D-14
  963  1.44290927      0.63357535D-14
  964  1.46014894      0.39971134D-14
  965  1.47759457      0.25075123D-14
  966  1.49524865      0.15640638D-14
  967  1.51311366      0.96993619D-15
  968  1.53119211      0.59795067D-15
  969  1.54948656      0.36640959D-15
  970  1.56799959      0.22313950D-15
  971  1.58673381      0.13501783D-15
  972  1.60569187      0.81145092D-16
  973  1.62487643      0.48404988D-16
  974  1.64429021      0.28647559D-16
  975  1.66393594      0.16800360D-16
  976  1.68381640      0.96845537D-17
  977  1.70393438      0.55969733D-17
  978  1.72429273      0.32390380D-17
  979  1.74489432      0.18622621D-17
  980  1.76574205      0.10636374D-17
  981  1.78683887      0.60344836D-18
  982  1.80818775      0.00000000D+00
  983  1.82979171      0.00000000D+00
  984  1.85165378      0.00000000D+00
  985  1.87377706      0.00000000D+00
  986  1.89616467      0.00000000D+00
  987  1.91881975      0.00000000D+00
  988  1.94174552      0.00000000D+00
  989  1.96494520      0.00000000D+00
  990  1.98842207      0.00000000D+00
  991  2.01217944      0.00000000D+00
  992  2.03622065      0.00000000D+00
  993  2.06054911      0.00000000D+00
  994  2.08516824      0.00000000D+00
  995  2.11008151      0.00000000D+00
  996  2.13529245      0.00000000D+00
  997  2.16080460      0.00000000D+00
  998  2.18662157      0.00000000D+00
  999  2.21274699      0.00000000D+00
 1000  2.23918456      0.00000000D+00
 1001  2.26593800      0.00000000D+00
 1002  2.29301108      0.00000000D+00
 1003  2.32040763      0.00000000D+00
 1004  2.34813151      0.00000000D+00
 1005  2.37618663      0.00000000D+00
 1006  2.40457695      0.00000000D+00
 1007  2.43330647      0.00000000D+00
 1008  2.46237925      0.00000000D+00
 1009  2.49179938      0.00000000D+00
 1010  2.52157102      0.00000000D+00
 1011  2.55169837      0.00000000D+00
 1012  2.58218568      0.00000000D+00
 1013  2.61303724      0.00000000D+00
 1014  2.64425742      0.00000000D+00
 1015  2.67585061      0.00000000D+00
 1016  2.70782126      0.00000000D+00
 1017  2.74017390      0.00000000D+00
 1018  2.77291309      0.00000000D+00
 1019  2.80604343      0.00000000D+00
 1020  2.83956961      0.00000000D+00
 1021  2.87349636      0.00000000D+00
 1022  2.90782846      0.00000000D+00
 1023  2.94257076      0.00000000D+00
 1024  2.97772815      0.00000000D+00
 1025  3.01330559      0.00000000D+00
 1026  3.04930811      0.00000000D+00
 1027  3.08574078      0.00000000D+00
 1028  3.12260875      0.00000000D+00
 1029  3.15991721      0.00000000D+00
 1030  3.19767142      0.00000000D+00
 1031  3.23587671      0.00000000D+00
 1032  3.27453848      0.00000000D+00
 1033  3.31366217      0.00000000D+00
 1034  3.35325330      0.00000000D+00
 1035  3.39331747      0.00000000D+00
 1036  3.43386031      0.00000000D+00
 1037  3.47488756      0.00000000D+00
 1038  3.51640499      0.00000000D+00
 1039  3.55841846      0.00000000D+00
 1040  3.60093391      0.00000000D+00
