 ir        r              f(r)*r^2
    1  0.00001574      0.56831383D-05
    2  0.00001593      0.58196601D-05
    3  0.00001612      0.59594605D-05
    4  0.00001632      0.61026179D-05
    5  0.00001651      0.62492130D-05
    6  0.00001671      0.63993284D-05
    7  0.00001691      0.65530484D-05
    8  0.00001711      0.67104597D-05
    9  0.00001731      0.68716507D-05
   10  0.00001752      0.70367123D-05
   11  0.00001773      0.72057372D-05
   12  0.00001794      0.73788207D-05
   13  0.00001816      0.75560600D-05
   14  0.00001837      0.77375550D-05
   15  0.00001859      0.79234077D-05
   16  0.00001881      0.81137227D-05
   17  0.00001904      0.83086072D-05
   18  0.00001927      0.85081706D-05
   19  0.00001950      0.87125254D-05
   20  0.00001973      0.89217864D-05
   21  0.00001997      0.91360714D-05
   22  0.00002020      0.93555009D-05
   23  0.00002045      0.95801984D-05
   24  0.00002069      0.98102902D-05
   25  0.00002094      0.10045906D-04
   26  0.00002119      0.10287178D-04
   27  0.00002144      0.10534241D-04
   28  0.00002170      0.10787236D-04
   29  0.00002196      0.11046304D-04
   30  0.00002222      0.11311591D-04
   31  0.00002248      0.11583245D-04
   32  0.00002275      0.11861421D-04
   33  0.00002302      0.12146274D-04
   34  0.00002330      0.12437964D-04
   35  0.00002358      0.12736656D-04
   36  0.00002386      0.13042516D-04
   37  0.00002414      0.13355718D-04
   38  0.00002443      0.13676438D-04
   39  0.00002472      0.14004855D-04
   40  0.00002502      0.14341154D-04
   41  0.00002532      0.14685524D-04
   42  0.00002562      0.15038159D-04
   43  0.00002593      0.15399257D-04
   44  0.00002624      0.15769021D-04
   45  0.00002655      0.16147659D-04
   46  0.00002687      0.16535383D-04
   47  0.00002719      0.16932411D-04
   48  0.00002751      0.17338967D-04
   49  0.00002784      0.17755279D-04
   50  0.00002818      0.18181580D-04
   51  0.00002851      0.18618110D-04
   52  0.00002885      0.19065115D-04
   53  0.00002920      0.19522846D-04
   54  0.00002955      0.19991559D-04
   55  0.00002990      0.20471518D-04
   56  0.00003026      0.20962992D-04
   57  0.00003062      0.21466258D-04
   58  0.00003098      0.21981599D-04
   59  0.00003135      0.22509302D-04
   60  0.00003173      0.23049665D-04
   61  0.00003211      0.23602992D-04
   62  0.00003249      0.24169593D-04
   63  0.00003288      0.24749785D-04
   64  0.00003327      0.25343895D-04
   65  0.00003367      0.25952256D-04
   66  0.00003407      0.26575210D-04
   67  0.00003448      0.27213107D-04
   68  0.00003489      0.27866303D-04
   69  0.00003531      0.28535167D-04
   70  0.00003573      0.29220072D-04
   71  0.00003616      0.29921405D-04
   72  0.00003659      0.30639557D-04
   73  0.00003703      0.31374932D-04
   74  0.00003747      0.32127943D-04
   75  0.00003792      0.32899012D-04
   76  0.00003837      0.33688571D-04
   77  0.00003883      0.34497064D-04
   78  0.00003929      0.35324943D-04
   79  0.00003976      0.36172673D-04
   80  0.00004024      0.37040730D-04
   81  0.00004072      0.37929600D-04
   82  0.00004120      0.38839782D-04
   83  0.00004169      0.39771785D-04
   84  0.00004219      0.40726133D-04
   85  0.00004270      0.41703360D-04
   86  0.00004321      0.42704014D-04
   87  0.00004372      0.43728656D-04
   88  0.00004425      0.44777861D-04
   89  0.00004477      0.45852215D-04
   90  0.00004531      0.46952321D-04
   91  0.00004585      0.48078796D-04
   92  0.00004640      0.49232270D-04
   93  0.00004695      0.50413389D-04
   94  0.00004751      0.51622816D-04
   95  0.00004808      0.52861228D-04
   96  0.00004866      0.54129318D-04
   97  0.00004924      0.55427796D-04
   98  0.00004983      0.56757389D-04
   99  0.00005042      0.58118843D-04
  100  0.00005102      0.59512918D-04
  101  0.00005163      0.60940395D-04
  102  0.00005225      0.62402074D-04
  103  0.00005287      0.63898772D-04
  104  0.00005351      0.65431328D-04
  105  0.00005415      0.67000597D-04
  106  0.00005479      0.68607459D-04
  107  0.00005545      0.70252813D-04
  108  0.00005611      0.71937578D-04
  109  0.00005678      0.73662698D-04
  110  0.00005746      0.75429137D-04
  111  0.00005814      0.77237882D-04
  112  0.00005884      0.79089945D-04
  113  0.00005954      0.80986362D-04
  114  0.00006025      0.82928193D-04
  115  0.00006097      0.84916523D-04
  116  0.00006170      0.86952464D-04
  117  0.00006244      0.89037152D-04
  118  0.00006319      0.91171754D-04
  119  0.00006394      0.93357461D-04
  120  0.00006470      0.95595495D-04
  121  0.00006548      0.97887105D-04
  122  0.00006626      0.10023357D-03
  123  0.00006705      0.10263621D-03
  124  0.00006785      0.10509635D-03
  125  0.00006866      0.10761537D-03
  126  0.00006948      0.11019469D-03
  127  0.00007031      0.11283573D-03
  128  0.00007115      0.11553997D-03
  129  0.00007200      0.11830892D-03
  130  0.00007286      0.12114413D-03
  131  0.00007373      0.12404718D-03
  132  0.00007462      0.12701968D-03
  133  0.00007551      0.13006329D-03
  134  0.00007641      0.13317972D-03
  135  0.00007732      0.13637070D-03
  136  0.00007825      0.13963800D-03
  137  0.00007918      0.14298345D-03
  138  0.00008013      0.14640892D-03
  139  0.00008108      0.14991631D-03
  140  0.00008205      0.15350757D-03
  141  0.00008303      0.15718471D-03
  142  0.00008403      0.16094977D-03
  143  0.00008503      0.16480486D-03
  144  0.00008605      0.16875211D-03
  145  0.00008707      0.17279372D-03
  146  0.00008811      0.17693196D-03
  147  0.00008917      0.18116910D-03
  148  0.00009023      0.18550753D-03
  149  0.00009131      0.18994964D-03
  150  0.00009240      0.19449791D-03
  151  0.00009351      0.19915487D-03
  152  0.00009462      0.20392310D-03
  153  0.00009575      0.20880527D-03
  154  0.00009690      0.21380408D-03
  155  0.00009805      0.21892230D-03
  156  0.00009923      0.22416280D-03
  157  0.00010041      0.22952846D-03
  158  0.00010161      0.23502229D-03
  159  0.00010283      0.24064732D-03
  160  0.00010405      0.24640668D-03
  161  0.00010530      0.25230356D-03
  162  0.00010656      0.25834125D-03
  163  0.00010783      0.26452308D-03
  164  0.00010912      0.27085249D-03
  165  0.00011042      0.27733299D-03
  166  0.00011174      0.28396818D-03
  167  0.00011307      0.29076172D-03
  168  0.00011443      0.29771740D-03
  169  0.00011579      0.30483905D-03
  170  0.00011718      0.31213064D-03
  171  0.00011858      0.31959619D-03
  172  0.00011999      0.32723984D-03
  173  0.00012143      0.33506582D-03
  174  0.00012288      0.34307848D-03
  175  0.00012435      0.35128223D-03
  176  0.00012583      0.35968162D-03
  177  0.00012733      0.36828130D-03
  178  0.00012886      0.37708602D-03
  179  0.00013040      0.38610065D-03
  180  0.00013195      0.39533017D-03
  181  0.00013353      0.40477969D-03
  182  0.00013513      0.41445442D-03
  183  0.00013674      0.42435971D-03
  184  0.00013837      0.43450103D-03
  185  0.00014003      0.44488397D-03
  186  0.00014170      0.45551427D-03
  187  0.00014339      0.46639780D-03
  188  0.00014511      0.47754055D-03
  189  0.00014684      0.48894868D-03
  190  0.00014859      0.50062846D-03
  191  0.00015037      0.51258635D-03
  192  0.00015217      0.52482892D-03
  193  0.00015398      0.53736293D-03
  194  0.00015582      0.55019527D-03
  195  0.00015769      0.56333301D-03
  196  0.00015957      0.57678337D-03
  197  0.00016148      0.59055377D-03
  198  0.00016341      0.60465177D-03
  199  0.00016536      0.61908513D-03
  200  0.00016733      0.63386178D-03
  201  0.00016933      0.64898984D-03
  202  0.00017136      0.66447762D-03
  203  0.00017340      0.68033362D-03
  204  0.00017548      0.69656656D-03
  205  0.00017757      0.71318533D-03
  206  0.00017969      0.73019906D-03
  207  0.00018184      0.74761708D-03
  208  0.00018401      0.76544893D-03
  209  0.00018621      0.78370440D-03
  210  0.00018844      0.80239347D-03
  211  0.00019069      0.82152639D-03
  212  0.00019297      0.84111364D-03
  213  0.00019527      0.86116592D-03
  214  0.00019761      0.88169421D-03
  215  0.00019997      0.90270973D-03
  216  0.00020236      0.92422398D-03
  217  0.00020477      0.94624871D-03
  218  0.00020722      0.96879595D-03
  219  0.00020970      0.99187801D-03
  220  0.00021220      0.10155075D-02
  221  0.00021474      0.10396973D-02
  222  0.00021730      0.10644606D-02
  223  0.00021990      0.10898109D-02
  224  0.00022253      0.11157620D-02
  225  0.00022518      0.11423280D-02
  226  0.00022787      0.11695235D-02
  227  0.00023060      0.11973632D-02
  228  0.00023335      0.12258622D-02
  229  0.00023614      0.12550361D-02
  230  0.00023896      0.12849007D-02
  231  0.00024182      0.13154722D-02
  232  0.00024471      0.13467672D-02
  233  0.00024763      0.13788028D-02
  234  0.00025059      0.14115962D-02
  235  0.00025358      0.14451653D-02
  236  0.00025661      0.14795283D-02
  237  0.00025968      0.15147038D-02
  238  0.00026278      0.15507107D-02
  239  0.00026592      0.15875687D-02
  240  0.00026910      0.16252976D-02
  241  0.00027231      0.16639178D-02
  242  0.00027557      0.17034502D-02
  243  0.00027886      0.17439162D-02
  244  0.00028219      0.17853375D-02
  245  0.00028556      0.18277366D-02
  246  0.00028897      0.18711363D-02
  247  0.00029243      0.19155599D-02
  248  0.00029592      0.19610314D-02
  249  0.00029946      0.20075753D-02
  250  0.00030303      0.20552165D-02
  251  0.00030665      0.21039808D-02
  252  0.00031032      0.21538943D-02
  253  0.00031403      0.22049838D-02
  254  0.00031778      0.22572767D-02
  255  0.00032157      0.23108011D-02
  256  0.00032542      0.23655857D-02
  257  0.00032930      0.24216597D-02
  258  0.00033324      0.24790533D-02
  259  0.00033722      0.25377971D-02
  260  0.00034125      0.25979224D-02
  261  0.00034533      0.26594616D-02
  262  0.00034945      0.27224473D-02
  263  0.00035363      0.27869132D-02
  264  0.00035785      0.28528937D-02
  265  0.00036213      0.29204238D-02
  266  0.00036646      0.29895397D-02
  267  0.00037083      0.30602780D-02
  268  0.00037526      0.31326763D-02
  269  0.00037975      0.32067731D-02
  270  0.00038429      0.32826078D-02
  271  0.00038888      0.33602205D-02
  272  0.00039352      0.34396524D-02
  273  0.00039822      0.35209456D-02
  274  0.00040298      0.36041431D-02
  275  0.00040780      0.36892888D-02
  276  0.00041267      0.37764279D-02
  277  0.00041760      0.38656062D-02
  278  0.00042259      0.39568708D-02
  279  0.00042764      0.40502699D-02
  280  0.00043275      0.41458526D-02
  281  0.00043792      0.42436691D-02
  282  0.00044315      0.43437711D-02
  283  0.00044845      0.44462109D-02
  284  0.00045380      0.45510424D-02
  285  0.00045923      0.46583206D-02
  286  0.00046471      0.47681015D-02
  287  0.00047026      0.48804428D-02
  288  0.00047588      0.49954032D-02
  289  0.00048157      0.51130426D-02
  290  0.00048732      0.52334226D-02
  291  0.00049315      0.53566058D-02
  292  0.00049904      0.54826564D-02
  293  0.00050500      0.56116401D-02
  294  0.00051103      0.57436238D-02
  295  0.00051714      0.58786762D-02
  296  0.00052332      0.60168672D-02
  297  0.00052957      0.61582686D-02
  298  0.00053590      0.63029535D-02
  299  0.00054230      0.64509967D-02
  300  0.00054878      0.66024747D-02
  301  0.00055534      0.67574656D-02
  302  0.00056197      0.69160495D-02
  303  0.00056869      0.70783078D-02
  304  0.00057548      0.72443241D-02
  305  0.00058236      0.74141837D-02
  306  0.00058931      0.75879737D-02
  307  0.00059635      0.77657831D-02
  308  0.00060348      0.79477030D-02
  309  0.00061069      0.81338264D-02
  310  0.00061799      0.83242482D-02
  311  0.00062537      0.85190657D-02
  312  0.00063284      0.87183781D-02
  313  0.00064040      0.89222867D-02
  314  0.00064805      0.91308951D-02
  315  0.00065580      0.93443092D-02
  316  0.00066363      0.95626370D-02
  317  0.00067156      0.97859892D-02
  318  0.00067959      0.10014478D-01
  319  0.00068771      0.10248220D-01
  320  0.00069592      0.10487332D-01
  321  0.00070424      0.10731934D-01
  322  0.00071265      0.10982150D-01
  323  0.00072117      0.11238105D-01
  324  0.00072978      0.11499926D-01
  325  0.00073850      0.11767746D-01
  326  0.00074732      0.12041698D-01
  327  0.00075625      0.12321918D-01
  328  0.00076529      0.12608547D-01
  329  0.00077443      0.12901726D-01
  330  0.00078369      0.13201600D-01
  331  0.00079305      0.13508320D-01
  332  0.00080252      0.13822036D-01
  333  0.00081211      0.14142903D-01
  334  0.00082182      0.14471079D-01
  335  0.00083163      0.14806727D-01
  336  0.00084157      0.15150010D-01
  337  0.00085163      0.15501098D-01
  338  0.00086180      0.15860161D-01
  339  0.00087210      0.16227377D-01
  340  0.00088252      0.16602923D-01
  341  0.00089306      0.16986983D-01
  342  0.00090373      0.17379743D-01
  343  0.00091453      0.17781394D-01
  344  0.00092546      0.18192130D-01
  345  0.00093651      0.18612150D-01
  346  0.00094770      0.19041656D-01
  347  0.00095903      0.19480855D-01
  348  0.00097048      0.19929957D-01
  349  0.00098208      0.20389179D-01
  350  0.00099381      0.20858740D-01
  351  0.00100569      0.21338863D-01
  352  0.00101770      0.21829778D-01
  353  0.00102986      0.22331717D-01
  354  0.00104217      0.22844919D-01
  355  0.00105462      0.23369626D-01
  356  0.00106722      0.23906086D-01
  357  0.00107997      0.24454552D-01
  358  0.00109287      0.25015281D-01
  359  0.00110593      0.25588537D-01
  360  0.00111914      0.26174586D-01
  361  0.00113251      0.26773703D-01
  362  0.00114605      0.27386165D-01
  363  0.00115974      0.28012258D-01
  364  0.00117360      0.28652271D-01
  365  0.00118762      0.29306499D-01
  366  0.00120181      0.29975244D-01
  367  0.00121617      0.30658813D-01
  368  0.00123070      0.31357519D-01
  369  0.00124540      0.32071681D-01
  370  0.00126028      0.32801623D-01
  371  0.00127534      0.33547679D-01
  372  0.00129058      0.34310185D-01
  373  0.00130599      0.35089485D-01
  374  0.00132160      0.35885932D-01
  375  0.00133739      0.36699881D-01
  376  0.00135337      0.37531698D-01
  377  0.00136954      0.38381753D-01
  378  0.00138590      0.39250424D-01
  379  0.00140246      0.40138097D-01
  380  0.00141922      0.41045164D-01
  381  0.00143617      0.41972024D-01
  382  0.00145333      0.42919084D-01
  383  0.00147070      0.43886758D-01
  384  0.00148827      0.44875469D-01
  385  0.00150605      0.45885645D-01
  386  0.00152404      0.46917725D-01
  387  0.00154225      0.47972153D-01
  388  0.00156068      0.49049382D-01
  389  0.00157933      0.50149875D-01
  390  0.00159819      0.51274100D-01
  391  0.00161729      0.52422535D-01
  392  0.00163661      0.53595666D-01
  393  0.00165617      0.54793989D-01
  394  0.00167595      0.56018006D-01
  395  0.00169598      0.57268230D-01
  396  0.00171624      0.58545181D-01
  397  0.00173675      0.59849389D-01
  398  0.00175750      0.61181394D-01
  399  0.00177850      0.62541742D-01
  400  0.00179975      0.63930991D-01
  401  0.00182125      0.65349707D-01
  402  0.00184301      0.66798467D-01
  403  0.00186503      0.68277855D-01
  404  0.00188731      0.69788467D-01
  405  0.00190986      0.71330906D-01
  406  0.00193268      0.72905788D-01
  407  0.00195577      0.74513737D-01
  408  0.00197914      0.76155386D-01
  409  0.00200278      0.77831380D-01
  410  0.00202671      0.79542373D-01
  411  0.00205093      0.81289030D-01
  412  0.00207543      0.83072025D-01
  413  0.00210023      0.84892042D-01
  414  0.00212532      0.86749779D-01
  415  0.00215072      0.88645939D-01
  416  0.00217641      0.90581239D-01
  417  0.00220242      0.92556407D-01
  418  0.00222873      0.94572180D-01
  419  0.00225536      0.96629305D-01
  420  0.00228230      0.98728541D-01
  421  0.00230957      0.10087066D+00
  422  0.00233717      0.10305644D+00
  423  0.00236509      0.10528667D+00
  424  0.00239335      0.10756215D+00
  425  0.00242195      0.10988370D+00
  426  0.00245088      0.11225215D+00
  427  0.00248016      0.11466831D+00
  428  0.00250980      0.11713305D+00
  429  0.00253978      0.11964721D+00
  430  0.00257013      0.12221166D+00
  431  0.00260084      0.12482728D+00
  432  0.00263191      0.12749496D+00
  433  0.00266336      0.13021560D+00
  434  0.00269518      0.13299010D+00
  435  0.00272738      0.13581939D+00
  436  0.00275997      0.13870439D+00
  437  0.00279294      0.14164605D+00
  438  0.00282631      0.14464532D+00
  439  0.00286008      0.14770316D+00
  440  0.00289425      0.15082054D+00
  441  0.00292883      0.15399844D+00
  442  0.00296382      0.15723786D+00
  443  0.00299924      0.16053979D+00
  444  0.00303507      0.16390524D+00
  445  0.00307133      0.16733525D+00
  446  0.00310803      0.17083082D+00
  447  0.00314516      0.17439300D+00
  448  0.00318274      0.17802285D+00
  449  0.00322077      0.18172140D+00
  450  0.00325925      0.18548973D+00
  451  0.00329819      0.18932891D+00
  452  0.00333760      0.19324001D+00
  453  0.00337747      0.19722413D+00
  454  0.00341783      0.20128234D+00
  455  0.00345866      0.20541576D+00
  456  0.00349999      0.20962549D+00
  457  0.00354180      0.21391265D+00
  458  0.00358412      0.21827834D+00
  459  0.00362694      0.22272369D+00
  460  0.00367028      0.22724983D+00
  461  0.00371413      0.23185788D+00
  462  0.00375851      0.23654900D+00
  463  0.00380341      0.24132430D+00
  464  0.00384885      0.24618494D+00
  465  0.00389484      0.25113205D+00
  466  0.00394137      0.25616679D+00
  467  0.00398847      0.26129029D+00
  468  0.00403612      0.26650370D+00
  469  0.00408434      0.27180816D+00
  470  0.00413314      0.27720483D+00
  471  0.00418252      0.28269484D+00
  472  0.00423250      0.28827933D+00
  473  0.00428306      0.29395943D+00
  474  0.00433424      0.29973629D+00
  475  0.00438602      0.30561102D+00
  476  0.00443843      0.31158474D+00
  477  0.00449146      0.31765858D+00
  478  0.00454512      0.32383363D+00
  479  0.00459942      0.33011100D+00
  480  0.00465438      0.33649177D+00
  481  0.00470999      0.34297702D+00
  482  0.00476626      0.34956781D+00
  483  0.00482321      0.35626519D+00
  484  0.00488083      0.36307021D+00
  485  0.00493915      0.36998389D+00
  486  0.00499816      0.37700722D+00
  487  0.00505788      0.38414121D+00
  488  0.00511831      0.39138681D+00
  489  0.00517946      0.39874498D+00
  490  0.00524135      0.40621664D+00
  491  0.00530397      0.41380270D+00
  492  0.00536734      0.42150404D+00
  493  0.00543147      0.42932150D+00
  494  0.00549636      0.43725591D+00
  495  0.00556203      0.44530807D+00
  496  0.00562849      0.45347874D+00
  497  0.00569573      0.46176865D+00
  498  0.00576379      0.47017850D+00
  499  0.00583265      0.47870895D+00
  500  0.00590234      0.48736062D+00
  501  0.00597286      0.49613410D+00
  502  0.00604422      0.50502992D+00
  503  0.00611644      0.51404859D+00
  504  0.00618952      0.52319056D+00
  505  0.00626347      0.53245624D+00
  506  0.00633830      0.54184597D+00
  507  0.00641403      0.55136006D+00
  508  0.00649066      0.56099877D+00
  509  0.00656821      0.57076228D+00
  510  0.00664669      0.58065074D+00
  511  0.00672610      0.59066421D+00
  512  0.00680647      0.60080272D+00
  513  0.00688779      0.61106621D+00
  514  0.00697008      0.62145457D+00
  515  0.00705336      0.63196760D+00
  516  0.00713763      0.64260504D+00
  517  0.00722291      0.65336656D+00
  518  0.00730921      0.66425175D+00
  519  0.00739654      0.67526012D+00
  520  0.00748491      0.68639110D+00
  521  0.00757434      0.69764402D+00
  522  0.00766484      0.70901814D+00
  523  0.00775642      0.72051263D+00
  524  0.00784909      0.73212657D+00
  525  0.00794287      0.74385893D+00
  526  0.00803777      0.75570859D+00
  527  0.00813380      0.76767434D+00
  528  0.00823099      0.77975486D+00
  529  0.00832933      0.79194871D+00
  530  0.00842885      0.80425437D+00
  531  0.00852955      0.81667019D+00
  532  0.00863146      0.82919441D+00
  533  0.00873459      0.84182516D+00
  534  0.00883895      0.85456043D+00
  535  0.00894456      0.86739813D+00
  536  0.00905142      0.88033601D+00
  537  0.00915957      0.89337171D+00
  538  0.00926901      0.90650273D+00
  539  0.00937975      0.91972645D+00
  540  0.00949182      0.93304011D+00
  541  0.00960522      0.94644081D+00
  542  0.00971999      0.95992553D+00
  543  0.00983612      0.97349109D+00
  544  0.00995364      0.98713417D+00
  545  0.01007256      0.10008513D+01
  546  0.01019291      0.10146389D+01
  547  0.01031469      0.10284932D+01
  548  0.01043793      0.10424102D+01
  549  0.01056264      0.10563860D+01
  550  0.01068884      0.10704162D+01
  551  0.01081655      0.10844966D+01
  552  0.01094579      0.10986226D+01
  553  0.01107657      0.11127895D+01
  554  0.01120891      0.11269924D+01
  555  0.01134283      0.11412263D+01
  556  0.01147835      0.11554861D+01
  557  0.01161549      0.11697663D+01
  558  0.01175427      0.11840616D+01
  559  0.01189471      0.11983662D+01
  560  0.01203683      0.12126742D+01
  561  0.01218064      0.12269798D+01
  562  0.01232617      0.12412767D+01
  563  0.01247345      0.12555585D+01
  564  0.01262248      0.12698188D+01
  565  0.01277329      0.12840510D+01
  566  0.01292590      0.12982481D+01
  567  0.01308034      0.13124033D+01
  568  0.01323662      0.13265093D+01
  569  0.01339477      0.13405589D+01
  570  0.01355481      0.13545445D+01
  571  0.01371676      0.13684587D+01
  572  0.01388064      0.13822935D+01
  573  0.01404649      0.13960411D+01
  574  0.01421431      0.14096934D+01
  575  0.01438414      0.14232422D+01
  576  0.01455600      0.14366792D+01
  577  0.01472992      0.14499958D+01
  578  0.01490591      0.14631835D+01
  579  0.01508400      0.14762334D+01
  580  0.01526422      0.14891368D+01
  581  0.01544660      0.15018846D+01
  582  0.01563115      0.15144678D+01
  583  0.01581791      0.15268771D+01
  584  0.01600690      0.15391032D+01
  585  0.01619815      0.15511368D+01
  586  0.01639168      0.15629683D+01
  587  0.01658752      0.15745883D+01
  588  0.01678571      0.15859870D+01
  589  0.01698626      0.15971548D+01
  590  0.01718921      0.16080820D+01
  591  0.01739459      0.16187588D+01
  592  0.01760241      0.16291753D+01
  593  0.01781273      0.16393217D+01
  594  0.01802555      0.16491881D+01
  595  0.01824092      0.16587648D+01
  596  0.01845886      0.16680417D+01
  597  0.01867940      0.16770091D+01
  598  0.01890258      0.16856571D+01
  599  0.01912842      0.16939761D+01
  600  0.01935697      0.17019562D+01
  601  0.01958824      0.17095878D+01
  602  0.01982228      0.17168613D+01
  603  0.02005911      0.17237672D+01
  604  0.02029877      0.17302963D+01
  605  0.02054130      0.17364391D+01
  606  0.02078673      0.17421865D+01
  607  0.02103508      0.17475297D+01
  608  0.02128641      0.17524597D+01
  609  0.02154073      0.17569678D+01
  610  0.02179810      0.17610458D+01
  611  0.02205854      0.17646852D+01
  612  0.02232209      0.17678781D+01
  613  0.02258879      0.17706167D+01
  614  0.02285868      0.17728934D+01
  615  0.02313179      0.17747010D+01
  616  0.02340817      0.17760324D+01
  617  0.02368784      0.17768810D+01
  618  0.02397086      0.17772404D+01
  619  0.02425726      0.17771046D+01
  620  0.02454708      0.17764679D+01
  621  0.02484037      0.17753248D+01
  622  0.02513716      0.17736706D+01
  623  0.02543749      0.17715005D+01
  624  0.02574142      0.17688104D+01
  625  0.02604897      0.17655966D+01
  626  0.02636020      0.17618558D+01
  627  0.02667515      0.17575851D+01
  628  0.02699386      0.17527821D+01
  629  0.02731638      0.17474449D+01
  630  0.02764275      0.17415721D+01
  631  0.02797302      0.17351626D+01
  632  0.02830724      0.17282162D+01
  633  0.02864545      0.17207329D+01
  634  0.02898770      0.17127134D+01
  635  0.02933404      0.17041587D+01
  636  0.02968452      0.16950707D+01
  637  0.03003919      0.16854517D+01
  638  0.03039809      0.16753045D+01
  639  0.03076128      0.16646325D+01
  640  0.03112881      0.16534397D+01
  641  0.03150073      0.16417308D+01
  642  0.03187710      0.16295109D+01
  643  0.03225796      0.16167859D+01
  644  0.03264338      0.16035620D+01
  645  0.03303339      0.15898462D+01
  646  0.03342807      0.15756461D+01
  647  0.03382747      0.15609699D+01
  648  0.03423163      0.15458262D+01
  649  0.03464063      0.15302243D+01
  650  0.03505451      0.15141743D+01
  651  0.03547333      0.14976864D+01
  652  0.03589716      0.14807718D+01
  653  0.03632606      0.14634421D+01
  654  0.03676008      0.14457093D+01
  655  0.03719928      0.14275861D+01
  656  0.03764373      0.14090857D+01
  657  0.03809349      0.13902217D+01
  658  0.03854863      0.13710084D+01
  659  0.03900920      0.13514604D+01
  660  0.03947528      0.13315928D+01
  661  0.03994692      0.13114210D+01
  662  0.04042420      0.12909612D+01
  663  0.04090718      0.12702295D+01
  664  0.04139594      0.12492427D+01
  665  0.04189053      0.12280179D+01
  666  0.04239103      0.12065724D+01
  667  0.04289751      0.11849239D+01
  668  0.04341004      0.11630903D+01
  669  0.04392870      0.11410898D+01
  670  0.04445355      0.11189407D+01
  671  0.04498468      0.10966617D+01
  672  0.04552215      0.10742714D+01
  673  0.04606604      0.10517886D+01
  674  0.04661643      0.10292323D+01
  675  0.04717340      0.10066213D+01
  676  0.04773702      0.98397476D+00
  677  0.04830737      0.96131150D+00
  678  0.04888454      0.93865047D+00
  679  0.04946861      0.91601048D+00
  680  0.05005965      0.89341025D+00
  681  0.05065776      0.87086833D+00
  682  0.05126301      0.84840307D+00
  683  0.05187549      0.82603265D+00
  684  0.05249529      0.80377494D+00
  685  0.05312250      0.78164757D+00
  686  0.05375720      0.75966782D+00
  687  0.05439948      0.73785263D+00
  688  0.05504943      0.71621858D+00
  689  0.05570716      0.69478181D+00
  690  0.05637274      0.67355803D+00
  691  0.05704627      0.65256249D+00
  692  0.05772785      0.63180991D+00
  693  0.05841757      0.61131454D+00
  694  0.05911554      0.59109003D+00
  695  0.05982184      0.57114950D+00
  696  0.06053658      0.55150546D+00
  697  0.06125987      0.53216980D+00
  698  0.06199179      0.51315379D+00
  699  0.06273246      0.49446806D+00
  700  0.06348198      0.47612255D+00
  701  0.06424045      0.45812655D+00
  702  0.06500798      0.44048865D+00
  703  0.06578469      0.42321673D+00
  704  0.06657068      0.40631799D+00
  705  0.06736605      0.38979890D+00
  706  0.06817093      0.37366522D+00
  707  0.06898543      0.35792199D+00
  708  0.06980966      0.34257354D+00
  709  0.07064373      0.32762348D+00
  710  0.07148777      0.31307470D+00
  711  0.07234190      0.29892941D+00
  712  0.07320623      0.28518911D+00
  713  0.07408088      0.27185461D+00
  714  0.07496599      0.25892604D+00
  715  0.07586167      0.24640289D+00
  716  0.07676806      0.23428399D+00
  717  0.07768527      0.22256755D+00
  718  0.07861344      0.21125115D+00
  719  0.07955270      0.20033180D+00
  720  0.08050319      0.18980594D+00
  721  0.08146503      0.17966946D+00
  722  0.08243836      0.16991771D+00
  723  0.08342332      0.16054558D+00
  724  0.08442005      0.15154746D+00
  725  0.08542869      0.14291731D+00
  726  0.08644938      0.13464865D+00
  727  0.08748226      0.12673465D+00
  728  0.08852748      0.11916809D+00
  729  0.08958520      0.11194144D+00
  730  0.09065555      0.10504684D+00
  731  0.09173869      0.98476198D-01
  732  0.09283477      0.92221152D-01
  733  0.09394394      0.86273138D-01
  734  0.09506637      0.80623411D-01
  735  0.09620221      0.75263069D-01
  736  0.09735162      0.70183088D-01
  737  0.09851476      0.65374346D-01
  738  0.09969180      0.60827654D-01
  739  0.10088290      0.56533780D-01
  740  0.10208824      0.52483473D-01
  741  0.10330797      0.48667496D-01
  742  0.10454228      0.45076642D-01
  743  0.10579133      0.41701759D-01
  744  0.10705531      0.38533774D-01
  745  0.10833439      0.35563714D-01
  746  0.10962876      0.32782721D-01
  747  0.11093858      0.30182076D-01
  748  0.11226406      0.27753212D-01
  749  0.11360538      0.25487731D-01
  750  0.11496272      0.23377417D-01
  751  0.11633627      0.21414253D-01
  752  0.11772624      0.19590426D-01
  753  0.11913282      0.17898343D-01
  754  0.12055620      0.16330638D-01
  755  0.12199658      0.14880178D-01
  756  0.12345418      0.13540073D-01
  757  0.12492919      0.12303676D-01
  758  0.12642183      0.11164591D-01
  759  0.12793230      0.10116676D-01
  760  0.12946081      0.91540393D-02
  761  0.13100759      0.82710466D-02
  762  0.13257285      0.74623161D-02
  763  0.13415681      0.67227186D-02
  764  0.13575970      0.60473751D-02
  765  0.13738173      0.54316532D-02
  766  0.13902315      0.48711633D-02
  767  0.14068418      0.43617540D-02
  768  0.14236505      0.38995068D-02
  769  0.14406601      0.34807300D-02
  770  0.14578728      0.31019526D-02
  771  0.14752913      0.27599173D-02
  772  0.14929178      0.24515734D-02
  773  0.15107550      0.21740695D-02
  774  0.15288053      0.19247452D-02
  775  0.15470712      0.17011238D-02
  776  0.15655554      0.15009040D-02
  777  0.15842604      0.13219516D-02
  778  0.16031889      0.11622916D-02
  779  0.16223436      0.10200998D-02
  780  0.16417271      0.89369508D-03
  781  0.16613422      0.78153077D-03
  782  0.16811916      0.68218735D-03
  783  0.17012783      0.59436447D-03
  784  0.17216049      0.51687345D-03
  785  0.17421744      0.44863003D-03
  786  0.17629896      0.38864724D-03
  787  0.17840535      0.33602860D-03
  788  0.18053691      0.28996161D-03
  789  0.18269394      0.24971143D-03
  790  0.18487674      0.21461494D-03
  791  0.18708562      0.18407505D-03
  792  0.18932089      0.15755531D-03
  793  0.19158287      0.13457485D-03
  794  0.19387187      0.11470359D-03
  795  0.19618822      0.97557728D-04
  796  0.19853225      0.82795580D-04
  797  0.20090428      0.70113643D-04
  798  0.20330466      0.59242967D-04
  799  0.20573371      0.49945779D-04
  800  0.20819179      0.42012375D-04
  801  0.21067923      0.35258247D-04
  802  0.21319639      0.29521449D-04
  803  0.21574363      0.24660191D-04
  804  0.21832130      0.20550632D-04
  805  0.22092977      0.17084882D-04
  806  0.22356941      0.14169179D-04
  807  0.22624058      0.11722253D-04
  808  0.22894367      0.96738384D-05
  809  0.23167906      0.79633415D-05
  810  0.23444712      0.65386481D-05
  811  0.23724826      0.53550544D-05
  812  0.24008287      0.43743157D-05
  813  0.24295134      0.35638019D-05
  814  0.24585409      0.28957490D-05
  815  0.24879151      0.23465984D-05
  816  0.25176404      0.18964156D-05
  817  0.25477208      0.15283802D-05
  818  0.25781605      0.12283398D-05
  819  0.26089640      0.98442093D-06
  820  0.26401355      0.78669081D-06
  821  0.26716795      0.62686474D-06
  822  0.27036003      0.49805301D-06
  823  0.27359025      0.39454317D-06
  824  0.27685906      0.31161316D-06
  825  0.28016693      0.24537160D-06
  826  0.28351433      0.19262150D-06
  827  0.28690171      0.15074460D-06
  828  0.29032957      0.11760334D-06
  829  0.29379839      0.91458212D-07
  830  0.29730864      0.70898147D-07
  831  0.30086084      0.54782273D-07
  832  0.30445548      0.42191195D-07
  833  0.30809307      0.32386476D-07
  834  0.31177412      0.24777010D-07
  835  0.31549915      0.18891243D-07
  836  0.31926869      0.14354282D-07
  837  0.32308326      0.10869120D-07
  838  0.32694341      0.82012816D-08
  839  0.33084968      0.61663162D-08
  840  0.33480262      0.46196455D-08
  841  0.33880279      0.34483565D-08
  842  0.34285076      0.25645900D-08
  843  0.34694709      0.19002356D-08
  844  0.35109236      0.14026907D-08
  845  0.35528716      0.10314835D-08
  846  0.35953207      0.75559549D-09
  847  0.36382771      0.55134530D-09
  848  0.36817467      0.40072420D-09
  849  0.37257356      0.29009157D-09
  850  0.37702501      0.20915688D-09
  851  0.38152965      0.15018837D-09
  852  0.38608811      0.10740066D-09
  853  0.39070103      0.76482701D-10
  854  0.39536907      0.54235541D-10
  855  0.40009288      0.38295511D-10
  856  0.40487313      0.26923608D-10
  857  0.40971049      0.18845960D-10
  858  0.41460565      0.13133509D-10
  859  0.41955930      0.91116772D-11
  860  0.42457213      0.62928631D-11
  861  0.42964485      0.43262109D-11
  862  0.43477818      0.29604199D-11
  863  0.43997285      0.20163303D-11
  864  0.44522958      0.13668126D-11
  865  0.45054911      0.92208537D-12
  866  0.45593220      0.61904729D-12
  867  0.46137961      0.41356370D-12
  868  0.46689211      0.27491722D-12
  869  0.47247046      0.18183489D-12
  870  0.47811547      0.11965827D-12
  871  0.48382792      0.78338036D-13
  872  0.48960862      0.51020072D-13
  873  0.49545839      0.33053818D-13
  874  0.50137806      0.21300407D-13
  875  0.50736844      0.13652538D-13
  876  0.51343041      0.87030517D-14
  877  0.51956479      0.55174225D-14
  878  0.52577248      0.34784189D-14
  879  0.53205433      0.21806416D-14
  880  0.53841123      0.13593201D-14
  881  0.54484409      0.84251314D-15
  882  0.55135380      0.51920489D-15
  883  0.55794129      0.31813578D-15
  884  0.56460749      0.19383083D-15
  885  0.57135334      0.11743868D-15
  886  0.57817978      0.70796110D-16
  887  0.58508778      0.42477203D-16
  888  0.59207833      0.25345434D-16
  889  0.59915239      0.15193698D-16
  890  0.60631097      0.89328732D-17
  891  0.61355508      0.51773812D-17
  892  0.62088574      0.29812535D-17
  893  0.62830399      0.17053897D-17
  894  0.63581087      0.96905872D-18
  895  0.64340745      0.00000000D+00
  896  0.65109478      0.00000000D+00
  897  0.65887396      0.00000000D+00
  898  0.66674609      0.00000000D+00
  899  0.67471227      0.00000000D+00
  900  0.68277363      0.00000000D+00
  901  0.69093131      0.00000000D+00
  902  0.69918645      0.00000000D+00
  903  0.70754022      0.00000000D+00
  904  0.71599381      0.00000000D+00
  905  0.72454839      0.00000000D+00
  906  0.73320519      0.00000000D+00
  907  0.74196541      0.00000000D+00
  908  0.75083030      0.00000000D+00
  909  0.75980111      0.00000000D+00
  910  0.76887910      0.00000000D+00
  911  0.77806555      0.00000000D+00
  912  0.78736176      0.00000000D+00
  913  0.79676904      0.00000000D+00
  914  0.80628872      0.00000000D+00
  915  0.81592213      0.00000000D+00
  916  0.82567065      0.00000000D+00
  917  0.83553563      0.00000000D+00
  918  0.84551849      0.00000000D+00
  919  0.85562061      0.00000000D+00
  920  0.86584344      0.00000000D+00
  921  0.87618841      0.00000000D+00
  922  0.88665697      0.00000000D+00
  923  0.89725062      0.00000000D+00
  924  0.90797083      0.00000000D+00
  925  0.91881913      0.00000000D+00
  926  0.92979704      0.00000000D+00
  927  0.94090611      0.00000000D+00
  928  0.95214792      0.00000000D+00
  929  0.96352404      0.00000000D+00
  930  0.97503608      0.00000000D+00
  931  0.98668566      0.00000000D+00
  932  0.99847443      0.00000000D+00
  933  1.01040405      0.00000000D+00
  934  1.02247621      0.00000000D+00
  935  1.03469260      0.00000000D+00
  936  1.04705495      0.00000000D+00
  937  1.05956500      0.00000000D+00
  938  1.07222453      0.00000000D+00
  939  1.08503530      0.00000000D+00
  940  1.09799914      0.00000000D+00
  941  1.11111787      0.00000000D+00
  942  1.12439334      0.00000000D+00
  943  1.13782742      0.00000000D+00
  944  1.15142201      0.00000000D+00
  945  1.16517902      0.00000000D+00
  946  1.17910041      0.00000000D+00
  947  1.19318812      0.00000000D+00
  948  1.20744415      0.00000000D+00
  949  1.22187051      0.00000000D+00
  950  1.23646924      0.00000000D+00
  951  1.25124238      0.00000000D+00
  952  1.26619204      0.00000000D+00
  953  1.28132031      0.00000000D+00
  954  1.29662933      0.00000000D+00
  955  1.31212126      0.00000000D+00
  956  1.32779829      0.00000000D+00
  957  1.34366262      0.00000000D+00
  958  1.35971650      0.00000000D+00
  959  1.37596219      0.00000000D+00
  960  1.39240197      0.00000000D+00
  961  1.40903818      0.00000000D+00
  962  1.42587316      0.00000000D+00
  963  1.44290927      0.00000000D+00
  964  1.46014894      0.00000000D+00
  965  1.47759457      0.00000000D+00
  966  1.49524865      0.00000000D+00
  967  1.51311366      0.00000000D+00
  968  1.53119211      0.00000000D+00
  969  1.54948656      0.00000000D+00
  970  1.56799959      0.00000000D+00
  971  1.58673381      0.00000000D+00
  972  1.60569187      0.00000000D+00
  973  1.62487643      0.00000000D+00
  974  1.64429021      0.00000000D+00
  975  1.66393594      0.00000000D+00
  976  1.68381640      0.00000000D+00
  977  1.70393438      0.00000000D+00
  978  1.72429273      0.00000000D+00
  979  1.74489432      0.00000000D+00
  980  1.76574205      0.00000000D+00
  981  1.78683887      0.00000000D+00
  982  1.80818775      0.00000000D+00
  983  1.82979171      0.00000000D+00
  984  1.85165378      0.00000000D+00
  985  1.87377706      0.00000000D+00
  986  1.89616467      0.00000000D+00
  987  1.91881975      0.00000000D+00
  988  1.94174552      0.00000000D+00
  989  1.96494520      0.00000000D+00
  990  1.98842207      0.00000000D+00
  991  2.01217944      0.00000000D+00
  992  2.03622065      0.00000000D+00
  993  2.06054911      0.00000000D+00
  994  2.08516824      0.00000000D+00
  995  2.11008151      0.00000000D+00
  996  2.13529245      0.00000000D+00
  997  2.16080460      0.00000000D+00
  998  2.18662157      0.00000000D+00
  999  2.21274699      0.00000000D+00
 1000  2.23918456      0.00000000D+00
 1001  2.26593800      0.00000000D+00
 1002  2.29301108      0.00000000D+00
 1003  2.32040763      0.00000000D+00
 1004  2.34813151      0.00000000D+00
 1005  2.37618663      0.00000000D+00
 1006  2.40457695      0.00000000D+00
 1007  2.43330647      0.00000000D+00
 1008  2.46237925      0.00000000D+00
 1009  2.49179938      0.00000000D+00
 1010  2.52157102      0.00000000D+00
 1011  2.55169837      0.00000000D+00
 1012  2.58218568      0.00000000D+00
 1013  2.61303724      0.00000000D+00
 1014  2.64425742      0.00000000D+00
 1015  2.67585061      0.00000000D+00
 1016  2.70782126      0.00000000D+00
 1017  2.74017390      0.00000000D+00
 1018  2.77291309      0.00000000D+00
 1019  2.80604343      0.00000000D+00
 1020  2.83956961      0.00000000D+00
 1021  2.87349636      0.00000000D+00
 1022  2.90782846      0.00000000D+00
 1023  2.94257076      0.00000000D+00
 1024  2.97772815      0.00000000D+00
 1025  3.01330559      0.00000000D+00
 1026  3.04930811      0.00000000D+00
 1027  3.08574078      0.00000000D+00
 1028  3.12260875      0.00000000D+00
 1029  3.15991721      0.00000000D+00
 1030  3.19767142      0.00000000D+00
 1031  3.23587671      0.00000000D+00
 1032  3.27453848      0.00000000D+00
 1033  3.31366217      0.00000000D+00
 1034  3.35325330      0.00000000D+00
 1035  3.39331747      0.00000000D+00
 1036  3.43386031      0.00000000D+00
 1037  3.47488756      0.00000000D+00
 1038  3.51640499      0.00000000D+00
 1039  3.55841846      0.00000000D+00
 1040  3.60093391      0.00000000D+00
