 ir        r              f(r)*r^2
    1  0.00001574      0.10146142D-06
    2  0.00001593      0.10389875D-06
    3  0.00001612      0.10639461D-06
    4  0.00001632      0.10895041D-06
    5  0.00001651      0.11156758D-06
    6  0.00001671      0.11424760D-06
    7  0.00001691      0.11699197D-06
    8  0.00001711      0.11980225D-06
    9  0.00001731      0.12268000D-06
   10  0.00001752      0.12562685D-06
   11  0.00001773      0.12864446D-06
   12  0.00001794      0.13173453D-06
   13  0.00001816      0.13489880D-06
   14  0.00001837      0.13813904D-06
   15  0.00001859      0.14145708D-06
   16  0.00001881      0.14485478D-06
   17  0.00001904      0.14833406D-06
   18  0.00001927      0.15189688D-06
   19  0.00001950      0.15554524D-06
   20  0.00001973      0.15928119D-06
   21  0.00001997      0.16310683D-06
   22  0.00002020      0.16702432D-06
   23  0.00002045      0.17103586D-06
   24  0.00002069      0.17514370D-06
   25  0.00002094      0.17935015D-06
   26  0.00002119      0.18365759D-06
   27  0.00002144      0.18806844D-06
   28  0.00002170      0.19258517D-06
   29  0.00002196      0.19721032D-06
   30  0.00002222      0.20194650D-06
   31  0.00002248      0.20679637D-06
   32  0.00002275      0.21176265D-06
   33  0.00002302      0.21684814D-06
   34  0.00002330      0.22205570D-06
   35  0.00002358      0.22738826D-06
   36  0.00002386      0.23284881D-06
   37  0.00002414      0.23844042D-06
   38  0.00002443      0.24416624D-06
   39  0.00002472      0.25002949D-06
   40  0.00002502      0.25603345D-06
   41  0.00002532      0.26218152D-06
   42  0.00002562      0.26847713D-06
   43  0.00002593      0.27492383D-06
   44  0.00002624      0.28152525D-06
   45  0.00002655      0.28828508D-06
   46  0.00002687      0.29520714D-06
   47  0.00002719      0.30229531D-06
   48  0.00002751      0.30955357D-06
   49  0.00002784      0.31698600D-06
   50  0.00002818      0.32459678D-06
   51  0.00002851      0.33239018D-06
   52  0.00002885      0.34037058D-06
   53  0.00002920      0.34854247D-06
   54  0.00002955      0.35691042D-06
   55  0.00002990      0.36547916D-06
   56  0.00003026      0.37425347D-06
   57  0.00003062      0.38323831D-06
   58  0.00003098      0.39243870D-06
   59  0.00003135      0.40185981D-06
   60  0.00003173      0.41150695D-06
   61  0.00003211      0.42138551D-06
   62  0.00003249      0.43150106D-06
   63  0.00003288      0.44185926D-06
   64  0.00003327      0.45246593D-06
   65  0.00003367      0.46332704D-06
   66  0.00003407      0.47444866D-06
   67  0.00003448      0.48583705D-06
   68  0.00003489      0.49749860D-06
   69  0.00003531      0.50943985D-06
   70  0.00003573      0.52166750D-06
   71  0.00003616      0.53418841D-06
   72  0.00003659      0.54700961D-06
   73  0.00003703      0.56013830D-06
   74  0.00003747      0.57358183D-06
   75  0.00003792      0.58734775D-06
   76  0.00003837      0.60144379D-06
   77  0.00003883      0.61587783D-06
   78  0.00003929      0.63065800D-06
   79  0.00003976      0.64579256D-06
   80  0.00004024      0.66129001D-06
   81  0.00004072      0.67715904D-06
   82  0.00004120      0.69340854D-06
   83  0.00004169      0.71004763D-06
   84  0.00004219      0.72708564D-06
   85  0.00004270      0.74453211D-06
   86  0.00004321      0.76239682D-06
   87  0.00004372      0.78068978D-06
   88  0.00004425      0.79942126D-06
   89  0.00004477      0.81860173D-06
   90  0.00004531      0.83824196D-06
   91  0.00004585      0.85835295D-06
   92  0.00004640      0.87894595D-06
   93  0.00004695      0.90003252D-06
   94  0.00004751      0.92162445D-06
   95  0.00004808      0.94373384D-06
   96  0.00004866      0.96637308D-06
   97  0.00004924      0.98955484D-06
   98  0.00004983      0.10132921D-05
   99  0.00005042      0.10375982D-05
  100  0.00005102      0.10624866D-05
  101  0.00005163      0.10879714D-05
  102  0.00005225      0.11140668D-05
  103  0.00005287      0.11407874D-05
  104  0.00005351      0.11681481D-05
  105  0.00005415      0.11961643D-05
  106  0.00005479      0.12248516D-05
  107  0.00005545      0.12542261D-05
  108  0.00005611      0.12843043D-05
  109  0.00005678      0.13151029D-05
  110  0.00005746      0.13466391D-05
  111  0.00005814      0.13789306D-05
  112  0.00005884      0.14119955D-05
  113  0.00005954      0.14458523D-05
  114  0.00006025      0.14805198D-05
  115  0.00006097      0.15160175D-05
  116  0.00006170      0.15523651D-05
  117  0.00006244      0.15895831D-05
  118  0.00006319      0.16276921D-05
  119  0.00006394      0.16667135D-05
  120  0.00006470      0.17066691D-05
  121  0.00006548      0.17475812D-05
  122  0.00006626      0.17894727D-05
  123  0.00006705      0.18323669D-05
  124  0.00006785      0.18762878D-05
  125  0.00006866      0.19212599D-05
  126  0.00006948      0.19673083D-05
  127  0.00007031      0.20144588D-05
  128  0.00007115      0.20627376D-05
  129  0.00007200      0.21121716D-05
  130  0.00007286      0.21627885D-05
  131  0.00007373      0.22146165D-05
  132  0.00007462      0.22676845D-05
  133  0.00007551      0.23220221D-05
  134  0.00007641      0.23776596D-05
  135  0.00007732      0.24346280D-05
  136  0.00007825      0.24929590D-05
  137  0.00007918      0.25526852D-05
  138  0.00008013      0.26138399D-05
  139  0.00008108      0.26764572D-05
  140  0.00008205      0.27405718D-05
  141  0.00008303      0.28062196D-05
  142  0.00008403      0.28734371D-05
  143  0.00008503      0.29422617D-05
  144  0.00008605      0.30127318D-05
  145  0.00008707      0.30848865D-05
  146  0.00008811      0.31587661D-05
  147  0.00008917      0.32344116D-05
  148  0.00009023      0.33118652D-05
  149  0.00009131      0.33911698D-05
  150  0.00009240      0.34723698D-05
  151  0.00009351      0.35555101D-05
  152  0.00009462      0.36406370D-05
  153  0.00009575      0.37277979D-05
  154  0.00009690      0.38170411D-05
  155  0.00009805      0.39084164D-05
  156  0.00009923      0.40019744D-05
  157  0.00010041      0.40977671D-05
  158  0.00010161      0.41958478D-05
  159  0.00010283      0.42962708D-05
  160  0.00010405      0.43990920D-05
  161  0.00010530      0.45043684D-05
  162  0.00010656      0.46121584D-05
  163  0.00010783      0.47225219D-05
  164  0.00010912      0.48355201D-05
  165  0.00011042      0.49512156D-05
  166  0.00011174      0.50696726D-05
  167  0.00011307      0.51909568D-05
  168  0.00011443      0.53151354D-05
  169  0.00011579      0.54422772D-05
  170  0.00011718      0.55724526D-05
  171  0.00011858      0.57057339D-05
  172  0.00011999      0.58421947D-05
  173  0.00012143      0.59819106D-05
  174  0.00012288      0.61249590D-05
  175  0.00012435      0.62714190D-05
  176  0.00012583      0.64213717D-05
  177  0.00012733      0.65749000D-05
  178  0.00012886      0.67320888D-05
  179  0.00013040      0.68930251D-05
  180  0.00013195      0.70577977D-05
  181  0.00013353      0.72264978D-05
  182  0.00013513      0.73992185D-05
  183  0.00013674      0.75760552D-05
  184  0.00013837      0.77571056D-05
  185  0.00014003      0.79424697D-05
  186  0.00014170      0.81322496D-05
  187  0.00014339      0.83265503D-05
  188  0.00014511      0.85254787D-05
  189  0.00014684      0.87291446D-05
  190  0.00014859      0.89376604D-05
  191  0.00015037      0.91511408D-05
  192  0.00015217      0.93697036D-05
  193  0.00015398      0.95934692D-05
  194  0.00015582      0.98225606D-05
  195  0.00015769      0.10057104D-04
  196  0.00015957      0.10297229D-04
  197  0.00016148      0.10543067D-04
  198  0.00016341      0.10794753D-04
  199  0.00016536      0.11052426D-04
  200  0.00016733      0.11316228D-04
  201  0.00016933      0.11586303D-04
  202  0.00017136      0.11862800D-04
  203  0.00017340      0.12145870D-04
  204  0.00017548      0.12435670D-04
  205  0.00017757      0.12732357D-04
  206  0.00017969      0.13036095D-04
  207  0.00018184      0.13347051D-04
  208  0.00018401      0.13665394D-04
  209  0.00018621      0.13991300D-04
  210  0.00018844      0.14324946D-04
  211  0.00019069      0.14666516D-04
  212  0.00019297      0.15016196D-04
  213  0.00019527      0.15374178D-04
  214  0.00019761      0.15740658D-04
  215  0.00019997      0.16115836D-04
  216  0.00020236      0.16499917D-04
  217  0.00020477      0.16893110D-04
  218  0.00020722      0.17295632D-04
  219  0.00020970      0.17707700D-04
  220  0.00021220      0.18129542D-04
  221  0.00021474      0.18561385D-04
  222  0.00021730      0.19003467D-04
  223  0.00021990      0.19456027D-04
  224  0.00022253      0.19919312D-04
  225  0.00022518      0.20393576D-04
  226  0.00022787      0.20879075D-04
  227  0.00023060      0.21376074D-04
  228  0.00023335      0.21884844D-04
  229  0.00023614      0.22405660D-04
  230  0.00023896      0.22938806D-04
  231  0.00024182      0.23484572D-04
  232  0.00024471      0.24043254D-04
  233  0.00024763      0.24615154D-04
  234  0.00025059      0.25200584D-04
  235  0.00025358      0.25799860D-04
  236  0.00025661      0.26413307D-04
  237  0.00025968      0.27041257D-04
  238  0.00026278      0.27684051D-04
  239  0.00026592      0.28342035D-04
  240  0.00026910      0.29015567D-04
  241  0.00027231      0.29705009D-04
  242  0.00027557      0.30410734D-04
  243  0.00027886      0.31133124D-04
  244  0.00028219      0.31872567D-04
  245  0.00028556      0.32629464D-04
  246  0.00028897      0.33404221D-04
  247  0.00029243      0.34197256D-04
  248  0.00029592      0.35008996D-04
  249  0.00029946      0.35839878D-04
  250  0.00030303      0.36690349D-04
  251  0.00030665      0.37560865D-04
  252  0.00031032      0.38451895D-04
  253  0.00031403      0.39363916D-04
  254  0.00031778      0.40297417D-04
  255  0.00032157      0.41252901D-04
  256  0.00032542      0.42230877D-04
  257  0.00032930      0.43231870D-04
  258  0.00033324      0.44256416D-04
  259  0.00033722      0.45305062D-04
  260  0.00034125      0.46378368D-04
  261  0.00034533      0.47476909D-04
  262  0.00034945      0.48601270D-04
  263  0.00035363      0.49752051D-04
  264  0.00035785      0.50929865D-04
  265  0.00036213      0.52135339D-04
  266  0.00036646      0.53369115D-04
  267  0.00037083      0.54631850D-04
  268  0.00037526      0.55924213D-04
  269  0.00037975      0.57246891D-04
  270  0.00038429      0.58600587D-04
  271  0.00038888      0.59986018D-04
  272  0.00039352      0.61403918D-04
  273  0.00039822      0.62855037D-04
  274  0.00040298      0.64340143D-04
  275  0.00040780      0.65860021D-04
  276  0.00041267      0.67415474D-04
  277  0.00041760      0.69007323D-04
  278  0.00042259      0.70636406D-04
  279  0.00042764      0.72303583D-04
  280  0.00043275      0.74009730D-04
  281  0.00043792      0.75755745D-04
  282  0.00044315      0.77542545D-04
  283  0.00044845      0.79371068D-04
  284  0.00045380      0.81242274D-04
  285  0.00045923      0.83157142D-04
  286  0.00046471      0.85116676D-04
  287  0.00047026      0.87121901D-04
  288  0.00047588      0.89173863D-04
  289  0.00048157      0.91273634D-04
  290  0.00048732      0.93422311D-04
  291  0.00049315      0.95621011D-04
  292  0.00049904      0.97870880D-04
  293  0.00050500      0.10017309D-03
  294  0.00051103      0.10252883D-03
  295  0.00051714      0.10493933D-03
  296  0.00052332      0.10740583D-03
  297  0.00052957      0.10992962D-03
  298  0.00053590      0.11251200D-03
  299  0.00054230      0.11515430D-03
  300  0.00054878      0.11785788D-03
  301  0.00055534      0.12062415D-03
  302  0.00056197      0.12345452D-03
  303  0.00056869      0.12635046D-03
  304  0.00057548      0.12931344D-03
  305  0.00058236      0.13234500D-03
  306  0.00058931      0.13544667D-03
  307  0.00059635      0.13862006D-03
  308  0.00060348      0.14186679D-03
  309  0.00061069      0.14518850D-03
  310  0.00061799      0.14858690D-03
  311  0.00062537      0.15206372D-03
  312  0.00063284      0.15562072D-03
  313  0.00064040      0.15925972D-03
  314  0.00064805      0.16298255D-03
  315  0.00065580      0.16679112D-03
  316  0.00066363      0.17068733D-03
  317  0.00067156      0.17467316D-03
  318  0.00067959      0.17875063D-03
  319  0.00068771      0.18292179D-03
  320  0.00069592      0.18718873D-03
  321  0.00070424      0.19155360D-03
  322  0.00071265      0.19601859D-03
  323  0.00072117      0.20058593D-03
  324  0.00072978      0.20525792D-03
  325  0.00073850      0.21003687D-03
  326  0.00074732      0.21492519D-03
  327  0.00075625      0.21992529D-03
  328  0.00076529      0.22503967D-03
  329  0.00077443      0.23027085D-03
  330  0.00078369      0.23562145D-03
  331  0.00079305      0.24109409D-03
  332  0.00080252      0.24669148D-03
  333  0.00081211      0.25241638D-03
  334  0.00082182      0.25827161D-03
  335  0.00083163      0.26426004D-03
  336  0.00084157      0.27038461D-03
  337  0.00085163      0.27664831D-03
  338  0.00086180      0.28305420D-03
  339  0.00087210      0.28960542D-03
  340  0.00088252      0.29630514D-03
  341  0.00089306      0.30315662D-03
  342  0.00090373      0.31016318D-03
  343  0.00091453      0.31732820D-03
  344  0.00092546      0.32465516D-03
  345  0.00093651      0.33214758D-03
  346  0.00094770      0.33980905D-03
  347  0.00095903      0.34764327D-03
  348  0.00097048      0.35565397D-03
  349  0.00098208      0.36384499D-03
  350  0.00099381      0.37222023D-03
  351  0.00100569      0.38078368D-03
  352  0.00101770      0.38953939D-03
  353  0.00102986      0.39849151D-03
  354  0.00104217      0.40764428D-03
  355  0.00105462      0.41700201D-03
  356  0.00106722      0.42656910D-03
  357  0.00107997      0.43635002D-03
  358  0.00109287      0.44634937D-03
  359  0.00110593      0.45657181D-03
  360  0.00111914      0.46702209D-03
  361  0.00113251      0.47770508D-03
  362  0.00114605      0.48862571D-03
  363  0.00115974      0.49978903D-03
  364  0.00117360      0.51120019D-03
  365  0.00118762      0.52286443D-03
  366  0.00120181      0.53478708D-03
  367  0.00121617      0.54697361D-03
  368  0.00123070      0.55942956D-03
  369  0.00124540      0.57216059D-03
  370  0.00126028      0.58517246D-03
  371  0.00127534      0.59847106D-03
  372  0.00129058      0.61206237D-03
  373  0.00130599      0.62595248D-03
  374  0.00132160      0.64014763D-03
  375  0.00133739      0.65465413D-03
  376  0.00135337      0.66947844D-03
  377  0.00136954      0.68462712D-03
  378  0.00138590      0.70010687D-03
  379  0.00140246      0.71592451D-03
  380  0.00141922      0.73208696D-03
  381  0.00143617      0.74860131D-03
  382  0.00145333      0.76547473D-03
  383  0.00147070      0.78271457D-03
  384  0.00148827      0.80032826D-03
  385  0.00150605      0.81832341D-03
  386  0.00152404      0.83670774D-03
  387  0.00154225      0.85548910D-03
  388  0.00156068      0.87467551D-03
  389  0.00157933      0.89427509D-03
  390  0.00159819      0.91429614D-03
  391  0.00161729      0.93474709D-03
  392  0.00163661      0.95563649D-03
  393  0.00165617      0.97697308D-03
  394  0.00167595      0.99876571D-03
  395  0.00169598      0.10210234D-02
  396  0.00171624      0.10437554D-02
  397  0.00173675      0.10669709D-02
  398  0.00175750      0.10906794D-02
  399  0.00177850      0.11148906D-02
  400  0.00179975      0.11396143D-02
  401  0.00182125      0.11648603D-02
  402  0.00184301      0.11906389D-02
  403  0.00186503      0.12169603D-02
  404  0.00188731      0.12438349D-02
  405  0.00190986      0.12712734D-02
  406  0.00193268      0.12992864D-02
  407  0.00195577      0.13278850D-02
  408  0.00197914      0.13570802D-02
  409  0.00200278      0.13868833D-02
  410  0.00202671      0.14173057D-02
  411  0.00205093      0.14483591D-02
  412  0.00207543      0.14800552D-02
  413  0.00210023      0.15124060D-02
  414  0.00212532      0.15454236D-02
  415  0.00215072      0.15791203D-02
  416  0.00217641      0.16135086D-02
  417  0.00220242      0.16486010D-02
  418  0.00222873      0.16844106D-02
  419  0.00225536      0.17209502D-02
  420  0.00228230      0.17582329D-02
  421  0.00230957      0.17962723D-02
  422  0.00233717      0.18350817D-02
  423  0.00236509      0.18746749D-02
  424  0.00239335      0.19150658D-02
  425  0.00242195      0.19562683D-02
  426  0.00245088      0.19982968D-02
  427  0.00248016      0.20411655D-02
  428  0.00250980      0.20848891D-02
  429  0.00253978      0.21294822D-02
  430  0.00257013      0.21749598D-02
  431  0.00260084      0.22213370D-02
  432  0.00263191      0.22686289D-02
  433  0.00266336      0.23168509D-02
  434  0.00269518      0.23660186D-02
  435  0.00272738      0.24161478D-02
  436  0.00275997      0.24672541D-02
  437  0.00279294      0.25193538D-02
  438  0.00282631      0.25724629D-02
  439  0.00286008      0.26265978D-02
  440  0.00289425      0.26817749D-02
  441  0.00292883      0.27380108D-02
  442  0.00296382      0.27953222D-02
  443  0.00299924      0.28537260D-02
  444  0.00303507      0.29132392D-02
  445  0.00307133      0.29738789D-02
  446  0.00310803      0.30356623D-02
  447  0.00314516      0.30986067D-02
  448  0.00318274      0.31627297D-02
  449  0.00322077      0.32280486D-02
  450  0.00325925      0.32945812D-02
  451  0.00329819      0.33623451D-02
  452  0.00333760      0.34313582D-02
  453  0.00337747      0.35016382D-02
  454  0.00341783      0.35732031D-02
  455  0.00345866      0.36460709D-02
  456  0.00349999      0.37202595D-02
  457  0.00354180      0.37957870D-02
  458  0.00358412      0.38726715D-02
  459  0.00362694      0.39509310D-02
  460  0.00367028      0.40305836D-02
  461  0.00371413      0.41116473D-02
  462  0.00375851      0.41941402D-02
  463  0.00380341      0.42780803D-02
  464  0.00384885      0.43634855D-02
  465  0.00389484      0.44503738D-02
  466  0.00394137      0.45387628D-02
  467  0.00398847      0.46286704D-02
  468  0.00403612      0.47201141D-02
  469  0.00408434      0.48131115D-02
  470  0.00413314      0.49076798D-02
  471  0.00418252      0.50038363D-02
  472  0.00423250      0.51015979D-02
  473  0.00428306      0.52009815D-02
  474  0.00433424      0.53020035D-02
  475  0.00438602      0.54046805D-02
  476  0.00443843      0.55090285D-02
  477  0.00449146      0.56150632D-02
  478  0.00454512      0.57228002D-02
  479  0.00459942      0.58322547D-02
  480  0.00465438      0.59434416D-02
  481  0.00470999      0.60563752D-02
  482  0.00476626      0.61710696D-02
  483  0.00482321      0.62875385D-02
  484  0.00488083      0.64057950D-02
  485  0.00493915      0.65258517D-02
  486  0.00499816      0.66477210D-02
  487  0.00505788      0.67714143D-02
  488  0.00511831      0.68969428D-02
  489  0.00517946      0.70243169D-02
  490  0.00524135      0.71535463D-02
  491  0.00530397      0.72846402D-02
  492  0.00536734      0.74176070D-02
  493  0.00543147      0.75524543D-02
  494  0.00549636      0.76891891D-02
  495  0.00556203      0.78278173D-02
  496  0.00562849      0.79683442D-02
  497  0.00569573      0.81107741D-02
  498  0.00576379      0.82551102D-02
  499  0.00583265      0.84013550D-02
  500  0.00590234      0.85495098D-02
  501  0.00597286      0.86995748D-02
  502  0.00604422      0.88515492D-02
  503  0.00611644      0.90054309D-02
  504  0.00618952      0.91612167D-02
  505  0.00626347      0.93189021D-02
  506  0.00633830      0.94784813D-02
  507  0.00641403      0.96399471D-02
  508  0.00649066      0.98032909D-02
  509  0.00656821      0.99685027D-02
  510  0.00664669      0.10135571D-01
  511  0.00672610      0.10304482D-01
  512  0.00680647      0.10475222D-01
  513  0.00688779      0.10647774D-01
  514  0.00697008      0.10822120D-01
  515  0.00705336      0.10998240D-01
  516  0.00713763      0.11176112D-01
  517  0.00722291      0.11355713D-01
  518  0.00730921      0.11537015D-01
  519  0.00739654      0.11719993D-01
  520  0.00748491      0.11904616D-01
  521  0.00757434      0.12090851D-01
  522  0.00766484      0.12278665D-01
  523  0.00775642      0.12468022D-01
  524  0.00784909      0.12658882D-01
  525  0.00794287      0.12851203D-01
  526  0.00803777      0.13044943D-01
  527  0.00813380      0.13240055D-01
  528  0.00823099      0.13436490D-01
  529  0.00832933      0.13634197D-01
  530  0.00842885      0.13833120D-01
  531  0.00852955      0.14033204D-01
  532  0.00863146      0.14234387D-01
  533  0.00873459      0.14436608D-01
  534  0.00883895      0.14639800D-01
  535  0.00894456      0.14843894D-01
  536  0.00905142      0.15048819D-01
  537  0.00915957      0.15254498D-01
  538  0.00926901      0.15460854D-01
  539  0.00937975      0.15667805D-01
  540  0.00949182      0.15875265D-01
  541  0.00960522      0.16083146D-01
  542  0.00971999      0.16291356D-01
  543  0.00983612      0.16499800D-01
  544  0.00995364      0.16708378D-01
  545  0.01007256      0.16916988D-01
  546  0.01019291      0.17125523D-01
  547  0.01031469      0.17333873D-01
  548  0.01043793      0.17541925D-01
  549  0.01056264      0.17749560D-01
  550  0.01068884      0.17956658D-01
  551  0.01081655      0.18163092D-01
  552  0.01094579      0.18368735D-01
  553  0.01107657      0.18573452D-01
  554  0.01120891      0.18777107D-01
  555  0.01134283      0.18979558D-01
  556  0.01147835      0.19180661D-01
  557  0.01161549      0.19380267D-01
  558  0.01175427      0.19578223D-01
  559  0.01189471      0.19774372D-01
  560  0.01203683      0.19968553D-01
  561  0.01218064      0.20160603D-01
  562  0.01232617      0.20350352D-01
  563  0.01247345      0.20537627D-01
  564  0.01262248      0.20722254D-01
  565  0.01277329      0.20904050D-01
  566  0.01292590      0.21082834D-01
  567  0.01308034      0.21258418D-01
  568  0.01323662      0.21430610D-01
  569  0.01339477      0.21599216D-01
  570  0.01355481      0.21764038D-01
  571  0.01371676      0.21924876D-01
  572  0.01388064      0.22081524D-01
  573  0.01404649      0.22233775D-01
  574  0.01421431      0.22381419D-01
  575  0.01438414      0.22524243D-01
  576  0.01455600      0.22662030D-01
  577  0.01472992      0.22794563D-01
  578  0.01490591      0.22921621D-01
  579  0.01508400      0.23042982D-01
  580  0.01526422      0.23158420D-01
  581  0.01544660      0.23267710D-01
  582  0.01563115      0.23370624D-01
  583  0.01581791      0.23466934D-01
  584  0.01600690      0.23556409D-01
  585  0.01619815      0.23638820D-01
  586  0.01639168      0.23713935D-01
  587  0.01658752      0.23781526D-01
  588  0.01678571      0.23841360D-01
  589  0.01698626      0.23893210D-01
  590  0.01718921      0.23936846D-01
  591  0.01739459      0.23972042D-01
  592  0.01760241      0.23998572D-01
  593  0.01781273      0.24016214D-01
  594  0.01802555      0.24024748D-01
  595  0.01824092      0.24023956D-01
  596  0.01845886      0.24013626D-01
  597  0.01867940      0.23993548D-01
  598  0.01890258      0.23963518D-01
  599  0.01912842      0.23923336D-01
  600  0.01935697      0.23872810D-01
  601  0.01958824      0.23811751D-01
  602  0.01982228      0.23739980D-01
  603  0.02005911      0.23657324D-01
  604  0.02029877      0.23563617D-01
  605  0.02054130      0.23458704D-01
  606  0.02078673      0.23342439D-01
  607  0.02103508      0.23214685D-01
  608  0.02128641      0.23075316D-01
  609  0.02154073      0.22924219D-01
  610  0.02179810      0.22761291D-01
  611  0.02205854      0.22586444D-01
  612  0.02232209      0.22399602D-01
  613  0.02258879      0.22200706D-01
  614  0.02285868      0.21989708D-01
  615  0.02313179      0.21766580D-01
  616  0.02340817      0.21531310D-01
  617  0.02368784      0.21283902D-01
  618  0.02397086      0.21024381D-01
  619  0.02425726      0.20752789D-01
  620  0.02454708      0.20469189D-01
  621  0.02484037      0.20173666D-01
  622  0.02513716      0.19866325D-01
  623  0.02543749      0.19547294D-01
  624  0.02574142      0.19216726D-01
  625  0.02604897      0.18874796D-01
  626  0.02636020      0.18521706D-01
  627  0.02667515      0.18157682D-01
  628  0.02699386      0.17782979D-01
  629  0.02731638      0.17397878D-01
  630  0.02764275      0.17002687D-01
  631  0.02797302      0.16597745D-01
  632  0.02830724      0.16183419D-01
  633  0.02864545      0.15760108D-01
  634  0.02898770      0.15328241D-01
  635  0.02933404      0.14888278D-01
  636  0.02968452      0.14440712D-01
  637  0.03003919      0.13986068D-01
  638  0.03039809      0.13524905D-01
  639  0.03076128      0.13057815D-01
  640  0.03112881      0.12585423D-01
  641  0.03150073      0.12108391D-01
  642  0.03187710      0.11627413D-01
  643  0.03225796      0.11143219D-01
  644  0.03264338      0.10656573D-01
  645  0.03303339      0.10168276D-01
  646  0.03342807      0.96791604D-02
  647  0.03382747      0.91900969D-02
  648  0.03423163      0.87019890D-02
  649  0.03464063      0.82157749D-02
  650  0.03505451      0.77324266D-02
  651  0.03547333      0.72529496D-02
  652  0.03589716      0.67783822D-02
  653  0.03632606      0.63097949D-02
  654  0.03676008      0.58482891D-02
  655  0.03719928      0.53949967D-02
  656  0.03764373      0.49510789D-02
  657  0.03809349      0.45177247D-02
  658  0.03854863      0.40961498D-02
  659  0.03900920      0.36875948D-02
  660  0.03947528      0.32933242D-02
  661  0.03994692      0.29146238D-02
  662  0.04042420      0.25527994D-02
  663  0.04090718      0.22091745D-02
  664  0.04139594      0.18850880D-02
  665  0.04189053      0.15818916D-02
  666  0.04239103      0.13009480D-02
  667  0.04289751      0.10436271D-02
  668  0.04341004      0.81130410D-03
  669  0.04392870      0.60535584D-03
  670  0.04445355      0.42715782D-03
  671  0.04498468      0.27808078D-03
  672  0.04552215      0.15948720D-03
  673  0.04606604      0.72727549D-04
  674  0.04661643      0.19136454D-04
  675  0.04717340      0.28709115D-07
  676  0.04773702      0.16695091D-04
  677  0.04830737      0.70398062D-04
  678  0.04888454      0.16236732D-03
  679  0.04946861      0.29379520D-03
  680  0.05005965      0.46583199D-03
  681  0.05065776      0.67958107D-03
  682  0.05126301      0.93609400D-03
  683  0.05187549      0.12363654D-02
  684  0.05249529      0.15813280D-02
  685  0.05312250      0.19718472D-02
  686  0.05375720      0.24087158D-02
  687  0.05439948      0.28926489D-02
  688  0.05504943      0.34242784D-02
  689  0.05570716      0.40041476D-02
  690  0.05637274      0.46327057D-02
  691  0.05704627      0.53103026D-02
  692  0.05772785      0.60371835D-02
  693  0.05841757      0.68134839D-02
  694  0.05911554      0.76392236D-02
  695  0.05982184      0.85143026D-02
  696  0.06053658      0.94384954D-02
  697  0.06125987      0.10411447D-01
  698  0.06199179      0.11432666D-01
  699  0.06273246      0.12501523D-01
  700  0.06348198      0.13617247D-01
  701  0.06424045      0.14778916D-01
  702  0.06500798      0.15985459D-01
  703  0.06578469      0.17235650D-01
  704  0.06657068      0.18528107D-01
  705  0.06736605      0.19861286D-01
  706  0.06817093      0.21233482D-01
  707  0.06898543      0.22642824D-01
  708  0.06980966      0.24087278D-01
  709  0.07064373      0.25564643D-01
  710  0.07148777      0.27072551D-01
  711  0.07234190      0.28608467D-01
  712  0.07320623      0.30169692D-01
  713  0.07408088      0.31753363D-01
  714  0.07496599      0.33356454D-01
  715  0.07586167      0.34975780D-01
  716  0.07676806      0.36608003D-01
  717  0.07768527      0.38249630D-01
  718  0.07861344      0.39897025D-01
  719  0.07955270      0.41546410D-01
  720  0.08050319      0.43193872D-01
  721  0.08146503      0.44835374D-01
  722  0.08243836      0.46466759D-01
  723  0.08342332      0.48083759D-01
  724  0.08442005      0.49682010D-01
  725  0.08542869      0.51257056D-01
  726  0.08644938      0.52804365D-01
  727  0.08748226      0.54319339D-01
  728  0.08852748      0.55797329D-01
  729  0.08958520      0.57233648D-01
  730  0.09065555      0.58623586D-01
  731  0.09173869      0.59962424D-01
  732  0.09283477      0.61245454D-01
  733  0.09394394      0.62467993D-01
  734  0.09506637      0.63625402D-01
  735  0.09620221      0.64713103D-01
  736  0.09735162      0.65726602D-01
  737  0.09851476      0.66661504D-01
  738  0.09969180      0.67513535D-01
  739  0.10088290      0.68278563D-01
  740  0.10208824      0.68952619D-01
  741  0.10330797      0.69531917D-01
  742  0.10454228      0.70012876D-01
  743  0.10579133      0.70392143D-01
  744  0.10705531      0.70666614D-01
  745  0.10833439      0.70833454D-01
  746  0.10962876      0.70890120D-01
  747  0.11093858      0.70834382D-01
  748  0.11226406      0.70664344D-01
  749  0.11360538      0.70378465D-01
  750  0.11496272      0.69975579D-01
  751  0.11633627      0.69454911D-01
  752  0.11772624      0.68816100D-01
  753  0.11913282      0.68059213D-01
  754  0.12055620      0.67184766D-01
  755  0.12199658      0.66193731D-01
  756  0.12345418      0.65087560D-01
  757  0.12492919      0.63868190D-01
  758  0.12642183      0.62538057D-01
  759  0.12793230      0.61100104D-01
  760  0.12946081      0.59557790D-01
  761  0.13100759      0.57915096D-01
  762  0.13257285      0.56176524D-01
  763  0.13415681      0.54347107D-01
  764  0.13575970      0.52432397D-01
  765  0.13738173      0.50438472D-01
  766  0.13902315      0.48371923D-01
  767  0.14068418      0.46239853D-01
  768  0.14236505      0.44049859D-01
  769  0.14406601      0.41810023D-01
  770  0.14578728      0.39528895D-01
  771  0.14752913      0.37215476D-01
  772  0.14929178      0.34879193D-01
  773  0.15107550      0.32529877D-01
  774  0.15288053      0.30177737D-01
  775  0.15470712      0.27833331D-01
  776  0.15655554      0.25507528D-01
  777  0.15842604      0.23211480D-01
  778  0.16031889      0.20956583D-01
  779  0.16223436      0.18754434D-01
  780  0.16417271      0.16616790D-01
  781  0.16613422      0.14555527D-01
  782  0.16811916      0.12582589D-01
  783  0.17012783      0.10709941D-01
  784  0.17216049      0.89495204D-02
  785  0.17421744      0.73131821D-02
  786  0.17629896      0.58126483D-02
  787  0.17840535      0.44594528D-02
  788  0.18053691      0.32648858D-02
  789  0.18269394      0.22399388D-02
  790  0.18487674      0.13952478D-02
  791  0.18708562      0.74103787D-03
  792  0.18932089      0.28706643D-03
  793  0.19158287      0.42568417D-04
  794  0.19387187      0.16201443D-04
  795  0.19618822      0.21599242D-03
  796  0.19853225      0.64928563D-03
  797  0.20090428      0.13226925D-02
  798  0.20330466      0.22420438D-02
  799  0.20573371      0.34123435D-02
  800  0.20819179      0.48377268D-02
  801  0.21067923      0.65214197D-02
  802  0.21319639      0.84657027D-02
  803  0.21574363      0.10671878D-01
  804  0.21832130      0.13140243D-01
  805  0.22092977      0.15870061D-01
  806  0.22356941      0.18859545D-01
  807  0.22624058      0.22105842D-01
  808  0.22894367      0.25605023D-01
  809  0.23167906      0.29352073D-01
  810  0.23444712      0.33340899D-01
  811  0.23724826      0.37564328D-01
  812  0.24008287      0.42014122D-01
  813  0.24295134      0.46680992D-01
  814  0.24585409      0.51554624D-01
  815  0.24879151      0.56623700D-01
  816  0.25176404      0.61875937D-01
  817  0.25477208      0.67298124D-01
  818  0.25781605      0.72876165D-01
  819  0.26089640      0.78595128D-01
  820  0.26401355      0.84439303D-01
  821  0.26716795      0.90392254D-01
  822  0.27036003      0.96436891D-01
  823  0.27359025      0.10255553D+00
  824  0.27685906      0.10872998D+00
  825  0.28016693      0.11494159D+00
  826  0.28351433      0.12117137D+00
  827  0.28690171      0.12740002D+00
  828  0.29032957      0.13360806D+00
  829  0.29379839      0.13977590D+00
  830  0.29730864      0.14588392D+00
  831  0.30086084      0.15191256D+00
  832  0.30445548      0.15784243D+00
  833  0.30809307      0.16365435D+00
  834  0.31177412      0.16932950D+00
  835  0.31549915      0.17484947D+00
  836  0.31926869      0.18019632D+00
  837  0.32308326      0.18535273D+00
  838  0.32694341      0.19030203D+00
  839  0.33084968      0.19502829D+00
  840  0.33480262      0.19951638D+00
  841  0.33880279      0.20375207D+00
  842  0.34285076      0.20772206D+00
  843  0.34694709      0.21141406D+00
  844  0.35109236      0.21481684D+00
  845  0.35528716      0.21792028D+00
  846  0.35953207      0.22071540D+00
  847  0.36382771      0.22319440D+00
  848  0.36817467      0.22535071D+00
  849  0.37257356      0.22717898D+00
  850  0.37702501      0.22867513D+00
  851  0.38152965      0.22983633D+00
  852  0.38608811      0.23066102D+00
  853  0.39070103      0.23114890D+00
  854  0.39536907      0.23130092D+00
  855  0.40009288      0.23111927D+00
  856  0.40487313      0.23060734D+00
  857  0.40971049      0.22976972D+00
  858  0.41460565      0.22861213D+00
  859  0.41955930      0.22714140D+00
  860  0.42457213      0.22536540D+00
  861  0.42964485      0.22329304D+00
  862  0.43477818      0.22093415D+00
  863  0.43997285      0.21829946D+00
  864  0.44522958      0.21540053D+00
  865  0.45054911      0.21224967D+00
  866  0.45593220      0.20885987D+00
  867  0.46137961      0.20524476D+00
  868  0.46689211      0.20141848D+00
  869  0.47247046      0.19739565D+00
  870  0.47811547      0.19319126D+00
  871  0.48382792      0.18882063D+00
  872  0.48960862      0.18429929D+00
  873  0.49545839      0.17964293D+00
  874  0.50137806      0.17486732D+00
  875  0.50736844      0.16998823D+00
  876  0.51343041      0.16502135D+00
  877  0.51956479      0.15998224D+00
  878  0.52577248      0.15488625D+00
  879  0.53205433      0.14974844D+00
  880  0.53841123      0.14458355D+00
  881  0.54484409      0.13940591D+00
  882  0.55135380      0.13422942D+00
  883  0.55794129      0.12906745D+00
  884  0.56460749      0.12393286D+00
  885  0.57135334      0.11883789D+00
  886  0.57817978      0.11379419D+00
  887  0.58508778      0.10881271D+00
  888  0.59207833      0.10390377D+00
  889  0.59915239      0.99076946D-01
  890  0.60631097      0.94341107D-01
  891  0.61355508      0.89704388D-01
  892  0.62088574      0.85174179D-01
  893  0.62830399      0.80757124D-01
  894  0.63581087      0.76459124D-01
  895  0.64340745      0.72285341D-01
  896  0.65109478      0.68240207D-01
  897  0.65887396      0.64327438D-01
  898  0.66674609      0.60550052D-01
  899  0.67471227      0.56910388D-01
  900  0.68277363      0.53410131D-01
  901  0.69093131      0.50050336D-01
  902  0.69918645      0.46831460D-01
  903  0.70754022      0.43753392D-01
  904  0.71599381      0.40815483D-01
  905  0.72454839      0.38016582D-01
  906  0.73320519      0.35355076D-01
  907  0.74196541      0.32828916D-01
  908  0.75083030      0.30435664D-01
  909  0.75980111      0.28172526D-01
  910  0.76887910      0.26036387D-01
  911  0.77806555      0.24023850D-01
  912  0.78736176      0.22131273D-01
  913  0.79676904      0.20354803D-01
  914  0.80628872      0.18690410D-01
  915  0.81592213      0.17133920D-01
  916  0.82567065      0.15681048D-01
  917  0.83553563      0.14327429D-01
  918  0.84551849      0.13068643D-01
  919  0.85562061      0.11900245D-01
  920  0.86584344      0.10817789D-01
  921  0.87618841      0.98168515D-02
  922  0.88665697      0.88930528D-02
  923  0.89725062      0.80420757D-02
  924  0.90797083      0.72596832D-02
  925  0.91881913      0.65417346D-02
  926  0.92979704      0.58841985D-02
  927  0.94090611      0.52831647D-02
  928  0.95214792      0.47348545D-02
  929  0.96352404      0.42356287D-02
  930  0.97503608      0.37819947D-02
  931  0.98668566      0.33706112D-02
  932  0.99847443      0.29982920D-02
  933  1.01040405      0.26620087D-02
  934  1.02247621      0.23588913D-02
  935  1.03469260      0.20862285D-02
  936  1.04705495      0.18414661D-02
  937  1.05956500      0.16222055D-02
  938  1.07222453      0.14262005D-02
  939  1.08503530      0.12513536D-02
  940  1.09799914      0.10957117D-02
  941  1.11111787      0.95746163D-03
  942  1.12439334      0.83492438D-03
  943  1.13782742      0.72654980D-03
  944  1.15142201      0.63091057D-03
  945  1.16517902      0.54669610D-03
  946  1.17910041      0.47270629D-03
  947  1.19318812      0.40784526D-03
  948  1.20744415      0.35111497D-03
  949  1.22187051      0.30160903D-03
  950  1.23646924      0.25850649D-03
  951  1.25124238      0.22106584D-03
  952  1.26619204      0.18861913D-03
  953  1.28132031      0.16056632D-03
  954  1.29662933      0.13636986D-03
  955  1.31212126      0.11554949D-03
  956  1.32779829      0.97677327D-04
  957  1.34366262      0.82373177D-04
  958  1.35971650      0.69300173D-04
  959  1.37596219      0.58160650D-04
  960  1.39240197      0.48692324D-04
  961  1.40903818      0.40664722D-04
  962  1.42587316      0.33875895D-04
  963  1.44290927      0.28149384D-04
  964  1.46014894      0.23331438D-04
  965  1.47759457      0.19288472D-04
  966  1.49524865      0.15904754D-04
  967  1.51311366      0.13080303D-04
  968  1.53119211      0.10728999D-04
  969  1.54948656      0.87768731D-05
  970  1.56799959      0.71605796D-05
  971  1.58673381      0.58260294D-05
  972  1.60569187      0.47271734D-05
  973  1.62487643      0.38249246D-05
  974  1.64429021      0.30862043D-05
  975  1.66393594      0.24831029D-05
  976  1.68381640      0.19921438D-05
  977  1.70393438      0.15936396D-05
  978  1.72429273      0.12711311D-05
  979  1.74489432      0.10109010D-05
  980  1.76574205      0.80155267D-06
  981  1.78683887      0.63364724D-06
  982  1.80818775      0.49939232D-06
  983  1.82979171      0.39237527D-06
  984  1.85165378      0.30733591D-06
  985  1.87377706      0.23997347D-06
  986  1.89616467      0.18678309D-06
  987  1.91881975      0.14491798D-06
  988  1.94174552      0.11207357D-06
  989  1.96494520      0.86390519D-07
  990  1.98842207      0.66373752D-07
  991  2.01217944      0.50825241D-07
  992  2.03622065      0.38788278D-07
  993  2.06054911      0.29501531D-07
  994  2.08516824      0.22361271D-07
  995  2.11008151      0.16890439D-07
  996  2.13529245      0.12713423D-07
  997  2.16080460      0.95355437D-08
  998  2.18662157      0.71264632D-08
  999  2.21274699      0.53067943D-08
 1000  2.23918456      0.39373494D-08
 1001  2.26593800      0.29105350D-08
 1002  2.29301108      0.21434947D-08
 1003  2.32040763      0.15726645D-08
 1004  2.34813151      0.11494685D-08
 1005  2.37618663      0.83692865D-09
 1006  2.40457695      0.60700614D-09
 1007  2.43330647      0.43852443D-09
 1008  2.46237925      0.31555361D-09
 1009  2.49179938      0.22615889D-09
 1010  2.52157102      0.16143498D-09
 1011  2.55169837      0.11476443D-09
 1012  2.58218568      0.81250260D-10
 1013  2.61303724      0.57283816D-10
 1014  2.64425742      0.40217096D-10
 1015  2.67585061      0.28115305D-10
 1016  2.70782126      0.19570858D-10
 1017  2.74017390      0.13564178D-10
 1018  2.77291309      0.93599825D-11
 1019  2.80604343      0.64303700D-11
 1020  2.83956961      0.43980235D-11
 1021  2.87349636      0.29944771D-11
 1022  2.90782846      0.20295862D-11
 1023  2.94257076      0.13692984D-11
 1024  2.97772815      0.91954677D-12
 1025  3.01330559      0.61463260D-12
 1026  3.04930811      0.40888785D-12
 1027  3.08574078      0.27071999D-12
 1028  3.12260875      0.17837928D-12
 1029  3.15991721      0.11696517D-12
 1030  3.19767142      0.76319645D-13
 1031  3.23587671      0.49552166D-13
 1032  3.27453848      0.32012004D-13
 1033  3.31366217      0.20576053D-13
 1034  3.35325330      0.13157803D-13
 1035  3.39331747      0.83703286D-14
 1036  3.43386031      0.52964314D-14
 1037  3.47488756      0.33333142D-14
 1038  3.51640499      0.20863939D-14
 1039  3.55841846      0.12973373D-14
 1040  3.60093391      0.80229874D-15
