 ir        r              f(r)*r^2
    1  0.00001574      0.57499494D-06
    2  0.00001593      0.58880762D-06
    3  0.00001612      0.60295200D-06
    4  0.00001632      0.61743604D-06
    5  0.00001651      0.63226789D-06
    6  0.00001671      0.64745590D-06
    7  0.00001691      0.66300861D-06
    8  0.00001711      0.67893479D-06
    9  0.00001731      0.69524339D-06
   10  0.00001752      0.71194359D-06
   11  0.00001773      0.72904478D-06
   12  0.00001794      0.74655660D-06
   13  0.00001816      0.76448890D-06
   14  0.00001837      0.78285176D-06
   15  0.00001859      0.80165552D-06
   16  0.00001881      0.82091075D-06
   17  0.00001904      0.84062829D-06
   18  0.00001927      0.86081924D-06
   19  0.00001950      0.88149495D-06
   20  0.00001973      0.90266706D-06
   21  0.00001997      0.92434747D-06
   22  0.00002020      0.94654838D-06
   23  0.00002045      0.96928227D-06
   24  0.00002069      0.99256194D-06
   25  0.00002094      0.10164005D-05
   26  0.00002119      0.10408113D-05
   27  0.00002144      0.10658081D-05
   28  0.00002170      0.10914050D-05
   29  0.00002196      0.11176163D-05
   30  0.00002222      0.11444569D-05
   31  0.00002248      0.11719417D-05
   32  0.00002275      0.12000863D-05
   33  0.00002302      0.12289064D-05
   34  0.00002330      0.12584184D-05
   35  0.00002358      0.12886386D-05
   36  0.00002386      0.13195843D-05
   37  0.00002414      0.13512727D-05
   38  0.00002443      0.13837216D-05
   39  0.00002472      0.14169494D-05
   40  0.00002502      0.14509747D-05
   41  0.00002532      0.14858165D-05
   42  0.00002562      0.15214946D-05
   43  0.00002593      0.15580289D-05
   44  0.00002624      0.15954399D-05
   45  0.00002655      0.16337488D-05
   46  0.00002687      0.16729770D-05
   47  0.00002719      0.17131466D-05
   48  0.00002751      0.17542801D-05
   49  0.00002784      0.17964006D-05
   50  0.00002818      0.18395319D-05
   51  0.00002851      0.18836981D-05
   52  0.00002885      0.19289241D-05
   53  0.00002920      0.19752352D-05
   54  0.00002955      0.20226575D-05
   55  0.00002990      0.20712176D-05
   56  0.00003026      0.21209428D-05
   57  0.00003062      0.21718610D-05
   58  0.00003098      0.22240008D-05
   59  0.00003135      0.22773915D-05
   60  0.00003173      0.23320631D-05
   61  0.00003211      0.23880462D-05
   62  0.00003249      0.24453723D-05
   63  0.00003288      0.25040736D-05
   64  0.00003327      0.25641830D-05
   65  0.00003367      0.26257342D-05
   66  0.00003407      0.26887619D-05
   67  0.00003448      0.27533014D-05
   68  0.00003489      0.28193889D-05
   69  0.00003531      0.28870615D-05
   70  0.00003573      0.29563572D-05
   71  0.00003616      0.30273148D-05
   72  0.00003659      0.30999743D-05
   73  0.00003703      0.31743762D-05
   74  0.00003747      0.32505625D-05
   75  0.00003792      0.33285757D-05
   76  0.00003837      0.34084598D-05
   77  0.00003883      0.34902594D-05
   78  0.00003929      0.35740205D-05
   79  0.00003976      0.36597900D-05
   80  0.00004024      0.37476161D-05
   81  0.00004072      0.38375480D-05
   82  0.00004120      0.39296360D-05
   83  0.00004169      0.40239319D-05
   84  0.00004219      0.41204885D-05
   85  0.00004270      0.42193599D-05
   86  0.00004321      0.43206015D-05
   87  0.00004372      0.44242702D-05
   88  0.00004425      0.45304239D-05
   89  0.00004477      0.46391221D-05
   90  0.00004531      0.47504259D-05
   91  0.00004585      0.48643974D-05
   92  0.00004640      0.49811007D-05
   93  0.00004695      0.51006010D-05
   94  0.00004751      0.52229653D-05
   95  0.00004808      0.53482621D-05
   96  0.00004866      0.54765616D-05
   97  0.00004924      0.56079357D-05
   98  0.00004983      0.57424578D-05
   99  0.00005042      0.58802034D-05
  100  0.00005102      0.60212495D-05
  101  0.00005163      0.61656751D-05
  102  0.00005225      0.63135611D-05
  103  0.00005287      0.64649901D-05
  104  0.00005351      0.66200469D-05
  105  0.00005415      0.67788184D-05
  106  0.00005479      0.69413932D-05
  107  0.00005545      0.71078625D-05
  108  0.00005611      0.72783192D-05
  109  0.00005678      0.74528588D-05
  110  0.00005746      0.76315788D-05
  111  0.00005814      0.78145793D-05
  112  0.00005884      0.80019624D-05
  113  0.00005954      0.81938330D-05
  114  0.00006025      0.83902983D-05
  115  0.00006097      0.85914682D-05
  116  0.00006170      0.87974551D-05
  117  0.00006244      0.90083741D-05
  118  0.00006319      0.92243430D-05
  119  0.00006394      0.94454826D-05
  120  0.00006470      0.96719163D-05
  121  0.00006548      0.99037706D-05
  122  0.00006626      0.10141175D-04
  123  0.00006705      0.10384262D-04
  124  0.00006785      0.10633168D-04
  125  0.00006866      0.10888031D-04
  126  0.00006948      0.11148993D-04
  127  0.00007031      0.11416201D-04
  128  0.00007115      0.11689803D-04
  129  0.00007200      0.11969952D-04
  130  0.00007286      0.12256805D-04
  131  0.00007373      0.12550521D-04
  132  0.00007462      0.12851265D-04
  133  0.00007551      0.13159203D-04
  134  0.00007641      0.13474508D-04
  135  0.00007732      0.13797355D-04
  136  0.00007825      0.14127925D-04
  137  0.00007918      0.14466402D-04
  138  0.00008013      0.14812973D-04
  139  0.00008108      0.15167833D-04
  140  0.00008205      0.15531180D-04
  141  0.00008303      0.15903214D-04
  142  0.00008403      0.16284145D-04
  143  0.00008503      0.16674183D-04
  144  0.00008605      0.17073546D-04
  145  0.00008707      0.17482457D-04
  146  0.00008811      0.17901142D-04
  147  0.00008917      0.18329836D-04
  148  0.00009023      0.18768775D-04
  149  0.00009131      0.19218206D-04
  150  0.00009240      0.19678376D-04
  151  0.00009351      0.20149544D-04
  152  0.00009462      0.20631970D-04
  153  0.00009575      0.21125922D-04
  154  0.00009690      0.21631676D-04
  155  0.00009805      0.22149511D-04
  156  0.00009923      0.22679717D-04
  157  0.00010041      0.23222588D-04
  158  0.00010161      0.23778424D-04
  159  0.00010283      0.24347535D-04
  160  0.00010405      0.24930236D-04
  161  0.00010530      0.25526852D-04
  162  0.00010656      0.26137713D-04
  163  0.00010783      0.26763158D-04
  164  0.00010912      0.27403534D-04
  165  0.00011042      0.28059196D-04
  166  0.00011174      0.28730508D-04
  167  0.00011307      0.29417842D-04
  168  0.00011443      0.30121579D-04
  169  0.00011579      0.30842109D-04
  170  0.00011718      0.31579832D-04
  171  0.00011858      0.32335155D-04
  172  0.00011999      0.33108497D-04
  173  0.00012143      0.33900286D-04
  174  0.00012288      0.34710961D-04
  175  0.00012435      0.35540971D-04
  176  0.00012583      0.36390773D-04
  177  0.00012733      0.37260839D-04
  178  0.00012886      0.38151650D-04
  179  0.00013040      0.39063699D-04
  180  0.00013195      0.39997488D-04
  181  0.00013353      0.40953535D-04
  182  0.00013513      0.41932367D-04
  183  0.00013674      0.42934526D-04
  184  0.00013837      0.43960564D-04
  185  0.00014003      0.45011048D-04
  186  0.00014170      0.46086558D-04
  187  0.00014339      0.47187687D-04
  188  0.00014511      0.48315043D-04
  189  0.00014684      0.49469247D-04
  190  0.00014859      0.50650935D-04
  191  0.00015037      0.51860760D-04
  192  0.00015217      0.53099386D-04
  193  0.00015398      0.54367498D-04
  194  0.00015582      0.55665792D-04
  195  0.00015769      0.56994984D-04
  196  0.00015957      0.58355805D-04
  197  0.00016148      0.59749004D-04
  198  0.00016341      0.61175347D-04
  199  0.00016536      0.62635619D-04
  200  0.00016733      0.64130621D-04
  201  0.00016933      0.65661176D-04
  202  0.00017136      0.67228124D-04
  203  0.00017340      0.68832326D-04
  204  0.00017548      0.70474662D-04
  205  0.00017757      0.72156034D-04
  206  0.00017969      0.73877364D-04
  207  0.00018184      0.75639595D-04
  208  0.00018401      0.77443694D-04
  209  0.00018621      0.79290650D-04
  210  0.00018844      0.81181475D-04
  211  0.00019069      0.83117202D-04
  212  0.00019297      0.85098894D-04
  213  0.00019527      0.87127633D-04
  214  0.00019761      0.89204530D-04
  215  0.00019997      0.91330719D-04
  216  0.00020236      0.93507364D-04
  217  0.00020477      0.95735654D-04
  218  0.00020722      0.98016806D-04
  219  0.00020970      0.10035206D-03
  220  0.00021220      0.10274270D-03
  221  0.00021474      0.10519003D-03
  222  0.00021730      0.10769537D-03
  223  0.00021990      0.11026010D-03
  224  0.00022253      0.11288562D-03
  225  0.00022518      0.11557334D-03
  226  0.00022787      0.11832475D-03
  227  0.00023060      0.12114132D-03
  228  0.00023335      0.12402460D-03
  229  0.00023614      0.12697615D-03
  230  0.00023896      0.12999758D-03
  231  0.00024182      0.13309053D-03
  232  0.00024471      0.13625667D-03
  233  0.00024763      0.13949772D-03
  234  0.00025059      0.14281545D-03
  235  0.00025358      0.14621165D-03
  236  0.00025661      0.14968816D-03
  237  0.00025968      0.15324686D-03
  238  0.00026278      0.15688968D-03
  239  0.00026592      0.16061859D-03
  240  0.00026910      0.16443561D-03
  241  0.00027231      0.16834280D-03
  242  0.00027557      0.17234227D-03
  243  0.00027886      0.17643618D-03
  244  0.00028219      0.18062674D-03
  245  0.00028556      0.18491621D-03
  246  0.00028897      0.18930689D-03
  247  0.00029243      0.19380117D-03
  248  0.00029592      0.19840145D-03
  249  0.00029946      0.20311021D-03
  250  0.00030303      0.20792998D-03
  251  0.00030665      0.21286336D-03
  252  0.00031032      0.21791300D-03
  253  0.00031403      0.22308159D-03
  254  0.00031778      0.22837193D-03
  255  0.00032157      0.23378683D-03
  256  0.00032542      0.23932921D-03
  257  0.00032930      0.24500204D-03
  258  0.00033324      0.25080834D-03
  259  0.00033722      0.25675123D-03
  260  0.00034125      0.26283387D-03
  261  0.00034533      0.26905953D-03
  262  0.00034945      0.27543151D-03
  263  0.00035363      0.28195322D-03
  264  0.00035785      0.28862814D-03
  265  0.00036213      0.29545982D-03
  266  0.00036646      0.30245189D-03
  267  0.00037083      0.30960807D-03
  268  0.00037526      0.31693217D-03
  269  0.00037975      0.32442808D-03
  270  0.00038429      0.33209978D-03
  271  0.00038888      0.33995132D-03
  272  0.00039352      0.34798688D-03
  273  0.00039822      0.35621070D-03
  274  0.00040298      0.36462714D-03
  275  0.00040780      0.37324064D-03
  276  0.00041267      0.38205576D-03
  277  0.00041760      0.39107714D-03
  278  0.00042259      0.40030955D-03
  279  0.00042764      0.40975784D-03
  280  0.00043275      0.41942700D-03
  281  0.00043792      0.42932210D-03
  282  0.00044315      0.43944834D-03
  283  0.00044845      0.44981105D-03
  284  0.00045380      0.46041565D-03
  285  0.00045923      0.47126771D-03
  286  0.00046471      0.48237290D-03
  287  0.00047026      0.49373704D-03
  288  0.00047588      0.50536607D-03
  289  0.00048157      0.51726605D-03
  290  0.00048732      0.52944319D-03
  291  0.00049315      0.54190384D-03
  292  0.00049904      0.55465449D-03
  293  0.00050500      0.56770176D-03
  294  0.00051103      0.58105243D-03
  295  0.00051714      0.59471344D-03
  296  0.00052332      0.60869186D-03
  297  0.00052957      0.62299493D-03
  298  0.00053590      0.63763005D-03
  299  0.00054230      0.65260479D-03
  300  0.00054878      0.66792688D-03
  301  0.00055534      0.68360421D-03
  302  0.00056197      0.69964486D-03
  303  0.00056869      0.71605708D-03
  304  0.00057548      0.73284931D-03
  305  0.00058236      0.75003016D-03
  306  0.00058931      0.76760844D-03
  307  0.00059635      0.78559314D-03
  308  0.00060348      0.80399348D-03
  309  0.00061069      0.82281884D-03
  310  0.00061799      0.84207883D-03
  311  0.00062537      0.86178325D-03
  312  0.00063284      0.88194214D-03
  313  0.00064040      0.90256574D-03
  314  0.00064805      0.92366451D-03
  315  0.00065580      0.94524914D-03
  316  0.00066363      0.96733057D-03
  317  0.00067156      0.98991994D-03
  318  0.00067959      0.10130287D-02
  319  0.00068771      0.10366684D-02
  320  0.00069592      0.10608510D-02
  321  0.00070424      0.10855886D-02
  322  0.00071265      0.11108937D-02
  323  0.00072117      0.11367789D-02
  324  0.00072978      0.11632572D-02
  325  0.00073850      0.11903418D-02
  326  0.00074732      0.12180463D-02
  327  0.00075625      0.12463843D-02
  328  0.00076529      0.12753700D-02
  329  0.00077443      0.13050178D-02
  330  0.00078369      0.13353424D-02
  331  0.00079305      0.13663587D-02
  332  0.00080252      0.13980821D-02
  333  0.00081211      0.14305282D-02
  334  0.00082182      0.14637131D-02
  335  0.00083163      0.14976529D-02
  336  0.00084157      0.15323643D-02
  337  0.00085163      0.15678644D-02
  338  0.00086180      0.16041705D-02
  339  0.00087210      0.16413002D-02
  340  0.00088252      0.16792717D-02
  341  0.00089306      0.17181033D-02
  342  0.00090373      0.17578140D-02
  343  0.00091453      0.17984230D-02
  344  0.00092546      0.18399498D-02
  345  0.00093651      0.18824144D-02
  346  0.00094770      0.19258374D-02
  347  0.00095903      0.19702394D-02
  348  0.00097048      0.20156419D-02
  349  0.00098208      0.20620665D-02
  350  0.00099381      0.21095353D-02
  351  0.00100569      0.21580710D-02
  352  0.00101770      0.22076965D-02
  353  0.00102986      0.22584354D-02
  354  0.00104217      0.23103116D-02
  355  0.00105462      0.23633497D-02
  356  0.00106722      0.24175746D-02
  357  0.00107997      0.24730116D-02
  358  0.00109287      0.25296868D-02
  359  0.00110593      0.25876267D-02
  360  0.00111914      0.26468582D-02
  361  0.00113251      0.27074088D-02
  362  0.00114605      0.27693066D-02
  363  0.00115974      0.28325802D-02
  364  0.00117360      0.28972587D-02
  365  0.00118762      0.29633720D-02
  366  0.00120181      0.30309503D-02
  367  0.00121617      0.31000245D-02
  368  0.00123070      0.31706260D-02
  369  0.00124540      0.32427871D-02
  370  0.00126028      0.33165403D-02
  371  0.00127534      0.33919191D-02
  372  0.00129058      0.34689574D-02
  373  0.00130599      0.35476897D-02
  374  0.00132160      0.36281514D-02
  375  0.00133739      0.37103783D-02
  376  0.00135337      0.37944071D-02
  377  0.00136954      0.38802750D-02
  378  0.00138590      0.39680199D-02
  379  0.00140246      0.40576806D-02
  380  0.00141922      0.41492964D-02
  381  0.00143617      0.42429074D-02
  382  0.00145333      0.43385543D-02
  383  0.00147070      0.44362789D-02
  384  0.00148827      0.45361232D-02
  385  0.00150605      0.46381306D-02
  386  0.00152404      0.47423447D-02
  387  0.00154225      0.48488101D-02
  388  0.00156068      0.49575724D-02
  389  0.00157933      0.50686776D-02
  390  0.00159819      0.51821728D-02
  391  0.00161729      0.52981058D-02
  392  0.00163661      0.54165253D-02
  393  0.00165617      0.55374807D-02
  394  0.00167595      0.56610224D-02
  395  0.00169598      0.57872016D-02
  396  0.00171624      0.59160703D-02
  397  0.00173675      0.60476814D-02
  398  0.00175750      0.61820888D-02
  399  0.00177850      0.63193471D-02
  400  0.00179975      0.64595119D-02
  401  0.00182125      0.66026398D-02
  402  0.00184301      0.67487881D-02
  403  0.00186503      0.68980151D-02
  404  0.00188731      0.70503802D-02
  405  0.00190986      0.72059436D-02
  406  0.00193268      0.73647663D-02
  407  0.00195577      0.75269105D-02
  408  0.00197914      0.76924393D-02
  409  0.00200278      0.78614165D-02
  410  0.00202671      0.80339074D-02
  411  0.00205093      0.82099777D-02
  412  0.00207543      0.83896944D-02
  413  0.00210023      0.85731255D-02
  414  0.00212532      0.87603399D-02
  415  0.00215072      0.89514074D-02
  416  0.00217641      0.91463990D-02
  417  0.00220242      0.93453866D-02
  418  0.00222873      0.95484430D-02
  419  0.00225536      0.97556422D-02
  420  0.00228230      0.99670589D-02
  421  0.00230957      0.10182769D-01
  422  0.00233717      0.10402850D-01
  423  0.00236509      0.10627379D-01
  424  0.00239335      0.10856435D-01
  425  0.00242195      0.11090099D-01
  426  0.00245088      0.11328450D-01
  427  0.00248016      0.11571571D-01
  428  0.00250980      0.11819545D-01
  429  0.00253978      0.12072456D-01
  430  0.00257013      0.12330388D-01
  431  0.00260084      0.12593427D-01
  432  0.00263191      0.12861659D-01
  433  0.00266336      0.13135174D-01
  434  0.00269518      0.13414058D-01
  435  0.00272738      0.13698402D-01
  436  0.00275997      0.13988295D-01
  437  0.00279294      0.14283830D-01
  438  0.00282631      0.14585098D-01
  439  0.00286008      0.14892193D-01
  440  0.00289425      0.15205208D-01
  441  0.00292883      0.15524237D-01
  442  0.00296382      0.15849377D-01
  443  0.00299924      0.16180724D-01
  444  0.00303507      0.16518374D-01
  445  0.00307133      0.16862425D-01
  446  0.00310803      0.17212976D-01
  447  0.00314516      0.17570125D-01
  448  0.00318274      0.17933973D-01
  449  0.00322077      0.18304619D-01
  450  0.00325925      0.18682164D-01
  451  0.00329819      0.19066710D-01
  452  0.00333760      0.19458358D-01
  453  0.00337747      0.19857211D-01
  454  0.00341783      0.20263370D-01
  455  0.00345866      0.20676940D-01
  456  0.00349999      0.21098022D-01
  457  0.00354180      0.21526721D-01
  458  0.00358412      0.21963140D-01
  459  0.00362694      0.22407383D-01
  460  0.00367028      0.22859554D-01
  461  0.00371413      0.23319756D-01
  462  0.00375851      0.23788093D-01
  463  0.00380341      0.24264669D-01
  464  0.00384885      0.24749586D-01
  465  0.00389484      0.25242949D-01
  466  0.00394137      0.25744859D-01
  467  0.00398847      0.26255419D-01
  468  0.00403612      0.26774730D-01
  469  0.00408434      0.27302894D-01
  470  0.00413314      0.27840010D-01
  471  0.00418252      0.28386179D-01
  472  0.00423250      0.28941498D-01
  473  0.00428306      0.29506066D-01
  474  0.00433424      0.30079979D-01
  475  0.00438602      0.30663331D-01
  476  0.00443843      0.31256218D-01
  477  0.00449146      0.31858730D-01
  478  0.00454512      0.32470959D-01
  479  0.00459942      0.33092993D-01
  480  0.00465438      0.33724920D-01
  481  0.00470999      0.34366825D-01
  482  0.00476626      0.35018791D-01
  483  0.00482321      0.35680897D-01
  484  0.00488083      0.36353224D-01
  485  0.00493915      0.37035845D-01
  486  0.00499816      0.37728834D-01
  487  0.00505788      0.38432261D-01
  488  0.00511831      0.39146192D-01
  489  0.00517946      0.39870691D-01
  490  0.00524135      0.40605817D-01
  491  0.00530397      0.41351627D-01
  492  0.00536734      0.42108174D-01
  493  0.00543147      0.42875505D-01
  494  0.00549636      0.43653665D-01
  495  0.00556203      0.44442694D-01
  496  0.00562849      0.45242626D-01
  497  0.00569573      0.46053491D-01
  498  0.00576379      0.46875315D-01
  499  0.00583265      0.47708116D-01
  500  0.00590234      0.48551910D-01
  501  0.00597286      0.49406703D-01
  502  0.00604422      0.50272497D-01
  503  0.00611644      0.51149289D-01
  504  0.00618952      0.52037068D-01
  505  0.00626347      0.52935815D-01
  506  0.00633830      0.53845505D-01
  507  0.00641403      0.54766107D-01
  508  0.00649066      0.55697579D-01
  509  0.00656821      0.56639874D-01
  510  0.00664669      0.57592935D-01
  511  0.00672610      0.58556697D-01
  512  0.00680647      0.59531087D-01
  513  0.00688779      0.60516020D-01
  514  0.00697008      0.61511405D-01
  515  0.00705336      0.62517138D-01
  516  0.00713763      0.63533107D-01
  517  0.00722291      0.64559189D-01
  518  0.00730921      0.65595250D-01
  519  0.00739654      0.66641145D-01
  520  0.00748491      0.67696717D-01
  521  0.00757434      0.68761797D-01
  522  0.00766484      0.69836205D-01
  523  0.00775642      0.70919748D-01
  524  0.00784909      0.72012219D-01
  525  0.00794287      0.73113399D-01
  526  0.00803777      0.74223056D-01
  527  0.00813380      0.75340942D-01
  528  0.00823099      0.76466796D-01
  529  0.00832933      0.77600343D-01
  530  0.00842885      0.78741291D-01
  531  0.00852955      0.79889334D-01
  532  0.00863146      0.81044151D-01
  533  0.00873459      0.82205402D-01
  534  0.00883895      0.83372735D-01
  535  0.00894456      0.84545776D-01
  536  0.00905142      0.85724139D-01
  537  0.00915957      0.86907416D-01
  538  0.00926901      0.88095184D-01
  539  0.00937975      0.89287002D-01
  540  0.00949182      0.90482408D-01
  541  0.00960522      0.91680924D-01
  542  0.00971999      0.92882051D-01
  543  0.00983612      0.94085272D-01
  544  0.00995364      0.95290049D-01
  545  0.01007256      0.96495825D-01
  546  0.01019291      0.97702021D-01
  547  0.01031469      0.98908041D-01
  548  0.01043793      0.10011326D+00
  549  0.01056264      0.10131705D+00
  550  0.01068884      0.10251874D+00
  551  0.01081655      0.10371766D+00
  552  0.01094579      0.10491309D+00
  553  0.01107657      0.10610431D+00
  554  0.01120891      0.10729057D+00
  555  0.01134283      0.10847111D+00
  556  0.01147835      0.10964513D+00
  557  0.01161549      0.11081183D+00
  558  0.01175427      0.11197036D+00
  559  0.01189471      0.11311986D+00
  560  0.01203683      0.11425947D+00
  561  0.01218064      0.11538827D+00
  562  0.01232617      0.11650535D+00
  563  0.01247345      0.11760975D+00
  564  0.01262248      0.11870052D+00
  565  0.01277329      0.11977666D+00
  566  0.01292590      0.12083717D+00
  567  0.01308034      0.12188102D+00
  568  0.01323662      0.12290715D+00
  569  0.01339477      0.12391450D+00
  570  0.01355481      0.12490199D+00
  571  0.01371676      0.12586849D+00
  572  0.01388064      0.12681288D+00
  573  0.01404649      0.12773403D+00
  574  0.01421431      0.12863076D+00
  575  0.01438414      0.12950190D+00
  576  0.01455600      0.13034626D+00
  577  0.01472992      0.13116263D+00
  578  0.01490591      0.13194978D+00
  579  0.01508400      0.13270649D+00
  580  0.01526422      0.13343149D+00
  581  0.01544660      0.13412355D+00
  582  0.01563115      0.13478139D+00
  583  0.01581791      0.13540373D+00
  584  0.01600690      0.13598929D+00
  585  0.01619815      0.13653680D+00
  586  0.01639168      0.13704495D+00
  587  0.01658752      0.13751245D+00
  588  0.01678571      0.13793801D+00
  589  0.01698626      0.13832034D+00
  590  0.01718921      0.13865816D+00
  591  0.01739459      0.13895017D+00
  592  0.01760241      0.13919510D+00
  593  0.01781273      0.13939168D+00
  594  0.01802555      0.13953866D+00
  595  0.01824092      0.13963480D+00
  596  0.01845886      0.13967888D+00
  597  0.01867940      0.13966968D+00
  598  0.01890258      0.13960603D+00
  599  0.01912842      0.13948677D+00
  600  0.01935697      0.13931076D+00
  601  0.01958824      0.13907690D+00
  602  0.01982228      0.13878412D+00
  603  0.02005911      0.13843139D+00
  604  0.02029877      0.13801772D+00
  605  0.02054130      0.13754216D+00
  606  0.02078673      0.13700380D+00
  607  0.02103508      0.13640179D+00
  608  0.02128641      0.13573533D+00
  609  0.02154073      0.13500367D+00
  610  0.02179810      0.13420612D+00
  611  0.02205854      0.13334208D+00
  612  0.02232209      0.13241099D+00
  613  0.02258879      0.13141237D+00
  614  0.02285868      0.13034582D+00
  615  0.02313179      0.12921102D+00
  616  0.02340817      0.12800773D+00
  617  0.02368784      0.12673579D+00
  618  0.02397086      0.12539517D+00
  619  0.02425726      0.12398589D+00
  620  0.02454708      0.12250811D+00
  621  0.02484037      0.12096206D+00
  622  0.02513716      0.11934812D+00
  623  0.02543749      0.11766675D+00
  624  0.02574142      0.11591854D+00
  625  0.02604897      0.11410422D+00
  626  0.02636020      0.11222463D+00
  627  0.02667515      0.11028074D+00
  628  0.02699386      0.10827367D+00
  629  0.02731638      0.10620466D+00
  630  0.02764275      0.10407512D+00
  631  0.02797302      0.10188658D+00
  632  0.02830724      0.99640741D-01
  633  0.02864545      0.97339458D-01
  634  0.02898770      0.94984739D-01
  635  0.02933404      0.92578760D-01
  636  0.02968452      0.90123860D-01
  637  0.03003919      0.87622549D-01
  638  0.03039809      0.85077510D-01
  639  0.03076128      0.82491598D-01
  640  0.03112881      0.79867849D-01
  641  0.03150073      0.77209476D-01
  642  0.03187710      0.74519875D-01
  643  0.03225796      0.71802625D-01
  644  0.03264338      0.69061490D-01
  645  0.03303339      0.66300418D-01
  646  0.03342807      0.63523547D-01
  647  0.03382747      0.60735197D-01
  648  0.03423163      0.57939877D-01
  649  0.03464063      0.55142283D-01
  650  0.03505451      0.52347293D-01
  651  0.03547333      0.49559972D-01
  652  0.03589716      0.46785564D-01
  653  0.03632606      0.44029495D-01
  654  0.03676008      0.41297364D-01
  655  0.03719928      0.38594945D-01
  656  0.03764373      0.35928183D-01
  657  0.03809349      0.33303183D-01
  658  0.03854863      0.30726214D-01
  659  0.03900920      0.28203695D-01
  660  0.03947528      0.25742195D-01
  661  0.03994692      0.23348420D-01
  662  0.04042420      0.21029211D-01
  663  0.04090718      0.18791532D-01
  664  0.04139594      0.16642464D-01
  665  0.04189053      0.14589192D-01
  666  0.04239103      0.12638994D-01
  667  0.04289751      0.10799236D-01
  668  0.04341004      0.90773538D-02
  669  0.04392870      0.74808433D-02
  670  0.04445355      0.60172468D-02
  671  0.04498468      0.46941392D-02
  672  0.04552215      0.35191132D-02
  673  0.04606604      0.24997643D-02
  674  0.04661643      0.16436741D-02
  675  0.04717340      0.95839433D-03
  676  0.04773702      0.45142916D-03
  677  0.04830737      0.13021720D-03
  678  0.04888454      0.21129202D-05
  679  0.04946861      0.74367422D-04
  680  0.05005965      0.35410865D-03
  681  0.05065776      0.84832104D-03
  682  0.05126301      0.15638247D-02
  683  0.05187549      0.25072540D-02
  684  0.05249529      0.36850361D-02
  685  0.05312250      0.51033683D-02
  686  0.05375720      0.67681962D-02
  687  0.05439948      0.86851906D-02
  688  0.05504943      0.10859724D-01
  689  0.05570716      0.13296850D-01
  690  0.05637274      0.16001274D-01
  691  0.05704627      0.18977339D-01
  692  0.05772785      0.22228995D-01
  693  0.05841757      0.25759776D-01
  694  0.05911554      0.29572783D-01
  695  0.05982184      0.33670655D-01
  696  0.06053658      0.38055552D-01
  697  0.06125987      0.42729126D-01
  698  0.06199179      0.47692507D-01
  699  0.06273246      0.52946278D-01
  700  0.06348198      0.58490457D-01
  701  0.06424045      0.64324476D-01
  702  0.06500798      0.70447162D-01
  703  0.06578469      0.76856725D-01
  704  0.06657068      0.83550733D-01
  705  0.06736605      0.90526104D-01
  706  0.06817093      0.97779091D-01
  707  0.06898543      0.10530527D+00
  708  0.06980966      0.11309952D+00
  709  0.07064373      0.12115603D+00
  710  0.07148777      0.12946827D+00
  711  0.07234190      0.13802903D+00
  712  0.07320623      0.14683034D+00
  713  0.07408088      0.15586355D+00
  714  0.07496599      0.16511927D+00
  715  0.07586167      0.17458740D+00
  716  0.07676806      0.18425714D+00
  717  0.07768527      0.19411698D+00
  718  0.07861344      0.20415470D+00
  719  0.07955270      0.21435742D+00
  720  0.08050319      0.22471158D+00
  721  0.08146503      0.23520297D+00
  722  0.08243836      0.24581674D+00
  723  0.08342332      0.25653745D+00
  724  0.08442005      0.26734903D+00
  725  0.08542869      0.27823489D+00
  726  0.08644938      0.28917790D+00
  727  0.08748226      0.30016040D+00
  728  0.08852748      0.31116431D+00
  729  0.08958520      0.32217109D+00
  730  0.09065555      0.33316181D+00
  731  0.09173869      0.34411721D+00
  732  0.09283477      0.35501771D+00
  733  0.09394394      0.36584347D+00
  734  0.09506637      0.37657446D+00
  735  0.09620221      0.38719048D+00
  736  0.09735162      0.39767120D+00
  737  0.09851476      0.40799626D+00
  738  0.09969180      0.41814530D+00
  739  0.10088290      0.42809800D+00
  740  0.10208824      0.43783417D+00
  741  0.10330797      0.44733377D+00
  742  0.10454228      0.45657703D+00
  743  0.10579133      0.46554444D+00
  744  0.10705531      0.47421685D+00
  745  0.10833439      0.48257553D+00
  746  0.10962876      0.49060222D+00
  747  0.11093858      0.49827918D+00
  748  0.11226406      0.50558928D+00
  749  0.11360538      0.51251603D+00
  750  0.11496272      0.51904366D+00
  751  0.11633627      0.52515716D+00
  752  0.11772624      0.53084232D+00
  753  0.11913282      0.53608583D+00
  754  0.12055620      0.54087528D+00
  755  0.12199658      0.54519925D+00
  756  0.12345418      0.54904730D+00
  757  0.12492919      0.55241008D+00
  758  0.12642183      0.55527933D+00
  759  0.12793230      0.55764790D+00
  760  0.12946081      0.55950983D+00
  761  0.13100759      0.56086034D+00
  762  0.13257285      0.56169586D+00
  763  0.13415681      0.56201406D+00
  764  0.13575970      0.56181387D+00
  765  0.13738173      0.56109547D+00
  766  0.13902315      0.55986033D+00
  767  0.14068418      0.55811117D+00
  768  0.14236505      0.55585199D+00
  769  0.14406601      0.55308805D+00
  770  0.14578728      0.54982585D+00
  771  0.14752913      0.54607314D+00
  772  0.14929178      0.54183887D+00
  773  0.15107550      0.53713316D+00
  774  0.15288053      0.53196730D+00
  775  0.15470712      0.52635369D+00
  776  0.15655554      0.52030579D+00
  777  0.15842604      0.51383811D+00
  778  0.16031889      0.50696611D+00
  779  0.16223436      0.49970620D+00
  780  0.16417271      0.49207564D+00
  781  0.16613422      0.48409251D+00
  782  0.16811916      0.47577562D+00
  783  0.17012783      0.46714447D+00
  784  0.17216049      0.45821916D+00
  785  0.17421744      0.44902031D+00
  786  0.17629896      0.43956901D+00
  787  0.17840535      0.42988675D+00
  788  0.18053691      0.41999530D+00
  789  0.18269394      0.40991667D+00
  790  0.18487674      0.39967303D+00
  791  0.18708562      0.38928661D+00
  792  0.18932089      0.37877964D+00
  793  0.19158287      0.36817426D+00
  794  0.19387187      0.35749248D+00
  795  0.19618822      0.34675603D+00
  796  0.19853225      0.33598637D+00
  797  0.20090428      0.32520457D+00
  798  0.20330466      0.31443125D+00
  799  0.20573371      0.30368654D+00
  800  0.20819179      0.29298996D+00
  801  0.21067923      0.28236043D+00
  802  0.21319639      0.27181619D+00
  803  0.21574363      0.26137471D+00
  804  0.21832130      0.25105271D+00
  805  0.22092977      0.24086606D+00
  806  0.22356941      0.23082979D+00
  807  0.22624058      0.22095803D+00
  808  0.22894367      0.21126396D+00
  809  0.23167906      0.20175986D+00
  810  0.23444712      0.19245701D+00
  811  0.23724826      0.18336574D+00
  812  0.24008287      0.17449536D+00
  813  0.24295134      0.16585423D+00
  814  0.24585409      0.15744969D+00
  815  0.24879151      0.14928813D+00
  816  0.25176404      0.14137494D+00
  817  0.25477208      0.13371457D+00
  818  0.25781605      0.12631052D+00
  819  0.26089640      0.11916540D+00
  820  0.26401355      0.11228089D+00
  821  0.26716795      0.10565786D+00
  822  0.27036003      0.99296304D-01
  823  0.27359025      0.93195460D-01
  824  0.27685906      0.87353797D-01
  825  0.28016693      0.81769076D-01
  826  0.28351433      0.76438384D-01
  827  0.28690171      0.71358183D-01
  828  0.29032957      0.66524352D-01
  829  0.29379839      0.61932234D-01
  830  0.29730864      0.57576681D-01
  831  0.30086084      0.53452104D-01
  832  0.30445548      0.49552515D-01
  833  0.30809307      0.45871579D-01
  834  0.31177412      0.42402655D-01
  835  0.31549915      0.39138846D-01
  836  0.31926869      0.36073039D-01
  837  0.32308326      0.33197952D-01
  838  0.32694341      0.30506170D-01
  839  0.33084968      0.27990190D-01
  840  0.33480262      0.25642458D-01
  841  0.33880279      0.23455401D-01
  842  0.34285076      0.21421467D-01
  843  0.34694709      0.19533151D-01
  844  0.35109236      0.17783028D-01
  845  0.35528716      0.16163779D-01
  846  0.35953207      0.14668214D-01
  847  0.36382771      0.13289298D-01
  848  0.36817467      0.12020168D-01
  849  0.37257356      0.10854151D-01
  850  0.37702501      0.97847802D-02
  851  0.38152965      0.88058059D-02
  852  0.38608811      0.79112087D-02
  853  0.39070103      0.70952066D-02
  854  0.39536907      0.63522622D-02
  855  0.40009288      0.56770866D-02
  856  0.40487313      0.50646432D-02
  857  0.40971049      0.45101482D-02
  858  0.41460565      0.40090704D-02
  859  0.41955930      0.35571292D-02
  860  0.42457213      0.31502917D-02
  861  0.42964485      0.27847681D-02
  862  0.43477818      0.24570066D-02
  863  0.43997285      0.21636867D-02
  864  0.44522958      0.19017123D-02
  865  0.45054911      0.16682042D-02
  866  0.45593220      0.14604912D-02
  867  0.46137961      0.12761018D-02
  868  0.46689211      0.11127549D-02
  869  0.47247046      0.96835057D-03
  870  0.47811547      0.84096035D-03
  871  0.48382792      0.72881795D-03
  872  0.48960862      0.63030960D-03
  873  0.49545839      0.54396464D-03
  874  0.50137806      0.46844622D-03
  875  0.50736844      0.40254222D-03
  876  0.51343041      0.34515640D-03
  877  0.51956479      0.29529989D-03
  878  0.52577248      0.25208291D-03
  879  0.53205433      0.21470694D-03
  880  0.53841123      0.18245718D-03
  881  0.54484409      0.15469545D-03
  882  0.55135380      0.13085346D-03
  883  0.55794129      0.11042648D-03
  884  0.56460749      0.92967398D-04
  885  0.57135334      0.78081208D-04
  886  0.57817978      0.65419860D-04
  887  0.58508778      0.54677496D-04
  888  0.59207833      0.45586063D-04
  889  0.59915239      0.37911278D-04
  890  0.60631097      0.31448932D-04
  891  0.61355508      0.26021518D-04
  892  0.62088574      0.21475169D-04
  893  0.62830399      0.17676879D-04
  894  0.63581087      0.14512002D-04
  895  0.64340745      0.11881995D-04
  896  0.65109478      0.97023960D-05
  897  0.65887396      0.79010264D-05
  898  0.66674609      0.64163783D-05
  899  0.67471227      0.51961928D-05
  900  0.68277363      0.41961998D-05
  901  0.69093131      0.33790081D-05
  902  0.69918645      0.27131320D-05
  903  0.70754022      0.21721383D-05
  904  0.71599381      0.17339037D-05
  905  0.72454839      0.13799689D-05
  906  0.73320519      0.10949800D-05
  907  0.74196541      0.86620609D-06
  908  0.75083030      0.68312431D-06
  909  0.75980111      0.53706507D-06
  910  0.76887910      0.42090851D-06
  911  0.77806555      0.32882660D-06
  912  0.78736176      0.25606440D-06
  913  0.79676904      0.19875538D-06
  914  0.80628872      0.15376596D-06
  915  0.81592213      0.11856517D-06
  916  0.82567065      0.91115746D-07
  917  0.83553563      0.69783499D-07
  918  0.84551849      0.53262115D-07
  919  0.85562061      0.40511059D-07
  920  0.86584344      0.30704445D-07
  921  0.87618841      0.23189113D-07
  922  0.88665697      0.17450374D-07
  923  0.89725062      0.13084147D-07
  924  0.90797083      0.97743572D-08
  925  0.91881913      0.72746987D-08
  926  0.92979704      0.53939569D-08
  927  0.94090611      0.39842541D-08
  928  0.95214792      0.29316686D-08
  929  0.96352404      0.21487802D-08
  930  0.97503608      0.15687696D-08
  931  0.98668566      0.11407668D-08
  932  0.99847443      0.82620042D-09
  933  1.01040405      0.59594320D-09
  934  1.02247621      0.42808998D-09
  935  1.03469260      0.30623553D-09
  936  1.04705495      0.21814525D-09
  937  1.05956500      0.15473363D-09
  938  1.07222453      0.10928268D-09
  939  1.08503530      0.76846514D-10
  940  1.09799914      0.53799921D-10
  941  1.11111787      0.37497458D-10
  942  1.12439334      0.26017322D-10
  943  1.13782742      0.17969729D-10
  944  1.15142201      0.12354238D-10
  945  1.16517902      0.84540137D-11
  946  1.17910041      0.57578362D-11
  947  1.19318812      0.39028472D-11
  948  1.20744415      0.26327275D-11
  949  1.22187051      0.17672923D-11
  950  1.23646924      0.11804963D-11
  951  1.25124238      0.78460325D-12
  952  1.26619204      0.51884768D-12
  953  1.28132031      0.34135700D-12
  954  1.29662933      0.22342486D-12
  955  1.31212126      0.14547293D-12
  956  1.32779829      0.94218234D-13
  957  1.34366262      0.60696499D-13
  958  1.35971650      0.38890355D-13
  959  1.37596219      0.24782399D-13
  960  1.39240197      0.15705133D-13
  961  1.40903818      0.98971642D-14
  962  1.42587316      0.62019114D-14
  963  1.44290927      0.38642237D-14
  964  1.46014894      0.23938662D-14
  965  1.47759457      0.14744234D-14
  966  1.49524865      0.90286163D-15
  967  1.51311366      0.54967300D-15
  968  1.53119211      0.33273929D-15
  969  1.54948656      0.20029963D-15
  970  1.56799959      0.11997019D-15
  971  1.58673381      0.71516387D-16
  972  1.60569187      0.42429674D-16
  973  1.62487643      0.25287248D-16
  974  1.64429021      0.14801753D-16
  975  1.66393594      0.85406909D-17
  976  1.68381640      0.48957527D-17
  977  1.70393438      0.27877798D-17
  978  1.72429273      0.15767959D-17
  979  1.74489432      0.00000000D+00
  980  1.76574205      0.00000000D+00
  981  1.78683887      0.00000000D+00
  982  1.80818775      0.00000000D+00
  983  1.82979171      0.00000000D+00
  984  1.85165378      0.00000000D+00
  985  1.87377706      0.00000000D+00
  986  1.89616467      0.00000000D+00
  987  1.91881975      0.00000000D+00
  988  1.94174552      0.00000000D+00
  989  1.96494520      0.00000000D+00
  990  1.98842207      0.00000000D+00
  991  2.01217944      0.00000000D+00
  992  2.03622065      0.00000000D+00
  993  2.06054911      0.00000000D+00
  994  2.08516824      0.00000000D+00
  995  2.11008151      0.00000000D+00
  996  2.13529245      0.00000000D+00
  997  2.16080460      0.00000000D+00
  998  2.18662157      0.00000000D+00
  999  2.21274699      0.00000000D+00
 1000  2.23918456      0.00000000D+00
 1001  2.26593800      0.00000000D+00
 1002  2.29301108      0.00000000D+00
 1003  2.32040763      0.00000000D+00
 1004  2.34813151      0.00000000D+00
 1005  2.37618663      0.00000000D+00
 1006  2.40457695      0.00000000D+00
 1007  2.43330647      0.00000000D+00
 1008  2.46237925      0.00000000D+00
 1009  2.49179938      0.00000000D+00
 1010  2.52157102      0.00000000D+00
 1011  2.55169837      0.00000000D+00
 1012  2.58218568      0.00000000D+00
 1013  2.61303724      0.00000000D+00
 1014  2.64425742      0.00000000D+00
 1015  2.67585061      0.00000000D+00
 1016  2.70782126      0.00000000D+00
 1017  2.74017390      0.00000000D+00
 1018  2.77291309      0.00000000D+00
 1019  2.80604343      0.00000000D+00
 1020  2.83956961      0.00000000D+00
 1021  2.87349636      0.00000000D+00
 1022  2.90782846      0.00000000D+00
 1023  2.94257076      0.00000000D+00
 1024  2.97772815      0.00000000D+00
 1025  3.01330559      0.00000000D+00
 1026  3.04930811      0.00000000D+00
 1027  3.08574078      0.00000000D+00
 1028  3.12260875      0.00000000D+00
 1029  3.15991721      0.00000000D+00
 1030  3.19767142      0.00000000D+00
 1031  3.23587671      0.00000000D+00
 1032  3.27453848      0.00000000D+00
 1033  3.31366217      0.00000000D+00
 1034  3.35325330      0.00000000D+00
 1035  3.39331747      0.00000000D+00
 1036  3.43386031      0.00000000D+00
 1037  3.47488756      0.00000000D+00
 1038  3.51640499      0.00000000D+00
 1039  3.55841846      0.00000000D+00
 1040  3.60093391      0.00000000D+00
