 ir        r               f(r)
    1  0.00001574      0.51312879D+05
    2  0.00001593      0.51312068D+05
    3  0.00001612      0.51311248D+05
    4  0.00001632      0.51310418D+05
    5  0.00001651      0.51309578D+05
    6  0.00001671      0.51308727D+05
    7  0.00001691      0.51307867D+05
    8  0.00001711      0.51306997D+05
    9  0.00001731      0.51306116D+05
   10  0.00001752      0.51305224D+05
   11  0.00001773      0.51304322D+05
   12  0.00001794      0.51303409D+05
   13  0.00001816      0.51302485D+05
   14  0.00001837      0.51301550D+05
   15  0.00001859      0.51300605D+05
   16  0.00001881      0.51299647D+05
   17  0.00001904      0.51298679D+05
   18  0.00001927      0.51297698D+05
   19  0.00001950      0.51296707D+05
   20  0.00001973      0.51295703D+05
   21  0.00001997      0.51294687D+05
   22  0.00002020      0.51293659D+05
   23  0.00002045      0.51292619D+05
   24  0.00002069      0.51291567D+05
   25  0.00002094      0.51290502D+05
   26  0.00002119      0.51289424D+05
   27  0.00002144      0.51288333D+05
   28  0.00002170      0.51287230D+05
   29  0.00002196      0.51286113D+05
   30  0.00002222      0.51284983D+05
   31  0.00002248      0.51283839D+05
   32  0.00002275      0.51282682D+05
   33  0.00002302      0.51281511D+05
   34  0.00002330      0.51280326D+05
   35  0.00002358      0.51279127D+05
   36  0.00002386      0.51277914D+05
   37  0.00002414      0.51276686D+05
   38  0.00002443      0.51275444D+05
   39  0.00002472      0.51274186D+05
   40  0.00002502      0.51272914D+05
   41  0.00002532      0.51271627D+05
   42  0.00002562      0.51270324D+05
   43  0.00002593      0.51269005D+05
   44  0.00002624      0.51267671D+05
   45  0.00002655      0.51266321D+05
   46  0.00002687      0.51264955D+05
   47  0.00002719      0.51263573D+05
   48  0.00002751      0.51262174D+05
   49  0.00002784      0.51260759D+05
   50  0.00002818      0.51259326D+05
   51  0.00002851      0.51257877D+05
   52  0.00002885      0.51256410D+05
   53  0.00002920      0.51254926D+05
   54  0.00002955      0.51253424D+05
   55  0.00002990      0.51251904D+05
   56  0.00003026      0.51250366D+05
   57  0.00003062      0.51248810D+05
   58  0.00003098      0.51247235D+05
   59  0.00003135      0.51245642D+05
   60  0.00003173      0.51244029D+05
   61  0.00003211      0.51242398D+05
   62  0.00003249      0.51240746D+05
   63  0.00003288      0.51239076D+05
   64  0.00003327      0.51237385D+05
   65  0.00003367      0.51235674D+05
   66  0.00003407      0.51233943D+05
   67  0.00003448      0.51232191D+05
   68  0.00003489      0.51230418D+05
   69  0.00003531      0.51228624D+05
   70  0.00003573      0.51226809D+05
   71  0.00003616      0.51224972D+05
   72  0.00003659      0.51223113D+05
   73  0.00003703      0.51221232D+05
   74  0.00003747      0.51219329D+05
   75  0.00003792      0.51217403D+05
   76  0.00003837      0.51215454D+05
   77  0.00003883      0.51213482D+05
   78  0.00003929      0.51211486D+05
   79  0.00003976      0.51209467D+05
   80  0.00004024      0.51207423D+05
   81  0.00004072      0.51205356D+05
   82  0.00004120      0.51203263D+05
   83  0.00004169      0.51201146D+05
   84  0.00004219      0.51199004D+05
   85  0.00004270      0.51196836D+05
   86  0.00004321      0.51194642D+05
   87  0.00004372      0.51192422D+05
   88  0.00004425      0.51190175D+05
   89  0.00004477      0.51187902D+05
   90  0.00004531      0.51185602D+05
   91  0.00004585      0.51183275D+05
   92  0.00004640      0.51180920D+05
   93  0.00004695      0.51178536D+05
   94  0.00004751      0.51176125D+05
   95  0.00004808      0.51173684D+05
   96  0.00004866      0.51171215D+05
   97  0.00004924      0.51168716D+05
   98  0.00004983      0.51166188D+05
   99  0.00005042      0.51163629D+05
  100  0.00005102      0.51161040D+05
  101  0.00005163      0.51158420D+05
  102  0.00005225      0.51155770D+05
  103  0.00005287      0.51153087D+05
  104  0.00005351      0.51150373D+05
  105  0.00005415      0.51147626D+05
  106  0.00005479      0.51144847D+05
  107  0.00005545      0.51142034D+05
  108  0.00005611      0.51139188D+05
  109  0.00005678      0.51136309D+05
  110  0.00005746      0.51133395D+05
  111  0.00005814      0.51130446D+05
  112  0.00005884      0.51127463D+05
  113  0.00005954      0.51124444D+05
  114  0.00006025      0.51121389D+05
  115  0.00006097      0.51118297D+05
  116  0.00006170      0.51115169D+05
  117  0.00006244      0.51112004D+05
  118  0.00006319      0.51108801D+05
  119  0.00006394      0.51105560D+05
  120  0.00006470      0.51102281D+05
  121  0.00006548      0.51098963D+05
  122  0.00006626      0.51095605D+05
  123  0.00006705      0.51092207D+05
  124  0.00006785      0.51088769D+05
  125  0.00006866      0.51085290D+05
  126  0.00006948      0.51081770D+05
  127  0.00007031      0.51078208D+05
  128  0.00007115      0.51074604D+05
  129  0.00007200      0.51070957D+05
  130  0.00007286      0.51067266D+05
  131  0.00007373      0.51063532D+05
  132  0.00007462      0.51059753D+05
  133  0.00007551      0.51055930D+05
  134  0.00007641      0.51052061D+05
  135  0.00007732      0.51048146D+05
  136  0.00007825      0.51044185D+05
  137  0.00007918      0.51040177D+05
  138  0.00008013      0.51036121D+05
  139  0.00008108      0.51032017D+05
  140  0.00008205      0.51027864D+05
  141  0.00008303      0.51023662D+05
  142  0.00008403      0.51019410D+05
  143  0.00008503      0.51015108D+05
  144  0.00008605      0.51010755D+05
  145  0.00008707      0.51006350D+05
  146  0.00008811      0.51001893D+05
  147  0.00008917      0.50997383D+05
  148  0.00009023      0.50992820D+05
  149  0.00009131      0.50988202D+05
  150  0.00009240      0.50983530D+05
  151  0.00009351      0.50978802D+05
  152  0.00009462      0.50974018D+05
  153  0.00009575      0.50969178D+05
  154  0.00009690      0.50964280D+05
  155  0.00009805      0.50959324D+05
  156  0.00009923      0.50954310D+05
  157  0.00010041      0.50949236D+05
  158  0.00010161      0.50944102D+05
  159  0.00010283      0.50938907D+05
  160  0.00010405      0.50933650D+05
  161  0.00010530      0.50928332D+05
  162  0.00010656      0.50922950D+05
  163  0.00010783      0.50917505D+05
  164  0.00010912      0.50911995D+05
  165  0.00011042      0.50906420D+05
  166  0.00011174      0.50900779D+05
  167  0.00011307      0.50895071D+05
  168  0.00011443      0.50889296D+05
  169  0.00011579      0.50883452D+05
  170  0.00011718      0.50877539D+05
  171  0.00011858      0.50871556D+05
  172  0.00011999      0.50865503D+05
  173  0.00012143      0.50859378D+05
  174  0.00012288      0.50853180D+05
  175  0.00012435      0.50846909D+05
  176  0.00012583      0.50840564D+05
  177  0.00012733      0.50834145D+05
  178  0.00012886      0.50827649D+05
  179  0.00013040      0.50821076D+05
  180  0.00013195      0.50814426D+05
  181  0.00013353      0.50807697D+05
  182  0.00013513      0.50800889D+05
  183  0.00013674      0.50794000D+05
  184  0.00013837      0.50787030D+05
  185  0.00014003      0.50779978D+05
  186  0.00014170      0.50772842D+05
  187  0.00014339      0.50765622D+05
  188  0.00014511      0.50758317D+05
  189  0.00014684      0.50750926D+05
  190  0.00014859      0.50743447D+05
  191  0.00015037      0.50735881D+05
  192  0.00015217      0.50728225D+05
  193  0.00015398      0.50720478D+05
  194  0.00015582      0.50712641D+05
  195  0.00015769      0.50704711D+05
  196  0.00015957      0.50696687D+05
  197  0.00016148      0.50688569D+05
  198  0.00016341      0.50680355D+05
  199  0.00016536      0.50672045D+05
  200  0.00016733      0.50663636D+05
  201  0.00016933      0.50655129D+05
  202  0.00017136      0.50646521D+05
  203  0.00017340      0.50637812D+05
  204  0.00017548      0.50629001D+05
  205  0.00017757      0.50620086D+05
  206  0.00017969      0.50611065D+05
  207  0.00018184      0.50601939D+05
  208  0.00018401      0.50592705D+05
  209  0.00018621      0.50583363D+05
  210  0.00018844      0.50573911D+05
  211  0.00019069      0.50564348D+05
  212  0.00019297      0.50554672D+05
  213  0.00019527      0.50544883D+05
  214  0.00019761      0.50534978D+05
  215  0.00019997      0.50524958D+05
  216  0.00020236      0.50514819D+05
  217  0.00020477      0.50504562D+05
  218  0.00020722      0.50494184D+05
  219  0.00020970      0.50483684D+05
  220  0.00021220      0.50473061D+05
  221  0.00021474      0.50462314D+05
  222  0.00021730      0.50451440D+05
  223  0.00021990      0.50440439D+05
  224  0.00022253      0.50429308D+05
  225  0.00022518      0.50418048D+05
  226  0.00022787      0.50406655D+05
  227  0.00023060      0.50395129D+05
  228  0.00023335      0.50383468D+05
  229  0.00023614      0.50371670D+05
  230  0.00023896      0.50359734D+05
  231  0.00024182      0.50347658D+05
  232  0.00024471      0.50335442D+05
  233  0.00024763      0.50323082D+05
  234  0.00025059      0.50310577D+05
  235  0.00025358      0.50297927D+05
  236  0.00025661      0.50285128D+05
  237  0.00025968      0.50272180D+05
  238  0.00026278      0.50259080D+05
  239  0.00026592      0.50245828D+05
  240  0.00026910      0.50232421D+05
  241  0.00027231      0.50218857D+05
  242  0.00027557      0.50205135D+05
  243  0.00027886      0.50191252D+05
  244  0.00028219      0.50177208D+05
  245  0.00028556      0.50163000D+05
  246  0.00028897      0.50148627D+05
  247  0.00029243      0.50134085D+05
  248  0.00029592      0.50119375D+05
  249  0.00029946      0.50104493D+05
  250  0.00030303      0.50089438D+05
  251  0.00030665      0.50074207D+05
  252  0.00031032      0.50058799D+05
  253  0.00031403      0.50043212D+05
  254  0.00031778      0.50027444D+05
  255  0.00032157      0.50011492D+05
  256  0.00032542      0.49995355D+05
  257  0.00032930      0.49979031D+05
  258  0.00033324      0.49962517D+05
  259  0.00033722      0.49945811D+05
  260  0.00034125      0.49928911D+05
  261  0.00034533      0.49911815D+05
  262  0.00034945      0.49894521D+05
  263  0.00035363      0.49877027D+05
  264  0.00035785      0.49859329D+05
  265  0.00036213      0.49841427D+05
  266  0.00036646      0.49823317D+05
  267  0.00037083      0.49804998D+05
  268  0.00037526      0.49786466D+05
  269  0.00037975      0.49767721D+05
  270  0.00038429      0.49748758D+05
  271  0.00038888      0.49729576D+05
  272  0.00039352      0.49710173D+05
  273  0.00039822      0.49690546D+05
  274  0.00040298      0.49670692D+05
  275  0.00040780      0.49650608D+05
  276  0.00041267      0.49630294D+05
  277  0.00041760      0.49609744D+05
  278  0.00042259      0.49588959D+05
  279  0.00042764      0.49567933D+05
  280  0.00043275      0.49546666D+05
  281  0.00043792      0.49525154D+05
  282  0.00044315      0.49503394D+05
  283  0.00044845      0.49481384D+05
  284  0.00045380      0.49459121D+05
  285  0.00045923      0.49436602D+05
  286  0.00046471      0.49413825D+05
  287  0.00047026      0.49390786D+05
  288  0.00047588      0.49367483D+05
  289  0.00048157      0.49343913D+05
  290  0.00048732      0.49320073D+05
  291  0.00049315      0.49295959D+05
  292  0.00049904      0.49271570D+05
  293  0.00050500      0.49246901D+05
  294  0.00051103      0.49221950D+05
  295  0.00051714      0.49196714D+05
  296  0.00052332      0.49171190D+05
  297  0.00052957      0.49145375D+05
  298  0.00053590      0.49119264D+05
  299  0.00054230      0.49092856D+05
  300  0.00054878      0.49066147D+05
  301  0.00055534      0.49039134D+05
  302  0.00056197      0.49011813D+05
  303  0.00056869      0.48984181D+05
  304  0.00057548      0.48956235D+05
  305  0.00058236      0.48927971D+05
  306  0.00058931      0.48899387D+05
  307  0.00059635      0.48870477D+05
  308  0.00060348      0.48841240D+05
  309  0.00061069      0.48811672D+05
  310  0.00061799      0.48781768D+05
  311  0.00062537      0.48751526D+05
  312  0.00063284      0.48720941D+05
  313  0.00064040      0.48690011D+05
  314  0.00064805      0.48658732D+05
  315  0.00065580      0.48627099D+05
  316  0.00066363      0.48595109D+05
  317  0.00067156      0.48562758D+05
  318  0.00067959      0.48530043D+05
  319  0.00068771      0.48496960D+05
  320  0.00069592      0.48463504D+05
  321  0.00070424      0.48429672D+05
  322  0.00071265      0.48395460D+05
  323  0.00072117      0.48360864D+05
  324  0.00072978      0.48325880D+05
  325  0.00073850      0.48290504D+05
  326  0.00074732      0.48254731D+05
  327  0.00075625      0.48218558D+05
  328  0.00076529      0.48181981D+05
  329  0.00077443      0.48144995D+05
  330  0.00078369      0.48107596D+05
  331  0.00079305      0.48069780D+05
  332  0.00080252      0.48031542D+05
  333  0.00081211      0.47992879D+05
  334  0.00082182      0.47953785D+05
  335  0.00083163      0.47914257D+05
  336  0.00084157      0.47874290D+05
  337  0.00085163      0.47833880D+05
  338  0.00086180      0.47793021D+05
  339  0.00087210      0.47751710D+05
  340  0.00088252      0.47709942D+05
  341  0.00089306      0.47667712D+05
  342  0.00090373      0.47625016D+05
  343  0.00091453      0.47581848D+05
  344  0.00092546      0.47538205D+05
  345  0.00093651      0.47494081D+05
  346  0.00094770      0.47449472D+05
  347  0.00095903      0.47404373D+05
  348  0.00097048      0.47358779D+05
  349  0.00098208      0.47312685D+05
  350  0.00099381      0.47266086D+05
  351  0.00100569      0.47218977D+05
  352  0.00101770      0.47171353D+05
  353  0.00102986      0.47123209D+05
  354  0.00104217      0.47074540D+05
  355  0.00105462      0.47025341D+05
  356  0.00106722      0.46975607D+05
  357  0.00107997      0.46925332D+05
  358  0.00109287      0.46874512D+05
  359  0.00110593      0.46823140D+05
  360  0.00111914      0.46771213D+05
  361  0.00113251      0.46718724D+05
  362  0.00114605      0.46665667D+05
  363  0.00115974      0.46612039D+05
  364  0.00117360      0.46557833D+05
  365  0.00118762      0.46503043D+05
  366  0.00120181      0.46447665D+05
  367  0.00121617      0.46391692D+05
  368  0.00123070      0.46335120D+05
  369  0.00124540      0.46277942D+05
  370  0.00126028      0.46220153D+05
  371  0.00127534      0.46161748D+05
  372  0.00129058      0.46102720D+05
  373  0.00130599      0.46043064D+05
  374  0.00132160      0.45982774D+05
  375  0.00133739      0.45921844D+05
  376  0.00135337      0.45860269D+05
  377  0.00136954      0.45798043D+05
  378  0.00138590      0.45735160D+05
  379  0.00140246      0.45671613D+05
  380  0.00141922      0.45607398D+05
  381  0.00143617      0.45542507D+05
  382  0.00145333      0.45476936D+05
  383  0.00147070      0.45410677D+05
  384  0.00148827      0.45343726D+05
  385  0.00150605      0.45276076D+05
  386  0.00152404      0.45207720D+05
  387  0.00154225      0.45138654D+05
  388  0.00156068      0.45068870D+05
  389  0.00157933      0.44998363D+05
  390  0.00159819      0.44927126D+05
  391  0.00161729      0.44855153D+05
  392  0.00163661      0.44782438D+05
  393  0.00165617      0.44708975D+05
  394  0.00167595      0.44634757D+05
  395  0.00169598      0.44559779D+05
  396  0.00171624      0.44484033D+05
  397  0.00173675      0.44407515D+05
  398  0.00175750      0.44330216D+05
  399  0.00177850      0.44252132D+05
  400  0.00179975      0.44173255D+05
  401  0.00182125      0.44093580D+05
  402  0.00184301      0.44013100D+05
  403  0.00186503      0.43931809D+05
  404  0.00188731      0.43849699D+05
  405  0.00190986      0.43766766D+05
  406  0.00193268      0.43683003D+05
  407  0.00195577      0.43598402D+05
  408  0.00197914      0.43512959D+05
  409  0.00200278      0.43426665D+05
  410  0.00202671      0.43339516D+05
  411  0.00205093      0.43251505D+05
  412  0.00207543      0.43162625D+05
  413  0.00210023      0.43072870D+05
  414  0.00212532      0.42982233D+05
  415  0.00215072      0.42890709D+05
  416  0.00217641      0.42798290D+05
  417  0.00220242      0.42704972D+05
  418  0.00222873      0.42610746D+05
  419  0.00225536      0.42515607D+05
  420  0.00228230      0.42419550D+05
  421  0.00230957      0.42322566D+05
  422  0.00233717      0.42224651D+05
  423  0.00236509      0.42125798D+05
  424  0.00239335      0.42026000D+05
  425  0.00242195      0.41925253D+05
  426  0.00245088      0.41823548D+05
  427  0.00248016      0.41720882D+05
  428  0.00250980      0.41617246D+05
  429  0.00253978      0.41512636D+05
  430  0.00257013      0.41407046D+05
  431  0.00260084      0.41300468D+05
  432  0.00263191      0.41192899D+05
  433  0.00266336      0.41084331D+05
  434  0.00269518      0.40974759D+05
  435  0.00272738      0.40864177D+05
  436  0.00275997      0.40752579D+05
  437  0.00279294      0.40639960D+05
  438  0.00282631      0.40526315D+05
  439  0.00286008      0.40411637D+05
  440  0.00289425      0.40295922D+05
  441  0.00292883      0.40179163D+05
  442  0.00296382      0.40061356D+05
  443  0.00299924      0.39942495D+05
  444  0.00303507      0.39822576D+05
  445  0.00307133      0.39701593D+05
  446  0.00310803      0.39579541D+05
  447  0.00314516      0.39456415D+05
  448  0.00318274      0.39332210D+05
  449  0.00322077      0.39206923D+05
  450  0.00325925      0.39080548D+05
  451  0.00329819      0.38953080D+05
  452  0.00333760      0.38824515D+05
  453  0.00337747      0.38694850D+05
  454  0.00341783      0.38564079D+05
  455  0.00345866      0.38432199D+05
  456  0.00349999      0.38299206D+05
  457  0.00354180      0.38165095D+05
  458  0.00358412      0.38029864D+05
  459  0.00362694      0.37893509D+05
  460  0.00367028      0.37756026D+05
  461  0.00371413      0.37617412D+05
  462  0.00375851      0.37477664D+05
  463  0.00380341      0.37336779D+05
  464  0.00384885      0.37194754D+05
  465  0.00389484      0.37051587D+05
  466  0.00394137      0.36907274D+05
  467  0.00398847      0.36761814D+05
  468  0.00403612      0.36615205D+05
  469  0.00408434      0.36467444D+05
  470  0.00413314      0.36318530D+05
  471  0.00418252      0.36168461D+05
  472  0.00423250      0.36017235D+05
  473  0.00428306      0.35864852D+05
  474  0.00433424      0.35711310D+05
  475  0.00438602      0.35556609D+05
  476  0.00443843      0.35400748D+05
  477  0.00449146      0.35243726D+05
  478  0.00454512      0.35085544D+05
  479  0.00459942      0.34926201D+05
  480  0.00465438      0.34765698D+05
  481  0.00470999      0.34604035D+05
  482  0.00476626      0.34441213D+05
  483  0.00482321      0.34277233D+05
  484  0.00488083      0.34112097D+05
  485  0.00493915      0.33945805D+05
  486  0.00499816      0.33778360D+05
  487  0.00505788      0.33609763D+05
  488  0.00511831      0.33440018D+05
  489  0.00517946      0.33269126D+05
  490  0.00524135      0.33097091D+05
  491  0.00530397      0.32923915D+05
  492  0.00536734      0.32749602D+05
  493  0.00543147      0.32574157D+05
  494  0.00549636      0.32397582D+05
  495  0.00556203      0.32219883D+05
  496  0.00562849      0.32041064D+05
  497  0.00569573      0.31861130D+05
  498  0.00576379      0.31680086D+05
  499  0.00583265      0.31497939D+05
  500  0.00590234      0.31314694D+05
  501  0.00597286      0.31130358D+05
  502  0.00604422      0.30944937D+05
  503  0.00611644      0.30758439D+05
  504  0.00618952      0.30570871D+05
  505  0.00626347      0.30382241D+05
  506  0.00633830      0.30192556D+05
  507  0.00641403      0.30001826D+05
  508  0.00649066      0.29810060D+05
  509  0.00656821      0.29617267D+05
  510  0.00664669      0.29423456D+05
  511  0.00672610      0.29228638D+05
  512  0.00680647      0.29032823D+05
  513  0.00688779      0.28836023D+05
  514  0.00697008      0.28638248D+05
  515  0.00705336      0.28439510D+05
  516  0.00713763      0.28239822D+05
  517  0.00722291      0.28039196D+05
  518  0.00730921      0.27837645D+05
  519  0.00739654      0.27635184D+05
  520  0.00748491      0.27431824D+05
  521  0.00757434      0.27227582D+05
  522  0.00766484      0.27022471D+05
  523  0.00775642      0.26816508D+05
  524  0.00784909      0.26609707D+05
  525  0.00794287      0.26402085D+05
  526  0.00803777      0.26193658D+05
  527  0.00813380      0.25984444D+05
  528  0.00823099      0.25774461D+05
  529  0.00832933      0.25563725D+05
  530  0.00842885      0.25352256D+05
  531  0.00852955      0.25140072D+05
  532  0.00863146      0.24927194D+05
  533  0.00873459      0.24713640D+05
  534  0.00883895      0.24499432D+05
  535  0.00894456      0.24284589D+05
  536  0.00905142      0.24069134D+05
  537  0.00915957      0.23853088D+05
  538  0.00926901      0.23636474D+05
  539  0.00937975      0.23419313D+05
  540  0.00949182      0.23201630D+05
  541  0.00960522      0.22983448D+05
  542  0.00971999      0.22764792D+05
  543  0.00983612      0.22545685D+05
  544  0.00995364      0.22326153D+05
  545  0.01007256      0.22106222D+05
  546  0.01019291      0.21885917D+05
  547  0.01031469      0.21665265D+05
  548  0.01043793      0.21444294D+05
  549  0.01056264      0.21223030D+05
  550  0.01068884      0.21001502D+05
  551  0.01081655      0.20779737D+05
  552  0.01094579      0.20557765D+05
  553  0.01107657      0.20335614D+05
  554  0.01120891      0.20113315D+05
  555  0.01134283      0.19890897D+05
  556  0.01147835      0.19668391D+05
  557  0.01161549      0.19445828D+05
  558  0.01175427      0.19223239D+05
  559  0.01189471      0.19000656D+05
  560  0.01203683      0.18778110D+05
  561  0.01218064      0.18555635D+05
  562  0.01232617      0.18333263D+05
  563  0.01247345      0.18111027D+05
  564  0.01262248      0.17888962D+05
  565  0.01277329      0.17667100D+05
  566  0.01292590      0.17445475D+05
  567  0.01308034      0.17224124D+05
  568  0.01323662      0.17003080D+05
  569  0.01339477      0.16782378D+05
  570  0.01355481      0.16562053D+05
  571  0.01371676      0.16342143D+05
  572  0.01388064      0.16122681D+05
  573  0.01404649      0.15903705D+05
  574  0.01421431      0.15685251D+05
  575  0.01438414      0.15467355D+05
  576  0.01455600      0.15250053D+05
  577  0.01472992      0.15033384D+05
  578  0.01490591      0.14817384D+05
  579  0.01508400      0.14602089D+05
  580  0.01526422      0.14387538D+05
  581  0.01544660      0.14173767D+05
  582  0.01563115      0.13960815D+05
  583  0.01581791      0.13748718D+05
  584  0.01600690      0.13537513D+05
  585  0.01619815      0.13327240D+05
  586  0.01639168      0.13117934D+05
  587  0.01658752      0.12909634D+05
  588  0.01678571      0.12702376D+05
  589  0.01698626      0.12496198D+05
  590  0.01718921      0.12291138D+05
  591  0.01739459      0.12087232D+05
  592  0.01760241      0.11884517D+05
  593  0.01781273      0.11683029D+05
  594  0.01802555      0.11482807D+05
  595  0.01824092      0.11283885D+05
  596  0.01845886      0.11086299D+05
  597  0.01867940      0.10890086D+05
  598  0.01890258      0.10695281D+05
  599  0.01912842      0.10501919D+05
  600  0.01935697      0.10310034D+05
  601  0.01958824      0.10119661D+05
  602  0.01982228      0.99308340D+04
  603  0.02005911      0.97435862D+04
  604  0.02029877      0.95579506D+04
  605  0.02054130      0.93739597D+04
  606  0.02078673      0.91916454D+04
  607  0.02103508      0.90110390D+04
  608  0.02128641      0.88321715D+04
  609  0.02154073      0.86550729D+04
  610  0.02179810      0.84797728D+04
  611  0.02205854      0.83063000D+04
  612  0.02232209      0.81346827D+04
  613  0.02258879      0.79649483D+04
  614  0.02285868      0.77971235D+04
  615  0.02313179      0.76312343D+04
  616  0.02340817      0.74673056D+04
  617  0.02368784      0.73053618D+04
  618  0.02397086      0.71454263D+04
  619  0.02425726      0.69875216D+04
  620  0.02454708      0.68316692D+04
  621  0.02484037      0.66778900D+04
  622  0.02513716      0.65262036D+04
  623  0.02543749      0.63766287D+04
  624  0.02574142      0.62291831D+04
  625  0.02604897      0.60838835D+04
  626  0.02636020      0.59407457D+04
  627  0.02667515      0.57997841D+04
  628  0.02699386      0.56610124D+04
  629  0.02731638      0.55244430D+04
  630  0.02764275      0.53900871D+04
  631  0.02797302      0.52579549D+04
  632  0.02830724      0.51280555D+04
  633  0.02864545      0.50003967D+04
  634  0.02898770      0.48749852D+04
  635  0.02933404      0.47518264D+04
  636  0.02968452      0.46309247D+04
  637  0.03003919      0.45122830D+04
  638  0.03039809      0.43959033D+04
  639  0.03076128      0.42817861D+04
  640  0.03112881      0.41699308D+04
  641  0.03150073      0.40603355D+04
  642  0.03187710      0.39529972D+04
  643  0.03225796      0.38479115D+04
  644  0.03264338      0.37450728D+04
  645  0.03303339      0.36444742D+04
  646  0.03342807      0.35461077D+04
  647  0.03382747      0.34499640D+04
  648  0.03423163      0.33560325D+04
  649  0.03464063      0.32643014D+04
  650  0.03505451      0.31747578D+04
  651  0.03547333      0.30873874D+04
  652  0.03589716      0.30021750D+04
  653  0.03632606      0.29191038D+04
  654  0.03676008      0.28381563D+04
  655  0.03719928      0.27593135D+04
  656  0.03764373      0.26825554D+04
  657  0.03809349      0.26078610D+04
  658  0.03854863      0.25352080D+04
  659  0.03900920      0.24645732D+04
  660  0.03947528      0.23959323D+04
  661  0.03994692      0.23292600D+04
  662  0.04042420      0.22645301D+04
  663  0.04090718      0.22017152D+04
  664  0.04139594      0.21407873D+04
  665  0.04189053      0.20817173D+04
  666  0.04239103      0.20244752D+04
  667  0.04289751      0.19690303D+04
  668  0.04341004      0.19153512D+04
  669  0.04392870      0.18634056D+04
  670  0.04445355      0.18131604D+04
  671  0.04498468      0.17645821D+04
  672  0.04552215      0.17176363D+04
  673  0.04606604      0.16722883D+04
  674  0.04661643      0.16285025D+04
  675  0.04717340      0.15862432D+04
  676  0.04773702      0.15454739D+04
  677  0.04830737      0.15061579D+04
  678  0.04888454      0.14682579D+04
  679  0.04946861      0.14317367D+04
  680  0.05005965      0.13965564D+04
  681  0.05065776      0.13626791D+04
  682  0.05126301      0.13300666D+04
  683  0.05187549      0.12986807D+04
  684  0.05249529      0.12684831D+04
  685  0.05312250      0.12394354D+04
  686  0.05375720      0.12114991D+04
  687  0.05439948      0.11846362D+04
  688  0.05504943      0.11588082D+04
  689  0.05570716      0.11339773D+04
  690  0.05637274      0.11101055D+04
  691  0.05704627      0.10871554D+04
  692  0.05772785      0.10650897D+04
  693  0.05841757      0.10438713D+04
  694  0.05911554      0.10234639D+04
  695  0.05982184      0.10038312D+04
  696  0.06053658      0.98493756D+03
  697  0.06125987      0.96674795D+03
  698  0.06199179      0.94922774D+03
  699  0.06273246      0.93234296D+03
  700  0.06348198      0.91606026D+03
  701  0.06424045      0.90034694D+03
  702  0.06500798      0.88517102D+03
  703  0.06578469      0.87050124D+03
  704  0.06657068      0.85630713D+03
  705  0.06736605      0.84255900D+03
  706  0.06817093      0.82922797D+03
  707  0.06898543      0.81628604D+03
  708  0.06980966      0.80370606D+03
  709  0.07064373      0.79146180D+03
  710  0.07148777      0.77952792D+03
  711  0.07234190      0.76788005D+03
  712  0.07320623      0.75649474D+03
  713  0.07408088      0.74534953D+03
  714  0.07496599      0.73442294D+03
  715  0.07586167      0.72369446D+03
  716  0.07676806      0.71314460D+03
  717  0.07768527      0.70275487D+03
  718  0.07861344      0.69250778D+03
  719  0.07955270      0.68238687D+03
  720  0.08050319      0.67237666D+03
  721  0.08146503      0.66246270D+03
  722  0.08243836      0.65263154D+03
  723  0.08342332      0.64287072D+03
  724  0.08442005      0.63316878D+03
  725  0.08542869      0.62351522D+03
  726  0.08644938      0.61390051D+03
  727  0.08748226      0.60431609D+03
  728  0.08852748      0.59475429D+03
  729  0.08958520      0.58520841D+03
  730  0.09065555      0.57567260D+03
  731  0.09173869      0.56614190D+03
  732  0.09283477      0.55661221D+03
  733  0.09394394      0.54708024D+03
  734  0.09506637      0.53754351D+03
  735  0.09620221      0.52800030D+03
  736  0.09735162      0.51844965D+03
  737  0.09851476      0.50889130D+03
  738  0.09969180      0.49932566D+03
  739  0.10088290      0.48975381D+03
  740  0.10208824      0.48017745D+03
  741  0.10330797      0.47059882D+03
  742  0.10454228      0.46102076D+03
  743  0.10579133      0.45144659D+03
  744  0.10705531      0.44188011D+03
  745  0.10833439      0.43232556D+03
  746  0.10962876      0.42278759D+03
  747  0.11093858      0.41327119D+03
  748  0.11226406      0.40378172D+03
  749  0.11360538      0.39432480D+03
  750  0.11496272      0.38490631D+03
  751  0.11633627      0.37553236D+03
  752  0.11772624      0.36620924D+03
  753  0.11913282      0.35694337D+03
  754  0.12055620      0.34774130D+03
  755  0.12199658      0.33860965D+03
  756  0.12345418      0.32955508D+03
  757  0.12492919      0.32058426D+03
  758  0.12642183      0.31170385D+03
  759  0.12793230      0.30292043D+03
  760  0.12946081      0.29424053D+03
  761  0.13100759      0.28567054D+03
  762  0.13257285      0.27721672D+03
  763  0.13415681      0.26888517D+03
  764  0.13575970      0.26068177D+03
  765  0.13738173      0.25261222D+03
  766  0.13902315      0.24468196D+03
  767  0.14068418      0.23689618D+03
  768  0.14236505      0.22925977D+03
  769  0.14406601      0.22177736D+03
  770  0.14578728      0.21445324D+03
  771  0.14752913      0.20729139D+03
  772  0.14929178      0.20029542D+03
  773  0.15107550      0.19346864D+03
  774  0.15288053      0.18681395D+03
  775  0.15470712      0.18033392D+03
  776  0.15655554      0.17403071D+03
  777  0.15842604      0.16790615D+03
  778  0.16031889      0.16196163D+03
  779  0.16223436      0.15619821D+03
  780  0.16417271      0.15061654D+03
  781  0.16613422      0.14521690D+03
  782  0.16811916      0.13999919D+03
  783  0.17012783      0.13496294D+03
  784  0.17216049      0.13010731D+03
  785  0.17421744      0.12543112D+03
  786  0.17629896      0.12093282D+03
  787  0.17840535      0.11661054D+03
  788  0.18053691      0.11246208D+03
  789  0.18269394      0.10848493D+03
  790  0.18487674      0.10467627D+03
  791  0.18708562      0.10103300D+03
  792  0.18932089      0.97551757D+02
  793  0.19158287      0.94228924D+02
  794  0.19387187      0.91060643D+02
  795  0.19618822      0.88042843D+02
  796  0.19853225      0.85171252D+02
  797  0.20090428      0.82441415D+02
  798  0.20330466      0.79848717D+02
  799  0.20573371      0.77388400D+02
  800  0.20819179      0.75055582D+02
  801  0.21067923      0.72845276D+02
  802  0.21319639      0.70752410D+02
  803  0.21574363      0.68771847D+02
  804  0.21832130      0.66898404D+02
  805  0.22092977      0.65126869D+02
  806  0.22356941      0.63452021D+02
  807  0.22624058      0.61868648D+02
  808  0.22894367      0.60371563D+02
  809  0.23167906      0.58955623D+02
  810  0.23444712      0.57615743D+02
  811  0.23724826      0.56346914D+02
  812  0.24008287      0.55144215D+02
  813  0.24295134      0.54002830D+02
  814  0.24585409      0.52918059D+02
  815  0.24879151      0.51885330D+02
  816  0.25176404      0.50900211D+02
  817  0.25477208      0.49958422D+02
  818  0.25781605      0.49055842D+02
  819  0.26089640      0.48188518D+02
  820  0.26401355      0.47352672D+02
  821  0.26716795      0.46544708D+02
  822  0.27036003      0.45761218D+02
  823  0.27359025      0.44998985D+02
  824  0.27685906      0.44254986D+02
  825  0.28016693      0.43526396D+02
  826  0.28351433      0.42810589D+02
  827  0.28690171      0.42105136D+02
  828  0.29032957      0.41407808D+02
  829  0.29379839      0.40716571D+02
  830  0.29730864      0.40029589D+02
  831  0.30086084      0.39345213D+02
  832  0.30445548      0.38661986D+02
  833  0.30809307      0.37978633D+02
  834  0.31177412      0.37294057D+02
  835  0.31549915      0.36607333D+02
  836  0.31926869      0.35917702D+02
  837  0.32308326      0.35224566D+02
  838  0.32694341      0.34527476D+02
  839  0.33084968      0.33826131D+02
  840  0.33480262      0.33120362D+02
  841  0.33880279      0.32410132D+02
  842  0.34285076      0.31695521D+02
  843  0.34694709      0.30976720D+02
  844  0.35109236      0.30254023D+02
  845  0.35528716      0.29527817D+02
  846  0.35953207      0.28798572D+02
  847  0.36382771      0.28066834D+02
  848  0.36817467      0.27333218D+02
  849  0.37257356      0.26598393D+02
  850  0.37702501      0.25863083D+02
  851  0.38152965      0.25128048D+02
  852  0.38608811      0.24394085D+02
  853  0.39070103      0.23662016D+02
  854  0.39536907      0.22932682D+02
  855  0.40009288      0.22206934D+02
  856  0.40487313      0.21485630D+02
  857  0.40971049      0.20769625D+02
  858  0.41460565      0.20059765D+02
  859  0.41955930      0.19356886D+02
  860  0.42457213      0.18661804D+02
  861  0.42964485      0.17975312D+02
  862  0.43477818      0.17298176D+02
  863  0.43997285      0.16631131D+02
  864  0.44522958      0.15974878D+02
  865  0.45054911      0.15330080D+02
  866  0.45593220      0.14697359D+02
  867  0.46137961      0.14077297D+02
  868  0.46689211      0.13470428D+02
  869  0.47247046      0.12877243D+02
  870  0.47811547      0.12298187D+02
  871  0.48382792      0.11733653D+02
  872  0.48960862      0.11183992D+02
  873  0.49545839      0.10649502D+02
  874  0.50137806      0.10130435D+02
  875  0.50736844      0.96269962D+01
  876  0.51343041      0.91393426D+01
  877  0.51956479      0.86675861D+01
  878  0.52577248      0.82117939D+01
  879  0.53205433      0.77719899D+01
  880  0.53841123      0.73481564D+01
  881  0.54484409      0.69402353D+01
  882  0.55135380      0.65481305D+01
  883  0.55794129      0.61717096D+01
  884  0.56460749      0.58108059D+01
  885  0.57135334      0.54652206D+01
  886  0.57817978      0.51347248D+01
  887  0.58508778      0.48190621D+01
  888  0.59207833      0.45179506D+01
  889  0.59915239      0.42310849D+01
  890  0.60631097      0.39581391D+01
  891  0.61355508      0.36987682D+01
  892  0.62088574      0.34526112D+01
  893  0.62830399      0.32192924D+01
  894  0.63581087      0.29984243D+01
  895  0.64340745      0.27896093D+01
  896  0.65109478      0.25924415D+01
  897  0.65887396      0.24065093D+01
  898  0.66674609      0.22313968D+01
  899  0.67471227      0.20666855D+01
  900  0.68277363      0.19119563D+01
  901  0.69093131      0.17667907D+01
  902  0.69918645      0.16307728D+01
  903  0.70754022      0.15034902D+01
  904  0.71599381      0.13845355D+01
  905  0.72454839      0.12735073D+01
  906  0.73320519      0.11700116D+01
  907  0.74196541      0.10736623D+01
  908  0.75083030      0.98408257D+00
  909  0.75980111      0.90090510D+00
  910  0.76887910      0.82377306D+00
  911  0.77806555      0.75234060D+00
  912  0.78736176      0.68627326D+00
  913  0.79676904      0.62524839D+00
  914  0.80628872      0.56895539D+00
  915  0.81592213      0.51709600D+00
  916  0.82567065      0.46938435D+00
  917  0.83553563      0.42554708D+00
  918  0.84551849      0.38532330D+00
  919  0.85562061      0.34846456D+00
  920  0.86584344      0.31473473D+00
  921  0.87618841      0.28390980D+00
  922  0.88665697      0.25577772D+00
  923  0.89725062      0.23013813D+00
  924  0.90797083      0.20680205D+00
  925  0.91881913      0.18559162D+00
  926  0.92979704      0.16633973D+00
  927  0.94090611      0.14888964D+00
  928  0.95214792      0.13309465D+00
  929  0.96352404      0.11881769D+00
  930  0.97503608      0.10593091D+00
  931  0.98668566      0.94315282D-01
  932  0.99847443      0.83860187D-01
  933  1.01040405      0.74463013D-01
  934  1.02247621      0.66028736D-01
  935  1.03469260      0.58469515D-01
  936  1.04705495      0.51704297D-01
  937  1.05956500      0.45658421D-01
  938  1.07222453      0.40263234D-01
  939  1.08503530      0.35455720D-01
  940  1.09799914      0.31178137D-01
  941  1.11111787      0.27377671D-01
  942  1.12439334      0.24006096D-01
  943  1.13782742      0.21019452D-01
  944  1.15142201      0.18377743D-01
  945  1.16517902      0.16044637D-01
  946  1.17910041      0.13987190D-01
  947  1.19318812      0.12175584D-01
  948  1.20744415      0.10582875D-01
  949  1.22187051      0.91847586D-02
  950  1.23646924      0.79593507D-02
  951  1.25124238      0.68869806D-02
  952  1.26619204      0.59499980D-02
  953  1.28132031      0.51325927D-02
  954  1.29662933      0.44206284D-02
  955  1.31212126      0.38014871D-02
  956  1.32779829      0.32639259D-02
  957  1.34366262      0.27979448D-02
  958  1.35971650      0.23946652D-02
  959  1.37596219      0.20462176D-02
  960  1.39240197      0.17456399D-02
  961  1.40903818      0.14867831D-02
  962  1.42587316      0.12642264D-02
  963  1.44290927      0.10731993D-02
  964  1.46014894      0.90951123D-03
  965  1.47759457      0.76948761D-03
  966  1.49524865      0.64991213D-03
  967  1.51311366      0.54797471D-03
  968  1.53119211      0.46122463D-03
  969  1.54948656      0.38752853D-03
  970  1.56799959      0.32503268D-03
  971  1.58673381      0.27212929D-03
  972  1.60569187      0.22742652D-03
  973  1.62487643      0.18972166D-03
  974  1.64429021      0.15797743D-03
  975  1.66393594      0.13130087D-03
  976  1.68381640      0.10892476D-03
  977  1.70393438      0.90191128D-04
  978  1.72429273      0.74536834D-04
  979  1.74489432      0.61480795D-04
  980  1.76574205      0.50612846D-04
  981  1.78683887      0.41583975D-04
  982  1.80818775      0.34097790D-04
  983  1.82979171      0.27903093D-04
  984  1.85165378      0.22787417D-04
  985  1.87377706      0.18571419D-04
  986  1.89616467      0.15104028D-04
  987  1.91881975      0.12258250D-04
  988  1.94174552      0.99275555D-05
  989  1.96494520      0.80227713D-05
  990  1.98842207      0.64694093D-05
  991  2.01217944      0.52053838D-05
  992  2.03622065      0.41790583D-05
  993  2.06054911      0.33475819D-05
  994  2.08516824      0.26754724D-05
  995  2.11008151      0.21334160D-05
  996  2.13529245      0.16972491D-05
  997  2.16080460      0.13470995D-05
  998  2.18662157      0.10666619D-05
  999  2.21274699      0.84258908D-06
 1000  2.23918456      0.66398089D-06
 1001  2.26593800      0.52195707D-06
 1002  2.29301108      0.40930033D-06
 1003  2.32040763      0.32015930D-06
 1004  2.34813151      0.24980171D-06
 1005  2.37618663      0.19440994D-06
 1006  2.40457695      0.15091198D-06
 1007  2.43330647      0.11684218D-06
 1008  2.46237925      0.90226610D-07
 1009  2.49179938      0.69489167D-07
 1010  2.52157102      0.53374701D-07
 1011  2.55169837      0.40886329D-07
 1012  2.58218568      0.31234427D-07
 1013  2.61303724      0.23795247D-07
 1014  2.64425742      0.18077428D-07
 1015  2.67585061      0.13694981D-07
 1016  2.70782126      0.10345541D-07
 1017  2.74017390      0.77929289D-08
 1018  2.77291309      0.58531910D-08
 1019  2.80604343      0.43834700D-08
 1020  2.83956961      0.32731481D-08
 1021  2.87349636      0.24368261D-08
 1022  2.90782846      0.18087715D-08
 1023  2.94257076      0.13385426D-08
 1024  2.97772815      0.98754976D-09
 1025  3.01330559      0.72636171D-09
 1026  3.04930811      0.53260187D-09
 1027  3.08574078      0.38931078D-09
 1028  3.12260875      0.28367547D-09
 1029  3.15991721      0.20604656D-09
 1030  3.19767142      0.14918060D-09
 1031  3.23587671      0.10765788D-09
 1032  3.27453848      0.77436502D-10
 1033  3.31366217      0.55512028D-10
 1034  3.35325330      0.39658821D-10
 1035  3.39331747      0.28233590D-10
 1036  3.43386031      0.20025617D-10
 1037  3.47488756      0.14150720D-10
 1038  3.51640499      0.99608822D-11
 1039  3.55841846      0.69754876D-11
 1040  3.60093391      0.48662788D-11
 1041  3.64395732      0.00000000D+00
 1042  3.68749477      0.00000000D+00
 1043  3.73155240      0.00000000D+00
 1044  3.77613642      0.00000000D+00
 1045  3.82125313      0.00000000D+00
 1046  3.86690889      0.00000000D+00
 1047  3.91311013      0.00000000D+00
 1048  3.95986338      0.00000000D+00
 1049  4.00717523      0.00000000D+00
 1050  4.05505235      0.00000000D+00
 1051  4.10350150      0.00000000D+00
 1052  4.15252952      0.00000000D+00
 1053  4.20214331      0.00000000D+00
 1054  4.25234988      0.00000000D+00
 1055  4.30315632      0.00000000D+00
 1056  4.35456978      0.00000000D+00
 1057  4.40659752      0.00000000D+00
 1058  4.45924688      0.00000000D+00
 1059  4.51252529      0.00000000D+00
 1060  4.56644026      0.00000000D+00
 1061  4.62099939      0.00000000D+00
 1062  4.67621040      0.00000000D+00
 1063  4.73208105      0.00000000D+00
 1064  4.78861924      0.00000000D+00
 1065  4.84583294      0.00000000D+00
 1066  4.90373022      0.00000000D+00
 1067  4.96231924      0.00000000D+00
 1068  5.02160828      0.00000000D+00
 1069  5.08160570      0.00000000D+00
 1070  5.14231996      0.00000000D+00
 1071  5.20375962      0.00000000D+00
 1072  5.26593335      0.00000000D+00
 1073  5.32884993      0.00000000D+00
 1074  5.39251822      0.00000000D+00
 1075  5.45694721      0.00000000D+00
 1076  5.52214599      0.00000000D+00
 1077  5.58812376      0.00000000D+00
 1078  5.65488981      0.00000000D+00
 1079  5.72245358      0.00000000D+00
 1080  5.79082459      0.00000000D+00
 1081  5.86001249      0.00000000D+00
 1082  5.93002703      0.00000000D+00
 1083  6.00087810      0.00000000D+00
 1084  6.07257568      0.00000000D+00
 1085  6.14512990      0.00000000D+00
 1086  6.21855098      0.00000000D+00
 1087  6.29284929      0.00000000D+00
 1088  6.36803530      0.00000000D+00
 1089  6.44411962      0.00000000D+00
 1090  6.52111299      0.00000000D+00
 1091  6.59902626      0.00000000D+00
 1092  6.67787043      0.00000000D+00
 1093  6.75765661      0.00000000D+00
 1094  6.83839607      0.00000000D+00
 1095  6.92010019      0.00000000D+00
 1096  7.00278050      0.00000000D+00
 1097  7.08644867      0.00000000D+00
 1098  7.17111648      0.00000000D+00
 1099  7.25679590      0.00000000D+00
 1100  7.34349900      0.00000000D+00
 1101  7.43123801      0.00000000D+00
