 ir        r               f(r)
    1  0.00001574      0.51452398D+05
    2  0.00001593      0.51451585D+05
    3  0.00001612      0.51450762D+05
    4  0.00001632      0.51449930D+05
    5  0.00001651      0.51449087D+05
    6  0.00001671      0.51448235D+05
    7  0.00001691      0.51447372D+05
    8  0.00001711      0.51446499D+05
    9  0.00001731      0.51445616D+05
   10  0.00001752      0.51444722D+05
   11  0.00001773      0.51443817D+05
   12  0.00001794      0.51442902D+05
   13  0.00001816      0.51441975D+05
   14  0.00001837      0.51441038D+05
   15  0.00001859      0.51440090D+05
   16  0.00001881      0.51439130D+05
   17  0.00001904      0.51438159D+05
   18  0.00001927      0.51437176D+05
   19  0.00001950      0.51436181D+05
   20  0.00001973      0.51435175D+05
   21  0.00001997      0.51434156D+05
   22  0.00002020      0.51433126D+05
   23  0.00002045      0.51432083D+05
   24  0.00002069      0.51431027D+05
   25  0.00002094      0.51429959D+05
   26  0.00002119      0.51428879D+05
   27  0.00002144      0.51427785D+05
   28  0.00002170      0.51426679D+05
   29  0.00002196      0.51425559D+05
   30  0.00002222      0.51424426D+05
   31  0.00002248      0.51423279D+05
   32  0.00002275      0.51422119D+05
   33  0.00002302      0.51420944D+05
   34  0.00002330      0.51419756D+05
   35  0.00002358      0.51418554D+05
   36  0.00002386      0.51417337D+05
   37  0.00002414      0.51416106D+05
   38  0.00002443      0.51414860D+05
   39  0.00002472      0.51413599D+05
   40  0.00002502      0.51412324D+05
   41  0.00002532      0.51411033D+05
   42  0.00002562      0.51409726D+05
   43  0.00002593      0.51408404D+05
   44  0.00002624      0.51407067D+05
   45  0.00002655      0.51405713D+05
   46  0.00002687      0.51404343D+05
   47  0.00002719      0.51402957D+05
   48  0.00002751      0.51401555D+05
   49  0.00002784      0.51400135D+05
   50  0.00002818      0.51398699D+05
   51  0.00002851      0.51397246D+05
   52  0.00002885      0.51395775D+05
   53  0.00002920      0.51394287D+05
   54  0.00002955      0.51392781D+05
   55  0.00002990      0.51391257D+05
   56  0.00003026      0.51389715D+05
   57  0.00003062      0.51388154D+05
   58  0.00003098      0.51386575D+05
   59  0.00003135      0.51384977D+05
   60  0.00003173      0.51383361D+05
   61  0.00003211      0.51381724D+05
   62  0.00003249      0.51380069D+05
   63  0.00003288      0.51378393D+05
   64  0.00003327      0.51376698D+05
   65  0.00003367      0.51374982D+05
   66  0.00003407      0.51373246D+05
   67  0.00003448      0.51371490D+05
   68  0.00003489      0.51369712D+05
   69  0.00003531      0.51367913D+05
   70  0.00003573      0.51366093D+05
   71  0.00003616      0.51364251D+05
   72  0.00003659      0.51362387D+05
   73  0.00003703      0.51360501D+05
   74  0.00003747      0.51358593D+05
   75  0.00003792      0.51356662D+05
   76  0.00003837      0.51354708D+05
   77  0.00003883      0.51352730D+05
   78  0.00003929      0.51350729D+05
   79  0.00003976      0.51348704D+05
   80  0.00004024      0.51346655D+05
   81  0.00004072      0.51344582D+05
   82  0.00004120      0.51342484D+05
   83  0.00004169      0.51340361D+05
   84  0.00004219      0.51338212D+05
   85  0.00004270      0.51336038D+05
   86  0.00004321      0.51333839D+05
   87  0.00004372      0.51331613D+05
   88  0.00004425      0.51329360D+05
   89  0.00004477      0.51327081D+05
   90  0.00004531      0.51324775D+05
   91  0.00004585      0.51322441D+05
   92  0.00004640      0.51320079D+05
   93  0.00004695      0.51317689D+05
   94  0.00004751      0.51315271D+05
   95  0.00004808      0.51312824D+05
   96  0.00004866      0.51310348D+05
   97  0.00004924      0.51307843D+05
   98  0.00004983      0.51305307D+05
   99  0.00005042      0.51302742D+05
  100  0.00005102      0.51300146D+05
  101  0.00005163      0.51297519D+05
  102  0.00005225      0.51294861D+05
  103  0.00005287      0.51292171D+05
  104  0.00005351      0.51289449D+05
  105  0.00005415      0.51286695D+05
  106  0.00005479      0.51283908D+05
  107  0.00005545      0.51281088D+05
  108  0.00005611      0.51278235D+05
  109  0.00005678      0.51275347D+05
  110  0.00005746      0.51272425D+05
  111  0.00005814      0.51269469D+05
  112  0.00005884      0.51266477D+05
  113  0.00005954      0.51263450D+05
  114  0.00006025      0.51260386D+05
  115  0.00006097      0.51257287D+05
  116  0.00006170      0.51254150D+05
  117  0.00006244      0.51250976D+05
  118  0.00006319      0.51247765D+05
  119  0.00006394      0.51244515D+05
  120  0.00006470      0.51241227D+05
  121  0.00006548      0.51237899D+05
  122  0.00006626      0.51234533D+05
  123  0.00006705      0.51231126D+05
  124  0.00006785      0.51227678D+05
  125  0.00006866      0.51224190D+05
  126  0.00006948      0.51220660D+05
  127  0.00007031      0.51217088D+05
  128  0.00007115      0.51213474D+05
  129  0.00007200      0.51209817D+05
  130  0.00007286      0.51206117D+05
  131  0.00007373      0.51202372D+05
  132  0.00007462      0.51198583D+05
  133  0.00007551      0.51194749D+05
  134  0.00007641      0.51190870D+05
  135  0.00007732      0.51186945D+05
  136  0.00007825      0.51182973D+05
  137  0.00007918      0.51178953D+05
  138  0.00008013      0.51174887D+05
  139  0.00008108      0.51170772D+05
  140  0.00008205      0.51166608D+05
  141  0.00008303      0.51162394D+05
  142  0.00008403      0.51158131D+05
  143  0.00008503      0.51153817D+05
  144  0.00008605      0.51149452D+05
  145  0.00008707      0.51145035D+05
  146  0.00008811      0.51140566D+05
  147  0.00008917      0.51136043D+05
  148  0.00009023      0.51131468D+05
  149  0.00009131      0.51126837D+05
  150  0.00009240      0.51122152D+05
  151  0.00009351      0.51117412D+05
  152  0.00009462      0.51112615D+05
  153  0.00009575      0.51107762D+05
  154  0.00009690      0.51102850D+05
  155  0.00009805      0.51097881D+05
  156  0.00009923      0.51092853D+05
  157  0.00010041      0.51087765D+05
  158  0.00010161      0.51082617D+05
  159  0.00010283      0.51077408D+05
  160  0.00010405      0.51072137D+05
  161  0.00010530      0.51066804D+05
  162  0.00010656      0.51061408D+05
  163  0.00010783      0.51055948D+05
  164  0.00010912      0.51050423D+05
  165  0.00011042      0.51044833D+05
  166  0.00011174      0.51039176D+05
  167  0.00011307      0.51033453D+05
  168  0.00011443      0.51027662D+05
  169  0.00011579      0.51021803D+05
  170  0.00011718      0.51015874D+05
  171  0.00011858      0.51009875D+05
  172  0.00011999      0.51003805D+05
  173  0.00012143      0.50997663D+05
  174  0.00012288      0.50991449D+05
  175  0.00012435      0.50985161D+05
  176  0.00012583      0.50978798D+05
  177  0.00012733      0.50972361D+05
  178  0.00012886      0.50965848D+05
  179  0.00013040      0.50959257D+05
  180  0.00013195      0.50952589D+05
  181  0.00013353      0.50945842D+05
  182  0.00013513      0.50939015D+05
  183  0.00013674      0.50932107D+05
  184  0.00013837      0.50925118D+05
  185  0.00014003      0.50918047D+05
  186  0.00014170      0.50910892D+05
  187  0.00014339      0.50903652D+05
  188  0.00014511      0.50896327D+05
  189  0.00014684      0.50888916D+05
  190  0.00014859      0.50881417D+05
  191  0.00015037      0.50873830D+05
  192  0.00015217      0.50866153D+05
  193  0.00015398      0.50858386D+05
  194  0.00015582      0.50850527D+05
  195  0.00015769      0.50842575D+05
  196  0.00015957      0.50834530D+05
  197  0.00016148      0.50826390D+05
  198  0.00016341      0.50818154D+05
  199  0.00016536      0.50809820D+05
  200  0.00016733      0.50801389D+05
  201  0.00016933      0.50792859D+05
  202  0.00017136      0.50784227D+05
  203  0.00017340      0.50775495D+05
  204  0.00017548      0.50766659D+05
  205  0.00017757      0.50757720D+05
  206  0.00017969      0.50748675D+05
  207  0.00018184      0.50739524D+05
  208  0.00018401      0.50730265D+05
  209  0.00018621      0.50720898D+05
  210  0.00018844      0.50711420D+05
  211  0.00019069      0.50701830D+05
  212  0.00019297      0.50692129D+05
  213  0.00019527      0.50682313D+05
  214  0.00019761      0.50672381D+05
  215  0.00019997      0.50662333D+05
  216  0.00020236      0.50652167D+05
  217  0.00020477      0.50641882D+05
  218  0.00020722      0.50631476D+05
  219  0.00020970      0.50620947D+05
  220  0.00021220      0.50610295D+05
  221  0.00021474      0.50599519D+05
  222  0.00021730      0.50588615D+05
  223  0.00021990      0.50577584D+05
  224  0.00022253      0.50566424D+05
  225  0.00022518      0.50555132D+05
  226  0.00022787      0.50543709D+05
  227  0.00023060      0.50532151D+05
  228  0.00023335      0.50520458D+05
  229  0.00023614      0.50508628D+05
  230  0.00023896      0.50496660D+05
  231  0.00024182      0.50484552D+05
  232  0.00024471      0.50472301D+05
  233  0.00024763      0.50459908D+05
  234  0.00025059      0.50447369D+05
  235  0.00025358      0.50434684D+05
  236  0.00025661      0.50421851D+05
  237  0.00025968      0.50408868D+05
  238  0.00026278      0.50395732D+05
  239  0.00026592      0.50382444D+05
  240  0.00026910      0.50369000D+05
  241  0.00027231      0.50355399D+05
  242  0.00027557      0.50341640D+05
  243  0.00027886      0.50327720D+05
  244  0.00028219      0.50313638D+05
  245  0.00028556      0.50299391D+05
  246  0.00028897      0.50284978D+05
  247  0.00029243      0.50270397D+05
  248  0.00029592      0.50255647D+05
  249  0.00029946      0.50240724D+05
  250  0.00030303      0.50225628D+05
  251  0.00030665      0.50210356D+05
  252  0.00031032      0.50194906D+05
  253  0.00031403      0.50179277D+05
  254  0.00031778      0.50163466D+05
  255  0.00032157      0.50147471D+05
  256  0.00032542      0.50131290D+05
  257  0.00032930      0.50114921D+05
  258  0.00033324      0.50098362D+05
  259  0.00033722      0.50081611D+05
  260  0.00034125      0.50064665D+05
  261  0.00034533      0.50047523D+05
  262  0.00034945      0.50030181D+05
  263  0.00035363      0.50012639D+05
  264  0.00035785      0.49994894D+05
  265  0.00036213      0.49976943D+05
  266  0.00036646      0.49958783D+05
  267  0.00037083      0.49940414D+05
  268  0.00037526      0.49921832D+05
  269  0.00037975      0.49903036D+05
  270  0.00038429      0.49884021D+05
  271  0.00038888      0.49864788D+05
  272  0.00039352      0.49845331D+05
  273  0.00039822      0.49825650D+05
  274  0.00040298      0.49805742D+05
  275  0.00040780      0.49785605D+05
  276  0.00041267      0.49765234D+05
  277  0.00041760      0.49744629D+05
  278  0.00042259      0.49723787D+05
  279  0.00042764      0.49702704D+05
  280  0.00043275      0.49681379D+05
  281  0.00043792      0.49659808D+05
  282  0.00044315      0.49637989D+05
  283  0.00044845      0.49615919D+05
  284  0.00045380      0.49593596D+05
  285  0.00045923      0.49571016D+05
  286  0.00046471      0.49548176D+05
  287  0.00047026      0.49525075D+05
  288  0.00047588      0.49501709D+05
  289  0.00048157      0.49478074D+05
  290  0.00048732      0.49454169D+05
  291  0.00049315      0.49429990D+05
  292  0.00049904      0.49405534D+05
  293  0.00050500      0.49380798D+05
  294  0.00051103      0.49355779D+05
  295  0.00051714      0.49330475D+05
  296  0.00052332      0.49304881D+05
  297  0.00052957      0.49278995D+05
  298  0.00053590      0.49252814D+05
  299  0.00054230      0.49226334D+05
  300  0.00054878      0.49199552D+05
  301  0.00055534      0.49172465D+05
  302  0.00056197      0.49145070D+05
  303  0.00056869      0.49117363D+05
  304  0.00057548      0.49089341D+05
  305  0.00058236      0.49061000D+05
  306  0.00058931      0.49032337D+05
  307  0.00059635      0.49003349D+05
  308  0.00060348      0.48974033D+05
  309  0.00061069      0.48944384D+05
  310  0.00061799      0.48914399D+05
  311  0.00062537      0.48884074D+05
  312  0.00063284      0.48853406D+05
  313  0.00064040      0.48822392D+05
  314  0.00064805      0.48791027D+05
  315  0.00065580      0.48759308D+05
  316  0.00066363      0.48727231D+05
  317  0.00067156      0.48694792D+05
  318  0.00067959      0.48661988D+05
  319  0.00068771      0.48628814D+05
  320  0.00069592      0.48595268D+05
  321  0.00070424      0.48561344D+05
  322  0.00071265      0.48527038D+05
  323  0.00072117      0.48492348D+05
  324  0.00072978      0.48457269D+05
  325  0.00073850      0.48421796D+05
  326  0.00074732      0.48385926D+05
  327  0.00075625      0.48349655D+05
  328  0.00076529      0.48312978D+05
  329  0.00077443      0.48275891D+05
  330  0.00078369      0.48238390D+05
  331  0.00079305      0.48200471D+05
  332  0.00080252      0.48162129D+05
  333  0.00081211      0.48123360D+05
  334  0.00082182      0.48084160D+05
  335  0.00083163      0.48044525D+05
  336  0.00084157      0.48004449D+05
  337  0.00085163      0.47963928D+05
  338  0.00086180      0.47922958D+05
  339  0.00087210      0.47881534D+05
  340  0.00088252      0.47839652D+05
  341  0.00089306      0.47797307D+05
  342  0.00090373      0.47754495D+05
  343  0.00091453      0.47711210D+05
  344  0.00092546      0.47667448D+05
  345  0.00093651      0.47623204D+05
  346  0.00094770      0.47578473D+05
  347  0.00095903      0.47533251D+05
  348  0.00097048      0.47487532D+05
  349  0.00098208      0.47441313D+05
  350  0.00099381      0.47394587D+05
  351  0.00100569      0.47347349D+05
  352  0.00101770      0.47299595D+05
  353  0.00102986      0.47251320D+05
  354  0.00104217      0.47202519D+05
  355  0.00105462      0.47153186D+05
  356  0.00106722      0.47103316D+05
  357  0.00107997      0.47052904D+05
  358  0.00109287      0.47001945D+05
  359  0.00110593      0.46950434D+05
  360  0.00111914      0.46898365D+05
  361  0.00113251      0.46845732D+05
  362  0.00114605      0.46792531D+05
  363  0.00115974      0.46738757D+05
  364  0.00117360      0.46684403D+05
  365  0.00118762      0.46629464D+05
  366  0.00120181      0.46573934D+05
  367  0.00121617      0.46517809D+05
  368  0.00123070      0.46461083D+05
  369  0.00124540      0.46403749D+05
  370  0.00126028      0.46345803D+05
  371  0.00127534      0.46287238D+05
  372  0.00129058      0.46228049D+05
  373  0.00130599      0.46168230D+05
  374  0.00132160      0.46107776D+05
  375  0.00133739      0.46046680D+05
  376  0.00135337      0.45984937D+05
  377  0.00136954      0.45922541D+05
  378  0.00138590      0.45859486D+05
  379  0.00140246      0.45795766D+05
  380  0.00141922      0.45731375D+05
  381  0.00143617      0.45666308D+05
  382  0.00145333      0.45600558D+05
  383  0.00147070      0.45534119D+05
  384  0.00148827      0.45466985D+05
  385  0.00150605      0.45399150D+05
  386  0.00152404      0.45330608D+05
  387  0.00154225      0.45261353D+05
  388  0.00156068      0.45191378D+05
  389  0.00157933      0.45120679D+05
  390  0.00159819      0.45049247D+05
  391  0.00161729      0.44977078D+05
  392  0.00163661      0.44904165D+05
  393  0.00165617      0.44830501D+05
  394  0.00167595      0.44756081D+05
  395  0.00169598      0.44680898D+05
  396  0.00171624      0.44604946D+05
  397  0.00173675      0.44528218D+05
  398  0.00175750      0.44450709D+05
  399  0.00177850      0.44372411D+05
  400  0.00179975      0.44293320D+05
  401  0.00182125      0.44213427D+05
  402  0.00184301      0.44132727D+05
  403  0.00186503      0.44051214D+05
  404  0.00188731      0.43968880D+05
  405  0.00190986      0.43885721D+05
  406  0.00193268      0.43801728D+05
  407  0.00195577      0.43716897D+05
  408  0.00197914      0.43631220D+05
  409  0.00200278      0.43544691D+05
  410  0.00202671      0.43457304D+05
  411  0.00205093      0.43369052D+05
  412  0.00207543      0.43279930D+05
  413  0.00210023      0.43189929D+05
  414  0.00212532      0.43099045D+05
  415  0.00215072      0.43007271D+05
  416  0.00217641      0.42914600D+05
  417  0.00220242      0.42821027D+05
  418  0.00222873      0.42726544D+05
  419  0.00225536      0.42631145D+05
  420  0.00228230      0.42534825D+05
  421  0.00230957      0.42437577D+05
  422  0.00233717      0.42339394D+05
  423  0.00236509      0.42240271D+05
  424  0.00239335      0.42140201D+05
  425  0.00242195      0.42039178D+05
  426  0.00245088      0.41937196D+05
  427  0.00248016      0.41834249D+05
  428  0.00250980      0.41730330D+05
  429  0.00253978      0.41625434D+05
  430  0.00257013      0.41519555D+05
  431  0.00260084      0.41412687D+05
  432  0.00263191      0.41304823D+05
  433  0.00266336      0.41195958D+05
  434  0.00269518      0.41086087D+05
  435  0.00272738      0.40975203D+05
  436  0.00275997      0.40863300D+05
  437  0.00279294      0.40750374D+05
  438  0.00282631      0.40636418D+05
  439  0.00286008      0.40521426D+05
  440  0.00289425      0.40405395D+05
  441  0.00292883      0.40288317D+05
  442  0.00296382      0.40170188D+05
  443  0.00299924      0.40051003D+05
  444  0.00303507      0.39930755D+05
  445  0.00307133      0.39809442D+05
  446  0.00310803      0.39687056D+05
  447  0.00314516      0.39563594D+05
  448  0.00318274      0.39439050D+05
  449  0.00322077      0.39313420D+05
  450  0.00325925      0.39186699D+05
  451  0.00329819      0.39058883D+05
  452  0.00333760      0.38929967D+05
  453  0.00337747      0.38799947D+05
  454  0.00341783      0.38668819D+05
  455  0.00345866      0.38536578D+05
  456  0.00349999      0.38403221D+05
  457  0.00354180      0.38268745D+05
  458  0.00358412      0.38133144D+05
  459  0.00362694      0.37996416D+05
  460  0.00367028      0.37858557D+05
  461  0.00371413      0.37719564D+05
  462  0.00375851      0.37579434D+05
  463  0.00380341      0.37438164D+05
  464  0.00384885      0.37295751D+05
  465  0.00389484      0.37152192D+05
  466  0.00394137      0.37007485D+05
  467  0.00398847      0.36861628D+05
  468  0.00403612      0.36714618D+05
  469  0.00408434      0.36566453D+05
  470  0.00413314      0.36417132D+05
  471  0.00418252      0.36266652D+05
  472  0.00423250      0.36115013D+05
  473  0.00428306      0.35962214D+05
  474  0.00433424      0.35808252D+05
  475  0.00438602      0.35653128D+05
  476  0.00443843      0.35496841D+05
  477  0.00449146      0.35339390D+05
  478  0.00454512      0.35180776D+05
  479  0.00459942      0.35020998D+05
  480  0.00465438      0.34860056D+05
  481  0.00470999      0.34697951D+05
  482  0.00476626      0.34534685D+05
  483  0.00482321      0.34370257D+05
  484  0.00488083      0.34204669D+05
  485  0.00493915      0.34037923D+05
  486  0.00499816      0.33870021D+05
  487  0.00505788      0.33700964D+05
  488  0.00511831      0.33530755D+05
  489  0.00517946      0.33359396D+05
  490  0.00524135      0.33186891D+05
  491  0.00530397      0.33013243D+05
  492  0.00536734      0.32838454D+05
  493  0.00543147      0.32662530D+05
  494  0.00549636      0.32485473D+05
  495  0.00556203      0.32307289D+05
  496  0.00562849      0.32127982D+05
  497  0.00569573      0.31947557D+05
  498  0.00576379      0.31766020D+05
  499  0.00583265      0.31583376D+05
  500  0.00590234      0.31399631D+05
  501  0.00597286      0.31214792D+05
  502  0.00604422      0.31028866D+05
  503  0.00611644      0.30841859D+05
  504  0.00618952      0.30653780D+05
  505  0.00626347      0.30464636D+05
  506  0.00633830      0.30274434D+05
  507  0.00641403      0.30083185D+05
  508  0.00649066      0.29890896D+05
  509  0.00656821      0.29697578D+05
  510  0.00664669      0.29503239D+05
  511  0.00672610      0.29307891D+05
  512  0.00680647      0.29111544D+05
  513  0.00688779      0.28914208D+05
  514  0.00697008      0.28715895D+05
  515  0.00705336      0.28516617D+05
  516  0.00713763      0.28316386D+05
  517  0.00722291      0.28115215D+05
  518  0.00730921      0.27913116D+05
  519  0.00739654      0.27710105D+05
  520  0.00748491      0.27506193D+05
  521  0.00757434      0.27301396D+05
  522  0.00766484      0.27095729D+05
  523  0.00775642      0.26889207D+05
  524  0.00784909      0.26681845D+05
  525  0.00794287      0.26473660D+05
  526  0.00803777      0.26264669D+05
  527  0.00813380      0.26054889D+05
  528  0.00823099      0.25844336D+05
  529  0.00832933      0.25633030D+05
  530  0.00842885      0.25420989D+05
  531  0.00852955      0.25208232D+05
  532  0.00863146      0.24994778D+05
  533  0.00873459      0.24780648D+05
  534  0.00883895      0.24565861D+05
  535  0.00894456      0.24350439D+05
  536  0.00905142      0.24134402D+05
  537  0.00915957      0.23917774D+05
  538  0.00926901      0.23700576D+05
  539  0.00937975      0.23482831D+05
  540  0.00949182      0.23264562D+05
  541  0.00960522      0.23045794D+05
  542  0.00971999      0.22826550D+05
  543  0.00983612      0.22606855D+05
  544  0.00995364      0.22386734D+05
  545  0.01007256      0.22166213D+05
  546  0.01019291      0.21945318D+05
  547  0.01031469      0.21724076D+05
  548  0.01043793      0.21502513D+05
  549  0.01056264      0.21280658D+05
  550  0.01068884      0.21058538D+05
  551  0.01081655      0.20836182D+05
  552  0.01094579      0.20613618D+05
  553  0.01107657      0.20390876D+05
  554  0.01120891      0.20167985D+05
  555  0.01134283      0.19944976D+05
  556  0.01147835      0.19721880D+05
  557  0.01161549      0.19498727D+05
  558  0.01175427      0.19275548D+05
  559  0.01189471      0.19052376D+05
  560  0.01203683      0.18829243D+05
  561  0.01218064      0.18606180D+05
  562  0.01232617      0.18383222D+05
  563  0.01247345      0.18160402D+05
  564  0.01262248      0.17937753D+05
  565  0.01277329      0.17715308D+05
  566  0.01292590      0.17493103D+05
  567  0.01308034      0.17271173D+05
  568  0.01323662      0.17049551D+05
  569  0.01339477      0.16828273D+05
  570  0.01355481      0.16607376D+05
  571  0.01371676      0.16386893D+05
  572  0.01388064      0.16166862D+05
  573  0.01404649      0.15947319D+05
  574  0.01421431      0.15728300D+05
  575  0.01438414      0.15509842D+05
  576  0.01455600      0.15291982D+05
  577  0.01472992      0.15074756D+05
  578  0.01490591      0.14858202D+05
  579  0.01508400      0.14642357D+05
  580  0.01526422      0.14427258D+05
  581  0.01544660      0.14212943D+05
  582  0.01563115      0.13999450D+05
  583  0.01581791      0.13786816D+05
  584  0.01600690      0.13575078D+05
  585  0.01619815      0.13364275D+05
  586  0.01639168      0.13154443D+05
  587  0.01658752      0.12945621D+05
  588  0.01678571      0.12737846D+05
  589  0.01698626      0.12531156D+05
  590  0.01718921      0.12325587D+05
  591  0.01739459      0.12121176D+05
  592  0.01760241      0.11917962D+05
  593  0.01781273      0.11715980D+05
  594  0.01802555      0.11515268D+05
  595  0.01824092      0.11315861D+05
  596  0.01845886      0.11117796D+05
  597  0.01867940      0.10921109D+05
  598  0.01890258      0.10725835D+05
  599  0.01912842      0.10532009D+05
  600  0.01935697      0.10339667D+05
  601  0.01958824      0.10148842D+05
  602  0.01982228      0.99595685D+04
  603  0.02005911      0.97718805D+04
  604  0.02029877      0.95858108D+04
  605  0.02054130      0.94013919D+04
  606  0.02078673      0.92186558D+04
  607  0.02103508      0.90376341D+04
  608  0.02128641      0.88583576D+04
  609  0.02154073      0.86808566D+04
  610  0.02179810      0.85051607D+04
  611  0.02205854      0.83312989D+04
  612  0.02232209      0.81592993D+04
  613  0.02258879      0.79891895D+04
  614  0.02285868      0.78209963D+04
  615  0.02313179      0.76547455D+04
  616  0.02340817      0.74904625D+04
  617  0.02368784      0.73281715D+04
  618  0.02397086      0.71678960D+04
  619  0.02425726      0.70096585D+04
  620  0.02454708      0.68534807D+04
  621  0.02484037      0.66993834D+04
  622  0.02513716      0.65473863D+04
  623  0.02543749      0.63975081D+04
  624  0.02574142      0.62497668D+04
  625  0.02604897      0.61041789D+04
  626  0.02636020      0.59607603D+04
  627  0.02667515      0.58195255D+04
  628  0.02699386      0.56804880D+04
  629  0.02731638      0.55436604D+04
  630  0.02764275      0.54090539D+04
  631  0.02797302      0.52766787D+04
  632  0.02830724      0.51465437D+04
  633  0.02864545      0.50186569D+04
  634  0.02898770      0.48930248D+04
  635  0.02933404      0.47696529D+04
  636  0.02968452      0.46485454D+04
  637  0.03003919      0.45297054D+04
  638  0.03039809      0.44131346D+04
  639  0.03076128      0.42988336D+04
  640  0.03112881      0.41868017D+04
  641  0.03150073      0.40770370D+04
  642  0.03187710      0.39695362D+04
  643  0.03225796      0.38642951D+04
  644  0.03264338      0.37613078D+04
  645  0.03303339      0.36605674D+04
  646  0.03342807      0.35620657D+04
  647  0.03382747      0.34657934D+04
  648  0.03423163      0.33717397D+04
  649  0.03464063      0.32798928D+04
  650  0.03505451      0.31902395D+04
  651  0.03547333      0.31027656D+04
  652  0.03589716      0.30174554D+04
  653  0.03632606      0.29342923D+04
  654  0.03676008      0.28532584D+04
  655  0.03719928      0.27743346D+04
  656  0.03764373      0.26975008D+04
  657  0.03809349      0.26227358D+04
  658  0.03854863      0.25500171D+04
  659  0.03900920      0.24793212D+04
  660  0.03947528      0.24106238D+04
  661  0.03994692      0.23438993D+04
  662  0.04042420      0.22791213D+04
  663  0.04090718      0.22162622D+04
  664  0.04139594      0.21552937D+04
  665  0.04189053      0.20961865D+04
  666  0.04239103      0.20389105D+04
  667  0.04289751      0.19834348D+04
  668  0.04341004      0.19297275D+04
  669  0.04392870      0.18777562D+04
  670  0.04445355      0.18274877D+04
  671  0.04498468      0.17788881D+04
  672  0.04552215      0.17319228D+04
  673  0.04606604      0.16865567D+04
  674  0.04661643      0.16427542D+04
  675  0.04717340      0.16004792D+04
  676  0.04773702      0.15596949D+04
  677  0.04830737      0.15203644D+04
  678  0.04888454      0.14824503D+04
  679  0.04946861      0.14459149D+04
  680  0.05005965      0.14107201D+04
  681  0.05065776      0.13768278D+04
  682  0.05126301      0.13441995D+04
  683  0.05187549      0.13127968D+04
  684  0.05249529      0.12825811D+04
  685  0.05312250      0.12535136D+04
  686  0.05375720      0.12255560D+04
  687  0.05439948      0.11986694D+04
  688  0.05504943      0.11728157D+04
  689  0.05570716      0.11479565D+04
  690  0.05637274      0.11240536D+04
  691  0.05704627      0.11010695D+04
  692  0.05772785      0.10789665D+04
  693  0.05841757      0.10577074D+04
  694  0.05911554      0.10372557D+04
  695  0.05982184      0.10175748D+04
  696  0.06053658      0.99862904D+03
  697  0.06125987      0.98038305D+03
  698  0.06199179      0.96280209D+03
  699  0.06273246      0.94585199D+03
  700  0.06348198      0.92949926D+03
  701  0.06424045      0.91371104D+03
  702  0.06500798      0.89845524D+03
  703  0.06578469      0.88370045D+03
  704  0.06657068      0.86941609D+03
  705  0.06736605      0.85557236D+03
  706  0.06817093      0.84214030D+03
  707  0.06898543      0.82909183D+03
  708  0.06980966      0.81639973D+03
  709  0.07064373      0.80403771D+03
  710  0.07148777      0.79198041D+03
  711  0.07234190      0.78020342D+03
  712  0.07320623      0.76868329D+03
  713  0.07408088      0.75739755D+03
  714  0.07496599      0.74632475D+03
  715  0.07586167      0.73544440D+03
  716  0.07676806      0.72473707D+03
  717  0.07768527      0.71418433D+03
  718  0.07861344      0.70376876D+03
  719  0.07955270      0.69347398D+03
  720  0.08050319      0.68328464D+03
  721  0.08146503      0.67318640D+03
  722  0.08243836      0.66316594D+03
  723  0.08342332      0.65321097D+03
  724  0.08442005      0.64331017D+03
  725  0.08542869      0.63345323D+03
  726  0.08644938      0.62363082D+03
  727  0.08748226      0.61383457D+03
  728  0.08852748      0.60405706D+03
  729  0.08958520      0.59429179D+03
  730  0.09065555      0.58453317D+03
  731  0.09173869      0.57477650D+03
  732  0.09283477      0.56501794D+03
  733  0.09394394      0.55525449D+03
  734  0.09506637      0.54548395D+03
  735  0.09620221      0.53570492D+03
  736  0.09735162      0.52591672D+03
  737  0.09851476      0.51611942D+03
  738  0.09969180      0.50631377D+03
  739  0.10088290      0.49650117D+03
  740  0.10208824      0.48668365D+03
  741  0.10330797      0.47686381D+03
  742  0.10454228      0.46704483D+03
  743  0.10579133      0.45723037D+03
  744  0.10705531      0.44742460D+03
  745  0.10833439      0.43763211D+03
  746  0.10962876      0.42785790D+03
  747  0.11093858      0.41810733D+03
  748  0.11226406      0.40838610D+03
  749  0.11360538      0.39870018D+03
  750  0.11496272      0.38905582D+03
  751  0.11633627      0.37945945D+03
  752  0.11772624      0.36991769D+03
  753  0.11913282      0.36043732D+03
  754  0.12055620      0.35102520D+03
  755  0.12199658      0.34168826D+03
  756  0.12345418      0.33243348D+03
  757  0.12492919      0.32326781D+03
  758  0.12642183      0.31419820D+03
  759  0.12793230      0.30523151D+03
  760  0.12946081      0.29637451D+03
  761  0.13100759      0.28763384D+03
  762  0.13257285      0.27901599D+03
  763  0.13415681      0.27052727D+03
  764  0.13575970      0.26217376D+03
  765  0.13738173      0.25396133D+03
  766  0.13902315      0.24589558D+03
  767  0.14068418      0.23798183D+03
  768  0.14236505      0.23022513D+03
  769  0.14406601      0.22263017D+03
  770  0.14578728      0.21520133D+03
  771  0.14752913      0.20794266D+03
  772  0.14929178      0.20085781D+03
  773  0.15107550      0.19395010D+03
  774  0.15288053      0.18722243D+03
  775  0.15470712      0.18067734D+03
  776  0.15655554      0.17431696D+03
  777  0.15842604      0.16814302D+03
  778  0.16031889      0.16215685D+03
  779  0.16223436      0.15635939D+03
  780  0.16417271      0.15075115D+03
  781  0.16613422      0.14533227D+03
  782  0.16811916      0.14010246D+03
  783  0.17012783      0.13506108D+03
  784  0.17216049      0.13020706D+03
  785  0.17421744      0.12553901D+03
  786  0.17629896      0.12105512D+03
  787  0.17840535      0.11675326D+03
  788  0.18053691      0.11263095D+03
  789  0.18269394      0.10868538D+03
  790  0.18487674      0.10491344D+03
  791  0.18708562      0.10131169D+03
  792  0.18932089      0.97876453D+02
  793  0.19158287      0.94603756D+02
  794  0.19387187      0.91489396D+02
  795  0.19618822      0.88528942D+02
  796  0.19853225      0.85717753D+02
  797  0.20090428      0.83051008D+02
  798  0.20330466      0.80523714D+02
  799  0.20573371      0.78130737D+02
  800  0.20819179      0.75866815D+02
  801  0.21067923      0.73726585D+02
  802  0.21319639      0.71704598D+02
  803  0.21574363      0.69795346D+02
  804  0.21832130      0.67993275D+02
  805  0.22092977      0.66292812D+02
  806  0.22356941      0.64688381D+02
  807  0.22624058      0.63174424D+02
  808  0.22894367      0.61745417D+02
  809  0.23167906      0.60395893D+02
  810  0.23444712      0.59120453D+02
  811  0.23724826      0.57913790D+02
  812  0.24008287      0.56770700D+02
  813  0.24295134      0.55686095D+02
  814  0.24585409      0.54655025D+02
  815  0.24879151      0.53672682D+02
  816  0.25176404      0.52734420D+02
  817  0.25477208      0.51835760D+02
  818  0.25781605      0.50972404D+02
  819  0.26089640      0.50140241D+02
  820  0.26401355      0.49335356D+02
  821  0.26716795      0.48554039D+02
  822  0.27036003      0.47792786D+02
  823  0.27359025      0.47048306D+02
  824  0.27685906      0.46317527D+02
  825  0.28016693      0.45597592D+02
  826  0.28351433      0.44885865D+02
  827  0.28690171      0.44179931D+02
  828  0.29032957      0.43477593D+02
  829  0.29379839      0.42776870D+02
  830  0.29730864      0.42075998D+02
  831  0.30086084      0.41373423D+02
  832  0.30445548      0.40667795D+02
  833  0.30809307      0.39957969D+02
  834  0.31177412      0.39242992D+02
  835  0.31549915      0.38522100D+02
  836  0.31926869      0.37794712D+02
  837  0.32308326      0.37060417D+02
  838  0.32694341      0.36318970D+02
  839  0.33084968      0.35570284D+02
  840  0.33480262      0.34814415D+02
  841  0.33880279      0.34051559D+02
  842  0.34285076      0.33282038D+02
  843  0.34694709      0.32506292D+02
  844  0.35109236      0.31724869D+02
  845  0.35528716      0.30938413D+02
  846  0.35953207      0.30147655D+02
  847  0.36382771      0.29353404D+02
  848  0.36817467      0.28556535D+02
  849  0.37257356      0.27757982D+02
  850  0.37702501      0.26958724D+02
  851  0.38152965      0.26159779D+02
  852  0.38608811      0.25362194D+02
  853  0.39070103      0.24567036D+02
  854  0.39536907      0.23775384D+02
  855  0.40009288      0.22988318D+02
  856  0.40487313      0.22206918D+02
  857  0.40971049      0.21432250D+02
  858  0.41460565      0.20665362D+02
  859  0.41955930      0.19907277D+02
  860  0.42457213      0.19158989D+02
  861  0.42964485      0.18421457D+02
  862  0.43477818      0.17695596D+02
  863  0.43997285      0.16982280D+02
  864  0.44522958      0.16282332D+02
  865  0.45054911      0.15596524D+02
  866  0.45593220      0.14925573D+02
  867  0.46137961      0.14270139D+02
  868  0.46689211      0.13630822D+02
  869  0.47247046      0.13008163D+02
  870  0.47811547      0.12402638D+02
  871  0.48382792      0.11814665D+02
  872  0.48960862      0.11244596D+02
  873  0.49545839      0.10692723D+02
  874  0.50137806      0.10159276D+02
  875  0.50736844      0.96444240D+01
  876  0.51343041      0.91482751D+01
  877  0.51956479      0.86708809D+01
  878  0.52577248      0.82122361D+01
  879  0.53205433      0.77722808D+01
  880  0.53841123      0.73509034D+01
  881  0.54484409      0.69479421D+01
  882  0.55135380      0.65631884D+01
  883  0.55794129      0.61963890D+01
  884  0.56460749      0.58472493D+01
  885  0.57135334      0.55154358D+01
  886  0.57817978      0.52005797D+01
  887  0.58508778      0.49022795D+01
  888  0.59207833      0.46201043D+01
  889  0.59915239      0.43535968D+01
  890  0.60631097      0.41022769D+01
  891  0.61355508      0.38656439D+01
  892  0.62088574      0.36431805D+01
  893  0.62830399      0.34343550D+01
  894  0.63581087      0.32386250D+01
  895  0.64340745      0.30554394D+01
  896  0.65109478      0.28842418D+01
  897  0.65887396      0.27244728D+01
  898  0.66674609      0.25755725D+01
  899  0.67471227      0.24369831D+01
  900  0.68277363      0.23081509D+01
  901  0.69093131      0.21885287D+01
  902  0.69918645      0.20775772D+01
  903  0.70754022      0.19747675D+01
  904  0.71599381      0.18795822D+01
  905  0.72454839      0.17915171D+01
  906  0.73320519      0.17100828D+01
  907  0.74196541      0.16348053D+01
  908  0.75083030      0.15652276D+01
  909  0.75980111      0.15009102D+01
  910  0.76887910      0.14414320D+01
  911  0.77806555      0.13863910D+01
  912  0.78736176      0.13354044D+01
  913  0.79676904      0.12881095D+01
  914  0.80628872      0.12441633D+01
  915  0.81592213      0.12032429D+01
  916  0.82567065      0.11650454D+01
  917  0.83553563      0.11292878D+01
  918  0.84551849      0.10957067D+01
  919  0.85562061      0.10640581D+01
  920  0.86584344      0.10341169D+01
  921  0.87618841      0.10056763D+01
  922  0.88665697      0.97854744D+00
  923  0.89725062      0.95255882D+00
  924  0.90797083      0.92755547D+00
  925  0.91881913      0.90339834D+00
  926  0.92979704      0.87996357D+00
  927  0.94090611      0.85714168D+00
  928  0.95214792      0.83483684D+00
  929  0.96352404      0.81296599D+00
  930  0.97503608      0.79145807D+00
  931  0.98668566      0.77025317D+00
  932  0.99847443      0.74930174D+00
  933  1.01040405      0.72856373D+00
  934  1.02247621      0.70800783D+00
  935  1.03469260      0.68761064D+00
  936  1.04705495      0.66735594D+00
  937  1.05956500      0.64723390D+00
  938  1.07222453      0.62724041D+00
  939  1.08503530      0.60737632D+00
  940  1.09799914      0.58764685D+00
  941  1.11111787      0.56806091D+00
  942  1.12439334      0.54863053D+00
  943  1.13782742      0.52937030D+00
  944  1.15142201      0.51029684D+00
  945  1.16517902      0.49142834D+00
  946  1.17910041      0.47278408D+00
  947  1.19318812      0.45438404D+00
  948  1.20744415      0.43624855D+00
  949  1.22187051      0.41839791D+00
  950  1.23646924      0.40085213D+00
  951  1.25124238      0.38363065D+00
  952  1.26619204      0.36675211D+00
  953  1.28132031      0.35023415D+00
  954  1.29662933      0.33409326D+00
  955  1.31212126      0.31834461D+00
  956  1.32779829      0.30300198D+00
  957  1.34366262      0.28807762D+00
  958  1.35971650      0.27358224D+00
  959  1.37596219      0.25952495D+00
  960  1.39240197      0.24591323D+00
  961  1.40903818      0.23275295D+00
  962  1.42587316      0.22004836D+00
  963  1.44290927      0.20780214D+00
  964  1.46014894      0.19601542D+00
  965  1.47759457      0.18468787D+00
  966  1.49524865      0.17381773D+00
  967  1.51311366      0.16340188D+00
  968  1.53119211      0.15343595D+00
  969  1.54948656      0.14391438D+00
  970  1.56799959      0.13483048D+00
  971  1.58673381      0.12617660D+00
  972  1.60569187      0.11794411D+00
  973  1.62487643      0.11012361D+00
  974  1.64429021      0.10270492D+00
  975  1.66393594      0.95677248D-01
  976  1.68381640      0.89029224D-01
  977  1.70393438      0.82749020D-01
  978  1.72429273      0.76824421D-01
  979  1.74489432      0.71242906D-01
  980  1.76574205      0.65991728D-01
  981  1.78683887      0.61057986D-01
  982  1.80818775      0.56428692D-01
  983  1.82979171      0.52090834D-01
  984  1.85165378      0.48031440D-01
  985  1.87377706      0.44237626D-01
  986  1.89616467      0.40696653D-01
  987  1.91881975      0.37395963D-01
  988  1.94174552      0.34323231D-01
  989  1.96494520      0.31466391D-01
  990  1.98842207      0.28813671D-01
  991  2.01217944      0.26353624D-01
  992  2.03622065      0.24075144D-01
  993  2.06054911      0.21967491D-01
  994  2.08516824      0.20020305D-01
  995  2.11008151      0.18223616D-01
  996  2.13529245      0.16567856D-01
  997  2.16080460      0.15043861D-01
  998  2.18662157      0.13642879D-01
  999  2.21274699      0.12356567D-01
 1000  2.23918456      0.11176988D-01
 1001  2.26593800      0.10096612D-01
 1002  2.29301108      0.91110419D-02
 1003  2.32040763      0.82153351D-02
 1004  2.34813151      0.74019059D-02
 1005  2.37618663      0.66637549D-02
 1006  2.40457695      0.59944276D-02
 1007  2.43330647      0.53879764D-02
 1008  2.46237925      0.48389249D-02
 1009  2.49179938      0.43422336D-02
 1010  2.52157102      0.38932693D-02
 1011  2.55169837      0.34877748D-02
 1012  2.58218568      0.31218414D-02
 1013  2.61303724      0.27918835D-02
 1014  2.64425742      0.24946141D-02
 1015  2.67585061      0.22270223D-02
 1016  2.70782126      0.19863524D-02
 1017  2.74017390      0.17700841D-02
 1018  2.77291309      0.15759145D-02
 1019  2.80604343      0.14017409D-02
 1020  2.83956961      0.12456449D-02
 1021  2.87349636      0.11058781D-02
 1022  2.90782846      0.98084791D-03
 1023  2.94257076      0.86910524D-03
 1024  2.97772815      0.76933258D-03
 1025  3.01330559      0.68033313D-03
 1026  3.04930811      0.60102076D-03
 1027  3.08574078      0.53041058D-03
 1028  3.12260875      0.46761040D-03
 1029  3.15991721      0.41181272D-03
 1030  3.19767142      0.36228737D-03
 1031  3.23587671      0.31837475D-03
 1032  3.27453848      0.27947958D-03
 1033  3.31366217      0.24506513D-03
 1034  3.35325330      0.21464797D-03
 1035  3.39331747      0.18779311D-03
 1036  3.43386031      0.16410951D-03
 1037  3.47488756      0.14324605D-03
 1038  3.51640499      0.12488774D-03
 1039  3.55841846      0.10875233D-03
 1040  3.60093391      0.94587163D-04
 1041  3.64395732      0.00000000D+00
 1042  3.68749477      0.00000000D+00
 1043  3.73155240      0.00000000D+00
 1044  3.77613642      0.00000000D+00
 1045  3.82125313      0.00000000D+00
 1046  3.86690889      0.00000000D+00
 1047  3.91311013      0.00000000D+00
 1048  3.95986338      0.00000000D+00
 1049  4.00717523      0.00000000D+00
 1050  4.05505235      0.00000000D+00
 1051  4.10350150      0.00000000D+00
 1052  4.15252952      0.00000000D+00
 1053  4.20214331      0.00000000D+00
 1054  4.25234988      0.00000000D+00
 1055  4.30315632      0.00000000D+00
 1056  4.35456978      0.00000000D+00
 1057  4.40659752      0.00000000D+00
 1058  4.45924688      0.00000000D+00
 1059  4.51252529      0.00000000D+00
 1060  4.56644026      0.00000000D+00
 1061  4.62099939      0.00000000D+00
 1062  4.67621040      0.00000000D+00
 1063  4.73208105      0.00000000D+00
 1064  4.78861924      0.00000000D+00
 1065  4.84583294      0.00000000D+00
 1066  4.90373022      0.00000000D+00
 1067  4.96231924      0.00000000D+00
 1068  5.02160828      0.00000000D+00
 1069  5.08160570      0.00000000D+00
 1070  5.14231996      0.00000000D+00
 1071  5.20375962      0.00000000D+00
 1072  5.26593335      0.00000000D+00
 1073  5.32884993      0.00000000D+00
 1074  5.39251822      0.00000000D+00
 1075  5.45694721      0.00000000D+00
 1076  5.52214599      0.00000000D+00
 1077  5.58812376      0.00000000D+00
 1078  5.65488981      0.00000000D+00
 1079  5.72245358      0.00000000D+00
 1080  5.79082459      0.00000000D+00
 1081  5.86001249      0.00000000D+00
 1082  5.93002703      0.00000000D+00
 1083  6.00087810      0.00000000D+00
 1084  6.07257568      0.00000000D+00
 1085  6.14512990      0.00000000D+00
 1086  6.21855098      0.00000000D+00
 1087  6.29284929      0.00000000D+00
 1088  6.36803530      0.00000000D+00
 1089  6.44411962      0.00000000D+00
 1090  6.52111299      0.00000000D+00
 1091  6.59902626      0.00000000D+00
 1092  6.67787043      0.00000000D+00
 1093  6.75765661      0.00000000D+00
 1094  6.83839607      0.00000000D+00
 1095  6.92010019      0.00000000D+00
 1096  7.00278050      0.00000000D+00
 1097  7.08644867      0.00000000D+00
 1098  7.17111648      0.00000000D+00
 1099  7.25679590      0.00000000D+00
 1100  7.34349900      0.00000000D+00
 1101  7.43123801      0.00000000D+00
