 ir        r              f(r)*r^2
    1  0.00001379      0.10756124D-13
    2  0.00001396      0.11292268D-13
    3  0.00001413      0.11855136D-13
    4  0.00001431      0.12446058D-13
    5  0.00001448      0.13066434D-13
    6  0.00001466      0.13717732D-13
    7  0.00001484      0.14401492D-13
    8  0.00001502      0.15119333D-13
    9  0.00001520      0.15872953D-13
   10  0.00001539      0.16664135D-13
   11  0.00001558      0.17494752D-13
   12  0.00001577      0.18366769D-13
   13  0.00001596      0.19282250D-13
   14  0.00001616      0.20243360D-13
   15  0.00001636      0.21252373D-13
   16  0.00001656      0.22311678D-13
   17  0.00001676      0.23423781D-13
   18  0.00001696      0.24591313D-13
   19  0.00001717      0.25817036D-13
   20  0.00001738      0.27103851D-13
   21  0.00001759      0.28454802D-13
   22  0.00001781      0.29873086D-13
   23  0.00001803      0.31362059D-13
   24  0.00001825      0.32925244D-13
   25  0.00001847      0.34566339D-13
   26  0.00001870      0.36289226D-13
   27  0.00001893      0.38097983D-13
   28  0.00001916      0.39996889D-13
   29  0.00001939      0.41990437D-13
   30  0.00001963      0.44083343D-13
   31  0.00001987      0.46280558D-13
   32  0.00002011      0.48587282D-13
   33  0.00002036      0.51008972D-13
   34  0.00002061      0.53551357D-13
   35  0.00002086      0.56220452D-13
   36  0.00002112      0.59022571D-13
   37  0.00002137      0.61964345D-13
   38  0.00002163      0.65052733D-13
   39  0.00002190      0.68295041D-13
   40  0.00002217      0.71698940D-13
   41  0.00002244      0.75272483D-13
   42  0.00002271      0.79024123D-13
   43  0.00002299      0.82962736D-13
   44  0.00002327      0.87097640D-13
   45  0.00002356      0.91438616D-13
   46  0.00002385      0.95995934D-13
   47  0.00002414      0.10078037D-12
   48  0.00002443      0.10580326D-12
   49  0.00002473      0.11107646D-12
   50  0.00002503      0.11661246D-12
   51  0.00002534      0.12242436D-12
   52  0.00002565      0.12852589D-12
   53  0.00002596      0.13493150D-12
   54  0.00002628      0.14165634D-12
   55  0.00002660      0.14871631D-12
   56  0.00002693      0.15612811D-12
   57  0.00002726      0.16390928D-12
   58  0.00002759      0.17207823D-12
   59  0.00002793      0.18065426D-12
   60  0.00002827      0.18965768D-12
   61  0.00002862      0.19910977D-12
   62  0.00002897      0.20903290D-12
   63  0.00002932      0.21945053D-12
   64  0.00002968      0.23038730D-12
   65  0.00003005      0.24186909D-12
   66  0.00003041      0.25392304D-12
   67  0.00003078      0.26657767D-12
   68  0.00003116      0.27986292D-12
   69  0.00003154      0.29381019D-12
   70  0.00003193      0.30845248D-12
   71  0.00003232      0.32382441D-12
   72  0.00003272      0.33996235D-12
   73  0.00003312      0.35690446D-12
   74  0.00003352      0.37469081D-12
   75  0.00003393      0.39336346D-12
   76  0.00003435      0.41296656D-12
   77  0.00003477      0.43354649D-12
   78  0.00003519      0.45515191D-12
   79  0.00003562      0.47783391D-12
   80  0.00003606      0.50164613D-12
   81  0.00003650      0.52664489D-12
   82  0.00003695      0.55288929D-12
   83  0.00003740      0.58044141D-12
   84  0.00003786      0.60936638D-12
   85  0.00003832      0.63973262D-12
   86  0.00003879      0.67161192D-12
   87  0.00003926      0.70507966D-12
   88  0.00003974      0.74021499D-12
   89  0.00004023      0.77710098D-12
   90  0.00004072      0.81582486D-12
   91  0.00004122      0.85647817D-12
   92  0.00004172      0.89915704D-12
   93  0.00004223      0.94396238D-12
   94  0.00004275      0.99100014D-12
   95  0.00004327      0.10403815D-11
   96  0.00004380      0.10922233D-11
   97  0.00004434      0.11466479D-11
   98  0.00004488      0.12037842D-11
   99  0.00004543      0.12637672D-11
  100  0.00004599      0.13267387D-11
  101  0.00004655      0.13928476D-11
  102  0.00004712      0.14622501D-11
  103  0.00004770      0.15351103D-11
  104  0.00004828      0.16116005D-11
  105  0.00004887      0.16919015D-11
  106  0.00004947      0.17762030D-11
  107  0.00005008      0.18647045D-11
  108  0.00005069      0.19576151D-11
  109  0.00005131      0.20551543D-11
  110  0.00005194      0.21575528D-11
  111  0.00005257      0.22650526D-11
  112  0.00005321      0.23779078D-11
  113  0.00005387      0.24963852D-11
  114  0.00005453      0.26207647D-11
  115  0.00005519      0.27513403D-11
  116  0.00005587      0.28884206D-11
  117  0.00005655      0.30323297D-11
  118  0.00005724      0.31834076D-11
  119  0.00005794      0.33420114D-11
  120  0.00005865      0.35085159D-11
  121  0.00005937      0.36833146D-11
  122  0.00006010      0.38668205D-11
  123  0.00006083      0.40594674D-11
  124  0.00006158      0.42617103D-11
  125  0.00006233      0.44740274D-11
  126  0.00006309      0.46969202D-11
  127  0.00006387      0.49309154D-11
  128  0.00006465      0.51765659D-11
  129  0.00006544      0.54344522D-11
  130  0.00006624      0.57051835D-11
  131  0.00006705      0.59893996D-11
  132  0.00006787      0.62877719D-11
  133  0.00006870      0.66010053D-11
  134  0.00006954      0.69298399D-11
  135  0.00007039      0.72750525D-11
  136  0.00007125      0.76374587D-11
  137  0.00007212      0.80179146D-11
  138  0.00007301      0.84173189D-11
  139  0.00007390      0.88366151D-11
  140  0.00007481      0.92767936D-11
  141  0.00007572      0.97388943D-11
  142  0.00007665      0.10224009D-10
  143  0.00007758      0.10733282D-10
  144  0.00007853      0.11267918D-10
  145  0.00007950      0.11829179D-10
  146  0.00008047      0.12418391D-10
  147  0.00008145      0.13036945D-10
  148  0.00008245      0.13686301D-10
  149  0.00008346      0.14367994D-10
  150  0.00008448      0.15083633D-10
  151  0.00008551      0.15834909D-10
  152  0.00008656      0.16623594D-10
  153  0.00008762      0.17451552D-10
  154  0.00008869      0.18320738D-10
  155  0.00008978      0.19233203D-10
  156  0.00009088      0.20191103D-10
  157  0.00009199      0.21196698D-10
  158  0.00009311      0.22252363D-10
  159  0.00009425      0.23360590D-10
  160  0.00009541      0.24523995D-10
  161  0.00009657      0.25745325D-10
  162  0.00009775      0.27027463D-10
  163  0.00009895      0.28373435D-10
  164  0.00010016      0.29786418D-10
  165  0.00010139      0.31269748D-10
  166  0.00010263      0.32826925D-10
  167  0.00010388      0.34461625D-10
  168  0.00010516      0.36177706D-10
  169  0.00010644      0.37979217D-10
  170  0.00010774      0.39870410D-10
  171  0.00010906      0.41855748D-10
  172  0.00011040      0.43939916D-10
  173  0.00011175      0.46127831D-10
  174  0.00011312      0.48424657D-10
  175  0.00011450      0.50835811D-10
  176  0.00011590      0.53366984D-10
  177  0.00011732      0.56024146D-10
  178  0.00011875      0.58813566D-10
  179  0.00012021      0.61741825D-10
  180  0.00012168      0.64815830D-10
  181  0.00012317      0.68042832D-10
  182  0.00012468      0.71430444D-10
  183  0.00012620      0.74986654D-10
  184  0.00012775      0.78719851D-10
  185  0.00012931      0.82638839D-10
  186  0.00013089      0.86752860D-10
  187  0.00013249      0.91071616D-10
  188  0.00013411      0.95605291D-10
  189  0.00013575      0.10036458D-09
  190  0.00013742      0.10536069D-09
  191  0.00013910      0.11060542D-09
  192  0.00014080      0.11611112D-09
  193  0.00014252      0.12189077D-09
  194  0.00014427      0.12795801D-09
  195  0.00014603      0.13432713D-09
  196  0.00014782      0.14101314D-09
  197  0.00014963      0.14803181D-09
  198  0.00015146      0.15539968D-09
  199  0.00015331      0.16313411D-09
  200  0.00015519      0.17125333D-09
  201  0.00015709      0.17977646D-09
  202  0.00015901      0.18872361D-09
  203  0.00016095      0.19811584D-09
  204  0.00016292      0.20797529D-09
  205  0.00016492      0.21832518D-09
  206  0.00016694      0.22918990D-09
  207  0.00016898      0.24059504D-09
  208  0.00017105      0.25256747D-09
  209  0.00017314      0.26513539D-09
  210  0.00017526      0.27832839D-09
  211  0.00017740      0.29217756D-09
  212  0.00017957      0.30671549D-09
  213  0.00018177      0.32197644D-09
  214  0.00018400      0.33799633D-09
  215  0.00018625      0.35481288D-09
  216  0.00018853      0.37246568D-09
  217  0.00019083      0.39099630D-09
  218  0.00019317      0.41044835D-09
  219  0.00019553      0.43086762D-09
  220  0.00019792      0.45230218D-09
  221  0.00020035      0.47480246D-09
  222  0.00020280      0.49842143D-09
  223  0.00020528      0.52321466D-09
  224  0.00020779      0.54924050D-09
  225  0.00021033      0.57656017D-09
  226  0.00021291      0.60523795D-09
  227  0.00021551      0.63534131D-09
  228  0.00021815      0.66694106D-09
  229  0.00022082      0.70011152D-09
  230  0.00022352      0.73493072D-09
  231  0.00022626      0.77148054D-09
  232  0.00022903      0.80984693D-09
  233  0.00023183      0.85012010D-09
  234  0.00023467      0.89239475D-09
  235  0.00023754      0.93677026D-09
  236  0.00024044      0.98335095D-09
  237  0.00024339      0.10322463D-08
  238  0.00024636      0.10835713D-08
  239  0.00024938      0.11374465D-08
  240  0.00025243      0.11939985D-08
  241  0.00025552      0.12533602D-08
  242  0.00025865      0.13156711D-08
  243  0.00026181      0.13810776D-08
  244  0.00026502      0.14497333D-08
  245  0.00026826      0.15217994D-08
  246  0.00027154      0.15974454D-08
  247  0.00027486      0.16768487D-08
  248  0.00027823      0.17601959D-08
  249  0.00028163      0.18476826D-08
  250  0.00028508      0.19395143D-08
  251  0.00028857      0.20359065D-08
  252  0.00029210      0.21370854D-08
  253  0.00029567      0.22432887D-08
  254  0.00029929      0.23547654D-08
  255  0.00030295      0.24717772D-08
  256  0.00030666      0.25945985D-08
  257  0.00031041      0.27235177D-08
  258  0.00031421      0.28588370D-08
  259  0.00031806      0.30008738D-08
  260  0.00032195      0.31499613D-08
  261  0.00032589      0.33064491D-08
  262  0.00032987      0.34707040D-08
  263  0.00033391      0.36431112D-08
  264  0.00033800      0.38240748D-08
  265  0.00034213      0.40140190D-08
  266  0.00034632      0.42133888D-08
  267  0.00035056      0.44226515D-08
  268  0.00035485      0.46422974D-08
  269  0.00035919      0.48728410D-08
  270  0.00036358      0.51148223D-08
  271  0.00036803      0.53688081D-08
  272  0.00037254      0.56353932D-08
  273  0.00037710      0.59152017D-08
  274  0.00038171      0.62088888D-08
  275  0.00038638      0.65171418D-08
  276  0.00039111      0.68406823D-08
  277  0.00039590      0.71802673D-08
  278  0.00040074      0.75366915D-08
  279  0.00040564      0.79107887D-08
  280  0.00041061      0.83034340D-08
  281  0.00041563      0.87155457D-08
  282  0.00042072      0.91480875D-08
  283  0.00042587      0.96020708D-08
  284  0.00043108      0.10078557D-07
  285  0.00043635      0.10578659D-07
  286  0.00044169      0.11103547D-07
  287  0.00044710      0.11654446D-07
  288  0.00045257      0.12232645D-07
  289  0.00045811      0.12839492D-07
  290  0.00046371      0.13476407D-07
  291  0.00046939      0.14144875D-07
  292  0.00047513      0.14846458D-07
  293  0.00048094      0.15582793D-07
  294  0.00048683      0.16355600D-07
  295  0.00049279      0.17166680D-07
  296  0.00049882      0.18017928D-07
  297  0.00050492      0.18911328D-07
  298  0.00051110      0.19848964D-07
  299  0.00051735      0.20833022D-07
  300  0.00052368      0.21865798D-07
  301  0.00053009      0.22949697D-07
  302  0.00053658      0.24087247D-07
  303  0.00054314      0.25281097D-07
  304  0.00054979      0.26534030D-07
  305  0.00055652      0.27848963D-07
  306  0.00056333      0.29228959D-07
  307  0.00057022      0.30677230D-07
  308  0.00057720      0.32197148D-07
  309  0.00058426      0.33792250D-07
  310  0.00059141      0.35466247D-07
  311  0.00059865      0.37223034D-07
  312  0.00060597      0.39066697D-07
  313  0.00061339      0.41001523D-07
  314  0.00062090      0.43032009D-07
  315  0.00062849      0.45162876D-07
  316  0.00063618      0.47399074D-07
  317  0.00064397      0.49745800D-07
  318  0.00065185      0.52208503D-07
  319  0.00065983      0.54792902D-07
  320  0.00066790      0.57504998D-07
  321  0.00067607      0.60351085D-07
  322  0.00068435      0.63337767D-07
  323  0.00069272      0.66471973D-07
  324  0.00070120      0.69760973D-07
  325  0.00070978      0.73212392D-07
  326  0.00071846      0.76834232D-07
  327  0.00072725      0.80634886D-07
  328  0.00073615      0.84623160D-07
  329  0.00074516      0.88808292D-07
  330  0.00075428      0.93199973D-07
  331  0.00076351      0.97808372D-07
  332  0.00077285      0.10264415D-06
  333  0.00078231      0.10771850D-06
  334  0.00079188      0.11304316D-06
  335  0.00080157      0.11863045D-06
  336  0.00081138      0.12449327D-06
  337  0.00082131      0.13064518D-06
  338  0.00083136      0.13710039D-06
  339  0.00084153      0.14387382D-06
  340  0.00085183      0.15098109D-06
  341  0.00086226      0.15843863D-06
  342  0.00087281      0.16626363D-06
  343  0.00088349      0.17447415D-06
  344  0.00089430      0.18308912D-06
  345  0.00090524      0.19212841D-06
  346  0.00091632      0.20161285D-06
  347  0.00092753      0.21156428D-06
  348  0.00093888      0.22200563D-06
  349  0.00095037      0.23296094D-06
  350  0.00096200      0.24445542D-06
  351  0.00097377      0.25651551D-06
  352  0.00098569      0.26916896D-06
  353  0.00099775      0.28244486D-06
  354  0.00100996      0.29637371D-06
  355  0.00102232      0.31098752D-06
  356  0.00103483      0.32631986D-06
  357  0.00104749      0.34240591D-06
  358  0.00106031      0.35928260D-06
  359  0.00107328      0.37698864D-06
  360  0.00108642      0.39556463D-06
  361  0.00109971      0.41505315D-06
  362  0.00111317      0.43549886D-06
  363  0.00112679      0.45694858D-06
  364  0.00114058      0.47945142D-06
  365  0.00115453      0.50305887D-06
  366  0.00116866      0.52782495D-06
  367  0.00118296      0.55380627D-06
  368  0.00119744      0.58106222D-06
  369  0.00121209      0.60965507D-06
  370  0.00122692      0.63965011D-06
  371  0.00124194      0.67111580D-06
  372  0.00125713      0.70412394D-06
  373  0.00127252      0.73874980D-06
  374  0.00128809      0.77507230D-06
  375  0.00130385      0.81317420D-06
  376  0.00131981      0.85314226D-06
  377  0.00133596      0.89506747D-06
  378  0.00135230      0.93904520D-06
  379  0.00136885      0.98517546D-06
  380  0.00138560      0.10335631D-05
  381  0.00140256      0.10843180D-05
  382  0.00141972      0.11375554D-05
  383  0.00143709      0.11933962D-05
  384  0.00145468      0.12519670D-05
  385  0.00147248      0.13134006D-05
  386  0.00149050      0.13778361D-05
  387  0.00150874      0.14454194D-05
  388  0.00152720      0.15163036D-05
  389  0.00154589      0.15906490D-05
  390  0.00156480      0.16686236D-05
  391  0.00158395      0.17504036D-05
  392  0.00160333      0.18361737D-05
  393  0.00162295      0.19261274D-05
  394  0.00164281      0.20204677D-05
  395  0.00166291      0.21194071D-05
  396  0.00168326      0.22231685D-05
  397  0.00170386      0.23319856D-05
  398  0.00172471      0.24461031D-05
  399  0.00174582      0.25657777D-05
  400  0.00176718      0.26912782D-05
  401  0.00178880      0.28228865D-05
  402  0.00181069      0.29608980D-05
  403  0.00183285      0.31056220D-05
  404  0.00185528      0.32573830D-05
  405  0.00187798      0.34165208D-05
  406  0.00190096      0.35833916D-05
  407  0.00192422      0.37583685D-05
  408  0.00194777      0.39418427D-05
  409  0.00197160      0.41342238D-05
  410  0.00199573      0.43359412D-05
  411  0.00202015      0.45474447D-05
  412  0.00204487      0.47692055D-05
  413  0.00206989      0.50017175D-05
  414  0.00209522      0.52454980D-05
  415  0.00212086      0.55010890D-05
  416  0.00214681      0.57690581D-05
  417  0.00217308      0.60500003D-05
  418  0.00219968      0.63445387D-05
  419  0.00222659      0.66533259D-05
  420  0.00225384      0.69770457D-05
  421  0.00228142      0.73164142D-05
  422  0.00230934      0.76721818D-05
  423  0.00233759      0.80451341D-05
  424  0.00236620      0.84360941D-05
  425  0.00239515      0.88459238D-05
  426  0.00242446      0.92755261D-05
  427  0.00245413      0.97258463D-05
  428  0.00248416      0.10197875D-04
  429  0.00251456      0.10692648D-04
  430  0.00254533      0.11211252D-04
  431  0.00257648      0.11754825D-04
  432  0.00260800      0.12324556D-04
  433  0.00263992      0.12921693D-04
  434  0.00267222      0.13547541D-04
  435  0.00270492      0.14203467D-04
  436  0.00273802      0.14890902D-04
  437  0.00277152      0.15611344D-04
  438  0.00280544      0.16366363D-04
  439  0.00283977      0.17157599D-04
  440  0.00287452      0.17986773D-04
  441  0.00290969      0.18855684D-04
  442  0.00294530      0.19766216D-04
  443  0.00298134      0.20720341D-04
  444  0.00301782      0.21720122D-04
  445  0.00305475      0.22767720D-04
  446  0.00309213      0.23865395D-04
  447  0.00312997      0.25015515D-04
  448  0.00316827      0.26220556D-04
  449  0.00320704      0.27483108D-04
  450  0.00324628      0.28805884D-04
  451  0.00328601      0.30191722D-04
  452  0.00332622      0.31643591D-04
  453  0.00336692      0.33164598D-04
  454  0.00340812      0.34757994D-04
  455  0.00344982      0.36427180D-04
  456  0.00349204      0.38175714D-04
  457  0.00353477      0.40007318D-04
  458  0.00357802      0.41925887D-04
  459  0.00362181      0.43935493D-04
  460  0.00366613      0.46040398D-04
  461  0.00371099      0.48245057D-04
  462  0.00375640      0.50554132D-04
  463  0.00380236      0.52972498D-04
  464  0.00384889      0.55505252D-04
  465  0.00389599      0.58157726D-04
  466  0.00394366      0.60935495D-04
  467  0.00399192      0.63844389D-04
  468  0.00404077      0.66890502D-04
  469  0.00409022      0.70080208D-04
  470  0.00414027      0.73420169D-04
  471  0.00419093      0.76917352D-04
  472  0.00424221      0.80579038D-04
  473  0.00429413      0.84412838D-04
  474  0.00434667      0.88426708D-04
  475  0.00439986      0.92628966D-04
  476  0.00445370      0.97028301D-04
  477  0.00450820      0.10163380D-03
  478  0.00456337      0.10645495D-03
  479  0.00461921      0.11150167D-03
  480  0.00467573      0.11678433D-03
  481  0.00473295      0.12231376D-03
  482  0.00479086      0.12810126D-03
  483  0.00484949      0.13415867D-03
  484  0.00490883      0.14049833D-03
  485  0.00496890      0.14713313D-03
  486  0.00502970      0.15407655D-03
  487  0.00509125      0.16134267D-03
  488  0.00515355      0.16894617D-03
  489  0.00521661      0.17690240D-03
  490  0.00528045      0.18522740D-03
  491  0.00534506      0.19393789D-03
  492  0.00541047      0.20305134D-03
  493  0.00547668      0.21258600D-03
  494  0.00554369      0.22256091D-03
  495  0.00561153      0.23299594D-03
  496  0.00568020      0.24391184D-03
  497  0.00574970      0.25533028D-03
  498  0.00582006      0.26727384D-03
  499  0.00589128      0.27976612D-03
  500  0.00596337      0.29283172D-03
  501  0.00603634      0.30649633D-03
  502  0.00611021      0.32078672D-03
  503  0.00618498      0.33573085D-03
  504  0.00626066      0.35135788D-03
  505  0.00633727      0.36769821D-03
  506  0.00641482      0.38478355D-03
  507  0.00649332      0.40264699D-03
  508  0.00657277      0.42132301D-03
  509  0.00665320      0.44084758D-03
  510  0.00673462      0.46125819D-03
  511  0.00681703      0.48259393D-03
  512  0.00690045      0.50489554D-03
  513  0.00698489      0.52820551D-03
  514  0.00707036      0.55256809D-03
  515  0.00715688      0.57802941D-03
  516  0.00724445      0.60463754D-03
  517  0.00733310      0.63244256D-03
  518  0.00742284      0.66149665D-03
  519  0.00751367      0.69185416D-03
  520  0.00760561      0.72357171D-03
  521  0.00769868      0.75670825D-03
  522  0.00779289      0.79132519D-03
  523  0.00788825      0.82748647D-03
  524  0.00798477      0.86525865D-03
  525  0.00808248      0.90471104D-03
  526  0.00818138      0.94591577D-03
  527  0.00828150      0.98894793D-03
  528  0.00838284      0.10338857D-02
  529  0.00848542      0.10808102D-02
  530  0.00858925      0.11298063D-02
  531  0.00869435      0.11809618D-02
  532  0.00880074      0.12343684D-02
  533  0.00890844      0.12901212D-02
  534  0.00901745      0.13483192D-02
  535  0.00912779      0.14090654D-02
  536  0.00923949      0.14724669D-02
  537  0.00935255      0.15386349D-02
  538  0.00946699      0.16076851D-02
  539  0.00958284      0.16797376D-02
  540  0.00970010      0.17549175D-02
  541  0.00981880      0.18333543D-02
  542  0.00993895      0.19151831D-02
  543  0.01006057      0.20005437D-02
  544  0.01018368      0.20895816D-02
  545  0.01030830      0.21824478D-02
  546  0.01043444      0.22792990D-02
  547  0.01056212      0.23802980D-02
  548  0.01069137      0.24856137D-02
  549  0.01082220      0.25954213D-02
  550  0.01095462      0.27099027D-02
  551  0.01108867      0.28292466D-02
  552  0.01122436      0.29536486D-02
  553  0.01136171      0.30833117D-02
  554  0.01150074      0.32184462D-02
  555  0.01164148      0.33592704D-02
  556  0.01178393      0.35060103D-02
  557  0.01192813      0.36589003D-02
  558  0.01207409      0.38181830D-02
  559  0.01222184      0.39841101D-02
  560  0.01237139      0.41569421D-02
  561  0.01252278      0.43369486D-02
  562  0.01267602      0.45244091D-02
  563  0.01283113      0.47196126D-02
  564  0.01298814      0.49228584D-02
  565  0.01314708      0.51344561D-02
  566  0.01330795      0.53547260D-02
  567  0.01347080      0.55839995D-02
  568  0.01363564      0.58226190D-02
  569  0.01380250      0.60709388D-02
  570  0.01397139      0.63293249D-02
  571  0.01414236      0.65981558D-02
  572  0.01431542      0.68778222D-02
  573  0.01449059      0.71687278D-02
  574  0.01466791      0.74712896D-02
  575  0.01484740      0.77859379D-02
  576  0.01502908      0.81131170D-02
  577  0.01521299      0.84532853D-02
  578  0.01539915      0.88069156D-02
  579  0.01558758      0.91744958D-02
  580  0.01577832      0.95565286D-02
  581  0.01597140      0.99535325D-02
  582  0.01616684      0.10366042D-01
  583  0.01636467      0.10794606D-01
  584  0.01656492      0.11239793D-01
  585  0.01676762      0.11702185D-01
  586  0.01697280      0.12182384D-01
  587  0.01718049      0.12681007D-01
  588  0.01739073      0.13198690D-01
  589  0.01760353      0.13736087D-01
  590  0.01781895      0.14293870D-01
  591  0.01803699      0.14872729D-01
  592  0.01825771      0.15473374D-01
  593  0.01848112      0.16096533D-01
  594  0.01870727      0.16742954D-01
  595  0.01893619      0.17413404D-01
  596  0.01916791      0.18108671D-01
  597  0.01940246      0.18829562D-01
  598  0.01963988      0.19576903D-01
  599  0.01988021      0.20351543D-01
  600  0.02012348      0.21154350D-01
  601  0.02036973      0.21986212D-01
  602  0.02061899      0.22848038D-01
  603  0.02087130      0.23740758D-01
  604  0.02112670      0.24665324D-01
  605  0.02138522      0.25622706D-01
  606  0.02164690      0.26613897D-01
  607  0.02191179      0.27639909D-01
  608  0.02217992      0.28701777D-01
  609  0.02245133      0.29800553D-01
  610  0.02272607      0.30937313D-01
  611  0.02300416      0.32113149D-01
  612  0.02328566      0.33329176D-01
  613  0.02357060      0.34586527D-01
  614  0.02385903      0.35886354D-01
  615  0.02415098      0.37229828D-01
  616  0.02444651      0.38618138D-01
  617  0.02474566      0.40052490D-01
  618  0.02504847      0.41534108D-01
  619  0.02535498      0.43064231D-01
  620  0.02566524      0.44644114D-01
  621  0.02597930      0.46275028D-01
  622  0.02629721      0.47958257D-01
  623  0.02661900      0.49695097D-01
  624  0.02694473      0.51486856D-01
  625  0.02727445      0.53334853D-01
  626  0.02760820      0.55240419D-01
  627  0.02794603      0.57204888D-01
  628  0.02828800      0.59229605D-01
  629  0.02863416      0.61315919D-01
  630  0.02898455      0.63465182D-01
  631  0.02933922      0.65678748D-01
  632  0.02969824      0.67957974D-01
  633  0.03006165      0.70304212D-01
  634  0.03042951      0.72718811D-01
  635  0.03080187      0.75203116D-01
  636  0.03117879      0.77758462D-01
  637  0.03156031      0.80386174D-01
  638  0.03194651      0.83087565D-01
  639  0.03233743      0.85863933D-01
  640  0.03273314      0.88716556D-01
  641  0.03313369      0.91646693D-01
  642  0.03353914      0.94655577D-01
  643  0.03394955      0.97744417D-01
  644  0.03436498      0.10091439D+00
  645  0.03478550      0.10416664D+00
  646  0.03521116      0.10750227D+00
  647  0.03564203      0.11092236D+00
  648  0.03607817      0.11442791D+00
  649  0.03651965      0.11801992D+00
  650  0.03696654      0.12169930D+00
  651  0.03741889      0.12546691D+00
  652  0.03787678      0.12932357D+00
  653  0.03834027      0.13327001D+00
  654  0.03880943      0.13730691D+00
  655  0.03928433      0.14143488D+00
  656  0.03976504      0.14565443D+00
  657  0.04025164      0.14996600D+00
  658  0.04074419      0.15436995D+00
  659  0.04124277      0.15886653D+00
  660  0.04174745      0.16345592D+00
  661  0.04225830      0.16813816D+00
  662  0.04277541      0.17291322D+00
  663  0.04329884      0.17778094D+00
  664  0.04382868      0.18274104D+00
  665  0.04436500      0.18779312D+00
  666  0.04490788      0.19293666D+00
  667  0.04545741      0.19817099D+00
  668  0.04601366      0.20349532D+00
  669  0.04657672      0.20890870D+00
  670  0.04714667      0.21441004D+00
  671  0.04772360      0.21999810D+00
  672  0.04830758      0.22567147D+00
  673  0.04889871      0.23142859D+00
  674  0.04949707      0.23726772D+00
  675  0.05010275      0.24318694D+00
  676  0.05071585      0.24918417D+00
  677  0.05133645      0.25525713D+00
  678  0.05196464      0.26140337D+00
  679  0.05260052      0.26762023D+00
  680  0.05324418      0.27390487D+00
  681  0.05389572      0.28025425D+00
  682  0.05455523      0.28666511D+00
  683  0.05522281      0.29313401D+00
  684  0.05589856      0.29965728D+00
  685  0.05658258      0.30623105D+00
  686  0.05727497      0.31285126D+00
  687  0.05797583      0.31951358D+00
  688  0.05868527      0.32621353D+00
  689  0.05940338      0.33294636D+00
  690  0.06013029      0.33970714D+00
  691  0.06086609      0.34649070D+00
  692  0.06161090      0.35329167D+00
  693  0.06236482      0.36010446D+00
  694  0.06312796      0.36692328D+00
  695  0.06390044      0.37374210D+00
  696  0.06468238      0.38055471D+00
  697  0.06547388      0.38735470D+00
  698  0.06627507      0.39413543D+00
  699  0.06708607      0.40089010D+00
  700  0.06790698      0.40761171D+00
  701  0.06873795      0.41429308D+00
  702  0.06957908      0.42092684D+00
  703  0.07043050      0.42750548D+00
  704  0.07129234      0.43402132D+00
  705  0.07216473      0.44046652D+00
  706  0.07304779      0.44683312D+00
  707  0.07394166      0.45311303D+00
  708  0.07484647      0.45929804D+00
  709  0.07576235      0.46537983D+00
  710  0.07668944      0.47135001D+00
  711  0.07762787      0.47720010D+00
  712  0.07857779      0.48292157D+00
  713  0.07953933      0.48850583D+00
  714  0.08051263      0.49394428D+00
  715  0.08149785      0.49922830D+00
  716  0.08249512      0.50434927D+00
  717  0.08350459      0.50929860D+00
  718  0.08452642      0.51406775D+00
  719  0.08556075      0.51864824D+00
  720  0.08660774      0.52303167D+00
  721  0.08766754      0.52720974D+00
  722  0.08874031      0.53117428D+00
  723  0.08982620      0.53491727D+00
  724  0.09092538      0.53843085D+00
  725  0.09203802      0.54170735D+00
  726  0.09316427      0.54473932D+00
  727  0.09430430      0.54751953D+00
  728  0.09545828      0.55004103D+00
  729  0.09662638      0.55229713D+00
  730  0.09780878      0.55428144D+00
  731  0.09900564      0.55598790D+00
  732  0.10021715      0.55741079D+00
  733  0.10144349      0.55854477D+00
  734  0.10268483      0.55938487D+00
  735  0.10394136      0.55992654D+00
  736  0.10521327      0.56016565D+00
  737  0.10650074      0.56009853D+00
  738  0.10780396      0.55972197D+00
  739  0.10912314      0.55903322D+00
  740  0.11045845      0.55803007D+00
  741  0.11181011      0.55671080D+00
  742  0.11317830      0.55507423D+00
  743  0.11456324      0.55311971D+00
  744  0.11596513      0.55084716D+00
  745  0.11738417      0.54825706D+00
  746  0.11882057      0.54535046D+00
  747  0.12027455      0.54212900D+00
  748  0.12174632      0.53859489D+00
  749  0.12323611      0.53475095D+00
  750  0.12474412      0.53060058D+00
  751  0.12627059      0.52614779D+00
  752  0.12781573      0.52139715D+00
  753  0.12937979      0.51635386D+00
  754  0.13096298      0.51102366D+00
  755  0.13256554      0.50541290D+00
  756  0.13418772      0.49952848D+00
  757  0.13582974      0.49337786D+00
  758  0.13749186      0.48696904D+00
  759  0.13917432      0.48031054D+00
  760  0.14087736      0.47341140D+00
  761  0.14260125      0.46628113D+00
  762  0.14434623      0.45892974D+00
  763  0.14611256      0.45136766D+00
  764  0.14790051      0.44360575D+00
  765  0.14971034      0.43565525D+00
  766  0.15154231      0.42752778D+00
  767  0.15339670      0.41923530D+00
  768  0.15527378      0.41079006D+00
  769  0.15717383      0.40220459D+00
  770  0.15909713      0.39349165D+00
  771  0.16104397      0.38466422D+00
  772  0.16301463      0.37573543D+00
  773  0.16500940      0.36671855D+00
  774  0.16702858      0.35762693D+00
  775  0.16907248      0.34847399D+00
  776  0.17114138      0.33927317D+00
  777  0.17323560      0.33003786D+00
  778  0.17535544      0.32078143D+00
  779  0.17750123      0.31151713D+00
  780  0.17967327      0.30225806D+00
  781  0.18187190      0.29301717D+00
  782  0.18409742      0.28380719D+00
  783  0.18635018      0.27464061D+00
  784  0.18863051      0.26552963D+00
  785  0.19093874      0.25648613D+00
  786  0.19327521      0.24752165D+00
  787  0.19564028      0.23864737D+00
  788  0.19803428      0.22987402D+00
  789  0.20045759      0.22121193D+00
  790  0.20291054      0.21267097D+00
  791  0.20539351      0.20426050D+00
  792  0.20790687      0.19598940D+00
  793  0.21045098      0.18786600D+00
  794  0.21302622      0.17989813D+00
  795  0.21563298      0.17209302D+00
  796  0.21827163      0.16445736D+00
  797  0.22094257      0.15699726D+00
  798  0.22364620      0.14971823D+00
  799  0.22638290      0.14262522D+00
  800  0.22915310      0.13572257D+00
  801  0.23195720      0.12901404D+00
  802  0.23479561      0.12250279D+00
  803  0.23766875      0.11619141D+00
  804  0.24057705      0.11008192D+00
  805  0.24352094      0.10417577D+00
  806  0.24650085      0.98473860D-01
  807  0.24951723      0.92976551D-01
  808  0.25257051      0.87683686D-01
  809  0.25566116      0.82594602D-01
  810  0.25878963      0.77708151D-01
  811  0.26195638      0.73022724D-01
  812  0.26516189      0.68536270D-01
  813  0.26840661      0.64246321D-01
  814  0.27169104      0.60150017D-01
  815  0.27501567      0.56244131D-01
  816  0.27838097      0.52525094D-01
  817  0.28178746      0.48989025D-01
  818  0.28523563      0.45631755D-01
  819  0.28872600      0.42448859D-01
  820  0.29225907      0.39435678D-01
  821  0.29583538      0.36587350D-01
  822  0.29945545      0.33898840D-01
  823  0.30311983      0.31364960D-01
  824  0.30682904      0.28980401D-01
  825  0.31058363      0.26739758D-01
  826  0.31438418      0.24637555D-01
  827  0.31823123      0.22668267D-01
  828  0.32212535      0.20826348D-01
  829  0.32606713      0.19106247D-01
  830  0.33005714      0.17502436D-01
  831  0.33409598      0.16009425D-01
  832  0.33818424      0.14621781D-01
  833  0.34232252      0.13334148D-01
  834  0.34651145      0.12141261D-01
  835  0.35075163      0.11037960D-01
  836  0.35504370      0.10019205D-01
  837  0.35938829      0.90800854D-02
  838  0.36378605      0.82158336D-02
  839  0.36823762      0.74218303D-02
  840  0.37274366      0.66936141D-02
  841  0.37730484      0.60268877D-02
  842  0.38192184      0.54175225D-02
  843  0.38659533      0.48615624D-02
  844  0.39132601      0.43552268D-02
  845  0.39611458      0.38949114D-02
  846  0.40096175      0.34771894D-02
  847  0.40586823      0.30988104D-02
  848  0.41083475      0.27566995D-02
  849  0.41586204      0.24479546D-02
  850  0.42095085      0.21698437D-02
  851  0.42610194      0.19198011D-02
  852  0.43131605      0.16954233D-02
  853  0.43659397      0.14944642D-02
  854  0.44193648      0.13148298D-02
  855  0.44734435      0.11545729D-02
  856  0.45281841      0.10118867D-02
  857  0.45835945      0.88509935D-03
  858  0.46396829      0.77266726D-03
  859  0.46964577      0.67316879D-03
  860  0.47539272      0.58529781D-03
  861  0.48120999      0.50785726D-03
  862  0.48709846      0.43975270D-03
  863  0.49305897      0.37998597D-03
  864  0.49909242      0.32764896D-03
  865  0.50519971      0.28191753D-03
  866  0.51138173      0.24204556D-03
  867  0.51763939      0.20735929D-03
  868  0.52397363      0.17725182D-03
  869  0.53038538      0.15117780D-03
  870  0.53687559      0.12864847D-03
  871  0.54344522      0.10922689D-03
  872  0.55009523      0.92523429D-04
  873  0.55682663      0.78191560D-04
  874  0.56364039      0.65923862D-04
  875  0.57053754      0.55448332D-04
  876  0.57751908      0.46524931D-04
  877  0.58458605      0.38942389D-04
  878  0.59173950      0.32515248D-04
  879  0.59898049      0.27081149D-04
  880  0.60631008      0.22498334D-04
  881  0.61372936      0.18643374D-04
  882  0.62123943      0.15409090D-04
  883  0.62884140      0.12702672D-04
  884  0.63653639      0.10443977D-04
  885  0.64432555      0.85639970D-05
  886  0.65221002      0.70034762D-05
  887  0.66019097      0.57116823D-05
  888  0.66826958      0.46453043D-05
  889  0.67644705      0.37674750D-05
  890  0.68472458      0.30469046D-05
  891  0.69310340      0.24571156D-05
  892  0.70158476      0.19757701D-05
  893  0.71016989      0.15840795D-05
  894  0.71886009      0.12662888D-05
  895  0.72765662      0.10092275D-05
  896  0.73656079      0.80191981D-06
  897  0.74557392      0.63524804D-06
  898  0.75469735      0.50166171D-06
  899  0.76393241      0.39492835D-06
  900  0.77328048      0.30992008D-06
  901  0.78274295      0.24243163D-06
  902  0.79232120      0.18902573D-06
  903  0.80201666      0.14690221D-06
  904  0.81183076      0.11378761D-06
  905  0.82176495      0.87842384D-07
  906  0.83182071      0.67583211D-07
  907  0.84199951      0.51818153D-07
  908  0.85230288      0.39592784D-07
  909  0.86273232      0.30145574D-07
  910  0.87328938      0.22871078D-07
  911  0.88397563      0.17289690D-07
  912  0.89479265      0.13022879D-07
  913  0.90574203      0.97729915D-08
  914  0.91682539      0.73068467D-08
  915  0.92804438      0.54424626D-08
  916  0.93940066      0.40383569D-08
  917  0.95089589      0.29849584D-08
  918  0.96253180      0.21977411D-08
  919  0.97431009      0.16117568D-08
  920  0.98623250      0.11772999D-08
  921  0.99830081      0.85648324D-09
  922  1.01051680      0.62054629D-09
  923  1.02288227      0.44774645D-09
  924  1.03539905      0.32171524D-09
  925  1.04806900      0.23018193D-09
  926  1.06089399      0.16398696D-09
  927  1.07387592      0.11632256D-09
  928  1.08701670      0.82151027D-10
  929  1.10031828      0.57760908D-10
  930  1.11378263      0.40430052D-10
  931  1.12741175      0.28170912D-10
  932  1.14120763      0.19538920D-10
  933  1.15517234      0.13489000D-10
  934  1.16930793      0.92686123D-11
  935  1.18361649      0.63384244D-11
  936  1.19810014      0.43137522D-11
  937  1.21276103      0.29215389D-11
  938  1.22760132      0.19689097D-11
  939  1.24262321      0.13202990D-11
  940  1.25782891      0.88089786D-12
  941  1.27322069      0.58473584D-12
  942  1.28880081      0.38614335D-12
  943  1.30457158      0.25366792D-12
  944  1.32053533      0.16576155D-12
  945  1.33669443      0.10773978D-12
  946  1.35305126      0.69648985D-13
  947  1.36960825      0.44778750D-13
  948  1.38636785      0.28629856D-13
  949  1.40333252      0.18202349D-13
  950  1.42050479      0.11507137D-13
  951  1.43788720      0.72328314D-14
  952  1.45548230      0.45198001D-14
  953  1.47329272      0.28078053D-14
  954  1.49132108      0.17338691D-14
  955  1.50957004      0.10642119D-14
  956  1.52804232      0.64916803D-15
  957  1.54674064      0.39350285D-15
  958  1.56566776      0.23698890D-15
  959  1.58482649      0.14177283D-15
  960  1.60421966      0.84215588D-16
  961  1.62385014      0.49638061D-16
  962  1.64372084      0.29020026D-16
  963  1.66383469      0.16803094D-16
  964  1.68419466      0.95591564D-17
  965  1.70480378      0.54495098D-17
  966  1.72566509      0.31104704D-17
  967  1.74678167      0.17632532D-17
  968  1.76815665      0.99262857D-18
  969  1.78979319      0.55488814D-18
  970  1.81169450      0.00000000D+00
  971  1.83386380      0.00000000D+00
  972  1.85630439      0.00000000D+00
  973  1.87901958      0.00000000D+00
  974  1.90201272      0.00000000D+00
  975  1.92528723      0.00000000D+00
  976  1.94884655      0.00000000D+00
  977  1.97269415      0.00000000D+00
  978  1.99683357      0.00000000D+00
  979  2.02126838      0.00000000D+00
  980  2.04600220      0.00000000D+00
  981  2.07103868      0.00000000D+00
  982  2.09638152      0.00000000D+00
  983  2.12203448      0.00000000D+00
  984  2.14800134      0.00000000D+00
  985  2.17428596      0.00000000D+00
  986  2.20089222      0.00000000D+00
  987  2.22782405      0.00000000D+00
  988  2.25508544      0.00000000D+00
  989  2.28268042      0.00000000D+00
  990  2.31061308      0.00000000D+00
  991  2.33888754      0.00000000D+00
  992  2.36750799      0.00000000D+00
  993  2.39647866      0.00000000D+00
  994  2.42580384      0.00000000D+00
  995  2.45548787      0.00000000D+00
  996  2.48553513      0.00000000D+00
  997  2.51595007      0.00000000D+00
  998  2.54673720      0.00000000D+00
  999  2.57790106      0.00000000D+00
 1000  2.60944626      0.00000000D+00
 1001  2.64137748      0.00000000D+00
 1002  2.67369943      0.00000000D+00
 1003  2.70641690      0.00000000D+00
 1004  2.73953473      0.00000000D+00
 1005  2.77305781      0.00000000D+00
 1006  2.80699111      0.00000000D+00
 1007  2.84133964      0.00000000D+00
 1008  2.87610848      0.00000000D+00
 1009  2.91130278      0.00000000D+00
 1010  2.94692775      0.00000000D+00
 1011  2.98298866      0.00000000D+00
 1012  3.01949083      0.00000000D+00
 1013  3.05643967      0.00000000D+00
 1014  3.09384065      0.00000000D+00
 1015  3.13169929      0.00000000D+00
 1016  3.17002121      0.00000000D+00
 1017  3.20881205      0.00000000D+00
 1018  3.24807758      0.00000000D+00
 1019  3.28782359      0.00000000D+00
 1020  3.32805596      0.00000000D+00
 1021  3.36878064      0.00000000D+00
 1022  3.41000367      0.00000000D+00
