 ir        r              f(r)*r^2
    1  0.00001379      0.15576005D-23
    2  0.00001396      0.16755087D-23
    3  0.00001413      0.18023424D-23
    4  0.00001431      0.19387770D-23
    5  0.00001448      0.20855395D-23
    6  0.00001466      0.22434115D-23
    7  0.00001484      0.24132340D-23
    8  0.00001502      0.25959117D-23
    9  0.00001520      0.27924175D-23
   10  0.00001539      0.30037983D-23
   11  0.00001558      0.32311800D-23
   12  0.00001577      0.34757739D-23
   13  0.00001596      0.37388828D-23
   14  0.00001616      0.40219082D-23
   15  0.00001636      0.43263577D-23
   16  0.00001656      0.46538531D-23
   17  0.00001676      0.50061388D-23
   18  0.00001696      0.53850913D-23
   19  0.00001717      0.57927292D-23
   20  0.00001738      0.62312238D-23
   21  0.00001759      0.67029108D-23
   22  0.00001781      0.72103028D-23
   23  0.00001803      0.77561023D-23
   24  0.00001825      0.83432167D-23
   25  0.00001847      0.89747733D-23
   26  0.00001870      0.96541362D-23
   27  0.00001893      0.10384924D-22
   28  0.00001916      0.11171029D-22
   29  0.00001939      0.12016639D-22
   30  0.00001963      0.12926257D-22
   31  0.00001987      0.13904730D-22
   32  0.00002011      0.14957268D-22
   33  0.00002036      0.16089478D-22
   34  0.00002061      0.17307391D-22
   35  0.00002086      0.18617494D-22
   36  0.00002112      0.20026765D-22
   37  0.00002137      0.21542710D-22
   38  0.00002163      0.23173404D-22
   39  0.00002190      0.24927533D-22
   40  0.00002217      0.26814439D-22
   41  0.00002244      0.28844173D-22
   42  0.00002271      0.31027547D-22
   43  0.00002299      0.33376188D-22
   44  0.00002327      0.35902608D-22
   45  0.00002356      0.38620261D-22
   46  0.00002385      0.41543624D-22
   47  0.00002414      0.44688267D-22
   48  0.00002443      0.48070938D-22
   49  0.00002473      0.51709655D-22
   50  0.00002503      0.55623798D-22
   51  0.00002534      0.59834214D-22
   52  0.00002565      0.64363329D-22
   53  0.00002596      0.69235266D-22
   54  0.00002628      0.74475972D-22
   55  0.00002660      0.80113360D-22
   56  0.00002693      0.86177455D-22
   57  0.00002726      0.92700556D-22
   58  0.00002759      0.99717403D-22
   59  0.00002793      0.10726537D-21
   60  0.00002827      0.11538465D-21
   61  0.00002862      0.12411850D-21
   62  0.00002897      0.13351343D-21
   63  0.00002932      0.14361947D-21
   64  0.00002968      0.15449045D-21
   65  0.00003005      0.16618426D-21
   66  0.00003041      0.17876319D-21
   67  0.00003078      0.19229423D-21
   68  0.00003116      0.20684944D-21
   69  0.00003154      0.22250634D-21
   70  0.00003193      0.23934832D-21
   71  0.00003232      0.25746506D-21
   72  0.00003272      0.27695307D-21
   73  0.00003312      0.29791611D-21
   74  0.00003352      0.32046584D-21
   75  0.00003393      0.34472234D-21
   76  0.00003435      0.37081480D-21
   77  0.00003477      0.39888217D-21
   78  0.00003519      0.42907393D-21
   79  0.00003562      0.46155087D-21
   80  0.00003606      0.49648594D-21
   81  0.00003650      0.53406518D-21
   82  0.00003695      0.57448873D-21
   83  0.00003740      0.61797185D-21
   84  0.00003786      0.66474612D-21
   85  0.00003832      0.71506061D-21
   86  0.00003879      0.76918328D-21
   87  0.00003926      0.82740233D-21
   88  0.00003974      0.89002781D-21
   89  0.00004023      0.95739321D-21
   90  0.00004072      0.10298573D-20
   91  0.00004122      0.11078058D-20
   92  0.00004172      0.11916541D-20
   93  0.00004223      0.12818484D-20
   94  0.00004275      0.13788692D-20
   95  0.00004327      0.14832330D-20
   96  0.00004380      0.15954956D-20
   97  0.00004434      0.17162549D-20
   98  0.00004488      0.18461537D-20
   99  0.00004543      0.19858839D-20
  100  0.00004599      0.21361895D-20
  101  0.00004655      0.22978709D-20
  102  0.00004712      0.24717889D-20
  103  0.00004770      0.26588696D-20
  104  0.00004828      0.28601092D-20
  105  0.00004887      0.30765793D-20
  106  0.00004947      0.33094325D-20
  107  0.00005008      0.35599085D-20
  108  0.00005069      0.38293412D-20
  109  0.00005131      0.41191652D-20
  110  0.00005194      0.44309235D-20
  111  0.00005257      0.47662761D-20
  112  0.00005321      0.51270087D-20
  113  0.00005387      0.55150419D-20
  114  0.00005453      0.59324417D-20
  115  0.00005519      0.63814306D-20
  116  0.00005587      0.68643989D-20
  117  0.00005655      0.73839183D-20
  118  0.00005724      0.79427546D-20
  119  0.00005794      0.85438833D-20
  120  0.00005865      0.91905048D-20
  121  0.00005937      0.98860617D-20
  122  0.00006010      0.10634257D-19
  123  0.00006083      0.11439075D-19
  124  0.00006158      0.12304799D-19
  125  0.00006233      0.13236039D-19
  126  0.00006309      0.14237753D-19
  127  0.00006387      0.15315273D-19
  128  0.00006465      0.16474336D-19
  129  0.00006544      0.17721112D-19
  130  0.00006624      0.19062239D-19
  131  0.00006705      0.20504857D-19
  132  0.00006787      0.22056645D-19
  133  0.00006870      0.23725863D-19
  134  0.00006954      0.25521399D-19
  135  0.00007039      0.27452811D-19
  136  0.00007125      0.29530379D-19
  137  0.00007212      0.31765164D-19
  138  0.00007301      0.34169061D-19
  139  0.00007390      0.36754868D-19
  140  0.00007481      0.39536348D-19
  141  0.00007572      0.42528307D-19
  142  0.00007665      0.45746672D-19
  143  0.00007758      0.49208574D-19
  144  0.00007853      0.52932441D-19
  145  0.00007950      0.56938092D-19
  146  0.00008047      0.61246851D-19
  147  0.00008145      0.65881650D-19
  148  0.00008245      0.70867160D-19
  149  0.00008346      0.76229916D-19
  150  0.00008448      0.81998462D-19
  151  0.00008551      0.88203499D-19
  152  0.00008656      0.94878054D-19
  153  0.00008762      0.10205765D-18
  154  0.00008869      0.10978050D-18
  155  0.00008978      0.11808771D-18
  156  0.00009088      0.12702348D-18
  157  0.00009199      0.13663538D-18
  158  0.00009311      0.14697456D-18
  159  0.00009425      0.15809604D-18
  160  0.00009541      0.17005901D-18
  161  0.00009657      0.18292714D-18
  162  0.00009775      0.19676890D-18
  163  0.00009895      0.21165795D-18
  164  0.00010016      0.22767353D-18
  165  0.00010139      0.24490086D-18
  166  0.00010263      0.26343163D-18
  167  0.00010388      0.28336442D-18
  168  0.00010516      0.30480532D-18
  169  0.00010644      0.32786842D-18
  170  0.00010774      0.35267642D-18
  171  0.00010906      0.37936134D-18
  172  0.00011040      0.40806517D-18
  173  0.00011175      0.43894063D-18
  174  0.00011312      0.47215200D-18
  175  0.00011450      0.50787600D-18
  176  0.00011590      0.54630268D-18
  177  0.00011732      0.58763651D-18
  178  0.00011875      0.63209739D-18
  179  0.00012021      0.67992186D-18
  180  0.00012168      0.73136437D-18
  181  0.00012317      0.78669860D-18
  182  0.00012468      0.84621892D-18
  183  0.00012620      0.91024199D-18
  184  0.00012775      0.97910838D-18
  185  0.00012931      0.10531845D-17
  186  0.00013089      0.11328643D-17
  187  0.00013249      0.12185717D-17
  188  0.00013411      0.13107627D-17
  189  0.00013575      0.14099275D-17
  190  0.00013742      0.15165938D-17
  191  0.00013910      0.16313288D-17
  192  0.00014080      0.17547429D-17
  193  0.00014252      0.18874925D-17
  194  0.00014427      0.20302836D-17
  195  0.00014603      0.21838757D-17
  196  0.00014782      0.23490858D-17
  197  0.00014963      0.25267924D-17
  198  0.00015146      0.27179408D-17
  199  0.00015331      0.29235474D-17
  200  0.00015519      0.31447057D-17
  201  0.00015709      0.33825919D-17
  202  0.00015901      0.36384710D-17
  203  0.00016095      0.39137037D-17
  204  0.00016292      0.42097536D-17
  205  0.00016492      0.45281950D-17
  206  0.00016694      0.48707211D-17
  207  0.00016898      0.52391534D-17
  208  0.00017105      0.56354507D-17
  209  0.00017314      0.60617202D-17
  210  0.00017526      0.65202285D-17
  211  0.00017740      0.70134131D-17
  212  0.00017957      0.75438963D-17
  213  0.00018177      0.81144984D-17
  214  0.00018400      0.87282529D-17
  215  0.00018625      0.93884226D-17
  216  0.00018853      0.10098517D-16
  217  0.00019083      0.10862311D-16
  218  0.00019317      0.11683865D-16
  219  0.00019553      0.12567546D-16
  220  0.00019792      0.13518051D-16
  221  0.00020035      0.14540432D-16
  222  0.00020280      0.15640124D-16
  223  0.00020528      0.16822971D-16
  224  0.00020779      0.18095261D-16
  225  0.00021033      0.19463755D-16
  226  0.00021291      0.20935726D-16
  227  0.00021551      0.22518996D-16
  228  0.00021815      0.24221981D-16
  229  0.00022082      0.26053728D-16
  230  0.00022352      0.28023974D-16
  231  0.00022626      0.30143186D-16
  232  0.00022903      0.32422625D-16
  233  0.00023183      0.34874404D-16
  234  0.00023467      0.37511548D-16
  235  0.00023754      0.40348070D-16
  236  0.00024044      0.43399039D-16
  237  0.00024339      0.46680665D-16
  238  0.00024636      0.50210380D-16
  239  0.00024938      0.54006937D-16
  240  0.00025243      0.58090503D-16
  241  0.00025552      0.62482770D-16
  242  0.00025865      0.67207068D-16
  243  0.00026181      0.72288492D-16
  244  0.00026502      0.77754029D-16
  245  0.00026826      0.83632710D-16
  246  0.00027154      0.89955755D-16
  247  0.00027486      0.96756744D-16
  248  0.00027823      0.10407180D-15
  249  0.00028163      0.11193975D-15
  250  0.00028508      0.12040240D-15
  251  0.00028857      0.12950467D-15
  252  0.00029210      0.13929489D-15
  253  0.00029567      0.14982505D-15
  254  0.00029929      0.16115105D-15
  255  0.00030295      0.17333302D-15
  256  0.00030666      0.18643564D-15
  257  0.00031041      0.20052846D-15
  258  0.00031421      0.21568628D-15
  259  0.00031806      0.23198958D-15
  260  0.00032195      0.24952489D-15
  261  0.00032589      0.26838526D-15
  262  0.00032987      0.28867082D-15
  263  0.00033391      0.31048921D-15
  264  0.00033800      0.33395622D-15
  265  0.00034213      0.35919638D-15
  266  0.00034632      0.38634363D-15
  267  0.00035056      0.41554201D-15
  268  0.00035485      0.44694645D-15
  269  0.00035919      0.48072356D-15
  270  0.00036358      0.51705254D-15
  271  0.00036803      0.55612612D-15
  272  0.00037254      0.59815157D-15
  273  0.00037710      0.64335182D-15
  274  0.00038171      0.69196662D-15
  275  0.00038638      0.74425381D-15
  276  0.00039111      0.80049071D-15
  277  0.00039590      0.86097556D-15
  278  0.00040074      0.92602911D-15
  279  0.00040564      0.99599632D-15
  280  0.00041061      0.10712482D-14
  281  0.00041563      0.11521837D-14
  282  0.00042072      0.12392320D-14
  283  0.00042587      0.13328545D-14
  284  0.00043108      0.14335476D-14
  285  0.00043635      0.15418449D-14
  286  0.00044169      0.16583206D-14
  287  0.00044710      0.17835920D-14
  288  0.00045257      0.19183230D-14
  289  0.00045811      0.20632275D-14
  290  0.00046371      0.22190736D-14
  291  0.00046939      0.23866869D-14
  292  0.00047513      0.25669555D-14
  293  0.00048094      0.27608346D-14
  294  0.00048683      0.29693512D-14
  295  0.00049279      0.31936100D-14
  296  0.00049882      0.34347988D-14
  297  0.00050492      0.36941952D-14
  298  0.00051110      0.39731728D-14
  299  0.00051735      0.42732093D-14
  300  0.00052368      0.45958933D-14
  301  0.00053009      0.49429336D-14
  302  0.00053658      0.53161676D-14
  303  0.00054314      0.57175712D-14
  304  0.00054979      0.61492696D-14
  305  0.00055652      0.66135477D-14
  306  0.00056333      0.71128631D-14
  307  0.00057022      0.76498585D-14
  308  0.00057720      0.82273757D-14
  309  0.00058426      0.88484708D-14
  310  0.00059141      0.95164301D-14
  311  0.00059865      0.10234788D-13
  312  0.00060597      0.11007344D-13
  313  0.00061339      0.11838186D-13
  314  0.00062090      0.12731709D-13
  315  0.00062849      0.13692637D-13
  316  0.00063618      0.14726053D-13
  317  0.00064397      0.15837423D-13
  318  0.00065185      0.17032621D-13
  319  0.00065983      0.18317968D-13
  320  0.00066790      0.19700259D-13
  321  0.00067607      0.21186800D-13
  322  0.00068435      0.22785448D-13
  323  0.00069272      0.24504653D-13
  324  0.00070120      0.26353500D-13
  325  0.00070978      0.28341759D-13
  326  0.00071846      0.30479933D-13
  327  0.00072725      0.32779320D-13
  328  0.00073615      0.35252065D-13
  329  0.00074516      0.37911229D-13
  330  0.00075428      0.40770856D-13
  331  0.00076351      0.43846047D-13
  332  0.00077285      0.47153039D-13
  333  0.00078231      0.50709292D-13
  334  0.00079188      0.54533579D-13
  335  0.00080157      0.58646087D-13
  336  0.00081138      0.63068520D-13
  337  0.00082131      0.67824216D-13
  338  0.00083136      0.72938269D-13
  339  0.00084153      0.78437661D-13
  340  0.00085183      0.84351402D-13
  341  0.00086226      0.90710686D-13
  342  0.00087281      0.97549051D-13
  343  0.00088349      0.10490256D-12
  344  0.00089430      0.11280998D-12
  345  0.00090524      0.12131301D-12
  346  0.00091632      0.13045647D-12
  347  0.00092753      0.14028854D-12
  348  0.00093888      0.15086105D-12
  349  0.00095037      0.16222970D-12
  350  0.00096200      0.17445439D-12
  351  0.00097377      0.18759951D-12
  352  0.00098569      0.20173432D-12
  353  0.00099775      0.21693323D-12
  354  0.00100996      0.23327629D-12
  355  0.00102232      0.25084954D-12
  356  0.00103483      0.26974548D-12
  357  0.00104749      0.29006358D-12
  358  0.00106031      0.31191075D-12
  359  0.00107328      0.33540196D-12
  360  0.00108642      0.36066078D-12
  361  0.00109971      0.38782008D-12
  362  0.00111317      0.41702271D-12
  363  0.00112679      0.44842221D-12
  364  0.00114058      0.48218369D-12
  365  0.00115453      0.51848461D-12
  366  0.00116866      0.55751578D-12
  367  0.00118296      0.59948229D-12
  368  0.00119744      0.64460466D-12
  369  0.00121209      0.69311991D-12
  370  0.00122692      0.74528287D-12
  371  0.00124194      0.80136747D-12
  372  0.00125713      0.86166819D-12
  373  0.00127252      0.92650157D-12
  374  0.00128809      0.99620789D-12
  375  0.00130385      0.10711530D-11
  376  0.00131981      0.11517300D-11
  377  0.00133596      0.12383617D-11
  378  0.00135230      0.13315023D-11
  379  0.00136885      0.14316404D-11
  380  0.00138560      0.15393009D-11
  381  0.00140256      0.16550480D-11
  382  0.00141972      0.17794885D-11
  383  0.00143709      0.19132742D-11
  384  0.00145468      0.20571061D-11
  385  0.00147248      0.22117374D-11
  386  0.00149050      0.23779778D-11
  387  0.00150874      0.25566976D-11
  388  0.00152720      0.27488322D-11
  389  0.00154589      0.29553872D-11
  390  0.00156480      0.31774430D-11
  391  0.00158395      0.34161611D-11
  392  0.00160333      0.36727900D-11
  393  0.00162295      0.39486714D-11
  394  0.00164281      0.42452472D-11
  395  0.00166291      0.45640672D-11
  396  0.00168326      0.49067973D-11
  397  0.00170386      0.52752275D-11
  398  0.00172471      0.56712818D-11
  399  0.00174582      0.60970279D-11
  400  0.00176718      0.65546879D-11
  401  0.00178880      0.70466499D-11
  402  0.00181069      0.75754805D-11
  403  0.00183285      0.81439376D-11
  404  0.00185528      0.87549852D-11
  405  0.00187798      0.94118086D-11
  406  0.00190096      0.10117831D-10
  407  0.00192422      0.10876730D-10
  408  0.00194777      0.11692458D-10
  409  0.00197160      0.12569264D-10
  410  0.00199573      0.13511711D-10
  411  0.00202015      0.14524703D-10
  412  0.00204487      0.15613512D-10
  413  0.00206989      0.16783800D-10
  414  0.00209522      0.18041652D-10
  415  0.00212086      0.19393605D-10
  416  0.00214681      0.20846686D-10
  417  0.00217308      0.22408443D-10
  418  0.00219968      0.24086986D-10
  419  0.00222659      0.25891029D-10
  420  0.00225384      0.27829936D-10
  421  0.00228142      0.29913765D-10
  422  0.00230934      0.32153325D-10
  423  0.00233759      0.34560227D-10
  424  0.00236620      0.37146946D-10
  425  0.00239515      0.39926885D-10
  426  0.00242446      0.42914443D-10
  427  0.00245413      0.46125088D-10
  428  0.00248416      0.49575440D-10
  429  0.00251456      0.53283349D-10
  430  0.00254533      0.57267995D-10
  431  0.00257648      0.61549980D-10
  432  0.00260800      0.66151435D-10
  433  0.00263992      0.71096133D-10
  434  0.00267222      0.76409612D-10
  435  0.00270492      0.82119303D-10
  436  0.00273802      0.88254672D-10
  437  0.00277152      0.94847369D-10
  438  0.00280544      0.10193139D-09
  439  0.00283977      0.10954325D-09
  440  0.00287452      0.11772216D-09
  441  0.00290969      0.12651026D-09
  442  0.00294530      0.13595278D-09
  443  0.00298134      0.14609831D-09
  444  0.00301782      0.15699904D-09
  445  0.00305475      0.16871102D-09
  446  0.00309213      0.18129444D-09
  447  0.00312997      0.19481394D-09
  448  0.00316827      0.20933894D-09
  449  0.00320704      0.22494398D-09
  450  0.00324628      0.24170912D-09
  451  0.00328601      0.25972033D-09
  452  0.00332622      0.27906992D-09
  453  0.00336692      0.29985701D-09
  454  0.00340812      0.32218804D-09
  455  0.00344982      0.34617730D-09
  456  0.00349204      0.37194749D-09
  457  0.00353477      0.39963038D-09
  458  0.00357802      0.42936743D-09
  459  0.00362181      0.46131052D-09
  460  0.00366613      0.49562271D-09
  461  0.00371099      0.53247908D-09
  462  0.00375640      0.57206758D-09
  463  0.00380236      0.61458996D-09
  464  0.00384889      0.66026285D-09
  465  0.00389599      0.70931878D-09
  466  0.00394366      0.76200734D-09
  467  0.00399192      0.81859648D-09
  468  0.00404077      0.87937383D-09
  469  0.00409022      0.94464810D-09
  470  0.00414027      0.10147507D-08
  471  0.00419093      0.10900372D-08
  472  0.00424221      0.11708894D-08
  473  0.00429413      0.12577171D-08
  474  0.00434667      0.13509599D-08
  475  0.00439986      0.14510897D-08
  476  0.00445370      0.15586130D-08
  477  0.00450820      0.16740734D-08
  478  0.00456337      0.17980540D-08
  479  0.00461921      0.19311807D-08
  480  0.00467573      0.20741251D-08
  481  0.00473295      0.22276079D-08
  482  0.00479086      0.23924022D-08
  483  0.00484949      0.25693378D-08
  484  0.00490883      0.27593048D-08
  485  0.00496890      0.29632582D-08
  486  0.00502970      0.31822226D-08
  487  0.00509125      0.34172974D-08
  488  0.00515355      0.36696618D-08
  489  0.00521661      0.39405807D-08
  490  0.00528045      0.42314113D-08
  491  0.00534506      0.45436092D-08
  492  0.00541047      0.48787359D-08
  493  0.00547668      0.52384661D-08
  494  0.00554369      0.56245961D-08
  495  0.00561153      0.60390526D-08
  496  0.00568020      0.64839019D-08
  497  0.00574970      0.69613598D-08
  498  0.00582006      0.74738029D-08
  499  0.00589128      0.80237796D-08
  500  0.00596337      0.86140227D-08
  501  0.00603634      0.92474625D-08
  502  0.00611021      0.99272411D-08
  503  0.00618498      0.10656727D-07
  504  0.00626066      0.11439533D-07
  505  0.00633727      0.12279532D-07
  506  0.00641482      0.13180874D-07
  507  0.00649332      0.14148011D-07
  508  0.00657277      0.15185714D-07
  509  0.00665320      0.16299097D-07
  510  0.00673462      0.17493643D-07
  511  0.00681703      0.18775227D-07
  512  0.00690045      0.20150148D-07
  513  0.00698489      0.21625155D-07
  514  0.00707036      0.23207482D-07
  515  0.00715688      0.24904883D-07
  516  0.00724445      0.26725663D-07
  517  0.00733310      0.28678726D-07
  518  0.00742284      0.30773610D-07
  519  0.00751367      0.33020535D-07
  520  0.00760561      0.35430452D-07
  521  0.00769868      0.38015091D-07
  522  0.00779289      0.40787022D-07
  523  0.00788825      0.43759706D-07
  524  0.00798477      0.46947568D-07
  525  0.00808248      0.50366053D-07
  526  0.00818138      0.54031710D-07
  527  0.00828150      0.57962259D-07
  528  0.00838284      0.62176680D-07
  529  0.00848542      0.66695298D-07
  530  0.00858925      0.71539878D-07
  531  0.00869435      0.76733727D-07
  532  0.00880074      0.82301800D-07
  533  0.00890844      0.88270815D-07
  534  0.00901745      0.94669380D-07
  535  0.00912779      0.10152812D-06
  536  0.00923949      0.10887981D-06
  537  0.00935255      0.11675955D-06
  538  0.00946699      0.12520490D-06
  539  0.00958284      0.13425607D-06
  540  0.00970010      0.14395606D-06
  541  0.00981880      0.15435094D-06
  542  0.00993895      0.16548998D-06
  543  0.01006057      0.17742589D-06
  544  0.01018368      0.19021508D-06
  545  0.01030830      0.20391793D-06
  546  0.01043444      0.21859898D-06
  547  0.01056212      0.23432732D-06
  548  0.01069137      0.25117683D-06
  549  0.01082220      0.26922655D-06
  550  0.01095462      0.28856099D-06
  551  0.01108867      0.30927056D-06
  552  0.01122436      0.33145191D-06
  553  0.01136171      0.35520843D-06
  554  0.01150074      0.38065062D-06
  555  0.01164148      0.40789667D-06
  556  0.01178393      0.43707289D-06
  557  0.01192813      0.46831434D-06
  558  0.01207409      0.50176535D-06
  559  0.01222184      0.53758022D-06
  560  0.01237139      0.57592384D-06
  561  0.01252278      0.61697242D-06
  562  0.01267602      0.66091425D-06
  563  0.01283113      0.70795052D-06
  564  0.01298814      0.75829620D-06
  565  0.01314708      0.81218091D-06
  566  0.01330795      0.86984996D-06
  567  0.01347080      0.93156535D-06
  568  0.01363564      0.99760694D-06
  569  0.01380250      0.10682736D-05
  570  0.01397139      0.11438844D-05
  571  0.01414236      0.12247801D-05
  572  0.01431542      0.13113246D-05
  573  0.01449059      0.14039062D-05
  574  0.01466791      0.15029396D-05
  575  0.01484740      0.16088671D-05
  576  0.01502908      0.17221612D-05
  577  0.01521299      0.18433258D-05
  578  0.01539915      0.19728988D-05
  579  0.01558758      0.21114538D-05
  580  0.01577832      0.22596031D-05
  581  0.01597140      0.24179997D-05
  582  0.01616684      0.25873400D-05
  583  0.01636467      0.27683670D-05
  584  0.01656492      0.29618728D-05
  585  0.01676762      0.31687020D-05
  586  0.01697280      0.33897553D-05
  587  0.01718049      0.36259927D-05
  588  0.01739073      0.38784376D-05
  589  0.01760353      0.41481808D-05
  590  0.01781895      0.44363847D-05
  591  0.01803699      0.47442878D-05
  592  0.01825771      0.50732101D-05
  593  0.01848112      0.54245573D-05
  594  0.01870727      0.57998272D-05
  595  0.01893619      0.62006148D-05
  596  0.01916791      0.66286189D-05
  597  0.01940246      0.70856483D-05
  598  0.01963988      0.75736288D-05
  599  0.01988021      0.80946106D-05
  600  0.02012348      0.86507759D-05
  601  0.02036973      0.92444472D-05
  602  0.02061899      0.98780960D-05
  603  0.02087130      0.10554352D-04
  604  0.02112670      0.11276013D-04
  605  0.02138522      0.12046054D-04
  606  0.02164690      0.12867641D-04
  607  0.02191179      0.13744139D-04
  608  0.02217992      0.14679127D-04
  609  0.02245133      0.15676409D-04
  610  0.02272607      0.16740030D-04
  611  0.02300416      0.17874288D-04
  612  0.02328566      0.19083749D-04
  613  0.02357060      0.20373268D-04
  614  0.02385903      0.21747999D-04
  615  0.02415098      0.23213417D-04
  616  0.02444651      0.24775339D-04
  617  0.02474566      0.26439940D-04
  618  0.02504847      0.28213774D-04
  619  0.02535498      0.30103800D-04
  620  0.02566524      0.32117405D-04
  621  0.02597930      0.34262425D-04
  622  0.02629721      0.36547175D-04
  623  0.02661900      0.38980475D-04
  624  0.02694473      0.41571680D-04
  625  0.02727445      0.44330709D-04
  626  0.02760820      0.47268081D-04
  627  0.02794603      0.50394944D-04
  628  0.02828800      0.53723113D-04
  629  0.02863416      0.57265110D-04
  630  0.02898455      0.61034200D-04
  631  0.02933922      0.65044433D-04
  632  0.02969824      0.69310690D-04
  633  0.03006165      0.73848729D-04
  634  0.03042951      0.78675229D-04
  635  0.03080187      0.83807844D-04
  636  0.03117879      0.89265258D-04
  637  0.03156031      0.95067236D-04
  638  0.03194651      0.10123469D-03
  639  0.03233743      0.10778972D-03
  640  0.03273314      0.11475572D-03
  641  0.03313369      0.12215739D-03
  642  0.03353914      0.13002086D-03
  643  0.03394955      0.13837372D-03
  644  0.03436498      0.14724513D-03
  645  0.03478550      0.15666588D-03
  646  0.03521116      0.16666849D-03
  647  0.03564203      0.17728728D-03
  648  0.03607817      0.18855847D-03
  649  0.03651965      0.20052029D-03
  650  0.03696654      0.21321306D-03
  651  0.03741889      0.22667932D-03
  652  0.03787678      0.24096390D-03
  653  0.03834027      0.25611406D-03
  654  0.03880943      0.27217962D-03
  655  0.03928433      0.28921305D-03
  656  0.03976504      0.30726964D-03
  657  0.04025164      0.32640759D-03
  658  0.04074419      0.34668817D-03
  659  0.04124277      0.36817587D-03
  660  0.04174745      0.39093853D-03
  661  0.04225830      0.41504754D-03
  662  0.04277541      0.44057792D-03
  663  0.04329884      0.46760856D-03
  664  0.04382868      0.49622237D-03
  665  0.04436500      0.52650645D-03
  666  0.04490788      0.55855226D-03
  667  0.04545741      0.59245586D-03
  668  0.04601366      0.62831805D-03
  669  0.04657672      0.66624461D-03
  670  0.04714667      0.70634648D-03
  671  0.04772360      0.74874002D-03
  672  0.04830758      0.79354718D-03
  673  0.04889871      0.84089574D-03
  674  0.04949707      0.89091957D-03
  675  0.05010275      0.94375885D-03
  676  0.05071585      0.99956031D-03
  677  0.05133645      0.10584775D-02
  678  0.05196464      0.11206709D-02
  679  0.05260052      0.11863087D-02
  680  0.05324418      0.12555661D-02
  681  0.05389572      0.13286267D-02
  682  0.05455523      0.14056819D-02
  683  0.05522281      0.14869317D-02
  684  0.05589856      0.15725846D-02
  685  0.05658258      0.16628585D-02
  686  0.05727497      0.17579800D-02
  687  0.05797583      0.18581858D-02
  688  0.05868527      0.19637223D-02
  689  0.05940338      0.20748458D-02
  690  0.06013029      0.21918236D-02
  691  0.06086609      0.23149332D-02
  692  0.06161090      0.24444636D-02
  693  0.06236482      0.25807150D-02
  694  0.06312796      0.27239991D-02
  695  0.06390044      0.28746398D-02
  696  0.06468238      0.30329732D-02
  697  0.06547388      0.31993476D-02
  698  0.06627507      0.33741245D-02
  699  0.06708607      0.35576781D-02
  700  0.06790698      0.37503962D-02
  701  0.06873795      0.39526798D-02
  702  0.06957908      0.41649440D-02
  703  0.07043050      0.43876176D-02
  704  0.07129234      0.46211439D-02
  705  0.07216473      0.48659804D-02
  706  0.07304779      0.51225991D-02
  707  0.07394166      0.53914867D-02
  708  0.07484647      0.56731448D-02
  709  0.07576235      0.59680899D-02
  710  0.07668944      0.62768534D-02
  711  0.07762787      0.65999818D-02
  712  0.07857779      0.69380364D-02
  713  0.07953933      0.72915938D-02
  714  0.08051263      0.76612452D-02
  715  0.08149785      0.80475969D-02
  716  0.08249512      0.84512697D-02
  717  0.08350459      0.88728990D-02
  718  0.08452642      0.93131341D-02
  719  0.08556075      0.97726388D-02
  720  0.08660774      0.10252090D-01
  721  0.08766754      0.10752178D-01
  722  0.08874031      0.11273606D-01
  723  0.08982620      0.11817089D-01
  724  0.09092538      0.12383354D-01
  725  0.09203802      0.12973139D-01
  726  0.09316427      0.13587192D-01
  727  0.09430430      0.14226270D-01
  728  0.09545828      0.14891141D-01
  729  0.09662638      0.15582576D-01
  730  0.09780878      0.16301357D-01
  731  0.09900564      0.17048269D-01
  732  0.10021715      0.17824103D-01
  733  0.10144349      0.18629651D-01
  734  0.10268483      0.19465708D-01
  735  0.10394136      0.20333068D-01
  736  0.10521327      0.21232524D-01
  737  0.10650074      0.22164866D-01
  738  0.10780396      0.23130878D-01
  739  0.10912314      0.24131339D-01
  740  0.11045845      0.25167017D-01
  741  0.11181011      0.26238670D-01
  742  0.11317830      0.27347043D-01
  743  0.11456324      0.28492865D-01
  744  0.11596513      0.29676848D-01
  745  0.11738417      0.30899682D-01
  746  0.11882057      0.32162036D-01
  747  0.12027455      0.33464553D-01
  748  0.12174632      0.34807846D-01
  749  0.12323611      0.36192498D-01
  750  0.12474412      0.37619058D-01
  751  0.12627059      0.39088036D-01
  752  0.12781573      0.40599904D-01
  753  0.12937979      0.42155087D-01
  754  0.13096298      0.43753968D-01
  755  0.13256554      0.45396874D-01
  756  0.13418772      0.47084082D-01
  757  0.13582974      0.48815811D-01
  758  0.13749186      0.50592219D-01
  759  0.13917432      0.52413401D-01
  760  0.14087736      0.54279383D-01
  761  0.14260125      0.56190121D-01
  762  0.14434623      0.58145496D-01
  763  0.14611256      0.60145310D-01
  764  0.14790051      0.62189285D-01
  765  0.14971034      0.64277056D-01
  766  0.15154231      0.66408172D-01
  767  0.15339670      0.68582089D-01
  768  0.15527378      0.70798168D-01
  769  0.15717383      0.73055673D-01
  770  0.15909713      0.75353765D-01
  771  0.16104397      0.77691505D-01
  772  0.16301463      0.80067843D-01
  773  0.16500940      0.82481624D-01
  774  0.16702858      0.84931580D-01
  775  0.16907248      0.87416330D-01
  776  0.17114138      0.89934378D-01
  777  0.17323560      0.92484111D-01
  778  0.17535544      0.95063799D-01
  779  0.17750123      0.97671590D-01
  780  0.17967327      0.10030551D+00
  781  0.18187190      0.10296348D+00
  782  0.18409742      0.10564328D+00
  783  0.18635018      0.10834259D+00
  784  0.18863051      0.11105894D+00
  785  0.19093874      0.11378977D+00
  786  0.19327521      0.11653240D+00
  787  0.19564028      0.11928401D+00
  788  0.19803428      0.12204171D+00
  789  0.20045759      0.12480245D+00
  790  0.20291054      0.12756310D+00
  791  0.20539351      0.13032043D+00
  792  0.20790687      0.13307109D+00
  793  0.21045098      0.13581166D+00
  794  0.21302622      0.13853861D+00
  795  0.21563298      0.14124832D+00
  796  0.21827163      0.14393711D+00
  797  0.22094257      0.14660121D+00
  798  0.22364620      0.14923680D+00
  799  0.22638290      0.15183999D+00
  800  0.22915310      0.15440685D+00
  801  0.23195720      0.15693338D+00
  802  0.23479561      0.15941558D+00
  803  0.23766875      0.16184940D+00
  804  0.24057705      0.16423079D+00
  805  0.24352094      0.16655568D+00
  806  0.24650085      0.16882003D+00
  807  0.24951723      0.17101979D+00
  808  0.25257051      0.17315095D+00
  809  0.25566116      0.17520952D+00
  810  0.25878963      0.17719158D+00
  811  0.26195638      0.17909325D+00
  812  0.26516189      0.18091075D+00
  813  0.26840661      0.18264035D+00
  814  0.27169104      0.18427843D+00
  815  0.27501567      0.18582148D+00
  816  0.27838097      0.18726610D+00
  817  0.28178746      0.18860903D+00
  818  0.28523563      0.18984715D+00
  819  0.28872600      0.19097747D+00
  820  0.29225907      0.19199719D+00
  821  0.29583538      0.19290367D+00
  822  0.29945545      0.19369445D+00
  823  0.30311983      0.19436728D+00
  824  0.30682904      0.19492010D+00
  825  0.31058363      0.19535105D+00
  826  0.31438418      0.19565851D+00
  827  0.31823123      0.19584107D+00
  828  0.32212535      0.19589757D+00
  829  0.32606713      0.19582705D+00
  830  0.33005714      0.19562885D+00
  831  0.33409598      0.19530251D+00
  832  0.33818424      0.19484785D+00
  833  0.34232252      0.19426492D+00
  834  0.34651145      0.19355407D+00
  835  0.35075163      0.19271585D+00
  836  0.35504370      0.19175111D+00
  837  0.35938829      0.19066096D+00
  838  0.36378605      0.18944673D+00
  839  0.36823762      0.18811003D+00
  840  0.37274366      0.18665272D+00
  841  0.37730484      0.18507691D+00
  842  0.38192184      0.18338493D+00
  843  0.38659533      0.18157937D+00
  844  0.39132601      0.17966304D+00
  845  0.39611458      0.17763897D+00
  846  0.40096175      0.17551041D+00
  847  0.40586823      0.17328081D+00
  848  0.41083475      0.17095383D+00
  849  0.41586204      0.16853328D+00
  850  0.42095085      0.16602320D+00
  851  0.42610194      0.16342775D+00
  852  0.43131605      0.16075126D+00
  853  0.43659397      0.15799821D+00
  854  0.44193648      0.15517319D+00
  855  0.44734435      0.15228091D+00
  856  0.45281841      0.14932619D+00
  857  0.45835945      0.14631394D+00
  858  0.46396829      0.14324913D+00
  859  0.46964577      0.14013679D+00
  860  0.47539272      0.13698203D+00
  861  0.48120999      0.13378995D+00
  862  0.48709846      0.13056568D+00
  863  0.49305897      0.12731438D+00
  864  0.49909242      0.12404116D+00
  865  0.50519971      0.12075114D+00
  866  0.51138173      0.11744937D+00
  867  0.51763939      0.11414087D+00
  868  0.52397363      0.11083059D+00
  869  0.53038538      0.10752339D+00
  870  0.53687559      0.10422406D+00
  871  0.54344522      0.10093727D+00
  872  0.55009523      0.97667578D-01
  873  0.55682663      0.94419410D-01
  874  0.56364039      0.91197062D-01
  875  0.57053754      0.88004677D-01
  876  0.57751908      0.84846241D-01
  877  0.58458605      0.81725575D-01
  878  0.59173950      0.78646320D-01
  879  0.59898049      0.75611938D-01
  880  0.60631008      0.72625699D-01
  881  0.61372936      0.69690679D-01
  882  0.62123943      0.66809751D-01
  883  0.62884140      0.63985584D-01
  884  0.63653639      0.61220637D-01
  885  0.64432555      0.58517159D-01
  886  0.65221002      0.55877185D-01
  887  0.66019097      0.53302536D-01
  888  0.66826958      0.50794818D-01
  889  0.67644705      0.48355426D-01
  890  0.68472458      0.45985541D-01
  891  0.69310340      0.43686136D-01
  892  0.70158476      0.41457981D-01
  893  0.71016989      0.39301641D-01
  894  0.71886009      0.37217486D-01
  895  0.72765662      0.35205696D-01
  896  0.73656079      0.33266266D-01
  897  0.74557392      0.31399012D-01
  898  0.75469735      0.29603581D-01
  899  0.76393241      0.27879457D-01
  900  0.77328048      0.26225970D-01
  901  0.78274295      0.24642303D-01
  902  0.79232120      0.23127504D-01
  903  0.80201666      0.21680493D-01
  904  0.81183076      0.20300070D-01
  905  0.82176495      0.18984927D-01
  906  0.83182071      0.17733656D-01
  907  0.84199951      0.16544761D-01
  908  0.85230288      0.15416664D-01
  909  0.86273232      0.14347714D-01
  910  0.87328938      0.13336200D-01
  911  0.88397563      0.12380358D-01
  912  0.89479265      0.11478380D-01
  913  0.90574203      0.10628422D-01
  914  0.91682539      0.98286115D-02
  915  0.92804438      0.90770591D-02
  916  0.93940066      0.83718626D-02
  917  0.95089589      0.77111161D-02
  918  0.96253180      0.70929162D-02
  919  0.97431009      0.65153694D-02
  920  0.98623250      0.59765975D-02
  921  0.99830081      0.54747438D-02
  922  1.01051680      0.50079784D-02
  923  1.02288227      0.45745032D-02
  924  1.03539905      0.41725562D-02
  925  1.04806900      0.38004158D-02
  926  1.06089399      0.34564042D-02
  927  1.07387592      0.31388908D-02
  928  1.08701670      0.28462950D-02
  929  1.10031828      0.25770883D-02
  930  1.11378263      0.23297966D-02
  931  1.12741175      0.21030017D-02
  932  1.14120763      0.18953424D-02
  933  1.15517234      0.17055152D-02
  934  1.16930793      0.15322753D-02
  935  1.18361649      0.13744364D-02
  936  1.19810014      0.12308707D-02
  937  1.21276103      0.11005083D-02
  938  1.22760132      0.98233707D-03
  939  1.24262321      0.87540114D-03
  940  1.25782891      0.77880024D-03
  941  1.27322069      0.69168822D-03
  942  1.28880081      0.61327164D-03
  943  1.30457158      0.54280820D-03
  944  1.32053533      0.47960492D-03
  945  1.33669443      0.42301641D-03
  946  1.35305126      0.37244292D-03
  947  1.36960825      0.32732836D-03
  948  1.38636785      0.28715827D-03
  949  1.40333252      0.25145780D-03
  950  1.42050479      0.21978964D-03
  951  1.43788720      0.19175195D-03
  952  1.45548230      0.16697630D-03
  953  1.47329272      0.14512571D-03
  954  1.49132108      0.12589259D-03
  955  1.50957004      0.10899689D-03
  956  1.52804232      0.94184138D-04
  957  1.54674064      0.81223707D-04
  958  1.56566776      0.69907004D-04
  959  1.58482649      0.60045827D-04
  960  1.60421966      0.51470753D-04
  961  1.62385014      0.44029624D-04
  962  1.64372084      0.37586105D-04
  963  1.66383469      0.32018322D-04
  964  1.68419466      0.27217588D-04
  965  1.70480378      0.23087206D-04
  966  1.72566509      0.19541348D-04
  967  1.74678167      0.16504018D-04
  968  1.76815665      0.13908089D-04
  969  1.78979319      0.11694408D-04
  970  1.81169450      0.98109805D-05
  971  1.83386380      0.82122133D-05
  972  1.85630439      0.68582266D-05
  973  1.87901958      0.57142245D-05
  974  1.90201272      0.47499232D-05
  975  1.92528723      0.39390325D-05
  976  1.94884655      0.32587872D-05
  977  1.97269415      0.26895247D-05
  978  1.99683357      0.22143067D-05
  979  2.02126838      0.18185788D-05
  980  2.04600220      0.14898687D-05
  981  2.07103868      0.12175158D-05
  982  2.09638152      0.99243278D-06
  983  2.12203448      0.80689410D-06
  984  2.14800134      0.65434960D-06
  985  2.17428596      0.52926092D-06
  986  2.20089222      0.42695806D-06
  987  2.22782405      0.34351413D-06
  988  2.25508544      0.27563636D-06
  989  2.28268042      0.22057144D-06
  990  2.31061308      0.17602372D-06
  991  2.33888754      0.14008461D-06
  992  2.36750799      0.11117190D-06
  993  2.39647866      0.87977769D-07
  994  2.42580384      0.69424380D-07
  995  2.45548787      0.54626071D-07
  996  2.48553513      0.42857264D-07
  997  2.51595007      0.33525323D-07
  998  2.54673720      0.26147670D-07
  999  2.57790106      0.20332551D-07
 1000  2.60944626      0.15762926D-07
 1001  2.64137748      0.12183024D-07
 1002  2.67369943      0.93871505D-08
 1003  2.70641690      0.72104086D-08
 1004  2.73953473      0.55210333D-08
 1005  2.77305781      0.42140739D-08
 1006  2.80699111      0.32062104D-08
 1007  2.84133964      0.24315136D-08
 1008  2.87610848      0.18379884D-08
 1009  2.91130278      0.13847668D-08
 1010  2.94692775      0.10398353D-08
 1011  2.98298866      0.77820208D-09
 1012  3.01949083      0.58042436D-09
 1013  3.05643967      0.43142883D-09
 1014  3.09384065      0.31957071D-09
 1015  3.13169929      0.23588576D-09
 1016  3.17002121      0.17349804D-09
 1017  3.20881205      0.12715242D-09
 1018  3.24807758      0.92845388D-10
 1019  3.28782359      0.67543518D-10
 1020  3.32805596      0.48951925D-10
 1021  3.36878064      0.35332101D-10
 1022  3.41000367      0.25403938D-10
