 ir        r              f(r)*r^2
    1  0.00001730      0.60217899D-23
    2  0.00001750      0.64561743D-23
    3  0.00001770      0.69218927D-23
    4  0.00001791      0.74212054D-23
    5  0.00001812      0.79565356D-23
    6  0.00001833      0.85304814D-23
    7  0.00001854      0.91458283D-23
    8  0.00001876      0.98055625D-23
    9  0.00001898      0.10512886D-22
   10  0.00001920      0.11271231D-22
   11  0.00001942      0.12084279D-22
   12  0.00001965      0.12955974D-22
   13  0.00001988      0.13890548D-22
   14  0.00002011      0.14892536D-22
   15  0.00002035      0.15966801D-22
   16  0.00002059      0.17118556D-22
   17  0.00002083      0.18353391D-22
   18  0.00002107      0.19677297D-22
   19  0.00002132      0.21096702D-22
   20  0.00002156      0.22618492D-22
   21  0.00002182      0.24250052D-22
   22  0.00002207      0.25999302D-22
   23  0.00002233      0.27874729D-22
   24  0.00002259      0.29885435D-22
   25  0.00002285      0.32041178D-22
   26  0.00002312      0.34352420D-22
   27  0.00002339      0.36830376D-22
   28  0.00002366      0.39487072D-22
   29  0.00002394      0.42335401D-22
   30  0.00002422      0.45389184D-22
   31  0.00002450      0.48663242D-22
   32  0.00002479      0.52173463D-22
   33  0.00002508      0.55936881D-22
   34  0.00002537      0.59971759D-22
   35  0.00002567      0.64297678D-22
   36  0.00002597      0.68935630D-22
   37  0.00002627      0.73908121D-22
   38  0.00002658      0.79239283D-22
   39  0.00002689      0.84954984D-22
   40  0.00002720      0.91082963D-22
   41  0.00002752      0.97652955D-22
   42  0.00002784      0.10469684D-21
   43  0.00002816      0.11224881D-21
   44  0.00002849      0.12034549D-21
   45  0.00002883      0.12902620D-21
   46  0.00002916      0.13833303D-21
   47  0.00002950      0.14831117D-21
   48  0.00002985      0.15900903D-21
   49  0.00003020      0.17047851D-21
   50  0.00003055      0.18277528D-21
   51  0.00003091      0.19595900D-21
   52  0.00003127      0.21009365D-21
   53  0.00003163      0.22524782D-21
   54  0.00003200      0.24149504D-21
   55  0.00003237      0.25891414D-21
   56  0.00003275      0.27758965D-21
   57  0.00003314      0.29761219D-21
   58  0.00003352      0.31907892D-21
   59  0.00003391      0.34209400D-21
   60  0.00003431      0.36676911D-21
   61  0.00003471      0.39322397D-21
   62  0.00003512      0.42158694D-21
   63  0.00003553      0.45199566D-21
   64  0.00003594      0.48459768D-21
   65  0.00003636      0.51955117D-21
   66  0.00003678      0.55702574D-21
   67  0.00003721      0.59720323D-21
   68  0.00003765      0.64027857D-21
   69  0.00003809      0.68646076D-21
   70  0.00003853      0.73597390D-21
   71  0.00003898      0.78905821D-21
   72  0.00003944      0.84597127D-21
   73  0.00003990      0.90698920D-21
   74  0.00004036      0.97240806D-21
   75  0.00004084      0.10425453D-20
   76  0.00004131      0.11177411D-20
   77  0.00004180      0.11983604D-20
   78  0.00004228      0.12847944D-20
   79  0.00004278      0.13774623D-20
   80  0.00004328      0.14768139D-20
   81  0.00004378      0.15833310D-20
   82  0.00004429      0.16975306D-20
   83  0.00004481      0.18199666D-20
   84  0.00004533      0.19512331D-20
   85  0.00004586      0.20919669D-20
   86  0.00004640      0.22428509D-20
   87  0.00004694      0.24046171D-20
   88  0.00004749      0.25780501D-20
   89  0.00004804      0.27639916D-20
   90  0.00004860      0.29633435D-20
   91  0.00004917      0.31770731D-20
   92  0.00004975      0.34062171D-20
   93  0.00005033      0.36518873D-20
   94  0.00005091      0.39152754D-20
   95  0.00005151      0.41976593D-20
   96  0.00005211      0.45004090D-20
   97  0.00005272      0.48249929D-20
   98  0.00005333      0.51729860D-20
   99  0.00005396      0.55460762D-20
  100  0.00005459      0.59460735D-20
  101  0.00005523      0.63749183D-20
  102  0.00005587      0.68346910D-20
  103  0.00005652      0.73276219D-20
  104  0.00005718      0.78561023D-20
  105  0.00005785      0.84226958D-20
  106  0.00005853      0.90301508D-20
  107  0.00005921      0.96814141D-20
  108  0.00005990      0.10379645D-19
  109  0.00006060      0.11128230D-19
  110  0.00006131      0.11930801D-19
  111  0.00006202      0.12791250D-19
  112  0.00006275      0.13713752D-19
  113  0.00006348      0.14702780D-19
  114  0.00006422      0.15763134D-19
  115  0.00006497      0.16899955D-19
  116  0.00006573      0.18118758D-19
  117  0.00006650      0.19425455D-19
  118  0.00006727      0.20826383D-19
  119  0.00006806      0.22328338D-19
  120  0.00006886      0.23938605D-19
  121  0.00006966      0.25664994D-19
  122  0.00007047      0.27515878D-19
  123  0.00007130      0.29500235D-19
  124  0.00007213      0.31627689D-19
  125  0.00007297      0.33908558D-19
  126  0.00007382      0.36353904D-19
  127  0.00007468      0.38975589D-19
  128  0.00007556      0.41786325D-19
  129  0.00007644      0.44799746D-19
  130  0.00007733      0.48030467D-19
  131  0.00007823      0.51494154D-19
  132  0.00007915      0.55207607D-19
  133  0.00008007      0.59188835D-19
  134  0.00008101      0.63457144D-19
  135  0.00008195      0.68033235D-19
  136  0.00008291      0.72939300D-19
  137  0.00008388      0.78199130D-19
  138  0.00008486      0.83838233D-19
  139  0.00008585      0.89883954D-19
  140  0.00008685      0.96365612D-19
  141  0.00008787      0.10331464D-18
  142  0.00008889      0.11076473D-18
  143  0.00008993      0.11875201D-18
  144  0.00009098      0.12731521D-18
  145  0.00009204      0.13649586D-18
  146  0.00009312      0.14633847D-18
  147  0.00009420      0.15689077D-18
  148  0.00009530      0.16820393D-18
  149  0.00009642      0.18033279D-18
  150  0.00009754      0.19333617D-18
  151  0.00009868      0.20727712D-18
  152  0.00009983      0.22222323D-18
  153  0.00010100      0.23824697D-18
  154  0.00010218      0.25542603D-18
  155  0.00010337      0.27384370D-18
  156  0.00010458      0.29358927D-18
  157  0.00010580      0.31475847D-18
  158  0.00010704      0.33745395D-18
  159  0.00010829      0.36178572D-18
  160  0.00010955      0.38787175D-18
  161  0.00011083      0.41583850D-18
  162  0.00011212      0.44582156D-18
  163  0.00011343      0.47796627D-18
  164  0.00011476      0.51242847D-18
  165  0.00011610      0.54937521D-18
  166  0.00011745      0.58898560D-18
  167  0.00011883      0.63145165D-18
  168  0.00012021      0.67697922D-18
  169  0.00012162      0.72578899D-18
  170  0.00012304      0.77811755D-18
  171  0.00012447      0.83421856D-18
  172  0.00012593      0.89436394D-18
  173  0.00012740      0.95884521D-18
  174  0.00012889      0.10279749D-17
  175  0.00013039      0.11020881D-17
  176  0.00013191      0.11815440D-17
  177  0.00013345      0.12667278D-17
  178  0.00013501      0.13580522D-17
  179  0.00013659      0.14559598D-17
  180  0.00013818      0.15609252D-17
  181  0.00013980      0.16734571D-17
  182  0.00014143      0.17941008D-17
  183  0.00014308      0.19234410D-17
  184  0.00014475      0.20621044D-17
  185  0.00014644      0.22107631D-17
  186  0.00014815      0.23701374D-17
  187  0.00014988      0.25409996D-17
  188  0.00015163      0.27241776D-17
  189  0.00015340      0.29205591D-17
  190  0.00015519      0.31310956D-17
  191  0.00015701      0.33568072D-17
  192  0.00015884      0.35987875D-17
  193  0.00016070      0.38582091D-17
  194  0.00016257      0.41363288D-17
  195  0.00016447      0.44344941D-17
  196  0.00016639      0.47541495D-17
  197  0.00016833      0.50968437D-17
  198  0.00017030      0.54642370D-17
  199  0.00017229      0.58581091D-17
  200  0.00017430      0.62803681D-17
  201  0.00017634      0.67330596D-17
  202  0.00017839      0.72183765D-17
  203  0.00018048      0.77386697D-17
  204  0.00018259      0.82964594D-17
  205  0.00018472      0.88944476D-17
  206  0.00018687      0.95355305D-17
  207  0.00018906      0.10222814D-16
  208  0.00019126      0.10959625D-16
  209  0.00019350      0.11749534D-16
  210  0.00019576      0.12596367D-16
  211  0.00019804      0.13504223D-16
  212  0.00020036      0.14477501D-16
  213  0.00020270      0.15520913D-16
  214  0.00020506      0.16639512D-16
  215  0.00020746      0.17838716D-16
  216  0.00020988      0.19124331D-16
  217  0.00021233      0.20502582D-16
  218  0.00021481      0.21980144D-16
  219  0.00021732      0.23564170D-16
  220  0.00021986      0.25262329D-16
  221  0.00022242      0.27082845D-16
  222  0.00022502      0.29034532D-16
  223  0.00022765      0.31126837D-16
  224  0.00023031      0.33369890D-16
  225  0.00023300      0.35774551D-16
  226  0.00023572      0.38352460D-16
  227  0.00023847      0.41116096D-16
  228  0.00024125      0.44078837D-16
  229  0.00024407      0.47255024D-16
  230  0.00024692      0.50660031D-16
  231  0.00024980      0.54310339D-16
  232  0.00025272      0.58223614D-16
  233  0.00025567      0.62418797D-16
  234  0.00025866      0.66916190D-16
  235  0.00026168      0.71737560D-16
  236  0.00026473      0.76906237D-16
  237  0.00026783      0.82447235D-16
  238  0.00027095      0.88387365D-16
  239  0.00027412      0.94755371D-16
  240  0.00027732      0.10158206D-15
  241  0.00028056      0.10890048D-15
  242  0.00028383      0.11674602D-15
  243  0.00028715      0.12515664D-15
  244  0.00029050      0.13417303D-15
  245  0.00029389      0.14383882D-15
  246  0.00029732      0.15420076D-15
  247  0.00030080      0.16530897D-15
  248  0.00030431      0.17721718D-15
  249  0.00030786      0.18998300D-15
  250  0.00031146      0.20366817D-15
  251  0.00031509      0.21833887D-15
  252  0.00031877      0.23406607D-15
  253  0.00032250      0.25092580D-15
  254  0.00032626      0.26899962D-15
  255  0.00033007      0.28837490D-15
  256  0.00033393      0.30914536D-15
  257  0.00033783      0.33141140D-15
  258  0.00034177      0.35528069D-15
  259  0.00034576      0.38086864D-15
  260  0.00034980      0.40829894D-15
  261  0.00035388      0.43770421D-15
  262  0.00035802      0.46922658D-15
  263  0.00036220      0.50301844D-15
  264  0.00036643      0.53924312D-15
  265  0.00037071      0.57807571D-15
  266  0.00037503      0.61970390D-15
  267  0.00037941      0.66432885D-15
  268  0.00038384      0.71216624D-15
  269  0.00038833      0.76344723D-15
  270  0.00039286      0.81841961D-15
  271  0.00039745      0.87734900D-15
  272  0.00040209      0.94052014D-15
  273  0.00040678      0.10082382D-14
  274  0.00041154      0.10808304D-14
  275  0.00041634      0.11586473D-14
  276  0.00042120      0.12420649D-14
  277  0.00042612      0.13314861D-14
  278  0.00043110      0.14273427D-14
  279  0.00043613      0.15300979D-14
  280  0.00044122      0.16402477D-14
  281  0.00044638      0.17583242D-14
  282  0.00045159      0.18848974D-14
  283  0.00045686      0.20205786D-14
  284  0.00046220      0.21660229D-14
  285  0.00046759      0.23219324D-14
  286  0.00047305      0.24890599D-14
  287  0.00047858      0.26682120D-14
  288  0.00048417      0.28602537D-14
  289  0.00048982      0.30661117D-14
  290  0.00049554      0.32867796D-14
  291  0.00050133      0.35233225D-14
  292  0.00050718      0.37768817D-14
  293  0.00051310      0.40486808D-14
  294  0.00051910      0.43400312D-14
  295  0.00052516      0.46523387D-14
  296  0.00053129      0.49871099D-14
  297  0.00053749      0.53459596D-14
  298  0.00054377      0.57306190D-14
  299  0.00055012      0.61429434D-14
  300  0.00055654      0.65849212D-14
  301  0.00056304      0.70586841D-14
  302  0.00056962      0.75665166D-14
  303  0.00057627      0.81108674D-14
  304  0.00058300      0.86943610D-14
  305  0.00058981      0.93198106D-14
  306  0.00059669      0.99902312D-14
  307  0.00060366      0.10708854D-13
  308  0.00061071      0.11479144D-13
  309  0.00061784      0.12304812D-13
  310  0.00062506      0.13189838D-13
  311  0.00063236      0.14138487D-13
  312  0.00063974      0.15155328D-13
  313  0.00064721      0.16245262D-13
  314  0.00065477      0.17413539D-13
  315  0.00066241      0.18665787D-13
  316  0.00067015      0.20008036D-13
  317  0.00067797      0.21446753D-13
  318  0.00068589      0.22988864D-13
  319  0.00069390      0.24641795D-13
  320  0.00070200      0.26413506D-13
  321  0.00071020      0.28312526D-13
  322  0.00071849      0.30347996D-13
  323  0.00072689      0.32529714D-13
  324  0.00073537      0.34868180D-13
  325  0.00074396      0.37374649D-13
  326  0.00075265      0.40061181D-13
  327  0.00076144      0.42940701D-13
  328  0.00077033      0.46027065D-13
  329  0.00077932      0.49335118D-13
  330  0.00078842      0.52880772D-13
  331  0.00079763      0.56681080D-13
  332  0.00080694      0.60754316D-13
  333  0.00081637      0.65120068D-13
  334  0.00082590      0.69799324D-13
  335  0.00083555      0.74814580D-13
  336  0.00084530      0.80189942D-13
  337  0.00085517      0.85951246D-13
  338  0.00086516      0.92126179D-13
  339  0.00087526      0.98744411D-13
  340  0.00088548      0.10583774D-12
  341  0.00089582      0.11344025D-12
  342  0.00090628      0.12158844D-12
  343  0.00091687      0.13032146D-12
  344  0.00092757      0.13968124D-12
  345  0.00093840      0.14971273D-12
  346  0.00094936      0.16046408D-12
  347  0.00096045      0.17198691D-12
  348  0.00097166      0.18433652D-12
  349  0.00098301      0.19757217D-12
  350  0.00099449      0.21175739D-12
  351  0.00100610      0.22696022D-12
  352  0.00101785      0.24325360D-12
  353  0.00102974      0.26071568D-12
  354  0.00104176      0.27943020D-12
  355  0.00105393      0.29948690D-12
  356  0.00106623      0.32098194D-12
  357  0.00107868      0.34401837D-12
  358  0.00109128      0.36870659D-12
  359  0.00110402      0.39516492D-12
  360  0.00111692      0.42352015D-12
  361  0.00112996      0.45390811D-12
  362  0.00114315      0.48647437D-12
  363  0.00115650      0.52137490D-12
  364  0.00117001      0.55877683D-12
  365  0.00118367      0.59885923D-12
  366  0.00119749      0.64181399D-12
  367  0.00121148      0.68784670D-12
  368  0.00122562      0.73717766D-12
  369  0.00123993      0.79004289D-12
  370  0.00125441      0.84669530D-12
  371  0.00126906      0.90740587D-12
  372  0.00128388      0.97246494D-12
  373  0.00129887      0.10421836D-11
  374  0.00131404      0.11168951D-11
  375  0.00132938      0.11969566D-11
  376  0.00134491      0.12827507D-11
  377  0.00136061      0.13746872D-11
  378  0.00137650      0.14732055D-11
  379  0.00139258      0.15787761D-11
  380  0.00140884      0.16919030D-11
  381  0.00142529      0.18131264D-11
  382  0.00144193      0.19430250D-11
  383  0.00145877      0.20822187D-11
  384  0.00147580      0.22313718D-11
  385  0.00149304      0.23911956D-11
  386  0.00151047      0.25624527D-11
  387  0.00152811      0.27459596D-11
  388  0.00154596      0.29425912D-11
  389  0.00156401      0.31532849D-11
  390  0.00158227      0.33790448D-11
  391  0.00160075      0.36209464D-11
  392  0.00161944      0.38801423D-11
  393  0.00163835      0.41578667D-11
  394  0.00165748      0.44554421D-11
  395  0.00167684      0.47742851D-11
  396  0.00169642      0.51159132D-11
  397  0.00171623      0.54819520D-11
  398  0.00173627      0.58741427D-11
  399  0.00175654      0.62943506D-11
  400  0.00177706      0.67445738D-11
  401  0.00179781      0.72269525D-11
  402  0.00181880      0.77437793D-11
  403  0.00184004      0.82975097D-11
  404  0.00186153      0.88907743D-11
  405  0.00188326      0.95263903D-11
  406  0.00190526      0.10207376D-10
  407  0.00192750      0.10936962D-10
  408  0.00195001      0.11718613D-10
  409  0.00197278      0.12556035D-10
  410  0.00199582      0.13453201D-10
  411  0.00201913      0.14414365D-10
  412  0.00204270      0.15444082D-10
  413  0.00206656      0.16547233D-10
  414  0.00209069      0.17729042D-10
  415  0.00211510      0.18995109D-10
  416  0.00213980      0.20351427D-10
  417  0.00216479      0.21804417D-10
  418  0.00219007      0.23360953D-10
  419  0.00221564      0.25028400D-10
  420  0.00224151      0.26814643D-10
  421  0.00226769      0.28728127D-10
  422  0.00229417      0.30777895D-10
  423  0.00232096      0.32973633D-10
  424  0.00234806      0.35325712D-10
  425  0.00237548      0.37845237D-10
  426  0.00240322      0.40544102D-10
  427  0.00243128      0.43435041D-10
  428  0.00245967      0.46531692D-10
  429  0.00248840      0.49848657D-10
  430  0.00251745      0.53401572D-10
  431  0.00254685      0.57207180D-10
  432  0.00257659      0.61283408D-10
  433  0.00260668      0.65649452D-10
  434  0.00263712      0.70325863D-10
  435  0.00266791      0.75334648D-10
  436  0.00269907      0.80699367D-10
  437  0.00273059      0.86445248D-10
  438  0.00276247      0.92599298D-10
  439  0.00279473      0.99190433D-10
  440  0.00282736      0.10624961D-09
  441  0.00286038      0.11380998D-09
  442  0.00289378      0.12190702D-09
  443  0.00292757      0.13057871D-09
  444  0.00296176      0.13986572D-09
  445  0.00299635      0.14981160D-09
  446  0.00303133      0.16046293D-09
  447  0.00306673      0.17186962D-09
  448  0.00310254      0.18408505D-09
  449  0.00313877      0.19716641D-09
  450  0.00317543      0.21117488D-09
  451  0.00321251      0.22617596D-09
  452  0.00325002      0.24223977D-09
  453  0.00328797      0.25944135D-09
  454  0.00332637      0.27786101D-09
  455  0.00336521      0.29758475D-09
  456  0.00340451      0.31870457D-09
  457  0.00344426      0.34131895D-09
  458  0.00348448      0.36553330D-09
  459  0.00352517      0.39146044D-09
  460  0.00356633      0.41922108D-09
  461  0.00360798      0.44894443D-09
  462  0.00365011      0.48076876D-09
  463  0.00369274      0.51484204D-09
  464  0.00373586      0.55132261D-09
  465  0.00377948      0.59037992D-09
  466  0.00382362      0.63219530D-09
  467  0.00386826      0.67696276D-09
  468  0.00391344      0.72488991D-09
  469  0.00395913      0.77619891D-09
  470  0.00400537      0.83112744D-09
  471  0.00405214      0.88992982D-09
  472  0.00409946      0.95287815D-09
  473  0.00414733      0.10202636D-08
  474  0.00419576      0.10923975D-08
  475  0.00424475      0.11696133D-08
  476  0.00429432      0.12522673D-08
  477  0.00434447      0.13407409D-08
  478  0.00439520      0.14354422D-08
  479  0.00444652      0.15368075D-08
  480  0.00449845      0.16453038D-08
  481  0.00455098      0.17614304D-08
  482  0.00460412      0.18857216D-08
  483  0.00465788      0.20187486D-08
  484  0.00471227      0.21611228D-08
  485  0.00476730      0.23134977D-08
  486  0.00482297      0.24765725D-08
  487  0.00487929      0.26510949D-08
  488  0.00493627      0.28378646D-08
  489  0.00499391      0.30377368D-08
  490  0.00505222      0.32516261D-08
  491  0.00511122      0.34805107D-08
  492  0.00517091      0.37254363D-08
  493  0.00523129      0.39875213D-08
  494  0.00529238      0.42679617D-08
  495  0.00535418      0.45680362D-08
  496  0.00541670      0.48891119D-08
  497  0.00547995      0.52326507D-08
  498  0.00554394      0.56002156D-08
  499  0.00560868      0.59934774D-08
  500  0.00567418      0.64142226D-08
  501  0.00574043      0.68643609D-08
  502  0.00580747      0.73459338D-08
  503  0.00587528      0.78611237D-08
  504  0.00594389      0.84122634D-08
  505  0.00601330      0.90018465D-08
  506  0.00608352      0.96325381D-08
  507  0.00615456      0.10307187D-07
  508  0.00622643      0.11028838D-07
  509  0.00629914      0.11800745D-07
  510  0.00637269      0.12626386D-07
  511  0.00644711      0.13509476D-07
  512  0.00652239      0.14453988D-07
  513  0.00659856      0.15464166D-07
  514  0.00667561      0.16544543D-07
  515  0.00675356      0.17699966D-07
  516  0.00683243      0.18935612D-07
  517  0.00691221      0.20257012D-07
  518  0.00699293      0.21670076D-07
  519  0.00707459      0.23181117D-07
  520  0.00715720      0.24796880D-07
  521  0.00724078      0.26524570D-07
  522  0.00732533      0.28371884D-07
  523  0.00741087      0.30347041D-07
  524  0.00749741      0.32458824D-07
  525  0.00758496      0.34716610D-07
  526  0.00767353      0.37130416D-07
  527  0.00776314      0.39710938D-07
  528  0.00785379      0.42469602D-07
  529  0.00794550      0.45418605D-07
  530  0.00803828      0.48570974D-07
  531  0.00813215      0.51940618D-07
  532  0.00822711      0.55542389D-07
  533  0.00832318      0.59392141D-07
  534  0.00842037      0.63506804D-07
  535  0.00851870      0.67904449D-07
  536  0.00861818      0.72604369D-07
  537  0.00871881      0.77627155D-07
  538  0.00882063      0.82994791D-07
  539  0.00892363      0.88730737D-07
  540  0.00902783      0.94860033D-07
  541  0.00913325      0.10140941D-06
  542  0.00923990      0.10840737D-06
  543  0.00934780      0.11588437D-06
  544  0.00945696      0.12387286D-06
  545  0.00956739      0.13240752D-06
  546  0.00967911      0.14152529D-06
  547  0.00979214      0.15126563D-06
  548  0.00990649      0.16167062D-06
  549  0.01002217      0.17278514D-06
  550  0.01013920      0.18465708D-06
  551  0.01025760      0.19733751D-06
  552  0.01037738      0.21088090D-06
  553  0.01049856      0.22534534D-06
  554  0.01062115      0.24079280D-06
  555  0.01074518      0.25728934D-06
  556  0.01087066      0.27490541D-06
  557  0.01099760      0.29371612D-06
  558  0.01112602      0.31380157D-06
  559  0.01125594      0.33524713D-06
  560  0.01138738      0.35814383D-06
  561  0.01152035      0.38258868D-06
  562  0.01165488      0.40868509D-06
  563  0.01179098      0.43654331D-06
  564  0.01192867      0.46628078D-06
  565  0.01206796      0.49802270D-06
  566  0.01220888      0.53190246D-06
  567  0.01235145      0.56806220D-06
  568  0.01249568      0.60665336D-06
  569  0.01264160      0.64783727D-06
  570  0.01278922      0.69178581D-06
  571  0.01293856      0.73868205D-06
  572  0.01308965      0.78872099D-06
  573  0.01324250      0.84211032D-06
  574  0.01339714      0.89907123D-06
  575  0.01355358      0.95983923D-06
  576  0.01371185      0.10246651D-05
  577  0.01387197      0.10938159D-05
  578  0.01403396      0.11675759D-05
  579  0.01419783      0.12462478D-05
  580  0.01436363      0.13301535D-05
  581  0.01453136      0.14196361D-05
  582  0.01470104      0.15150604D-05
  583  0.01487271      0.16168147D-05
  584  0.01504639      0.17253123D-05
  585  0.01522209      0.18409928D-05
  586  0.01539984      0.19643239D-05
  587  0.01557967      0.20958032D-05
  588  0.01576160      0.22359601D-05
  589  0.01594565      0.23853574D-05
  590  0.01613186      0.25445939D-05
  591  0.01632023      0.27143063D-05
  592  0.01651081      0.28951716D-05
  593  0.01670361      0.30879095D-05
  594  0.01689866      0.32932853D-05
  595  0.01709600      0.35121124D-05
  596  0.01729563      0.37452553D-05
  597  0.01749760      0.39936329D-05
  598  0.01770192      0.42582216D-05
  599  0.01790863      0.45400591D-05
  600  0.01811776      0.48402475D-05
  601  0.01832933      0.51599581D-05
  602  0.01854336      0.55004348D-05
  603  0.01875990      0.58629987D-05
  604  0.01897897      0.62490530D-05
  605  0.01920059      0.66600877D-05
  606  0.01942480      0.70976848D-05
  607  0.01965163      0.75635237D-05
  608  0.01988111      0.80593873D-05
  609  0.02011327      0.85871679D-05
  610  0.02034814      0.91488737D-05
  611  0.02058575      0.97466357D-05
  612  0.02082614      0.10382715D-04
  613  0.02106933      0.11059510D-04
  614  0.02131536      0.11779566D-04
  615  0.02156427      0.12545581D-04
  616  0.02181608      0.13360417D-04
  617  0.02207084      0.14227109D-04
  618  0.02232856      0.15148874D-04
  619  0.02258930      0.16129124D-04
  620  0.02285308      0.17171472D-04
  621  0.02311995      0.18279751D-04
  622  0.02338993      0.19458021D-04
  623  0.02366306      0.20710582D-04
  624  0.02393938      0.22041992D-04
  625  0.02421893      0.23457077D-04
  626  0.02450174      0.24960950D-04
  627  0.02478785      0.26559022D-04
  628  0.02507731      0.28257025D-04
  629  0.02537015      0.30061025D-04
  630  0.02566640      0.31977442D-04
  631  0.02596612      0.34013074D-04
  632  0.02626933      0.36175109D-04
  633  0.02657609      0.38471154D-04
  634  0.02688643      0.40909256D-04
  635  0.02720039      0.43497925D-04
  636  0.02751801      0.46246160D-04
  637  0.02783935      0.49163474D-04
  638  0.02816444      0.52259925D-04
  639  0.02849333      0.55546143D-04
  640  0.02882605      0.59033361D-04
  641  0.02916266      0.62733448D-04
  642  0.02950320      0.66658940D-04
  643  0.02984772      0.70823081D-04
  644  0.03019627      0.75239853D-04
  645  0.03054888      0.79924021D-04
  646  0.03090561      0.84891170D-04
  647  0.03126650      0.90157749D-04
  648  0.03163161      0.95741116D-04
  649  0.03200098      0.10165958D-03
  650  0.03237467      0.10793247D-03
  651  0.03275272      0.11458014D-03
  652  0.03313518      0.12162409D-03
  653  0.03352211      0.12908695D-03
  654  0.03391356      0.13699259D-03
  655  0.03430958      0.14536617D-03
  656  0.03471023      0.15423418D-03
  657  0.03511555      0.16362453D-03
  658  0.03552560      0.17356663D-03
  659  0.03594045      0.18409140D-03
  660  0.03636014      0.19523144D-03
  661  0.03678473      0.20702104D-03
  662  0.03721427      0.21949626D-03
  663  0.03764884      0.23269505D-03
  664  0.03808847      0.24665734D-03
  665  0.03853325      0.26142508D-03
  666  0.03898321      0.27704239D-03
  667  0.03943843      0.29355563D-03
  668  0.03989897      0.31101353D-03
  669  0.04036488      0.32946724D-03
  670  0.04083623      0.34897051D-03
  671  0.04131309      0.36957978D-03
  672  0.04179552      0.39135425D-03
  673  0.04228358      0.41435608D-03
  674  0.04277734      0.43865047D-03
  675  0.04327686      0.46430581D-03
  676  0.04378222      0.49139381D-03
  677  0.04429348      0.51998962D-03
  678  0.04481071      0.55017201D-03
  679  0.04533398      0.58202351D-03
  680  0.04586336      0.61563055D-03
  681  0.04639892      0.65108363D-03
  682  0.04694073      0.68847747D-03
  683  0.04748888      0.72791121D-03
  684  0.04804342      0.76948854D-03
  685  0.04860444      0.81331792D-03
  686  0.04917201      0.85951271D-03
  687  0.04974621      0.90819141D-03
  688  0.05032711      0.95947783D-03
  689  0.05091479      0.10135013D-02
  690  0.05150934      0.10703967D-02
  691  0.05211083      0.11303051D-02
  692  0.05271935      0.11933735D-02
  693  0.05333497      0.12597551D-02
  694  0.05395778      0.13296100D-02
  695  0.05458786      0.14031047D-02
  696  0.05522530      0.14804129D-02
  697  0.05587019      0.15617154D-02
  698  0.05652260      0.16472004D-02
  699  0.05718264      0.17370640D-02
  700  0.05785038      0.18315099D-02
  701  0.05852591      0.19307502D-02
  702  0.05920934      0.20350050D-02
  703  0.05990075      0.21445033D-02
  704  0.06060023      0.22594829D-02
  705  0.06130788      0.23801906D-02
  706  0.06202379      0.25068824D-02
  707  0.06274806      0.26398241D-02
  708  0.06348079      0.27792910D-02
  709  0.06422208      0.29255685D-02
  710  0.06497202      0.30789523D-02
  711  0.06573072      0.32397484D-02
  712  0.06649828      0.34082735D-02
  713  0.06727480      0.35848550D-02
  714  0.06806039      0.37698317D-02
  715  0.06885515      0.39635533D-02
  716  0.06965920      0.41663811D-02
  717  0.07047263      0.43786879D-02
  718  0.07129556      0.46008583D-02
  719  0.07212810      0.48332887D-02
  720  0.07297037      0.50763877D-02
  721  0.07382246      0.53305760D-02
  722  0.07468451      0.55962863D-02
  723  0.07555663      0.58739639D-02
  724  0.07643893      0.61640663D-02
  725  0.07733153      0.64670635D-02
  726  0.07823456      0.67834378D-02
  727  0.07914813      0.71136841D-02
  728  0.08007237      0.74583096D-02
  729  0.08100740      0.78178335D-02
  730  0.08195335      0.81927876D-02
  731  0.08291034      0.85837156D-02
  732  0.08387851      0.89911730D-02
  733  0.08485799      0.94157270D-02
  734  0.08584891      0.98579565D-02
  735  0.08685139      0.10318451D-01
  736  0.08786558      0.10797812D-01
  737  0.08889162      0.11296649D-01
  738  0.08992964      0.11815585D-01
  739  0.09097977      0.12355250D-01
  740  0.09204217      0.12916283D-01
  741  0.09311698      0.13499334D-01
  742  0.09420434      0.14105057D-01
  743  0.09530439      0.14734116D-01
  744  0.09641729      0.15387181D-01
  745  0.09754319      0.16064926D-01
  746  0.09868223      0.16768032D-01
  747  0.09983458      0.17497182D-01
  748  0.10100038      0.18253063D-01
  749  0.10217979      0.19036363D-01
  750  0.10337298      0.19847769D-01
  751  0.10458010      0.20687971D-01
  752  0.10580132      0.21557653D-01
  753  0.10703679      0.22457499D-01
  754  0.10828670      0.23388186D-01
  755  0.10955120      0.24350386D-01
  756  0.11083046      0.25344762D-01
  757  0.11212466      0.26371967D-01
  758  0.11343398      0.27432645D-01
  759  0.11475859      0.28527425D-01
  760  0.11609866      0.29656922D-01
  761  0.11745438      0.30821732D-01
  762  0.11882594      0.32022433D-01
  763  0.12021350      0.33259584D-01
  764  0.12161728      0.34533716D-01
  765  0.12303744      0.35845339D-01
  766  0.12447419      0.37194932D-01
  767  0.12592772      0.38582944D-01
  768  0.12739821      0.40009791D-01
  769  0.12888589      0.41475855D-01
  770  0.13039093      0.42981480D-01
  771  0.13191355      0.44526966D-01
  772  0.13345394      0.46112575D-01
  773  0.13501233      0.47738518D-01
  774  0.13658891      0.49404962D-01
  775  0.13818391      0.51112018D-01
  776  0.13979752      0.52859746D-01
  777  0.14142999      0.54648149D-01
  778  0.14308151      0.56477168D-01
  779  0.14475232      0.58346684D-01
  780  0.14644264      0.60256511D-01
  781  0.14815270      0.62206397D-01
  782  0.14988273      0.64196016D-01
  783  0.15163295      0.66224973D-01
  784  0.15340362      0.68292793D-01
  785  0.15519497      0.70398925D-01
  786  0.15700723      0.72542738D-01
  787  0.15884065      0.74723515D-01
  788  0.16069549      0.76940456D-01
  789  0.16257198      0.79192672D-01
  790  0.16447039      0.81479186D-01
  791  0.16639096      0.83798927D-01
  792  0.16833396      0.86150735D-01
  793  0.17029966      0.88533351D-01
  794  0.17228830      0.90945423D-01
  795  0.17430017      0.93385500D-01
  796  0.17633553      0.95852036D-01
  797  0.17839465      0.98343382D-01
  798  0.18047783      0.10085779D+00
  799  0.18258533      0.10339342D+00
  800  0.18471743      0.10594833D+00
  801  0.18687444      0.10852046D+00
  802  0.18905663      0.11110768D+00
  803  0.19126431      0.11370775D+00
  804  0.19349777      0.11631832D+00
  805  0.19575730      0.11893697D+00
  806  0.19804323      0.12156116D+00
  807  0.20035584      0.12418828D+00
  808  0.20269546      0.12681563D+00
  809  0.20506240      0.12944040D+00
  810  0.20745698      0.13205973D+00
  811  0.20987953      0.13467065D+00
  812  0.21233036      0.13727013D+00
  813  0.21480981      0.13985508D+00
  814  0.21731821      0.14242231D+00
  815  0.21985591      0.14496860D+00
  816  0.22242324      0.14749065D+00
  817  0.22502055      0.14998513D+00
  818  0.22764819      0.15244864D+00
  819  0.23030651      0.15487776D+00
  820  0.23299587      0.15726903D+00
  821  0.23571664      0.15961898D+00
  822  0.23846918      0.16192408D+00
  823  0.24125387      0.16418084D+00
  824  0.24407107      0.16638574D+00
  825  0.24692116      0.16853526D+00
  826  0.24980454      0.17062592D+00
  827  0.25272159      0.17265423D+00
  828  0.25567270      0.17461675D+00
  829  0.25865828      0.17651009D+00
  830  0.26167872      0.17833087D+00
  831  0.26473442      0.18007582D+00
  832  0.26782581      0.18174170D+00
  833  0.27095330      0.18332535D+00
  834  0.27411731      0.18482371D+00
  835  0.27731827      0.18623381D+00
  836  0.28055661      0.18755277D+00
  837  0.28383276      0.18877785D+00
  838  0.28714717      0.18990640D+00
  839  0.29050028      0.19093593D+00
  840  0.29389254      0.19186406D+00
  841  0.29732442      0.19268858D+00
  842  0.30079638      0.19340743D+00
  843  0.30430888      0.19401869D+00
  844  0.30786239      0.19452064D+00
  845  0.31145740      0.19491172D+00
  846  0.31509439      0.19519054D+00
  847  0.31877385      0.19535593D+00
  848  0.32249628      0.19540688D+00
  849  0.32626217      0.19534259D+00
  850  0.33007204      0.19516247D+00
  851  0.33392640      0.19486611D+00
  852  0.33782577      0.19445334D+00
  853  0.34177067      0.19392417D+00
  854  0.34576164      0.19327885D+00
  855  0.34979921      0.19251781D+00
  856  0.35388393      0.19164172D+00
  857  0.35801635      0.19065145D+00
  858  0.36219702      0.18954809D+00
  859  0.36642652      0.18833294D+00
  860  0.37070540      0.18700749D+00
  861  0.37503425      0.18557345D+00
  862  0.37941364      0.18403275D+00
  863  0.38384418      0.18238747D+00
  864  0.38832646      0.18063994D+00
  865  0.39286107      0.17879263D+00
  866  0.39744864      0.17684821D+00
  867  0.40208978      0.17480953D+00
  868  0.40678511      0.17267961D+00
  869  0.41153527      0.17046162D+00
  870  0.41634090      0.16815889D+00
  871  0.42120265      0.16577488D+00
  872  0.42612117      0.16331322D+00
  873  0.43109713      0.16077763D+00
  874  0.43613119      0.15817198D+00
  875  0.44122404      0.15550020D+00
  876  0.44637636      0.15276638D+00
  877  0.45158884      0.14997464D+00
  878  0.45686219      0.14712921D+00
  879  0.46219712      0.14423437D+00
  880  0.46759435      0.14129447D+00
  881  0.47305460      0.13831388D+00
  882  0.47857861      0.13529702D+00
  883  0.48416713      0.13224832D+00
  884  0.48982091      0.12917224D+00
  885  0.49554071      0.12607321D+00
  886  0.50132730      0.12295567D+00
  887  0.50718146      0.11982402D+00
  888  0.51310398      0.11668263D+00
  889  0.51909567      0.11353584D+00
  890  0.52515732      0.11038791D+00
  891  0.53128975      0.10724305D+00
  892  0.53749380      0.10410539D+00
  893  0.54377029      0.10097897D+00
  894  0.55012007      0.97867739D-01
  895  0.55654400      0.94775539D-01
  896  0.56304295      0.91706101D-01
  897  0.56961779      0.88663033D-01
  898  0.57626940      0.85649818D-01
  899  0.58299868      0.82669797D-01
  900  0.58980655      0.79726174D-01
  901  0.59669391      0.76822001D-01
  902  0.60366170      0.73960175D-01
  903  0.61071086      0.71143436D-01
  904  0.61784233      0.68374357D-01
  905  0.62505708      0.65655347D-01
  906  0.63235607      0.62988641D-01
  907  0.63974030      0.60376302D-01
  908  0.64721076      0.57820218D-01
  909  0.65476845      0.55322100D-01
  910  0.66241440      0.52883485D-01
  911  0.67014963      0.50505729D-01
  912  0.67797518      0.48190017D-01
  913  0.68589212      0.45937355D-01
  914  0.69390151      0.43748581D-01
  915  0.70200442      0.41624361D-01
  916  0.71020196      0.39565196D-01
  917  0.71849522      0.37571424D-01
  918  0.72688532      0.35643225D-01
  919  0.73537340      0.33780626D-01
  920  0.74396059      0.31983507D-01
  921  0.75264807      0.30251604D-01
  922  0.76143698      0.28584519D-01
  923  0.77032853      0.26981723D-01
  924  0.77932391      0.25442564D-01
  925  0.78842433      0.23966275D-01
  926  0.79763102      0.22551978D-01
  927  0.80694522      0.21198696D-01
  928  0.81636818      0.19905356D-01
  929  0.82590118      0.18670798D-01
  930  0.83554550      0.17493783D-01
  931  0.84530243      0.16372999D-01
  932  0.85517331      0.15307071D-01
  933  0.86515945      0.14294566D-01
  934  0.87526220      0.13334001D-01
  935  0.88548292      0.12423849D-01
  936  0.89582299      0.11562549D-01
  937  0.90628381      0.10748509D-01
  938  0.91686678      0.99801148D-02
  939  0.92757334      0.92557360D-02
  940  0.93840491      0.85737317D-02
  941  0.94936298      0.79324564D-02
  942  0.96044900      0.73302657D-02
  943  0.97166447      0.67655214D-02
  944  0.98301092      0.62365967D-02
  945  0.99448986      0.57418805D-02
  946  1.00610284      0.52797819D-02
  947  1.01785143      0.48487344D-02
  948  1.02973722      0.44471993D-02
  949  1.04176180      0.40736693D-02
  950  1.05392679      0.37266713D-02
  951  1.06623384      0.34047695D-02
  952  1.07868460      0.31065674D-02
  953  1.09128075      0.28307101D-02
  954  1.10402399      0.25758862D-02
  955  1.11691604      0.23408290D-02
  956  1.12995864      0.21243179D-02
  957  1.14315353      0.19251794D-02
  958  1.15650251      0.17422874D-02
  959  1.17000737      0.15745640D-02
  960  1.18366993      0.14209792D-02
  961  1.19749203      0.12805515D-02
  962  1.21147553      0.11523469D-02
  963  1.22562233      0.10354789D-02
  964  1.23993432      0.92910752D-03
  965  1.25441344      0.83243890D-03
  966  1.26906164      0.74472394D-03
  967  1.28388089      0.66525736D-03
  968  1.29887318      0.59337651D-03
  969  1.31404055      0.52846003D-03
  970  1.32938503      0.46992646D-03
  971  1.34490870      0.41723278D-03
  972  1.36061363      0.36987290D-03
  973  1.37650196      0.32737608D-03
  974  1.39257583      0.28930537D-03
  975  1.40883739      0.25525598D-03
  976  1.42528885      0.22485366D-03
  977  1.44193241      0.19775312D-03
  978  1.45877033      0.17363642D-03
  979  1.47580487      0.15221136D-03
  980  1.49303832      0.13321000D-03
  981  1.51047302      0.11638709D-03
  982  1.52811131      0.10151863D-03
  983  1.54595556      0.88400418D-04
  984  1.56400819      0.76846705D-04
  985  1.58227163      0.66688858D-04
  986  1.60074833      0.57774093D-04
  987  1.61944079      0.49964272D-04
  988  1.63835153      0.43134755D-04
  989  1.65748310      0.37173310D-04
  990  1.67683807      0.31979087D-04
  991  1.69641906      0.27461651D-04
  992  1.71622870      0.23540076D-04
  993  1.73626966      0.20142092D-04
  994  1.75654465      0.17203299D-04
  995  1.77705639      0.14666427D-04
  996  1.79780766      0.12480652D-04
  997  1.81880125      0.10600973D-04
  998  1.84003999      0.89876192D-05
  999  1.86152674      0.76055264D-05
 1000  1.88326439      0.64238403D-05
 1001  1.90525589      0.54154711D-05
 1002  1.92750418      0.45566854D-05
 1003  1.95001228      0.38267354D-05
 1004  1.97278321      0.32075222D-05
 1005  1.99582005      0.26832925D-05
 1006  2.01912589      0.22403645D-05
 1007  2.04270388      0.18668817D-05
 1008  2.06655721      0.15525918D-05
 1009  2.09068907      0.12886498D-05
 1010  2.11510273      0.10674414D-05
 1011  2.13980148      0.88242653D-06
 1012  2.16478864      0.72800062D-06
 1013  2.19006758      0.59937133D-06
 1014  2.21564172      0.49245025D-06
 1015  2.24151449      0.40375745D-06
 1016  2.26768939      0.33033753D-06
 1017  2.29416994      0.26968644D-06
 1018  2.32095971      0.21968862D-06
 1019  2.34806232      0.17855327D-06
 1020  2.37548141      0.14478792D-06
 1021  2.40322068      0.11713268D-06
 1022  2.43128388      0.94498203D-07
 1023  2.45967478      0.76058664D-07
