 ir        r            Re[f(r)]            Im[f(r)]
    1  0.00001379      0.74367816D-17      0.00000000D+00
    2  0.00001396      0.78074714D-17      0.00000000D+00
    3  0.00001413      0.81966376D-17      0.00000000D+00
    4  0.00001431      0.86052013D-17      0.00000000D+00
    5  0.00001448      0.90341250D-17      0.00000000D+00
    6  0.00001466      0.94844291D-17      0.00000000D+00
    7  0.00001484      0.99571755D-17      0.00000000D+00
    8  0.00001502      0.10453486D-16      0.00000000D+00
    9  0.00001520      0.10974533D-16      0.00000000D+00
   10  0.00001539      0.11521551D-16      0.00000000D+00
   11  0.00001558      0.12095834D-16      0.00000000D+00
   12  0.00001577      0.12698740D-16      0.00000000D+00
   13  0.00001596      0.13331697D-16      0.00000000D+00
   14  0.00001616      0.13996201D-16      0.00000000D+00
   15  0.00001636      0.14693826D-16      0.00000000D+00
   16  0.00001656      0.15426221D-16      0.00000000D+00
   17  0.00001676      0.16195121D-16      0.00000000D+00
   18  0.00001696      0.17002343D-16      0.00000000D+00
   19  0.00001717      0.17849799D-16      0.00000000D+00
   20  0.00001738      0.18739493D-16      0.00000000D+00
   21  0.00001759      0.19673530D-16      0.00000000D+00
   22  0.00001781      0.20654121D-16      0.00000000D+00
   23  0.00001803      0.21683586D-16      0.00000000D+00
   24  0.00001825      0.22764359D-16      0.00000000D+00
   25  0.00001847      0.23898999D-16      0.00000000D+00
   26  0.00001870      0.25090190D-16      0.00000000D+00
   27  0.00001893      0.26340751D-16      0.00000000D+00
   28  0.00001916      0.27653639D-16      0.00000000D+00
   29  0.00001939      0.29031962D-16      0.00000000D+00
   30  0.00001963      0.30478980D-16      0.00000000D+00
   31  0.00001987      0.31998117D-16      0.00000000D+00
   32  0.00002011      0.33592968D-16      0.00000000D+00
   33  0.00002036      0.35267304D-16      0.00000000D+00
   34  0.00002061      0.37025089D-16      0.00000000D+00
   35  0.00002086      0.38870479D-16      0.00000000D+00
   36  0.00002112      0.40807842D-16      0.00000000D+00
   37  0.00002137      0.42841760D-16      0.00000000D+00
   38  0.00002163      0.44977046D-16      0.00000000D+00
   39  0.00002190      0.47218751D-16      0.00000000D+00
   40  0.00002217      0.49572179D-16      0.00000000D+00
   41  0.00002244      0.52042896D-16      0.00000000D+00
   42  0.00002271      0.54636749D-16      0.00000000D+00
   43  0.00002299      0.57359874D-16      0.00000000D+00
   44  0.00002327      0.60218712D-16      0.00000000D+00
   45  0.00002356      0.63220026D-16      0.00000000D+00
   46  0.00002385      0.66370918D-16      0.00000000D+00
   47  0.00002414      0.69678840D-16      0.00000000D+00
   48  0.00002443      0.73151618D-16      0.00000000D+00
   49  0.00002473      0.76797467D-16      0.00000000D+00
   50  0.00002503      0.80625011D-16      0.00000000D+00
   51  0.00002534      0.84643306D-16      0.00000000D+00
   52  0.00002565      0.88861856D-16      0.00000000D+00
   53  0.00002596      0.93290640D-16      0.00000000D+00
   54  0.00002628      0.97940134D-16      0.00000000D+00
   55  0.00002660      0.10282134D-15      0.00000000D+00
   56  0.00002693      0.10794580D-15      0.00000000D+00
   57  0.00002726      0.11332563D-15      0.00000000D+00
   58  0.00002759      0.11897357D-15      0.00000000D+00
   59  0.00002793      0.12490297D-15      0.00000000D+00
   60  0.00002827      0.13112785D-15      0.00000000D+00
   61  0.00002862      0.13766295D-15      0.00000000D+00
   62  0.00002897      0.14452371D-15      0.00000000D+00
   63  0.00002932      0.15172637D-15      0.00000000D+00
   64  0.00002968      0.15928796D-15      0.00000000D+00
   65  0.00003005      0.16722637D-15      0.00000000D+00
   66  0.00003041      0.17556037D-15      0.00000000D+00
   67  0.00003078      0.18430967D-15      0.00000000D+00
   68  0.00003116      0.19349497D-15      0.00000000D+00
   69  0.00003154      0.20313799D-15      0.00000000D+00
   70  0.00003193      0.21326155D-15      0.00000000D+00
   71  0.00003232      0.22388957D-15      0.00000000D+00
   72  0.00003272      0.23504720D-15      0.00000000D+00
   73  0.00003312      0.24676083D-15      0.00000000D+00
   74  0.00003352      0.25905815D-15      0.00000000D+00
   75  0.00003393      0.27196826D-15      0.00000000D+00
   76  0.00003435      0.28552167D-15      0.00000000D+00
   77  0.00003477      0.29975046D-15      0.00000000D+00
   78  0.00003519      0.31468825D-15      0.00000000D+00
   79  0.00003562      0.33037039D-15      0.00000000D+00
   80  0.00003606      0.34683395D-15      0.00000000D+00
   81  0.00003650      0.36411787D-15      0.00000000D+00
   82  0.00003695      0.38226302D-15      0.00000000D+00
   83  0.00003740      0.40131231D-15      0.00000000D+00
   84  0.00003786      0.42131079D-15      0.00000000D+00
   85  0.00003832      0.44230574D-15      0.00000000D+00
   86  0.00003879      0.46434680D-15      0.00000000D+00
   87  0.00003926      0.48748611D-15      0.00000000D+00
   88  0.00003974      0.51177837D-15      0.00000000D+00
   89  0.00004023      0.53728102D-15      0.00000000D+00
   90  0.00004072      0.56405436D-15      0.00000000D+00
   91  0.00004122      0.59216170D-15      0.00000000D+00
   92  0.00004172      0.62166950D-15      0.00000000D+00
   93  0.00004223      0.65264752D-15      0.00000000D+00
   94  0.00004275      0.68516900D-15      0.00000000D+00
   95  0.00004327      0.71931085D-15      0.00000000D+00
   96  0.00004380      0.75515377D-15      0.00000000D+00
   97  0.00004434      0.79278252D-15      0.00000000D+00
   98  0.00004488      0.83228604D-15      0.00000000D+00
   99  0.00004543      0.87375775D-15      0.00000000D+00
  100  0.00004599      0.91729568D-15      0.00000000D+00
  101  0.00004655      0.96300275D-15      0.00000000D+00
  102  0.00004712      0.10109870D-14      0.00000000D+00
  103  0.00004770      0.10613619D-14      0.00000000D+00
  104  0.00004828      0.11142466D-14      0.00000000D+00
  105  0.00004887      0.11697660D-14      0.00000000D+00
  106  0.00004947      0.12280513D-14      0.00000000D+00
  107  0.00005008      0.12892405D-14      0.00000000D+00
  108  0.00005069      0.13534780D-14      0.00000000D+00
  109  0.00005131      0.14209158D-14      0.00000000D+00
  110  0.00005194      0.14917132D-14      0.00000000D+00
  111  0.00005257      0.15660376D-14      0.00000000D+00
  112  0.00005321      0.16440647D-14      0.00000000D+00
  113  0.00005387      0.17259788D-14      0.00000000D+00
  114  0.00005453      0.18119737D-14      0.00000000D+00
  115  0.00005519      0.19022525D-14      0.00000000D+00
  116  0.00005587      0.19970287D-14      0.00000000D+00
  117  0.00005655      0.20965261D-14      0.00000000D+00
  118  0.00005724      0.22009801D-14      0.00000000D+00
  119  0.00005794      0.23106373D-14      0.00000000D+00
  120  0.00005865      0.24257570D-14      0.00000000D+00
  121  0.00005937      0.25466112D-14      0.00000000D+00
  122  0.00006010      0.26734856D-14      0.00000000D+00
  123  0.00006083      0.28066799D-14      0.00000000D+00
  124  0.00006158      0.29465089D-14      0.00000000D+00
  125  0.00006233      0.30933030D-14      0.00000000D+00
  126  0.00006309      0.32474091D-14      0.00000000D+00
  127  0.00006387      0.34091913D-14      0.00000000D+00
  128  0.00006465      0.35790318D-14      0.00000000D+00
  129  0.00006544      0.37573321D-14      0.00000000D+00
  130  0.00006624      0.39445133D-14      0.00000000D+00
  131  0.00006705      0.41410177D-14      0.00000000D+00
  132  0.00006787      0.43473096D-14      0.00000000D+00
  133  0.00006870      0.45638764D-14      0.00000000D+00
  134  0.00006954      0.47912297D-14      0.00000000D+00
  135  0.00007039      0.50299066D-14      0.00000000D+00
  136  0.00007125      0.52804709D-14      0.00000000D+00
  137  0.00007212      0.55435147D-14      0.00000000D+00
  138  0.00007301      0.58196592D-14      0.00000000D+00
  139  0.00007390      0.61095568D-14      0.00000000D+00
  140  0.00007481      0.64138923D-14      0.00000000D+00
  141  0.00007572      0.67333846D-14      0.00000000D+00
  142  0.00007665      0.70687882D-14      0.00000000D+00
  143  0.00007758      0.74208954D-14      0.00000000D+00
  144  0.00007853      0.77905379D-14      0.00000000D+00
  145  0.00007950      0.81785886D-14      0.00000000D+00
  146  0.00008047      0.85859642D-14      0.00000000D+00
  147  0.00008145      0.90136266D-14      0.00000000D+00
  148  0.00008245      0.94625858D-14      0.00000000D+00
  149  0.00008346      0.99339022D-14      0.00000000D+00
  150  0.00008448      0.10428689D-13      0.00000000D+00
  151  0.00008551      0.10948114D-13      0.00000000D+00
  152  0.00008656      0.11493404D-13      0.00000000D+00
  153  0.00008762      0.12065846D-13      0.00000000D+00
  154  0.00008869      0.12666793D-13      0.00000000D+00
  155  0.00008978      0.13297663D-13      0.00000000D+00
  156  0.00009088      0.13959946D-13      0.00000000D+00
  157  0.00009199      0.14655206D-13      0.00000000D+00
  158  0.00009311      0.15385083D-13      0.00000000D+00
  159  0.00009425      0.16151301D-13      0.00000000D+00
  160  0.00009541      0.16955668D-13      0.00000000D+00
  161  0.00009657      0.17800085D-13      0.00000000D+00
  162  0.00009775      0.18686543D-13      0.00000000D+00
  163  0.00009895      0.19617136D-13      0.00000000D+00
  164  0.00010016      0.20594059D-13      0.00000000D+00
  165  0.00010139      0.21619620D-13      0.00000000D+00
  166  0.00010263      0.22696238D-13      0.00000000D+00
  167  0.00010388      0.23826454D-13      0.00000000D+00
  168  0.00010516      0.25012937D-13      0.00000000D+00
  169  0.00010644      0.26258485D-13      0.00000000D+00
  170  0.00010774      0.27566038D-13      0.00000000D+00
  171  0.00010906      0.28938683D-13      0.00000000D+00
  172  0.00011040      0.30379657D-13      0.00000000D+00
  173  0.00011175      0.31892361D-13      0.00000000D+00
  174  0.00011312      0.33480365D-13      0.00000000D+00
  175  0.00011450      0.35147414D-13      0.00000000D+00
  176  0.00011590      0.36897443D-13      0.00000000D+00
  177  0.00011732      0.38734580D-13      0.00000000D+00
  178  0.00011875      0.40663160D-13      0.00000000D+00
  179  0.00012021      0.42687730D-13      0.00000000D+00
  180  0.00012168      0.44813069D-13      0.00000000D+00
  181  0.00012317      0.47044188D-13      0.00000000D+00
  182  0.00012468      0.49386350D-13      0.00000000D+00
  183  0.00012620      0.51845081D-13      0.00000000D+00
  184  0.00012775      0.54426178D-13      0.00000000D+00
  185  0.00012931      0.57135729D-13      0.00000000D+00
  186  0.00013089      0.59980124D-13      0.00000000D+00
  187  0.00013249      0.62966071D-13      0.00000000D+00
  188  0.00013411      0.66100611D-13      0.00000000D+00
  189  0.00013575      0.69391135D-13      0.00000000D+00
  190  0.00013742      0.72845401D-13      0.00000000D+00
  191  0.00013910      0.76471554D-13      0.00000000D+00
  192  0.00014080      0.80278143D-13      0.00000000D+00
  193  0.00014252      0.84274142D-13      0.00000000D+00
  194  0.00014427      0.88468972D-13      0.00000000D+00
  195  0.00014603      0.92872519D-13      0.00000000D+00
  196  0.00014782      0.97495166D-13      0.00000000D+00
  197  0.00014963      0.10234781D-12      0.00000000D+00
  198  0.00015146      0.10744188D-12      0.00000000D+00
  199  0.00015331      0.11278939D-12      0.00000000D+00
  200  0.00015519      0.11840293D-12      0.00000000D+00
  201  0.00015709      0.12429575D-12      0.00000000D+00
  202  0.00015901      0.13048172D-12      0.00000000D+00
  203  0.00016095      0.13697541D-12      0.00000000D+00
  204  0.00016292      0.14379214D-12      0.00000000D+00
  205  0.00016492      0.15094795D-12      0.00000000D+00
  206  0.00016694      0.15845971D-12      0.00000000D+00
  207  0.00016898      0.16634511D-12      0.00000000D+00
  208  0.00017105      0.17462273D-12      0.00000000D+00
  209  0.00017314      0.18331207D-12      0.00000000D+00
  210  0.00017526      0.19243358D-12      0.00000000D+00
  211  0.00017740      0.20200875D-12      0.00000000D+00
  212  0.00017957      0.21206014D-12      0.00000000D+00
  213  0.00018177      0.22261140D-12      0.00000000D+00
  214  0.00018400      0.23368739D-12      0.00000000D+00
  215  0.00018625      0.24531418D-12      0.00000000D+00
  216  0.00018853      0.25751915D-12      0.00000000D+00
  217  0.00019083      0.27033103D-12      0.00000000D+00
  218  0.00019317      0.28377998D-12      0.00000000D+00
  219  0.00019553      0.29789766D-12      0.00000000D+00
  220  0.00019792      0.31271729D-12      0.00000000D+00
  221  0.00020035      0.32827375D-12      0.00000000D+00
  222  0.00020280      0.34460366D-12      0.00000000D+00
  223  0.00020528      0.36174544D-12      0.00000000D+00
  224  0.00020779      0.37973943D-12      0.00000000D+00
  225  0.00021033      0.39862797D-12      0.00000000D+00
  226  0.00021291      0.41845548D-12      0.00000000D+00
  227  0.00021551      0.43926863D-12      0.00000000D+00
  228  0.00021815      0.46111636D-12      0.00000000D+00
  229  0.00022082      0.48405007D-12      0.00000000D+00
  230  0.00022352      0.50812369D-12      0.00000000D+00
  231  0.00022626      0.53339384D-12      0.00000000D+00
  232  0.00022903      0.55991995D-12      0.00000000D+00
  233  0.00023183      0.58776439D-12      0.00000000D+00
  234  0.00023467      0.61699262D-12      0.00000000D+00
  235  0.00023754      0.64767336D-12      0.00000000D+00
  236  0.00024044      0.67987874D-12      0.00000000D+00
  237  0.00024339      0.71368446D-12      0.00000000D+00
  238  0.00024636      0.74916997D-12      0.00000000D+00
  239  0.00024938      0.78641867D-12      0.00000000D+00
  240  0.00025243      0.82551809D-12      0.00000000D+00
  241  0.00025552      0.86656012D-12      0.00000000D+00
  242  0.00025865      0.90964117D-12      0.00000000D+00
  243  0.00026181      0.95486246D-12      0.00000000D+00
  244  0.00026502      0.10023302D-11      0.00000000D+00
  245  0.00026826      0.10521560D-11      0.00000000D+00
  246  0.00027154      0.11044567D-11      0.00000000D+00
  247  0.00027486      0.11593552D-11      0.00000000D+00
  248  0.00027823      0.12169805D-11      0.00000000D+00
  249  0.00028163      0.12774678D-11      0.00000000D+00
  250  0.00028508      0.13409591D-11      0.00000000D+00
  251  0.00028857      0.14076035D-11      0.00000000D+00
  252  0.00029210      0.14775575D-11      0.00000000D+00
  253  0.00029567      0.15509851D-11      0.00000000D+00
  254  0.00029929      0.16280587D-11      0.00000000D+00
  255  0.00030295      0.17089592D-11      0.00000000D+00
  256  0.00030666      0.17938764D-11      0.00000000D+00
  257  0.00031041      0.18830095D-11      0.00000000D+00
  258  0.00031421      0.19765676D-11      0.00000000D+00
  259  0.00031806      0.20747701D-11      0.00000000D+00
  260  0.00032195      0.21778473D-11      0.00000000D+00
  261  0.00032589      0.22860410D-11      0.00000000D+00
  262  0.00032987      0.23996047D-11      0.00000000D+00
  263  0.00033391      0.25188048D-11      0.00000000D+00
  264  0.00033800      0.26439207D-11      0.00000000D+00
  265  0.00034213      0.27752456D-11      0.00000000D+00
  266  0.00034632      0.29130872D-11      0.00000000D+00
  267  0.00035056      0.30577687D-11      0.00000000D+00
  268  0.00035485      0.32096289D-11      0.00000000D+00
  269  0.00035919      0.33690236D-11      0.00000000D+00
  270  0.00036358      0.35363262D-11      0.00000000D+00
  271  0.00036803      0.37119284D-11      0.00000000D+00
  272  0.00037254      0.38962416D-11      0.00000000D+00
  273  0.00037710      0.40896973D-11      0.00000000D+00
  274  0.00038171      0.42927484D-11      0.00000000D+00
  275  0.00038638      0.45058701D-11      0.00000000D+00
  276  0.00039111      0.47295613D-11      0.00000000D+00
  277  0.00039590      0.49643454D-11      0.00000000D+00
  278  0.00040074      0.52107719D-11      0.00000000D+00
  279  0.00040564      0.54694171D-11      0.00000000D+00
  280  0.00041061      0.57408862D-11      0.00000000D+00
  281  0.00041563      0.60258139D-11      0.00000000D+00
  282  0.00042072      0.63248667D-11      0.00000000D+00
  283  0.00042587      0.66387437D-11      0.00000000D+00
  284  0.00043108      0.69681786D-11      0.00000000D+00
  285  0.00043635      0.73139415D-11      0.00000000D+00
  286  0.00044169      0.76768405D-11      0.00000000D+00
  287  0.00044710      0.80577234D-11      0.00000000D+00
  288  0.00045257      0.84574802D-11      0.00000000D+00
  289  0.00045811      0.88770446D-11      0.00000000D+00
  290  0.00046371      0.93173964D-11      0.00000000D+00
  291  0.00046939      0.97795641D-11      0.00000000D+00
  292  0.00047513      0.10264627D-10      0.00000000D+00
  293  0.00048094      0.10773716D-10      0.00000000D+00
  294  0.00048683      0.11308021D-10      0.00000000D+00
  295  0.00049279      0.11868788D-10      0.00000000D+00
  296  0.00049882      0.12457325D-10      0.00000000D+00
  297  0.00050492      0.13075005D-10      0.00000000D+00
  298  0.00051110      0.13723269D-10      0.00000000D+00
  299  0.00051735      0.14403629D-10      0.00000000D+00
  300  0.00052368      0.15117670D-10      0.00000000D+00
  301  0.00053009      0.15867058D-10      0.00000000D+00
  302  0.00053658      0.16653537D-10      0.00000000D+00
  303  0.00054314      0.17478942D-10      0.00000000D+00
  304  0.00054979      0.18345195D-10      0.00000000D+00
  305  0.00055652      0.19254313D-10      0.00000000D+00
  306  0.00056333      0.20208414D-10      0.00000000D+00
  307  0.00057022      0.21209718D-10      0.00000000D+00
  308  0.00057720      0.22260557D-10      0.00000000D+00
  309  0.00058426      0.23363377D-10      0.00000000D+00
  310  0.00059141      0.24520742D-10      0.00000000D+00
  311  0.00059865      0.25735346D-10      0.00000000D+00
  312  0.00060597      0.27010013D-10      0.00000000D+00
  313  0.00061339      0.28347708D-10      0.00000000D+00
  314  0.00062090      0.29751539D-10      0.00000000D+00
  315  0.00062849      0.31224770D-10      0.00000000D+00
  316  0.00063618      0.32770825D-10      0.00000000D+00
  317  0.00064397      0.34393294D-10      0.00000000D+00
  318  0.00065185      0.36095947D-10      0.00000000D+00
  319  0.00065983      0.37882736D-10      0.00000000D+00
  320  0.00066790      0.39757811D-10      0.00000000D+00
  321  0.00067607      0.41725522D-10      0.00000000D+00
  322  0.00068435      0.43790436D-10      0.00000000D+00
  323  0.00069272      0.45957343D-10      0.00000000D+00
  324  0.00070120      0.48231269D-10      0.00000000D+00
  325  0.00070978      0.50617485D-10      0.00000000D+00
  326  0.00071846      0.53121524D-10      0.00000000D+00
  327  0.00072725      0.55749189D-10      0.00000000D+00
  328  0.00073615      0.58506566D-10      0.00000000D+00
  329  0.00074516      0.61400044D-10      0.00000000D+00
  330  0.00075428      0.64436321D-10      0.00000000D+00
  331  0.00076351      0.67622428D-10      0.00000000D+00
  332  0.00077285      0.70965737D-10      0.00000000D+00
  333  0.00078231      0.74473985D-10      0.00000000D+00
  334  0.00079188      0.78155285D-10      0.00000000D+00
  335  0.00080157      0.82018150D-10      0.00000000D+00
  336  0.00081138      0.86071511D-10      0.00000000D+00
  337  0.00082131      0.90324734D-10      0.00000000D+00
  338  0.00083136      0.94787646D-10      0.00000000D+00
  339  0.00084153      0.99470555D-10      0.00000000D+00
  340  0.00085183      0.10438427D-09      0.00000000D+00
  341  0.00086226      0.10954014D-09      0.00000000D+00
  342  0.00087281      0.11495006D-09      0.00000000D+00
  343  0.00088349      0.12062650D-09      0.00000000D+00
  344  0.00089430      0.12658256D-09      0.00000000D+00
  345  0.00090524      0.13283197D-09      0.00000000D+00
  346  0.00091632      0.13938913D-09      0.00000000D+00
  347  0.00092753      0.14626915D-09      0.00000000D+00
  348  0.00093888      0.15348787D-09      0.00000000D+00
  349  0.00095037      0.16106191D-09      0.00000000D+00
  350  0.00096200      0.16900869D-09      0.00000000D+00
  351  0.00097377      0.17734651D-09      0.00000000D+00
  352  0.00098569      0.18609454D-09      0.00000000D+00
  353  0.00099775      0.19527289D-09      0.00000000D+00
  354  0.00100996      0.20490265D-09      0.00000000D+00
  355  0.00102232      0.21500595D-09      0.00000000D+00
  356  0.00103483      0.22560598D-09      0.00000000D+00
  357  0.00104749      0.23672708D-09      0.00000000D+00
  358  0.00106031      0.24839477D-09      0.00000000D+00
  359  0.00107328      0.26063582D-09      0.00000000D+00
  360  0.00108642      0.27347828D-09      0.00000000D+00
  361  0.00109971      0.28695160D-09      0.00000000D+00
  362  0.00111317      0.30108665D-09      0.00000000D+00
  363  0.00112679      0.31591578D-09      0.00000000D+00
  364  0.00114058      0.33147296D-09      0.00000000D+00
  365  0.00115453      0.34779378D-09      0.00000000D+00
  366  0.00116866      0.36491558D-09      0.00000000D+00
  367  0.00118296      0.38287749D-09      0.00000000D+00
  368  0.00119744      0.40172056D-09      0.00000000D+00
  369  0.00121209      0.42148785D-09      0.00000000D+00
  370  0.00122692      0.44222448D-09      0.00000000D+00
  371  0.00124194      0.46397779D-09      0.00000000D+00
  372  0.00125713      0.48679739D-09      0.00000000D+00
  373  0.00127252      0.51073532D-09      0.00000000D+00
  374  0.00128809      0.53584614D-09      0.00000000D+00
  375  0.00130385      0.56218706D-09      0.00000000D+00
  376  0.00131981      0.58981804D-09      0.00000000D+00
  377  0.00133596      0.61880199D-09      0.00000000D+00
  378  0.00135230      0.64920482D-09      0.00000000D+00
  379  0.00136885      0.68109566D-09      0.00000000D+00
  380  0.00138560      0.71454699D-09      0.00000000D+00
  381  0.00140256      0.74963479D-09      0.00000000D+00
  382  0.00141972      0.78643870D-09      0.00000000D+00
  383  0.00143709      0.82504225D-09      0.00000000D+00
  384  0.00145468      0.86553296D-09      0.00000000D+00
  385  0.00147248      0.90800263D-09      0.00000000D+00
  386  0.00149050      0.95254745D-09      0.00000000D+00
  387  0.00150874      0.99926829D-09      0.00000000D+00
  388  0.00152720      0.10482709D-08      0.00000000D+00
  389  0.00154589      0.10996660D-08      0.00000000D+00
  390  0.00156480      0.11535698D-08      0.00000000D+00
  391  0.00158395      0.12101042D-08      0.00000000D+00
  392  0.00160333      0.12693967D-08      0.00000000D+00
  393  0.00162295      0.13315811D-08      0.00000000D+00
  394  0.00164281      0.13967976D-08      0.00000000D+00
  395  0.00166291      0.14651933D-08      0.00000000D+00
  396  0.00168326      0.15369221D-08      0.00000000D+00
  397  0.00170386      0.16121455D-08      0.00000000D+00
  398  0.00172471      0.16910327D-08      0.00000000D+00
  399  0.00174582      0.17737611D-08      0.00000000D+00
  400  0.00176718      0.18605164D-08      0.00000000D+00
  401  0.00178880      0.19514936D-08      0.00000000D+00
  402  0.00181069      0.20468966D-08      0.00000000D+00
  403  0.00183285      0.21469394D-08      0.00000000D+00
  404  0.00185528      0.22518462D-08      0.00000000D+00
  405  0.00187798      0.23618517D-08      0.00000000D+00
  406  0.00190096      0.24772022D-08      0.00000000D+00
  407  0.00192422      0.25981556D-08      0.00000000D+00
  408  0.00194777      0.27249820D-08      0.00000000D+00
  409  0.00197160      0.28579648D-08      0.00000000D+00
  410  0.00199573      0.29974004D-08      0.00000000D+00
  411  0.00202015      0.31435998D-08      0.00000000D+00
  412  0.00204487      0.32968887D-08      0.00000000D+00
  413  0.00206989      0.34576083D-08      0.00000000D+00
  414  0.00209522      0.36261160D-08      0.00000000D+00
  415  0.00212086      0.38027864D-08      0.00000000D+00
  416  0.00214681      0.39880117D-08      0.00000000D+00
  417  0.00217308      0.41822031D-08      0.00000000D+00
  418  0.00219968      0.43857911D-08      0.00000000D+00
  419  0.00222659      0.45992266D-08      0.00000000D+00
  420  0.00225384      0.48229821D-08      0.00000000D+00
  421  0.00228142      0.50575525D-08      0.00000000D+00
  422  0.00230934      0.53034560D-08      0.00000000D+00
  423  0.00233759      0.55612357D-08      0.00000000D+00
  424  0.00236620      0.58314600D-08      0.00000000D+00
  425  0.00239515      0.61147247D-08      0.00000000D+00
  426  0.00242446      0.64116533D-08      0.00000000D+00
  427  0.00245413      0.67228991D-08      0.00000000D+00
  428  0.00248416      0.70491462D-08      0.00000000D+00
  429  0.00251456      0.73911109D-08      0.00000000D+00
  430  0.00254533      0.77495434D-08      0.00000000D+00
  431  0.00257648      0.81252293D-08      0.00000000D+00
  432  0.00260800      0.85189911D-08      0.00000000D+00
  433  0.00263992      0.89316901D-08      0.00000000D+00
  434  0.00267222      0.93642281D-08      0.00000000D+00
  435  0.00270492      0.98175493D-08      0.00000000D+00
  436  0.00273802      0.10292642D-07      0.00000000D+00
  437  0.00277152      0.10790542D-07      0.00000000D+00
  438  0.00280544      0.11312332D-07      0.00000000D+00
  439  0.00283977      0.11859146D-07      0.00000000D+00
  440  0.00287452      0.12432172D-07      0.00000000D+00
  441  0.00290969      0.13032652D-07      0.00000000D+00
  442  0.00294530      0.13661889D-07      0.00000000D+00
  443  0.00298134      0.14321243D-07      0.00000000D+00
  444  0.00301782      0.15012140D-07      0.00000000D+00
  445  0.00305475      0.15736072D-07      0.00000000D+00
  446  0.00309213      0.16494600D-07      0.00000000D+00
  447  0.00312997      0.17289358D-07      0.00000000D+00
  448  0.00316827      0.18122056D-07      0.00000000D+00
  449  0.00320704      0.18994484D-07      0.00000000D+00
  450  0.00324628      0.19908513D-07      0.00000000D+00
  451  0.00328601      0.20866105D-07      0.00000000D+00
  452  0.00332622      0.21869308D-07      0.00000000D+00
  453  0.00336692      0.22920268D-07      0.00000000D+00
  454  0.00340812      0.24021228D-07      0.00000000D+00
  455  0.00344982      0.25174538D-07      0.00000000D+00
  456  0.00349204      0.26382652D-07      0.00000000D+00
  457  0.00353477      0.27648142D-07      0.00000000D+00
  458  0.00357802      0.28973694D-07      0.00000000D+00
  459  0.00362181      0.30362120D-07      0.00000000D+00
  460  0.00366613      0.31816361D-07      0.00000000D+00
  461  0.00371099      0.33339493D-07      0.00000000D+00
  462  0.00375640      0.34934732D-07      0.00000000D+00
  463  0.00380236      0.36605443D-07      0.00000000D+00
  464  0.00384889      0.38355143D-07      0.00000000D+00
  465  0.00389599      0.40187512D-07      0.00000000D+00
  466  0.00394366      0.42106397D-07      0.00000000D+00
  467  0.00399192      0.44115820D-07      0.00000000D+00
  468  0.00404077      0.46219986D-07      0.00000000D+00
  469  0.00409022      0.48423292D-07      0.00000000D+00
  470  0.00414027      0.50730334D-07      0.00000000D+00
  471  0.00419093      0.53145918D-07      0.00000000D+00
  472  0.00424221      0.55675066D-07      0.00000000D+00
  473  0.00429413      0.58323029D-07      0.00000000D+00
  474  0.00434667      0.61095295D-07      0.00000000D+00
  475  0.00439986      0.63997597D-07      0.00000000D+00
  476  0.00445370      0.67035930D-07      0.00000000D+00
  477  0.00450820      0.70216558D-07      0.00000000D+00
  478  0.00456337      0.73546025D-07      0.00000000D+00
  479  0.00461921      0.77031172D-07      0.00000000D+00
  480  0.00467573      0.80679142D-07      0.00000000D+00
  481  0.00473295      0.84497402D-07      0.00000000D+00
  482  0.00479086      0.88493752D-07      0.00000000D+00
  483  0.00484949      0.92676337D-07      0.00000000D+00
  484  0.00490883      0.97053669D-07      0.00000000D+00
  485  0.00496890      0.10163464D-06      0.00000000D+00
  486  0.00502970      0.10642852D-06      0.00000000D+00
  487  0.00509125      0.11144502D-06      0.00000000D+00
  488  0.00515355      0.11669427D-06      0.00000000D+00
  489  0.00521661      0.12218682D-06      0.00000000D+00
  490  0.00528045      0.12793373D-06      0.00000000D+00
  491  0.00534506      0.13394651D-06      0.00000000D+00
  492  0.00541047      0.14023721D-06      0.00000000D+00
  493  0.00547668      0.14681838D-06      0.00000000D+00
  494  0.00554369      0.15370313D-06      0.00000000D+00
  495  0.00561153      0.16090516D-06      0.00000000D+00
  496  0.00568020      0.16843873D-06      0.00000000D+00
  497  0.00574970      0.17631877D-06      0.00000000D+00
  498  0.00582006      0.18456082D-06      0.00000000D+00
  499  0.00589128      0.19318112D-06      0.00000000D+00
  500  0.00596337      0.20219659D-06      0.00000000D+00
  501  0.00603634      0.21162491D-06      0.00000000D+00
  502  0.00611021      0.22148451D-06      0.00000000D+00
  503  0.00618498      0.23179460D-06      0.00000000D+00
  504  0.00626066      0.24257524D-06      0.00000000D+00
  505  0.00633727      0.25384733D-06      0.00000000D+00
  506  0.00641482      0.26563269D-06      0.00000000D+00
  507  0.00649332      0.27795405D-06      0.00000000D+00
  508  0.00657277      0.29083511D-06      0.00000000D+00
  509  0.00665320      0.30430059D-06      0.00000000D+00
  510  0.00673462      0.31837625D-06      0.00000000D+00
  511  0.00681703      0.33308895D-06      0.00000000D+00
  512  0.00690045      0.34846668D-06      0.00000000D+00
  513  0.00698489      0.36453859D-06      0.00000000D+00
  514  0.00707036      0.38133509D-06      0.00000000D+00
  515  0.00715688      0.39888784D-06      0.00000000D+00
  516  0.00724445      0.41722983D-06      0.00000000D+00
  517  0.00733310      0.43639543D-06      0.00000000D+00
  518  0.00742284      0.45642043D-06      0.00000000D+00
  519  0.00751367      0.47734213D-06      0.00000000D+00
  520  0.00760561      0.49919933D-06      0.00000000D+00
  521  0.00769868      0.52203248D-06      0.00000000D+00
  522  0.00779289      0.54588366D-06      0.00000000D+00
  523  0.00788825      0.57079669D-06      0.00000000D+00
  524  0.00798477      0.59681718D-06      0.00000000D+00
  525  0.00808248      0.62399259D-06      0.00000000D+00
  526  0.00818138      0.65237234D-06      0.00000000D+00
  527  0.00828150      0.68200781D-06      0.00000000D+00
  528  0.00838284      0.71295250D-06      0.00000000D+00
  529  0.00848542      0.74526204D-06      0.00000000D+00
  530  0.00858925      0.77899429D-06      0.00000000D+00
  531  0.00869435      0.81420944D-06      0.00000000D+00
  532  0.00880074      0.85097007D-06      0.00000000D+00
  533  0.00890844      0.88934126D-06      0.00000000D+00
  534  0.00901745      0.92939065D-06      0.00000000D+00
  535  0.00912779      0.97118857D-06      0.00000000D+00
  536  0.00923949      0.10148081D-05      0.00000000D+00
  537  0.00935255      0.10603252D-05      0.00000000D+00
  538  0.00946699      0.11078187D-05      0.00000000D+00
  539  0.00958284      0.11573707D-05      0.00000000D+00
  540  0.00970010      0.12090662D-05      0.00000000D+00
  541  0.00981880      0.12629938D-05      0.00000000D+00
  542  0.00993895      0.13192452D-05      0.00000000D+00
  543  0.01006057      0.13779158D-05      0.00000000D+00
  544  0.01018368      0.14391046D-05      0.00000000D+00
  545  0.01030830      0.15029142D-05      0.00000000D+00
  546  0.01043444      0.15694514D-05      0.00000000D+00
  547  0.01056212      0.16388266D-05      0.00000000D+00
  548  0.01069137      0.17111547D-05      0.00000000D+00
  549  0.01082220      0.17865545D-05      0.00000000D+00
  550  0.01095462      0.18651496D-05      0.00000000D+00
  551  0.01108867      0.19470680D-05      0.00000000D+00
  552  0.01122436      0.20324422D-05      0.00000000D+00
  553  0.01136171      0.21214097D-05      0.00000000D+00
  554  0.01150074      0.22141130D-05      0.00000000D+00
  555  0.01164148      0.23106998D-05      0.00000000D+00
  556  0.01178393      0.24113229D-05      0.00000000D+00
  557  0.01192813      0.25161407D-05      0.00000000D+00
  558  0.01207409      0.26253171D-05      0.00000000D+00
  559  0.01222184      0.27390220D-05      0.00000000D+00
  560  0.01237139      0.28574309D-05      0.00000000D+00
  561  0.01252278      0.29807258D-05      0.00000000D+00
  562  0.01267602      0.31090947D-05      0.00000000D+00
  563  0.01283113      0.32427321D-05      0.00000000D+00
  564  0.01298814      0.33818392D-05      0.00000000D+00
  565  0.01314708      0.35266241D-05      0.00000000D+00
  566  0.01330795      0.36773016D-05      0.00000000D+00
  567  0.01347080      0.38340941D-05      0.00000000D+00
  568  0.01363564      0.39972309D-05      0.00000000D+00
  569  0.01380250      0.41669492D-05      0.00000000D+00
  570  0.01397139      0.43434938D-05      0.00000000D+00
  571  0.01414236      0.45271173D-05      0.00000000D+00
  572  0.01431542      0.47180805D-05      0.00000000D+00
  573  0.01449059      0.49166525D-05      0.00000000D+00
  574  0.01466791      0.51231109D-05      0.00000000D+00
  575  0.01484740      0.53377418D-05      0.00000000D+00
  576  0.01502908      0.55608404D-05      0.00000000D+00
  577  0.01521299      0.57927107D-05      0.00000000D+00
  578  0.01539915      0.60336658D-05      0.00000000D+00
  579  0.01558758      0.62840286D-05      0.00000000D+00
  580  0.01577832      0.65441311D-05      0.00000000D+00
  581  0.01597140      0.68143154D-05      0.00000000D+00
  582  0.01616684      0.70949332D-05      0.00000000D+00
  583  0.01636467      0.73863464D-05      0.00000000D+00
  584  0.01656492      0.76889270D-05      0.00000000D+00
  585  0.01676762      0.80030576D-05      0.00000000D+00
  586  0.01697280      0.83291311D-05      0.00000000D+00
  587  0.01718049      0.86675511D-05      0.00000000D+00
  588  0.01739073      0.90187320D-05      0.00000000D+00
  589  0.01760353      0.93830989D-05      0.00000000D+00
  590  0.01781895      0.97610883D-05      0.00000000D+00
  591  0.01803699      0.10153147D-04      0.00000000D+00
  592  0.01825771      0.10559735D-04      0.00000000D+00
  593  0.01848112      0.10981320D-04      0.00000000D+00
  594  0.01870727      0.11418385D-04      0.00000000D+00
  595  0.01893619      0.11871421D-04      0.00000000D+00
  596  0.01916791      0.12340932D-04      0.00000000D+00
  597  0.01940246      0.12827434D-04      0.00000000D+00
  598  0.01963988      0.13331452D-04      0.00000000D+00
  599  0.01988021      0.13853526D-04      0.00000000D+00
  600  0.02012348      0.14394204D-04      0.00000000D+00
  601  0.02036973      0.14954046D-04      0.00000000D+00
  602  0.02061899      0.15533623D-04      0.00000000D+00
  603  0.02087130      0.16133519D-04      0.00000000D+00
  604  0.02112670      0.16754326D-04      0.00000000D+00
  605  0.02138522      0.17396647D-04      0.00000000D+00
  606  0.02164690      0.18061097D-04      0.00000000D+00
  607  0.02191179      0.18748300D-04      0.00000000D+00
  608  0.02217992      0.19458890D-04      0.00000000D+00
  609  0.02245133      0.20193511D-04      0.00000000D+00
  610  0.02272607      0.20952814D-04      0.00000000D+00
  611  0.02300416      0.21737462D-04      0.00000000D+00
  612  0.02328566      0.22548123D-04      0.00000000D+00
  613  0.02357060      0.23385475D-04      0.00000000D+00
  614  0.02385903      0.24250201D-04      0.00000000D+00
  615  0.02415098      0.25142994D-04      0.00000000D+00
  616  0.02444651      0.26064549D-04      0.00000000D+00
  617  0.02474566      0.27015569D-04      0.00000000D+00
  618  0.02504847      0.27996760D-04      0.00000000D+00
  619  0.02535498      0.29008832D-04      0.00000000D+00
  620  0.02566524      0.30052498D-04      0.00000000D+00
  621  0.02597930      0.31128471D-04      0.00000000D+00
  622  0.02629721      0.32237468D-04      0.00000000D+00
  623  0.02661900      0.33380202D-04      0.00000000D+00
  624  0.02694473      0.34557387D-04      0.00000000D+00
  625  0.02727445      0.35769733D-04      0.00000000D+00
  626  0.02760820      0.37017947D-04      0.00000000D+00
  627  0.02794603      0.38302729D-04      0.00000000D+00
  628  0.02828800      0.39624772D-04      0.00000000D+00
  629  0.02863416      0.40984762D-04      0.00000000D+00
  630  0.02898455      0.42383374D-04      0.00000000D+00
  631  0.02933922      0.43821271D-04      0.00000000D+00
  632  0.02969824      0.45299102D-04      0.00000000D+00
  633  0.03006165      0.46817500D-04      0.00000000D+00
  634  0.03042951      0.48377082D-04      0.00000000D+00
  635  0.03080187      0.49978443D-04      0.00000000D+00
  636  0.03117879      0.51622157D-04      0.00000000D+00
  637  0.03156031      0.53308774D-04      0.00000000D+00
  638  0.03194651      0.55038818D-04      0.00000000D+00
  639  0.03233743      0.56812782D-04      0.00000000D+00
  640  0.03273314      0.58631127D-04      0.00000000D+00
  641  0.03313369      0.60494282D-04      0.00000000D+00
  642  0.03353914      0.62402637D-04      0.00000000D+00
  643  0.03394955      0.64356542D-04      0.00000000D+00
  644  0.03436498      0.66356303D-04      0.00000000D+00
  645  0.03478550      0.68402182D-04      0.00000000D+00
  646  0.03521116      0.70494389D-04      0.00000000D+00
  647  0.03564203      0.72633083D-04      0.00000000D+00
  648  0.03607817      0.74818366D-04      0.00000000D+00
  649  0.03651965      0.77050280D-04      0.00000000D+00
  650  0.03696654      0.79328805D-04      0.00000000D+00
  651  0.03741889      0.81653854D-04      0.00000000D+00
  652  0.03787678      0.84025269D-04      0.00000000D+00
  653  0.03834027      0.86442816D-04      0.00000000D+00
  654  0.03880943      0.88906186D-04      0.00000000D+00
  655  0.03928433      0.91414985D-04      0.00000000D+00
  656  0.03976504      0.93968735D-04      0.00000000D+00
  657  0.04025164      0.96566867D-04      0.00000000D+00
  658  0.04074419      0.99208716D-04      0.00000000D+00
  659  0.04124277      0.10189352D-03      0.00000000D+00
  660  0.04174745      0.10462042D-03      0.00000000D+00
  661  0.04225830      0.10738843D-03      0.00000000D+00
  662  0.04277541      0.11019649D-03      0.00000000D+00
  663  0.04329884      0.11304339D-03      0.00000000D+00
  664  0.04382868      0.11592781D-03      0.00000000D+00
  665  0.04436500      0.11884831D-03      0.00000000D+00
  666  0.04490788      0.12180333D-03      0.00000000D+00
  667  0.04545741      0.12479117D-03      0.00000000D+00
  668  0.04601366      0.12781000D-03      0.00000000D+00
  669  0.04657672      0.13085784D-03      0.00000000D+00
  670  0.04714667      0.13393258D-03      0.00000000D+00
  671  0.04772360      0.13703196D-03      0.00000000D+00
  672  0.04830758      0.14015357D-03      0.00000000D+00
  673  0.04889871      0.14329484D-03      0.00000000D+00
  674  0.04949707      0.14645305D-03      0.00000000D+00
  675  0.05010275      0.14962533D-03      0.00000000D+00
  676  0.05071585      0.15280864D-03      0.00000000D+00
  677  0.05133645      0.15599978D-03      0.00000000D+00
  678  0.05196464      0.15919539D-03      0.00000000D+00
  679  0.05260052      0.16239192D-03      0.00000000D+00
  680  0.05324418      0.16558568D-03      0.00000000D+00
  681  0.05389572      0.16877281D-03      0.00000000D+00
  682  0.05455523      0.17194926D-03      0.00000000D+00
  683  0.05522281      0.17511082D-03      0.00000000D+00
  684  0.05589856      0.17825313D-03      0.00000000D+00
  685  0.05658258      0.18137165D-03      0.00000000D+00
  686  0.05727497      0.18446165D-03      0.00000000D+00
  687  0.05797583      0.18751829D-03      0.00000000D+00
  688  0.05868527      0.19053652D-03      0.00000000D+00
  689  0.05940338      0.19351116D-03      0.00000000D+00
  690  0.06013029      0.19643687D-03      0.00000000D+00
  691  0.06086609      0.19930816D-03      0.00000000D+00
  692  0.06161090      0.20211941D-03      0.00000000D+00
  693  0.06236482      0.20486484D-03      0.00000000D+00
  694  0.06312796      0.20753858D-03      0.00000000D+00
  695  0.06390044      0.21013460D-03      0.00000000D+00
  696  0.06468238      0.21264677D-03      0.00000000D+00
  697  0.06547388      0.21506889D-03      0.00000000D+00
  698  0.06627507      0.21739462D-03      0.00000000D+00
  699  0.06708607      0.21961758D-03      0.00000000D+00
  700  0.06790698      0.22173131D-03      0.00000000D+00
  701  0.06873795      0.22372929D-03      0.00000000D+00
  702  0.06957908      0.22560497D-03      0.00000000D+00
  703  0.07043050      0.22735179D-03      0.00000000D+00
  704  0.07129234      0.22896316D-03      0.00000000D+00
  705  0.07216473      0.23043254D-03      0.00000000D+00
  706  0.07304779      0.23175338D-03      0.00000000D+00
  707  0.07394166      0.23291920D-03      0.00000000D+00
  708  0.07484647      0.23392362D-03      0.00000000D+00
  709  0.07576235      0.23476030D-03      0.00000000D+00
  710  0.07668944      0.23542308D-03      0.00000000D+00
  711  0.07762787      0.23590589D-03      0.00000000D+00
  712  0.07857779      0.23620286D-03      0.00000000D+00
  713  0.07953933      0.23630830D-03      0.00000000D+00
  714  0.08051263      0.23621675D-03      0.00000000D+00
  715  0.08149785      0.23592300D-03      0.00000000D+00
  716  0.08249512      0.23542210D-03      0.00000000D+00
  717  0.08350459      0.23470943D-03      0.00000000D+00
  718  0.08452642      0.23378069D-03      0.00000000D+00
  719  0.08556075      0.23263197D-03      0.00000000D+00
  720  0.08660774      0.23125972D-03      0.00000000D+00
  721  0.08766754      0.22966087D-03      0.00000000D+00
  722  0.08874031      0.22783279D-03      0.00000000D+00
  723  0.08982620      0.22577333D-03      0.00000000D+00
  724  0.09092538      0.22348091D-03      0.00000000D+00
  725  0.09203802      0.22095448D-03      0.00000000D+00
  726  0.09316427      0.21819359D-03      0.00000000D+00
  727  0.09430430      0.21519842D-03      0.00000000D+00
  728  0.09545828      0.21196981D-03      0.00000000D+00
  729  0.09662638      0.20850930D-03      0.00000000D+00
  730  0.09780878      0.20481913D-03      0.00000000D+00
  731  0.09900564      0.20090231D-03      0.00000000D+00
  732  0.10021715      0.19676263D-03      0.00000000D+00
  733  0.10144349      0.19240466D-03      0.00000000D+00
  734  0.10268483      0.18783384D-03      0.00000000D+00
  735  0.10394136      0.18305644D-03      0.00000000D+00
  736  0.10521327      0.17807963D-03      0.00000000D+00
  737  0.10650074      0.17291149D-03      0.00000000D+00
  738  0.10780396      0.16756098D-03      0.00000000D+00
  739  0.10912314      0.16203804D-03      0.00000000D+00
  740  0.11045845      0.15635353D-03      0.00000000D+00
  741  0.11181011      0.15051930D-03      0.00000000D+00
  742  0.11317830      0.14454812D-03      0.00000000D+00
  743  0.11456324      0.13845379D-03      0.00000000D+00
  744  0.11596513      0.13225102D-03      0.00000000D+00
  745  0.11738417      0.12595554D-03      0.00000000D+00
  746  0.11882057      0.11958401D-03      0.00000000D+00
  747  0.12027455      0.11315405D-03      0.00000000D+00
  748  0.12174632      0.10668420D-03      0.00000000D+00
  749  0.12323611      0.10019392D-03      0.00000000D+00
  750  0.12474412      0.93703550D-04      0.00000000D+00
  751  0.12627059      0.87234297D-04      0.00000000D+00
  752  0.12781573      0.80808173D-04      0.00000000D+00
  753  0.12937979      0.74447971D-04      0.00000000D+00
  754  0.13096298      0.68177216D-04      0.00000000D+00
  755  0.13256554      0.62020111D-04      0.00000000D+00
  756  0.13418772      0.56001480D-04      0.00000000D+00
  757  0.13582974      0.50146706D-04      0.00000000D+00
  758  0.13749186      0.44481661D-04      0.00000000D+00
  759  0.13917432      0.39032629D-04      0.00000000D+00
  760  0.14087736      0.33826231D-04      0.00000000D+00
  761  0.14260125      0.28889333D-04      0.00000000D+00
  762  0.14434623      0.24248959D-04      0.00000000D+00
  763  0.14611256      0.19932194D-04      0.00000000D+00
  764  0.14790051      0.15966078D-04      0.00000000D+00
  765  0.14971034      0.12377502D-04      0.00000000D+00
  766  0.15154231      0.91930984D-05      0.00000000D+00
  767  0.15339670      0.64391183D-05      0.00000000D+00
  768  0.15527378      0.41413159D-05      0.00000000D+00
  769  0.15717383      0.23248221D-05      0.00000000D+00
  770  0.15909713      0.10140168D-05      0.00000000D+00
  771  0.16104397      0.23239791D-06      0.00000000D+00
  772  0.16301463      0.24479504D-08      0.00000000D+00
  773  0.16500940      0.34549846D-06      0.00000000D+00
  774  0.16702858      0.12815932D-05      0.00000000D+00
  775  0.16907248      0.28293502D-05      0.00000000D+00
  776  0.17114138      0.50058242D-05      0.00000000D+00
  777  0.17323560      0.78263691D-05      0.00000000D+00
  778  0.17535544      0.11304502D-04      0.00000000D+00
  779  0.17750123      0.15451768D-04      0.00000000D+00
  780  0.17967327      0.20277611D-04      0.00000000D+00
  781  0.18187190      0.25789243D-04      0.00000000D+00
  782  0.18409742      0.31991525D-04      0.00000000D+00
  783  0.18635018      0.38886844D-04      0.00000000D+00
  784  0.18863051      0.46475005D-04      0.00000000D+00
  785  0.19093874      0.54753124D-04      0.00000000D+00
  786  0.19327521      0.63715532D-04      0.00000000D+00
  787  0.19564028      0.73353687D-04      0.00000000D+00
  788  0.19803428      0.83656095D-04      0.00000000D+00
  789  0.20045759      0.94608245D-04      0.00000000D+00
  790  0.20291054      0.10619255D-03      0.00000000D+00
  791  0.20539351      0.11838830D-03      0.00000000D+00
  792  0.20790687      0.13117164D-03      0.00000000D+00
  793  0.21045098      0.14451556D-03      0.00000000D+00
  794  0.21302622      0.15838985D-03      0.00000000D+00
  795  0.21563298      0.17276118D-03      0.00000000D+00
  796  0.21827163      0.18759309D-03      0.00000000D+00
  797  0.22094257      0.20284602D-03      0.00000000D+00
  798  0.22364620      0.21847741D-03      0.00000000D+00
  799  0.22638290      0.23444178D-03      0.00000000D+00
  800  0.22915310      0.25069080D-03      0.00000000D+00
  801  0.23195720      0.26717343D-03      0.00000000D+00
  802  0.23479561      0.28383606D-03      0.00000000D+00
  803  0.23766875      0.30062263D-03      0.00000000D+00
  804  0.24057705      0.31747487D-03      0.00000000D+00
  805  0.24352094      0.33433242D-03      0.00000000D+00
  806  0.24650085      0.35113309D-03      0.00000000D+00
  807  0.24951723      0.36781306D-03      0.00000000D+00
  808  0.25257051      0.38430716D-03      0.00000000D+00
  809  0.25566116      0.40054909D-03      0.00000000D+00
  810  0.25878963      0.41647171D-03      0.00000000D+00
  811  0.26195638      0.43200738D-03      0.00000000D+00
  812  0.26516189      0.44708820D-03      0.00000000D+00
  813  0.26840661      0.46164636D-03      0.00000000D+00
  814  0.27169104      0.47561450D-03      0.00000000D+00
  815  0.27501567      0.48892601D-03      0.00000000D+00
  816  0.27838097      0.50151539D-03      0.00000000D+00
  817  0.28178746      0.51331863D-03      0.00000000D+00
  818  0.28523563      0.52427357D-03      0.00000000D+00
  819  0.28872600      0.53432023D-03      0.00000000D+00
  820  0.29225907      0.54340124D-03      0.00000000D+00
  821  0.29583538      0.55146216D-03      0.00000000D+00
  822  0.29945545      0.55845185D-03      0.00000000D+00
  823  0.30311983      0.56432288D-03      0.00000000D+00
  824  0.30682904      0.56903181D-03      0.00000000D+00
  825  0.31058363      0.57253960D-03      0.00000000D+00
  826  0.31438418      0.57481192D-03      0.00000000D+00
  827  0.31823123      0.57581945D-03      0.00000000D+00
  828  0.32212535      0.57553822D-03      0.00000000D+00
  829  0.32606713      0.57394989D-03      0.00000000D+00
  830  0.33005714      0.57104198D-03      0.00000000D+00
  831  0.33409598      0.56680819D-03      0.00000000D+00
  832  0.33818424      0.56124852D-03      0.00000000D+00
  833  0.34232252      0.55436958D-03      0.00000000D+00
  834  0.34651145      0.54618464D-03      0.00000000D+00
  835  0.35075163      0.53671387D-03      0.00000000D+00
  836  0.35504370      0.52598435D-03      0.00000000D+00
  837  0.35938829      0.51403024D-03      0.00000000D+00
  838  0.36378605      0.50089273D-03      0.00000000D+00
  839  0.36823762      0.48662011D-03      0.00000000D+00
  840  0.37274366      0.47126767D-03      0.00000000D+00
  841  0.37730484      0.45489770D-03      0.00000000D+00
  842  0.38192184      0.43757932D-03      0.00000000D+00
  843  0.38659533      0.41938839D-03      0.00000000D+00
  844  0.39132601      0.40040726D-03      0.00000000D+00
  845  0.39611458      0.38072460D-03      0.00000000D+00
  846  0.40096175      0.36043508D-03      0.00000000D+00
  847  0.40586823      0.33963915D-03      0.00000000D+00
  848  0.41083475      0.31844262D-03      0.00000000D+00
  849  0.41586204      0.29695631D-03      0.00000000D+00
  850  0.42095085      0.27529567D-03      0.00000000D+00
  851  0.42610194      0.25358028D-03      0.00000000D+00
  852  0.43131605      0.23193341D-03      0.00000000D+00
  853  0.43659397      0.21048152D-03      0.00000000D+00
  854  0.44193648      0.18935365D-03      0.00000000D+00
  855  0.44734435      0.16868093D-03      0.00000000D+00
  856  0.45281841      0.14859597D-03      0.00000000D+00
  857  0.45835945      0.12923221D-03      0.00000000D+00
  858  0.46396829      0.11072333D-03      0.00000000D+00
  859  0.46964577      0.93202557D-04      0.00000000D+00
  860  0.47539272      0.76802055D-04      0.00000000D+00
  861  0.48120999      0.61652211D-04      0.00000000D+00
  862  0.48709846      0.47880970D-04      0.00000000D+00
  863  0.49305897      0.35613151D-04      0.00000000D+00
  864  0.49909242      0.24969768D-04      0.00000000D+00
  865  0.50519971      0.16067350D-04      0.00000000D+00
  866  0.51138173      0.90172754D-05      0.00000000D+00
  867  0.51763939      0.39251145D-05      0.00000000D+00
  868  0.52397363      0.88999343D-06      0.00000000D+00
  869  0.53038538      0.39745107D-08      0.00000000D+00
  870  0.53687559      0.13514634D-05      0.00000000D+00
  871  0.54344522      0.50086445D-05      0.00000000D+00
  872  0.55009523      0.11042949D-04      0.00000000D+00
  873  0.55682663      0.19512559D-04      0.00000000D+00
  874  0.56364039      0.30465951D-04      0.00000000D+00
  875  0.57053754      0.43941485D-04      0.00000000D+00
  876  0.57751908      0.59967039D-04      0.00000000D+00
  877  0.58458605      0.78559688D-04      0.00000000D+00
  878  0.59173950      0.99725446D-04      0.00000000D+00
  879  0.59898049      0.12345905D-03      0.00000000D+00
  880  0.60631008      0.14974383D-03      0.00000000D+00
  881  0.61372936      0.17855156D-03      0.00000000D+00
  882  0.62123943      0.20984249D-03      0.00000000D+00
  883  0.62884140      0.24356534D-03      0.00000000D+00
  884  0.63653639      0.27965737D-03      0.00000000D+00
  885  0.64432555      0.31804458D-03      0.00000000D+00
  886  0.65221002      0.35864184D-03      0.00000000D+00
  887  0.66019097      0.40135327D-03      0.00000000D+00
  888  0.66826958      0.44607246D-03      0.00000000D+00
  889  0.67644705      0.49268292D-03      0.00000000D+00
  890  0.68472458      0.54105854D-03      0.00000000D+00
  891  0.69310340      0.59106402D-03      0.00000000D+00
  892  0.70158476      0.64255549D-03      0.00000000D+00
  893  0.71016989      0.69538107D-03      0.00000000D+00
  894  0.71886009      0.74938151D-03      0.00000000D+00
  895  0.72765662      0.80439093D-03      0.00000000D+00
  896  0.73656079      0.86023750D-03      0.00000000D+00
  897  0.74557392      0.91674420D-03      0.00000000D+00
  898  0.75469735      0.97372966D-03      0.00000000D+00
  899  0.76393241      0.10310090D-02      0.00000000D+00
  900  0.77328048      0.10883945D-02      0.00000000D+00
  901  0.78274295      0.11456968D-02      0.00000000D+00
  902  0.79232120      0.12027254D-02      0.00000000D+00
  903  0.80201666      0.12592900D-02      0.00000000D+00
  904  0.81183076      0.13152009D-02      0.00000000D+00
  905  0.82176495      0.13702702D-02      0.00000000D+00
  906  0.83182071      0.14243129D-02      0.00000000D+00
  907  0.84199951      0.14771471D-02      0.00000000D+00
  908  0.85230288      0.15285956D-02      0.00000000D+00
  909  0.86273232      0.15784864D-02      0.00000000D+00
  910  0.87328938      0.16266535D-02      0.00000000D+00
  911  0.88397563      0.16729377D-02      0.00000000D+00
  912  0.89479265      0.17171875D-02      0.00000000D+00
  913  0.90574203      0.17592596D-02      0.00000000D+00
  914  0.91682539      0.17990198D-02      0.00000000D+00
  915  0.92804438      0.18363434D-02      0.00000000D+00
  916  0.93940066      0.18711157D-02      0.00000000D+00
  917  0.95089589      0.19032329D-02      0.00000000D+00
  918  0.96253180      0.19326018D-02      0.00000000D+00
  919  0.97431009      0.19591410D-02      0.00000000D+00
  920  0.98623250      0.19827807D-02      0.00000000D+00
  921  0.99830081      0.20034629D-02      0.00000000D+00
  922  1.01051680      0.20211418D-02      0.00000000D+00
  923  1.02288227      0.20357837D-02      0.00000000D+00
  924  1.03539905      0.20473671D-02      0.00000000D+00
  925  1.04806900      0.20558826D-02      0.00000000D+00
  926  1.06089399      0.20613329D-02      0.00000000D+00
  927  1.07387592      0.20637325D-02      0.00000000D+00
  928  1.08701670      0.20631071D-02      0.00000000D+00
  929  1.10031828      0.20594942D-02      0.00000000D+00
  930  1.11378263      0.20529418D-02      0.00000000D+00
  931  1.12741175      0.20435082D-02      0.00000000D+00
  932  1.14120763      0.20312621D-02      0.00000000D+00
  933  1.15517234      0.20162811D-02      0.00000000D+00
  934  1.16930793      0.19986520D-02      0.00000000D+00
  935  1.18361649      0.19784696D-02      0.00000000D+00
  936  1.19810014      0.19558364D-02      0.00000000D+00
  937  1.21276103      0.19308617D-02      0.00000000D+00
  938  1.22760132      0.19036612D-02      0.00000000D+00
  939  1.24262321      0.18743558D-02      0.00000000D+00
  940  1.25782891      0.18430715D-02      0.00000000D+00
  941  1.27322069      0.18099382D-02      0.00000000D+00
  942  1.28880081      0.17750891D-02      0.00000000D+00
  943  1.30457158      0.17386601D-02      0.00000000D+00
  944  1.32053533      0.17007889D-02      0.00000000D+00
  945  1.33669443      0.16616144D-02      0.00000000D+00
  946  1.35305126      0.16212759D-02      0.00000000D+00
  947  1.36960825      0.15799127D-02      0.00000000D+00
  948  1.38636785      0.15376632D-02      0.00000000D+00
  949  1.40333252      0.14946642D-02      0.00000000D+00
  950  1.42050479      0.14510507D-02      0.00000000D+00
  951  1.43788720      0.14069549D-02      0.00000000D+00
  952  1.45548230      0.13625061D-02      0.00000000D+00
  953  1.47329272      0.13178299D-02      0.00000000D+00
  954  1.49132108      0.12730478D-02      0.00000000D+00
  955  1.50957004      0.12282771D-02      0.00000000D+00
  956  1.52804232      0.11836300D-02      0.00000000D+00
  957  1.54674064      0.11392138D-02      0.00000000D+00
  958  1.56566776      0.10951304D-02      0.00000000D+00
  959  1.58482649      0.10514760D-02      0.00000000D+00
  960  1.60421966      0.10083411D-02      0.00000000D+00
  961  1.62385014      0.96580994D-03      0.00000000D+00
  962  1.64372084      0.92396103D-03      0.00000000D+00
  963  1.66383469      0.88286654D-03      0.00000000D+00
  964  1.68419466      0.84259246D-03      0.00000000D+00
  965  1.70480378      0.80319861D-03      0.00000000D+00
  966  1.72566509      0.76473863D-03      0.00000000D+00
  967  1.74678167      0.72726008D-03      0.00000000D+00
  968  1.76815665      0.69080452D-03      0.00000000D+00
  969  1.78979319      0.65540762D-03      0.00000000D+00
  970  1.81169450      0.62109937D-03      0.00000000D+00
  971  1.83386380      0.58790417D-03      0.00000000D+00
  972  1.85630439      0.55584109D-03      0.00000000D+00
  973  1.87901958      0.52492406D-03      0.00000000D+00
  974  1.90201272      0.49516211D-03      0.00000000D+00
  975  1.92528723      0.46655961D-03      0.00000000D+00
  976  1.94884655      0.43911650D-03      0.00000000D+00
  977  1.97269415      0.41282859D-03      0.00000000D+00
  978  1.99683357      0.38768783D-03      0.00000000D+00
  979  2.02126838      0.36368256D-03      0.00000000D+00
  980  2.04600220      0.34079776D-03      0.00000000D+00
  981  2.07103868      0.31901541D-03      0.00000000D+00
  982  2.09638152      0.29831467D-03      0.00000000D+00
  983  2.12203448      0.27867218D-03      0.00000000D+00
  984  2.14800134      0.26006231D-03      0.00000000D+00
  985  2.17428596      0.24245745D-03      0.00000000D+00
  986  2.20089222      0.22582814D-03      0.00000000D+00
  987  2.22782405      0.21014341D-03      0.00000000D+00
  988  2.25508544      0.19537091D-03      0.00000000D+00
  989  2.28268042      0.18147711D-03      0.00000000D+00
  990  2.31061308      0.16842747D-03      0.00000000D+00
  991  2.33888754      0.15618661D-03      0.00000000D+00
  992  2.36750799      0.14471840D-03      0.00000000D+00
  993  2.39647866      0.13398606D-03      0.00000000D+00
  994  2.42580384      0.12395225D-03      0.00000000D+00
  995  2.45548787      0.11457910D-03      0.00000000D+00
  996  2.48553513      0.10582820D-03      0.00000000D+00
  997  2.51595007      0.97660578D-04      0.00000000D+00
  998  2.54673720      0.90036640D-04      0.00000000D+00
  999  2.57790106      0.82916044D-04      0.00000000D+00
 1000  2.60944626      0.76257531D-04      0.00000000D+00
 1001  2.64137748      0.70018706D-04      0.00000000D+00
 1002  2.67369943      0.64155759D-04      0.00000000D+00
 1003  2.70641690      0.58692579D-04      0.00000000D+00
 1004  2.73953473      0.53615162D-04      0.00000000D+00
 1005  2.77305781      0.48923356D-04      0.00000000D+00
 1006  2.80699111      0.44603249D-04      0.00000000D+00
 1007  2.84133964      0.40634888D-04      0.00000000D+00
 1008  2.87610848      0.36993671D-04      0.00000000D+00
 1009  2.91130278      0.33651595D-04      0.00000000D+00
 1010  2.94692775      0.30578383D-04      0.00000000D+00
 1011  2.98298866      0.27742481D-04      0.00000000D+00
 1012  3.01949083      0.25111923D-04      0.00000000D+00
 1013  3.05643967      0.22655093D-04      0.00000000D+00
 1014  3.09384065      0.20345426D-04      0.00000000D+00
 1015  3.13169929      0.18178174D-04      0.00000000D+00
 1016  3.17002121      0.16147351D-04      0.00000000D+00
 1017  3.20881205      0.14255950D-04      0.00000000D+00
 1018  3.24807758      0.12508585D-04      0.00000000D+00
 1019  3.28782359      0.10910101D-04      0.00000000D+00
 1020  3.32805596      0.94571883D-05      0.00000000D+00
 1021  3.36878064      0.81451984D-05      0.00000000D+00
 1022  3.41000367      0.69655718D-05      0.00000000D+00
 1023  3.45173113      0.59080383D-05      0.00000000D+00
 1024  3.49396920      0.49617563D-05      0.00000000D+00
 1025  3.53672413      0.41167003D-05      0.00000000D+00
 1026  3.58000224      0.33636316D-05      0.00000000D+00
 1027  3.62380993      0.26940492D-05      0.00000000D+00
 1028  3.66815370      0.21001438D-05      0.00000000D+00
 1029  3.71304008      0.15747534D-05      0.00000000D+00
 1030  3.75847573      0.11113221D-05      0.00000000D+00
 1031  3.80446737      0.70386080D-06      0.00000000D+00
 1032  3.85102180      0.34691013D-06      0.00000000D+00
