 ir        r              f(r)*r^2
    1  0.00001244      0.10734087D-07
    2  0.00001259      0.10998255D-07
    3  0.00001274      0.11268923D-07
    4  0.00001290      0.11546249D-07
    5  0.00001306      0.11830399D-07
    6  0.00001322      0.12121540D-07
    7  0.00001338      0.12419843D-07
    8  0.00001354      0.12725486D-07
    9  0.00001371      0.13038648D-07
   10  0.00001388      0.13359514D-07
   11  0.00001405      0.13688274D-07
   12  0.00001422      0.14025122D-07
   13  0.00001439      0.14370257D-07
   14  0.00001457      0.14723882D-07
   15  0.00001475      0.15086206D-07
   16  0.00001493      0.15457444D-07
   17  0.00001511      0.15837814D-07
   18  0.00001529      0.16227541D-07
   19  0.00001548      0.16626856D-07
   20  0.00001567      0.17035992D-07
   21  0.00001586      0.17455193D-07
   22  0.00001606      0.17884706D-07
   23  0.00001625      0.18324784D-07
   24  0.00001645      0.18775687D-07
   25  0.00001665      0.19237681D-07
   26  0.00001686      0.19711039D-07
   27  0.00001706      0.20196039D-07
   28  0.00001727      0.20692969D-07
   29  0.00001748      0.21202122D-07
   30  0.00001770      0.21723798D-07
   31  0.00001791      0.22258304D-07
   32  0.00001813      0.22805957D-07
   33  0.00001836      0.23367079D-07
   34  0.00001858      0.23942002D-07
   35  0.00001881      0.24531064D-07
   36  0.00001904      0.25134614D-07
   37  0.00001927      0.25753007D-07
   38  0.00001951      0.26386608D-07
   39  0.00001975      0.27035791D-07
   40  0.00001999      0.27700939D-07
   41  0.00002023      0.28382444D-07
   42  0.00002048      0.29080709D-07
   43  0.00002073      0.29796144D-07
   44  0.00002098      0.30529173D-07
   45  0.00002124      0.31280227D-07
   46  0.00002150      0.32049749D-07
   47  0.00002176      0.32838194D-07
   48  0.00002203      0.33646025D-07
   49  0.00002230      0.34473721D-07
   50  0.00002257      0.35321767D-07
   51  0.00002285      0.36190666D-07
   52  0.00002313      0.37080928D-07
   53  0.00002341      0.37993080D-07
   54  0.00002370      0.38927657D-07
   55  0.00002399      0.39885213D-07
   56  0.00002428      0.40866310D-07
   57  0.00002458      0.41871528D-07
   58  0.00002488      0.42901459D-07
   59  0.00002518      0.43956710D-07
   60  0.00002549      0.45037903D-07
   61  0.00002580      0.46145675D-07
   62  0.00002612      0.47280680D-07
   63  0.00002644      0.48443585D-07
   64  0.00002676      0.49635076D-07
   65  0.00002709      0.50855856D-07
   66  0.00002742      0.52106644D-07
   67  0.00002776      0.53388176D-07
   68  0.00002810      0.54701207D-07
   69  0.00002844      0.56046512D-07
   70  0.00002879      0.57424883D-07
   71  0.00002914      0.58837131D-07
   72  0.00002950      0.60284089D-07
   73  0.00002986      0.61766609D-07
   74  0.00003022      0.63285563D-07
   75  0.00003059      0.64841847D-07
   76  0.00003097      0.66436377D-07
   77  0.00003135      0.68070093D-07
   78  0.00003173      0.69743955D-07
   79  0.00003212      0.71458949D-07
   80  0.00003251      0.73216086D-07
   81  0.00003291      0.75016400D-07
   82  0.00003331      0.76860950D-07
   83  0.00003372      0.78750822D-07
   84  0.00003413      0.80687129D-07
   85  0.00003455      0.82671011D-07
   86  0.00003497      0.84703634D-07
   87  0.00003540      0.86786196D-07
   88  0.00003583      0.88919921D-07
   89  0.00003627      0.91106066D-07
   90  0.00003672      0.93345916D-07
   91  0.00003717      0.95640789D-07
   92  0.00003762      0.97992035D-07
   93  0.00003808      0.10040104D-06
   94  0.00003855      0.10286921D-06
   95  0.00003902      0.10539802D-06
   96  0.00003950      0.10798893D-06
   97  0.00003998      0.11064348D-06
   98  0.00004047      0.11336323D-06
   99  0.00004096      0.11614977D-06
  100  0.00004146      0.11900474D-06
  101  0.00004197      0.12192983D-06
  102  0.00004249      0.12492676D-06
  103  0.00004301      0.12799727D-06
  104  0.00004353      0.13114319D-06
  105  0.00004406      0.13436635D-06
  106  0.00004460      0.13766865D-06
  107  0.00004515      0.14105204D-06
  108  0.00004570      0.14451850D-06
  109  0.00004626      0.14807006D-06
  110  0.00004683      0.15170881D-06
  111  0.00004740      0.15543690D-06
  112  0.00004798      0.15925650D-06
  113  0.00004857      0.16316987D-06
  114  0.00004916      0.16717930D-06
  115  0.00004976      0.17128715D-06
  116  0.00005037      0.17549582D-06
  117  0.00005099      0.17980779D-06
  118  0.00005161      0.18422559D-06
  119  0.00005224      0.18875181D-06
  120  0.00005288      0.19338911D-06
  121  0.00005353      0.19814021D-06
  122  0.00005419      0.20300790D-06
  123  0.00005485      0.20799503D-06
  124  0.00005552      0.21310453D-06
  125  0.00005620      0.21833940D-06
  126  0.00005689      0.22370270D-06
  127  0.00005758      0.22919759D-06
  128  0.00005829      0.23482728D-06
  129  0.00005900      0.24059508D-06
  130  0.00005972      0.24650436D-06
  131  0.00006045      0.25255860D-06
  132  0.00006119      0.25876133D-06
  133  0.00006194      0.26511620D-06
  134  0.00006270      0.27162693D-06
  135  0.00006347      0.27829733D-06
  136  0.00006424      0.28513132D-06
  137  0.00006503      0.29213288D-06
  138  0.00006583      0.29930614D-06
  139  0.00006663      0.30665528D-06
  140  0.00006745      0.31418460D-06
  141  0.00006827      0.32189853D-06
  142  0.00006911      0.32980157D-06
  143  0.00006995      0.33789835D-06
  144  0.00007081      0.34619361D-06
  145  0.00007168      0.35469220D-06
  146  0.00007255      0.36339910D-06
  147  0.00007344      0.37231939D-06
  148  0.00007434      0.38145830D-06
  149  0.00007525      0.39082117D-06
  150  0.00007617      0.40041348D-06
  151  0.00007710      0.41024083D-06
  152  0.00007805      0.42030897D-06
  153  0.00007900      0.43062379D-06
  154  0.00007997      0.44119131D-06
  155  0.00008095      0.45201770D-06
  156  0.00008194      0.46310930D-06
  157  0.00008294      0.47447258D-06
  158  0.00008395      0.48611418D-06
  159  0.00008498      0.49804089D-06
  160  0.00008602      0.51025968D-06
  161  0.00008707      0.52277769D-06
  162  0.00008814      0.53560221D-06
  163  0.00008922      0.54874074D-06
  164  0.00009031      0.56220093D-06
  165  0.00009141      0.57599065D-06
  166  0.00009253      0.59011793D-06
  167  0.00009367      0.60459101D-06
  168  0.00009481      0.61941834D-06
  169  0.00009597      0.63460854D-06
  170  0.00009715      0.65017049D-06
  171  0.00009834      0.66611324D-06
  172  0.00009954      0.68244608D-06
  173  0.00010076      0.69917854D-06
  174  0.00010199      0.71632034D-06
  175  0.00010324      0.73388149D-06
  176  0.00010450      0.75187219D-06
  177  0.00010578      0.77030292D-06
  178  0.00010707      0.78918440D-06
  179  0.00010838      0.80852762D-06
  180  0.00010971      0.82834384D-06
  181  0.00011105      0.84864457D-06
  182  0.00011241      0.86944163D-06
  183  0.00011379      0.89074709D-06
  184  0.00011518      0.91257334D-06
  185  0.00011659      0.93493307D-06
  186  0.00011802      0.95783926D-06
  187  0.00011946      0.98130522D-06
  188  0.00012092      0.10053446D-05
  189  0.00012240      0.10299713D-05
  190  0.00012390      0.10551996D-05
  191  0.00012542      0.10810442D-05
  192  0.00012695      0.11075201D-05
  193  0.00012850      0.11346426D-05
  194  0.00013008      0.11624275D-05
  195  0.00013167      0.11908908D-05
  196  0.00013328      0.12200491D-05
  197  0.00013491      0.12499193D-05
  198  0.00013656      0.12805185D-05
  199  0.00013823      0.13118647D-05
  200  0.00013992      0.13439759D-05
  201  0.00014164      0.13768706D-05
  202  0.00014337      0.14105680D-05
  203  0.00014512      0.14450875D-05
  204  0.00014690      0.14804492D-05
  205  0.00014870      0.15166733D-05
  206  0.00015052      0.15537809D-05
  207  0.00015236      0.15917934D-05
  208  0.00015422      0.16307328D-05
  209  0.00015611      0.16706215D-05
  210  0.00015802      0.17114826D-05
  211  0.00015995      0.17533396D-05
  212  0.00016191      0.17962167D-05
  213  0.00016389      0.18401387D-05
  214  0.00016590      0.18851308D-05
  215  0.00016793      0.19312190D-05
  216  0.00016998      0.19784298D-05
  217  0.00017206      0.20267904D-05
  218  0.00017417      0.20763287D-05
  219  0.00017630      0.21270732D-05
  220  0.00017846      0.21790531D-05
  221  0.00018064      0.22322982D-05
  222  0.00018285      0.22868392D-05
  223  0.00018509      0.23427075D-05
  224  0.00018735      0.23999351D-05
  225  0.00018965      0.24585550D-05
  226  0.00019197      0.25186006D-05
  227  0.00019432      0.25801066D-05
  228  0.00019669      0.26431083D-05
  229  0.00019910      0.27076416D-05
  230  0.00020154      0.27737437D-05
  231  0.00020400      0.28414524D-05
  232  0.00020650      0.29108065D-05
  233  0.00020903      0.29818458D-05
  234  0.00021158      0.30546107D-05
  235  0.00021417      0.31291431D-05
  236  0.00021679      0.32054855D-05
  237  0.00021945      0.32836816D-05
  238  0.00022213      0.33637759D-05
  239  0.00022485      0.34458144D-05
  240  0.00022760      0.35298437D-05
  241  0.00023039      0.36159120D-05
  242  0.00023321      0.37040681D-05
  243  0.00023606      0.37943625D-05
  244  0.00023895      0.38868465D-05
  245  0.00024187      0.39815728D-05
  246  0.00024483      0.40785954D-05
  247  0.00024783      0.41779695D-05
  248  0.00025086      0.42797515D-05
  249  0.00025393      0.43839993D-05
  250  0.00025704      0.44907723D-05
  251  0.00026018      0.46001309D-05
  252  0.00026337      0.47121372D-05
  253  0.00026659      0.48268549D-05
  254  0.00026985      0.49443489D-05
  255  0.00027315      0.50646859D-05
  256  0.00027650      0.51879339D-05
  257  0.00027988      0.53141627D-05
  258  0.00028330      0.54434439D-05
  259  0.00028677      0.55758503D-05
  260  0.00029028      0.57114570D-05
  261  0.00029383      0.58503404D-05
  262  0.00029743      0.59925790D-05
  263  0.00030107      0.61382529D-05
  264  0.00030475      0.62874444D-05
  265  0.00030848      0.64402374D-05
  266  0.00031226      0.65967181D-05
  267  0.00031608      0.67569744D-05
  268  0.00031994      0.69210965D-05
  269  0.00032386      0.70891767D-05
  270  0.00032782      0.72613093D-05
  271  0.00033183      0.74375909D-05
  272  0.00033589      0.76181204D-05
  273  0.00034000      0.78029990D-05
  274  0.00034417      0.79923303D-05
  275  0.00034838      0.81862203D-05
  276  0.00035264      0.83847773D-05
  277  0.00035695      0.85881124D-05
  278  0.00036132      0.87963392D-05
  279  0.00036574      0.90095738D-05
  280  0.00037022      0.92279353D-05
  281  0.00037475      0.94515452D-05
  282  0.00037934      0.96805282D-05
  283  0.00038398      0.99150116D-05
  284  0.00038868      0.10155126D-04
  285  0.00039343      0.10401004D-04
  286  0.00039825      0.10652784D-04
  287  0.00040312      0.10910603D-04
  288  0.00040805      0.11174606D-04
  289  0.00041305      0.11444939D-04
  290  0.00041810      0.11721750D-04
  291  0.00042322      0.12005194D-04
  292  0.00042840      0.12295426D-04
  293  0.00043364      0.12592607D-04
  294  0.00043894      0.12896901D-04
  295  0.00044432      0.13208475D-04
  296  0.00044975      0.13527502D-04
  297  0.00045526      0.13854155D-04
  298  0.00046083      0.14188615D-04
  299  0.00046647      0.14531065D-04
  300  0.00047217      0.14881694D-04
  301  0.00047795      0.15240693D-04
  302  0.00048380      0.15608258D-04
  303  0.00048972      0.15984591D-04
  304  0.00049571      0.16369897D-04
  305  0.00050178      0.16764386D-04
  306  0.00050792      0.17168274D-04
  307  0.00051413      0.17581780D-04
  308  0.00052043      0.18005129D-04
  309  0.00052679      0.18438551D-04
  310  0.00053324      0.18882281D-04
  311  0.00053977      0.19336561D-04
  312  0.00054637      0.19801635D-04
  313  0.00055306      0.20277756D-04
  314  0.00055982      0.20765180D-04
  315  0.00056667      0.21264171D-04
  316  0.00057361      0.21774998D-04
  317  0.00058063      0.22297935D-04
  318  0.00058773      0.22833263D-04
  319  0.00059492      0.23381271D-04
  320  0.00060220      0.23942252D-04
  321  0.00060957      0.24516507D-04
  322  0.00061703      0.25104342D-04
  323  0.00062458      0.25706073D-04
  324  0.00063223      0.26322018D-04
  325  0.00063996      0.26952508D-04
  326  0.00064779      0.27597878D-04
  327  0.00065572      0.28258470D-04
  328  0.00066374      0.28934635D-04
  329  0.00067187      0.29626730D-04
  330  0.00068009      0.30335124D-04
  331  0.00068841      0.31060189D-04
  332  0.00069683      0.31802308D-04
  333  0.00070536      0.32561872D-04
  334  0.00071399      0.33339281D-04
  335  0.00072273      0.34134942D-04
  336  0.00073157      0.34949274D-04
  337  0.00074053      0.35782702D-04
  338  0.00074959      0.36635661D-04
  339  0.00075876      0.37508598D-04
  340  0.00076804      0.38401966D-04
  341  0.00077744      0.39316230D-04
  342  0.00078696      0.40251866D-04
  343  0.00079659      0.41209357D-04
  344  0.00080633      0.42189200D-04
  345  0.00081620      0.43191899D-04
  346  0.00082619      0.44217973D-04
  347  0.00083630      0.45267950D-04
  348  0.00084653      0.46342367D-04
  349  0.00085689      0.47441777D-04
  350  0.00086738      0.48566742D-04
  351  0.00087799      0.49717837D-04
  352  0.00088873      0.50895647D-04
  353  0.00089961      0.52100773D-04
  354  0.00091062      0.53333826D-04
  355  0.00092176      0.54595431D-04
  356  0.00093304      0.55886226D-04
  357  0.00094446      0.57206861D-04
  358  0.00095601      0.58558002D-04
  359  0.00096771      0.59940328D-04
  360  0.00097956      0.61354531D-04
  361  0.00099154      0.62801319D-04
  362  0.00100367      0.64281413D-04
  363  0.00101596      0.65795551D-04
  364  0.00102839      0.67344484D-04
  365  0.00104097      0.68928981D-04
  366  0.00105371      0.70549823D-04
  367  0.00106661      0.72207812D-04
  368  0.00107966      0.73903761D-04
  369  0.00109287      0.75638504D-04
  370  0.00110624      0.77412889D-04
  371  0.00111978      0.79227782D-04
  372  0.00113348      0.81084068D-04
  373  0.00114735      0.82982646D-04
  374  0.00116139      0.84924438D-04
  375  0.00117560      0.86910380D-04
  376  0.00118999      0.88941429D-04
  377  0.00120455      0.91018560D-04
  378  0.00121929      0.93142768D-04
  379  0.00123421      0.95315067D-04
  380  0.00124931      0.97536491D-04
  381  0.00126460      0.99808094D-04
  382  0.00128007      0.10213095D-03
  383  0.00129574      0.10450616D-03
  384  0.00131159      0.10693483D-03
  385  0.00132764      0.10941811D-03
  386  0.00134389      0.11195715D-03
  387  0.00136034      0.11455314D-03
  388  0.00137698      0.11720728D-03
  389  0.00139383      0.11992079D-03
  390  0.00141089      0.12269494D-03
  391  0.00142815      0.12553099D-03
  392  0.00144563      0.12843024D-03
  393  0.00146332      0.13139401D-03
  394  0.00148122      0.13442365D-03
  395  0.00149935      0.13752053D-03
  396  0.00151770      0.14068605D-03
  397  0.00153627      0.14392162D-03
  398  0.00155507      0.14722870D-03
  399  0.00157410      0.15060875D-03
  400  0.00159336      0.15406327D-03
  401  0.00161286      0.15759380D-03
  402  0.00163259      0.16120189D-03
  403  0.00165257      0.16488911D-03
  404  0.00167279      0.16865707D-03
  405  0.00169326      0.17250741D-03
  406  0.00171398      0.17644180D-03
  407  0.00173495      0.18046192D-03
  408  0.00175619      0.18456950D-03
  409  0.00177768      0.18876628D-03
  410  0.00179943      0.19305406D-03
  411  0.00182145      0.19743463D-03
  412  0.00184374      0.20190983D-03
  413  0.00186630      0.20648155D-03
  414  0.00188913      0.21115166D-03
  415  0.00191225      0.21592211D-03
  416  0.00193565      0.22079486D-03
  417  0.00195934      0.22577190D-03
  418  0.00198331      0.23085525D-03
  419  0.00200758      0.23604696D-03
  420  0.00203215      0.24134913D-03
  421  0.00205702      0.24676387D-03
  422  0.00208219      0.25229334D-03
  423  0.00210767      0.25793971D-03
  424  0.00213346      0.26370519D-03
  425  0.00215956      0.26959205D-03
  426  0.00218599      0.27560255D-03
  427  0.00221274      0.28173900D-03
  428  0.00223982      0.28800376D-03
  429  0.00226723      0.29439919D-03
  430  0.00229497      0.30092771D-03
  431  0.00232305      0.30759176D-03
  432  0.00235148      0.31439381D-03
  433  0.00238025      0.32133638D-03
  434  0.00240938      0.32842198D-03
  435  0.00243886      0.33565321D-03
  436  0.00246871      0.34303266D-03
  437  0.00249892      0.35056296D-03
  438  0.00252949      0.35824679D-03
  439  0.00256045      0.36608684D-03
  440  0.00259178      0.37408583D-03
  441  0.00262349      0.38224654D-03
  442  0.00265560      0.39057174D-03
  443  0.00268809      0.39906426D-03
  444  0.00272099      0.40772694D-03
  445  0.00275428      0.41656267D-03
  446  0.00278799      0.42557435D-03
  447  0.00282210      0.43476491D-03
  448  0.00285664      0.44413733D-03
  449  0.00289159      0.45369457D-03
  450  0.00292698      0.46343967D-03
  451  0.00296279      0.47337566D-03
  452  0.00299905      0.48350559D-03
  453  0.00303575      0.49383257D-03
  454  0.00307289      0.50435969D-03
  455  0.00311050      0.51509010D-03
  456  0.00314856      0.52602693D-03
  457  0.00318709      0.53717336D-03
  458  0.00322609      0.54853258D-03
  459  0.00326556      0.56010778D-03
  460  0.00330552      0.57190220D-03
  461  0.00334597      0.58391906D-03
  462  0.00338692      0.59616160D-03
  463  0.00342836      0.60863309D-03
  464  0.00347031      0.62133679D-03
  465  0.00351278      0.63427596D-03
  466  0.00355576      0.64745389D-03
  467  0.00359927      0.66087386D-03
  468  0.00364332      0.67453914D-03
  469  0.00368790      0.68845302D-03
  470  0.00373303      0.70261878D-03
  471  0.00377871      0.71703967D-03
  472  0.00382495      0.73171898D-03
  473  0.00387175      0.74665994D-03
  474  0.00391913      0.76186580D-03
  475  0.00396709      0.77733978D-03
  476  0.00401563      0.79308508D-03
  477  0.00406477      0.80910489D-03
  478  0.00411451      0.82540235D-03
  479  0.00416486      0.84198060D-03
  480  0.00421582      0.85884273D-03
  481  0.00426741      0.87599179D-03
  482  0.00431963      0.89343080D-03
  483  0.00437249      0.91116275D-03
  484  0.00442599      0.92919055D-03
  485  0.00448015      0.94751709D-03
  486  0.00453498      0.96614517D-03
  487  0.00459047      0.98507757D-03
  488  0.00464664      0.10043170D-02
  489  0.00470350      0.10238660D-02
  490  0.00476106      0.10437272D-02
  491  0.00481932      0.10639030D-02
  492  0.00487829      0.10843959D-02
  493  0.00493799      0.11052081D-02
  494  0.00499841      0.11263418D-02
  495  0.00505958      0.11477991D-02
  496  0.00512149      0.11695821D-02
  497  0.00518416      0.11916924D-02
  498  0.00524760      0.12141320D-02
  499  0.00531181      0.12369025D-02
  500  0.00537681      0.12600052D-02
  501  0.00544260      0.12834417D-02
  502  0.00550920      0.13072130D-02
  503  0.00557662      0.13313202D-02
  504  0.00564486      0.13557642D-02
  505  0.00571393      0.13805457D-02
  506  0.00578385      0.14056652D-02
  507  0.00585463      0.14311231D-02
  508  0.00592627      0.14569195D-02
  509  0.00599879      0.14830544D-02
  510  0.00607220      0.15095274D-02
  511  0.00614650      0.15363382D-02
  512  0.00622171      0.15634859D-02
  513  0.00629785      0.15909697D-02
  514  0.00637491      0.16187882D-02
  515  0.00645292      0.16469401D-02
  516  0.00653188      0.16754235D-02
  517  0.00661181      0.17042365D-02
  518  0.00669272      0.17333768D-02
  519  0.00677462      0.17628417D-02
  520  0.00685752      0.17926283D-02
  521  0.00694143      0.18227334D-02
  522  0.00702637      0.18531534D-02
  523  0.00711235      0.18838843D-02
  524  0.00719938      0.19149220D-02
  525  0.00728748      0.19462617D-02
  526  0.00737666      0.19778984D-02
  527  0.00746692      0.20098268D-02
  528  0.00755829      0.20420409D-02
  529  0.00765078      0.20745347D-02
  530  0.00774441      0.21073013D-02
  531  0.00783917      0.21403338D-02
  532  0.00793510      0.21736246D-02
  533  0.00803220      0.22071657D-02
  534  0.00813049      0.22409485D-02
  535  0.00822998      0.22749642D-02
  536  0.00833069      0.23092033D-02
  537  0.00843263      0.23436557D-02
  538  0.00853581      0.23783110D-02
  539  0.00864027      0.24131582D-02
  540  0.00874599      0.24481856D-02
  541  0.00885302      0.24833811D-02
  542  0.00896135      0.25187319D-02
  543  0.00907101      0.25542249D-02
  544  0.00918201      0.25898459D-02
  545  0.00929437      0.26255806D-02
  546  0.00940810      0.26614138D-02
  547  0.00952322      0.26973298D-02
  548  0.00963976      0.27333120D-02
  549  0.00975772      0.27693436D-02
  550  0.00987712      0.28054066D-02
  551  0.00999798      0.28414829D-02
  552  0.01012033      0.28775532D-02
  553  0.01024417      0.29135979D-02
  554  0.01036952      0.29495964D-02
  555  0.01049641      0.29855276D-02
  556  0.01062485      0.30213696D-02
  557  0.01075487      0.30570999D-02
  558  0.01088647      0.30926951D-02
  559  0.01101969      0.31281312D-02
  560  0.01115453      0.31633834D-02
  561  0.01129103      0.31984261D-02
  562  0.01142920      0.32332332D-02
  563  0.01156905      0.32677776D-02
  564  0.01171062      0.33020316D-02
  565  0.01185392      0.33359667D-02
  566  0.01199897      0.33695538D-02
  567  0.01214580      0.34027628D-02
  568  0.01229443      0.34355632D-02
  569  0.01244487      0.34679235D-02
  570  0.01259716      0.34998116D-02
  571  0.01275131      0.35311948D-02
  572  0.01290734      0.35620394D-02
  573  0.01306529      0.35923114D-02
  574  0.01322516      0.36219758D-02
  575  0.01338700      0.36509972D-02
  576  0.01355081      0.36793394D-02
  577  0.01371663      0.37069656D-02
  578  0.01388448      0.37338386D-02
  579  0.01405438      0.37599202D-02
  580  0.01422636      0.37851722D-02
  581  0.01440044      0.38095556D-02
  582  0.01457666      0.38330307D-02
  583  0.01475503      0.38555578D-02
  584  0.01493558      0.38770965D-02
  585  0.01511835      0.38976061D-02
  586  0.01530335      0.39170456D-02
  587  0.01549061      0.39353735D-02
  588  0.01568016      0.39525484D-02
  589  0.01587204      0.39685285D-02
  590  0.01606626      0.39832719D-02
  591  0.01626286      0.39967365D-02
  592  0.01646187      0.40088804D-02
  593  0.01666331      0.40196615D-02
  594  0.01686721      0.40290381D-02
  595  0.01707361      0.40369683D-02
  596  0.01728254      0.40434108D-02
  597  0.01749402      0.40483243D-02
  598  0.01770809      0.40516682D-02
  599  0.01792478      0.40534022D-02
  600  0.01814412      0.40534866D-02
  601  0.01836615      0.40518825D-02
  602  0.01859089      0.40485514D-02
  603  0.01881838      0.40434562D-02
  604  0.01904866      0.40365602D-02
  605  0.01928175      0.40278281D-02
  606  0.01951770      0.40172257D-02
  607  0.01975653      0.40047201D-02
  608  0.01999829      0.39902796D-02
  609  0.02024301      0.39738745D-02
  610  0.02049071      0.39554761D-02
  611  0.02074146      0.39350581D-02
  612  0.02099526      0.39125956D-02
  613  0.02125218      0.38880660D-02
  614  0.02151224      0.38614488D-02
  615  0.02177548      0.38327259D-02
  616  0.02204194      0.38018815D-02
  617  0.02231166      0.37689025D-02
  618  0.02258468      0.37337786D-02
  619  0.02286105      0.36965023D-02
  620  0.02314079      0.36570692D-02
  621  0.02342396      0.36154781D-02
  622  0.02371060      0.35717310D-02
  623  0.02400074      0.35258338D-02
  624  0.02429443      0.34777958D-02
  625  0.02459171      0.34276301D-02
  626  0.02489264      0.33753540D-02
  627  0.02519724      0.33209889D-02
  628  0.02550558      0.32645603D-02
  629  0.02581768      0.32060986D-02
  630  0.02613361      0.31456384D-02
  631  0.02645340      0.30832194D-02
  632  0.02677710      0.30188860D-02
  633  0.02710477      0.29526880D-02
  634  0.02743644      0.28846802D-02
  635  0.02777218      0.28149228D-02
  636  0.02811202      0.27434817D-02
  637  0.02845602      0.26704282D-02
  638  0.02880423      0.25958396D-02
  639  0.02915670      0.25197990D-02
  640  0.02951349      0.24423955D-02
  641  0.02987464      0.23637245D-02
  642  0.03024020      0.22838874D-02
  643  0.03061025      0.22029921D-02
  644  0.03098482      0.21211526D-02
  645  0.03136397      0.20384896D-02
  646  0.03174777      0.19551303D-02
  647  0.03213626      0.18712084D-02
  648  0.03252950      0.17868639D-02
  649  0.03292756      0.17022439D-02
  650  0.03333048      0.16175015D-02
  651  0.03373834      0.15327967D-02
  652  0.03415119      0.14482960D-02
  653  0.03456909      0.13641722D-02
  654  0.03499211      0.12806044D-02
  655  0.03542030      0.11977782D-02
  656  0.03585373      0.11158851D-02
  657  0.03629246      0.10351228D-02
  658  0.03673656      0.95569461D-03
  659  0.03718610      0.87780960D-03
  660  0.03764114      0.80168220D-03
  661  0.03810175      0.72753200D-03
  662  0.03856799      0.65558346D-03
  663  0.03903994      0.58606562D-03
  664  0.03951766      0.51921178D-03
  665  0.04000123      0.45525910D-03
  666  0.04049071      0.39444824D-03
  667  0.04098619      0.33702291D-03
  668  0.04148773      0.28322946D-03
  669  0.04199541      0.23331633D-03
  670  0.04250929      0.18753356D-03
  671  0.04302947      0.14613226D-03
  672  0.04355601      0.10936397D-03
  673  0.04408900      0.77480093D-04
  674  0.04462851      0.50731194D-04
  675  0.04517461      0.29366351D-04
  676  0.04572741      0.13632419D-04
  677  0.04628696      0.37732778D-05
  678  0.04685337      0.29052601D-07
  679  0.04742670      0.26352982D-05
  680  0.04800705      0.11822154D-04
  681  0.04859450      0.27813470D-04
  682  0.04918914      0.50825907D-04
  683  0.04979106      0.81068004D-04
  684  0.05040034      0.11873923D-03
  685  0.05101708      0.16402900D-03
  686  0.05164136      0.21711570D-03
  687  0.05227329      0.27816564D-03
  688  0.05291294      0.34733204D-03
  689  0.05356043      0.42475400D-03
  690  0.05421584      0.51055539D-03
  691  0.05487926      0.60484387D-03
  692  0.05555081      0.70770976D-03
  693  0.05623057      0.81922497D-03
  694  0.05691865      0.93944201D-03
  695  0.05761515      0.10683928D-02
  696  0.05832018      0.12060879D-02
  697  0.05903383      0.13525151D-02
  698  0.05975621      0.15076386D-02
  699  0.06048744      0.16713983D-02
  700  0.06122761      0.18437084D-02
  701  0.06197684      0.20244567D-02
  702  0.06273523      0.22135039D-02
  703  0.06350291      0.24106825D-02
  704  0.06427998      0.26157962D-02
  705  0.06506656      0.28286194D-02
  706  0.06586277      0.30488960D-02
  707  0.06666871      0.32763396D-02
  708  0.06748452      0.35106323D-02
  709  0.06831032      0.37514250D-02
  710  0.06914622      0.39983367D-02
  711  0.06999234      0.42509544D-02
  712  0.07084882      0.45088331D-02
  713  0.07171579      0.47714957D-02
  714  0.07259336      0.50384336D-02
  715  0.07348166      0.53091063D-02
  716  0.07438084      0.55829426D-02
  717  0.07529102      0.58593405D-02
  718  0.07621234      0.61376684D-02
  719  0.07714494      0.64172659D-02
  720  0.07808894      0.66974445D-02
  721  0.07904450      0.69774893D-02
  722  0.08001175      0.72566601D-02
  723  0.08099084      0.75341928D-02
  724  0.08198190      0.78093016D-02
  725  0.08298510      0.80811804D-02
  726  0.08400057      0.83490049D-02
  727  0.08502847      0.86119353D-02
  728  0.08606894      0.88691184D-02
  729  0.08712215      0.91196901D-02
  730  0.08818824      0.93627785D-02
  731  0.08926738      0.95975065D-02
  732  0.09035973      0.98229955D-02
  733  0.09146544      0.10038368D-01
  734  0.09258468      0.10242752D-01
  735  0.09371762      0.10435283D-01
  736  0.09486442      0.10615110D-01
  737  0.09602526      0.10781397D-01
  738  0.09720030      0.10933331D-01
  739  0.09838971      0.11070119D-01
  740  0.09959369      0.11191000D-01
  741  0.10081239      0.11295245D-01
  742  0.10204601      0.11382163D-01
  743  0.10329473      0.11451105D-01
  744  0.10455872      0.11501467D-01
  745  0.10583818      0.11532697D-01
  746  0.10713330      0.11544298D-01
  747  0.10844427      0.11535834D-01
  748  0.10977128      0.11506933D-01
  749  0.11111452      0.11457291D-01
  750  0.11247421      0.11386677D-01
  751  0.11385053      0.11294938D-01
  752  0.11524369      0.11182002D-01
  753  0.11665390      0.11047881D-01
  754  0.11808137      0.10892678D-01
  755  0.11952631      0.10716585D-01
  756  0.12098893      0.10519890D-01
  757  0.12246944      0.10302980D-01
  758  0.12396807      0.10066339D-01
  759  0.12548504      0.98105573D-02
  760  0.12702057      0.95363260D-02
  761  0.12857490      0.92444423D-02
  762  0.13014824      0.89358097D-02
  763  0.13174083      0.86114373D-02
  764  0.13335292      0.82724408D-02
  765  0.13498473      0.79200408D-02
  766  0.13663651      0.75555621D-02
  767  0.13830850      0.71804316D-02
  768  0.14000095      0.67961759D-02
  769  0.14171411      0.64044184D-02
  770  0.14344823      0.60068749D-02
  771  0.14520358      0.56053501D-02
  772  0.14698040      0.52017320D-02
  773  0.14877897      0.47979866D-02
  774  0.15059954      0.43961510D-02
  775  0.15244240      0.39983272D-02
  776  0.15430780      0.36066736D-02
  777  0.15619603      0.32233974D-02
  778  0.15810737      0.28507451D-02
  779  0.16004209      0.24909937D-02
  780  0.16200049      0.21464395D-02
  781  0.16398286      0.18193887D-02
  782  0.16598948      0.15121450D-02
  783  0.16802065      0.12269988D-02
  784  0.17007669      0.96621473D-03
  785  0.17215788      0.73201914D-03
  786  0.17426454      0.52658731D-03
  787  0.17639697      0.35203038D-03
  788  0.17855550      0.21038196D-03
  789  0.18074045      0.10358473D-03
  790  0.18295213      0.33476884D-04
  791  0.18519087      0.17786044D-05
  792  0.18745701      0.10078647D-04
  793  0.18975088      0.59821071D-04
  794  0.19207282      0.15229225D-03
  795  0.19442317      0.28860822D-03
  796  0.19680229      0.46970248D-03
  797  0.19921051      0.69631432D-03
  798  0.20164821      0.96897779D-03
  799  0.20411573      0.12880114D-02
  800  0.20661345      0.16535086D-02
  801  0.20914174      0.20653293D-02
  802  0.21170096      0.25230921D-02
  803  0.21429149      0.30261681D-02
  804  0.21691373      0.35736753D-02
  805  0.21956806      0.41644751D-02
  806  0.22225486      0.47971689D-02
  807  0.22497455      0.54700975D-02
  808  0.22772751      0.61813411D-02
  809  0.23051416      0.69287210D-02
  810  0.23333491      0.77098034D-02
  811  0.23619018      0.85219038D-02
  812  0.23908039      0.93620943D-02
  813  0.24200596      0.10227212D-01
  814  0.24496734      0.11113869D-01
  815  0.24796495      0.12018463D-01
  816  0.25099924      0.12937196D-01
  817  0.25407066      0.13866081D-01
  818  0.25717967      0.14800967D-01
  819  0.26032672      0.15737554D-01
  820  0.26351228      0.16671413D-01
  821  0.26673682      0.17598010D-01
  822  0.27000082      0.18512724D-01
  823  0.27330476      0.19410879D-01
  824  0.27664913      0.20287762D-01
  825  0.28003442      0.21138656D-01
  826  0.28346114      0.21958862D-01
  827  0.28692980      0.22743733D-01
  828  0.29044089      0.23488696D-01
  829  0.29399495      0.24189290D-01
  830  0.29759250      0.24841189D-01
  831  0.30123408      0.25440236D-01
  832  0.30492021      0.25982468D-01
  833  0.30865145      0.26464153D-01
  834  0.31242835      0.26881810D-01
  835  0.31625147      0.27232247D-01
  836  0.32012137      0.27512580D-01
  837  0.32403862      0.27720264D-01
  838  0.32800381      0.27853117D-01
  839  0.33201752      0.27909344D-01
  840  0.33608035      0.27887556D-01
  841  0.34019289      0.27786797D-01
  842  0.34435575      0.27606551D-01
  843  0.34856956      0.27346769D-01
  844  0.35283493      0.27007875D-01
  845  0.35715249      0.26590778D-01
  846  0.36152289      0.26096882D-01
  847  0.36594676      0.25528088D-01
  848  0.37042477      0.24886798D-01
  849  0.37495758      0.24175917D-01
  850  0.37954585      0.23398843D-01
  851  0.38419027      0.22559463D-01
  852  0.38889152      0.21662145D-01
  853  0.39365030      0.20711721D-01
  854  0.39846731      0.19713472D-01
  855  0.40334327      0.18673107D-01
  856  0.40827889      0.17596743D-01
  857  0.41327491      0.16490876D-01
  858  0.41833206      0.15362352D-01
  859  0.42345110      0.14218338D-01
  860  0.42863278      0.13066286D-01
  861  0.43387786      0.11913897D-01
  862  0.43918713      0.10769079D-01
  863  0.44456137      0.96399094D-02
  864  0.45000137      0.85345876D-02
  865  0.45550793      0.74613936D-02
  866  0.46108188      0.64286395D-02
  867  0.46672404      0.54446220D-02
  868  0.47243524      0.45175737D-02
  869  0.47821633      0.36556144D-02
  870  0.48406815      0.28667008D-02
  871  0.48999159      0.21585775D-02
  872  0.49598751      0.15387275D-02
  873  0.50205680      0.10143236D-02
  874  0.50820035      0.59218116D-03
  875  0.51441909      0.27871148D-03
  876  0.52071392      0.79877364D-04
  877  0.52708578      0.11505121D-05
  878  0.53353562      0.47471150D-04
  879  0.54006437      0.22321033D-03
  880  0.54667302      0.53213513D-03
  881  0.55336254      0.97737698D-03
  882  0.56013391      0.15614036D-02
  883  0.56698815      0.22859942D-02
  884  0.57392626      0.31522194D-02
  885  0.58094927      0.41604244D-02
  886  0.58805821      0.53102169D-02
  887  0.59525415      0.66004591D-02
  888  0.60253815      0.80292649D-02
  889  0.60991127      0.95940008D-02
  890  0.61737462      0.11291292D-01
  891  0.62492930      0.13117033D-01
  892  0.63257642      0.15066404D-01
  893  0.64031712      0.17133886D-01
  894  0.64815254      0.19313292D-01
  895  0.65608384      0.21597791D-01
  896  0.66411219      0.23979939D-01
  897  0.67223878      0.26451719D-01
  898  0.68046482      0.29004582D-01
  899  0.68879152      0.31629486D-01
  900  0.69722011      0.34316947D-01
  901  0.70575184      0.37057085D-01
  902  0.71438797      0.39839680D-01
  903  0.72312977      0.42654224D-01
  904  0.73197855      0.45489979D-01
  905  0.74093561      0.48336032D-01
  906  0.75000228      0.51181358D-01
  907  0.75917989      0.54014877D-01
  908  0.76846981      0.56825514D-01
  909  0.77787340      0.59602261D-01
  910  0.78739207      0.62334236D-01
  911  0.79702721      0.65010742D-01
  912  0.80678026      0.67621325D-01
  913  0.81665265      0.70155830D-01
  914  0.82664584      0.72604458D-01
  915  0.83676133      0.74957814D-01
  916  0.84700059      0.77206959D-01
  917  0.85736515      0.79343459D-01
  918  0.86785654      0.81359423D-01
  919  0.87847631      0.83247546D-01
  920  0.88922603      0.85001145D-01
  921  0.90010729      0.86614191D-01
  922  0.91112170      0.88081332D-01
  923  0.92227090      0.89397923D-01
  924  0.93355652      0.90560037D-01
  925  0.94498025      0.91564482D-01
  926  0.95654376      0.92408811D-01
  927  0.96824878      0.93091321D-01
  928  0.98009702      0.93611055D-01
  929  0.99209025      0.93967797D-01
  930  1.00423024      0.94162056D-01
  931  1.01651879      0.94195058D-01
  932  1.02895770      0.94068720D-01
  933  1.04154883      0.93785630D-01
  934  1.05429403      0.93349018D-01
  935  1.06719520      0.92762725D-01
  936  1.08025423      0.92031168D-01
  937  1.09347306      0.91159305D-01
  938  1.10685365      0.90152591D-01
  939  1.12039797      0.89016937D-01
  940  1.13410803      0.87758669D-01
  941  1.14798586      0.86384477D-01
  942  1.16203351      0.84901372D-01
  943  1.17625306      0.83316637D-01
  944  1.19064661      0.81637780D-01
  945  1.20521629      0.79872485D-01
  946  1.21996425      0.78028566D-01
  947  1.23489269      0.76113919D-01
  948  1.25000380      0.74136477D-01
  949  1.26529982      0.72104165D-01
  950  1.28078301      0.70024861D-01
  951  1.29645567      0.67906349D-01
  952  1.31232011      0.65756288D-01
  953  1.32837868      0.63582168D-01
  954  1.34463376      0.61391285D-01
  955  1.36108774      0.59190700D-01
  956  1.37774307      0.56987223D-01
  957  1.39460221      0.54787375D-01
  958  1.41166765      0.52597376D-01
  959  1.42894192      0.50423121D-01
  960  1.44642756      0.48270163D-01
  961  1.46412718      0.46143703D-01
  962  1.48204338      0.44048575D-01
  963  1.50017882      0.41989244D-01
  964  1.51853617      0.39969795D-01
  965  1.53711816      0.37993938D-01
  966  1.55592754      0.36065001D-01
  967  1.57496708      0.34185938D-01
  968  1.59423960      0.32359333D-01
  969  1.61374796      0.30587405D-01
  970  1.63349504      0.28872020D-01
  971  1.65348376      0.27214700D-01
  972  1.67371707      0.25616636D-01
  973  1.69419798      0.24078703D-01
  974  1.71492950      0.22601472D-01
  975  1.73591472      0.21185229D-01
  976  1.75715672      0.19829991D-01
  977  1.77865866      0.18535522D-01
  978  1.80042371      0.17301353D-01
  979  1.82245510      0.16126801D-01
  980  1.84475608      0.15010985D-01
  981  1.86732995      0.13952844D-01
  982  1.89018006      0.12951159D-01
  983  1.91330977      0.12004569D-01
  984  1.93672252      0.11111589D-01
  985  1.96042177      0.10270626D-01
  986  1.98441102      0.94799967D-02
  987  2.00869381      0.87379445D-02
  988  2.03327376      0.80426533D-02
  989  2.05815448      0.73922622D-02
  990  2.08333966      0.67848794D-02
  991  2.10883303      0.62185946D-02
  992  2.13463835      0.56914910D-02
  993  2.16075945      0.52016559D-02
  994  2.18720018      0.47471906D-02
  995  2.21396447      0.43262197D-02
  996  2.24105626      0.39368985D-02
  997  2.26847957      0.35774205D-02
  998  2.29623846      0.32460237D-02
  999  2.32433702      0.29409954D-02
 1000  2.35277942      0.26606775D-02
 1001  2.38156986      0.24034696D-02
 1002  2.41071260      0.21681291D-02
 1003  2.44021196      0.19533677D-02
 1004  2.47007230      0.17576344D-02
 1005  2.50029803      0.15794721D-02
 1006  2.53089362      0.14175140D-02
 1007  2.56186361      0.12704801D-02
 1008  2.59321256      0.11371725D-02
 1009  2.62494513      0.10164728D-02
 1010  2.65706601      0.90733751D-03
 1011  2.68957994      0.80879483D-03
 1012  2.72249173      0.71994095D-03
 1013  2.75580626      0.63993656D-03
 1014  2.78952845      0.56800340D-03
 1015  2.82366330      0.50342092D-03
 1016  2.85821584      0.44552300D-03
 1017  2.89319120      0.39369482D-03
 1018  2.92859454      0.34736978D-03
 1019  2.96443110      0.30602653D-03
 1020  3.00070619      0.26918614D-03
 1021  3.03742517      0.23640935D-03
 1022  3.07459347      0.20729394D-03
