 ir        r              f(r)*r^2
    1  0.00001244      0.63336630D-07
    2  0.00001259      0.64895357D-07
    3  0.00001274      0.66492434D-07
    4  0.00001290      0.68128804D-07
    5  0.00001306      0.69805435D-07
    6  0.00001322      0.71523314D-07
    7  0.00001338      0.73283458D-07
    8  0.00001354      0.75086906D-07
    9  0.00001371      0.76934722D-07
   10  0.00001388      0.78827997D-07
   11  0.00001405      0.80767850D-07
   12  0.00001422      0.82755426D-07
   13  0.00001439      0.84791898D-07
   14  0.00001457      0.86878469D-07
   15  0.00001475      0.89016370D-07
   16  0.00001493      0.91206863D-07
   17  0.00001511      0.93451243D-07
   18  0.00001529      0.95750833D-07
   19  0.00001548      0.98106992D-07
   20  0.00001567      0.10052111D-06
   21  0.00001586      0.10299461D-06
   22  0.00001606      0.10552896D-06
   23  0.00001625      0.10812564D-06
   24  0.00001645      0.11078620D-06
   25  0.00001665      0.11351220D-06
   26  0.00001686      0.11630526D-06
   27  0.00001706      0.11916701D-06
   28  0.00001727      0.12209915D-06
   29  0.00001748      0.12510341D-06
   30  0.00001770      0.12818157D-06
   31  0.00001791      0.13133543D-06
   32  0.00001813      0.13456686D-06
   33  0.00001836      0.13787777D-06
   34  0.00001858      0.14127011D-06
   35  0.00001881      0.14474588D-06
   36  0.00001904      0.14830714D-06
   37  0.00001927      0.15195597D-06
   38  0.00001951      0.15569455D-06
   39  0.00001975      0.15952506D-06
   40  0.00001999      0.16344977D-06
   41  0.00002023      0.16747100D-06
   42  0.00002048      0.17159112D-06
   43  0.00002073      0.17581256D-06
   44  0.00002098      0.18013781D-06
   45  0.00002124      0.18456941D-06
   46  0.00002150      0.18910999D-06
   47  0.00002176      0.19376222D-06
   48  0.00002203      0.19852884D-06
   49  0.00002230      0.20341267D-06
   50  0.00002257      0.20841658D-06
   51  0.00002285      0.21354353D-06
   52  0.00002313      0.21879653D-06
   53  0.00002341      0.22417869D-06
   54  0.00002370      0.22969318D-06
   55  0.00002399      0.23534325D-06
   56  0.00002428      0.24113223D-06
   57  0.00002458      0.24706353D-06
   58  0.00002488      0.25314066D-06
   59  0.00002518      0.25936718D-06
   60  0.00002549      0.26574677D-06
   61  0.00002580      0.27228320D-06
   62  0.00002612      0.27898031D-06
   63  0.00002644      0.28584205D-06
   64  0.00002676      0.29287246D-06
   65  0.00002709      0.30007569D-06
   66  0.00002742      0.30745597D-06
   67  0.00002776      0.31501767D-06
   68  0.00002810      0.32276523D-06
   69  0.00002844      0.33070322D-06
   70  0.00002879      0.33883632D-06
   71  0.00002914      0.34716931D-06
   72  0.00002950      0.35570711D-06
   73  0.00002986      0.36445473D-06
   74  0.00003022      0.37341735D-06
   75  0.00003059      0.38260022D-06
   76  0.00003097      0.39200877D-06
   77  0.00003135      0.40164853D-06
   78  0.00003173      0.41152517D-06
   79  0.00003212      0.42164452D-06
   80  0.00003251      0.43201253D-06
   81  0.00003291      0.44263531D-06
   82  0.00003331      0.45351910D-06
   83  0.00003372      0.46467032D-06
   84  0.00003413      0.47609553D-06
   85  0.00003455      0.48780145D-06
   86  0.00003497      0.49979497D-06
   87  0.00003540      0.51208316D-06
   88  0.00003583      0.52467323D-06
   89  0.00003627      0.53757261D-06
   90  0.00003672      0.55078888D-06
   91  0.00003717      0.56432981D-06
   92  0.00003762      0.57820337D-06
   93  0.00003808      0.59241772D-06
   94  0.00003855      0.60698123D-06
   95  0.00003902      0.62190246D-06
   96  0.00003950      0.63719018D-06
   97  0.00003998      0.65285339D-06
   98  0.00004047      0.66890129D-06
   99  0.00004096      0.68534333D-06
  100  0.00004146      0.70218916D-06
  101  0.00004197      0.71944869D-06
  102  0.00004249      0.73713207D-06
  103  0.00004301      0.75524970D-06
  104  0.00004353      0.77381221D-06
  105  0.00004406      0.79283053D-06
  106  0.00004460      0.81231582D-06
  107  0.00004515      0.83227953D-06
  108  0.00004570      0.85273340D-06
  109  0.00004626      0.87368945D-06
  110  0.00004683      0.89515997D-06
  111  0.00004740      0.91715759D-06
  112  0.00004798      0.93969523D-06
  113  0.00004857      0.96278611D-06
  114  0.00004916      0.98644381D-06
  115  0.00004976      0.10106822D-05
  116  0.00005037      0.10355155D-05
  117  0.00005099      0.10609584D-05
  118  0.00005161      0.10870257D-05
  119  0.00005224      0.11137327D-05
  120  0.00005288      0.11410952D-05
  121  0.00005353      0.11691291D-05
  122  0.00005419      0.11978510D-05
  123  0.00005485      0.12272776D-05
  124  0.00005552      0.12574263D-05
  125  0.00005620      0.12883147D-05
  126  0.00005689      0.13199609D-05
  127  0.00005758      0.13523836D-05
  128  0.00005829      0.13856017D-05
  129  0.00005900      0.14196347D-05
  130  0.00005972      0.14545025D-05
  131  0.00006045      0.14902256D-05
  132  0.00006119      0.15268249D-05
  133  0.00006194      0.15643219D-05
  134  0.00006270      0.16027385D-05
  135  0.00006347      0.16420973D-05
  136  0.00006424      0.16824213D-05
  137  0.00006503      0.17237342D-05
  138  0.00006583      0.17660601D-05
  139  0.00006663      0.18094238D-05
  140  0.00006745      0.18538507D-05
  141  0.00006827      0.18993668D-05
  142  0.00006911      0.19459988D-05
  143  0.00006995      0.19937740D-05
  144  0.00007081      0.20427203D-05
  145  0.00007168      0.20928663D-05
  146  0.00007255      0.21442415D-05
  147  0.00007344      0.21968758D-05
  148  0.00007434      0.22508001D-05
  149  0.00007525      0.23060459D-05
  150  0.00007617      0.23626454D-05
  151  0.00007710      0.24206318D-05
  152  0.00007805      0.24800391D-05
  153  0.00007900      0.25409018D-05
  154  0.00007997      0.26032556D-05
  155  0.00008095      0.26671369D-05
  156  0.00008194      0.27325830D-05
  157  0.00008294      0.27996322D-05
  158  0.00008395      0.28683236D-05
  159  0.00008498      0.29386974D-05
  160  0.00008602      0.30107945D-05
  161  0.00008707      0.30846572D-05
  162  0.00008814      0.31603285D-05
  163  0.00008922      0.32378526D-05
  164  0.00009031      0.33172747D-05
  165  0.00009141      0.33986411D-05
  166  0.00009253      0.34819993D-05
  167  0.00009367      0.35673979D-05
  168  0.00009481      0.36548868D-05
  169  0.00009597      0.37445168D-05
  170  0.00009715      0.38363403D-05
  171  0.00009834      0.39304108D-05
  172  0.00009954      0.40267829D-05
  173  0.00010076      0.41255130D-05
  174  0.00010199      0.42266585D-05
  175  0.00010324      0.43302783D-05
  176  0.00010450      0.44364327D-05
  177  0.00010578      0.45451835D-05
  178  0.00010707      0.46565940D-05
  179  0.00010838      0.47707290D-05
  180  0.00010971      0.48876549D-05
  181  0.00011105      0.50074397D-05
  182  0.00011241      0.51301530D-05
  183  0.00011379      0.52558662D-05
  184  0.00011518      0.53846523D-05
  185  0.00011659      0.55165862D-05
  186  0.00011802      0.56517446D-05
  187  0.00011946      0.57902058D-05
  188  0.00012092      0.59320504D-05
  189  0.00012240      0.60773606D-05
  190  0.00012390      0.62262208D-05
  191  0.00012542      0.63787174D-05
  192  0.00012695      0.65349388D-05
  193  0.00012850      0.66949757D-05
  194  0.00013008      0.68589207D-05
  195  0.00013167      0.70268691D-05
  196  0.00013328      0.71989180D-05
  197  0.00013491      0.73751672D-05
  198  0.00013656      0.75557187D-05
  199  0.00013823      0.77406772D-05
  200  0.00013992      0.79301496D-05
  201  0.00014164      0.81242457D-05
  202  0.00014337      0.83230778D-05
  203  0.00014512      0.85267608D-05
  204  0.00014690      0.87354125D-05
  205  0.00014870      0.89491536D-05
  206  0.00015052      0.91681077D-05
  207  0.00015236      0.93924011D-05
  208  0.00015422      0.96221634D-05
  209  0.00015611      0.98575274D-05
  210  0.00015802      0.10098629D-04
  211  0.00015995      0.10345607D-04
  212  0.00016191      0.10598604D-04
  213  0.00016389      0.10857767D-04
  214  0.00016590      0.11123243D-04
  215  0.00016793      0.11395187D-04
  216  0.00016998      0.11673755D-04
  217  0.00017206      0.11959108D-04
  218  0.00017417      0.12251410D-04
  219  0.00017630      0.12550829D-04
  220  0.00017846      0.12857537D-04
  221  0.00018064      0.13171711D-04
  222  0.00018285      0.13493531D-04
  223  0.00018509      0.13823183D-04
  224  0.00018735      0.14160855D-04
  225  0.00018965      0.14506743D-04
  226  0.00019197      0.14861043D-04
  227  0.00019432      0.15223961D-04
  228  0.00019669      0.15595703D-04
  229  0.00019910      0.15976483D-04
  230  0.00020154      0.16366520D-04
  231  0.00020400      0.16766036D-04
  232  0.00020650      0.17175261D-04
  233  0.00020903      0.17594430D-04
  234  0.00021158      0.18023781D-04
  235  0.00021417      0.18463560D-04
  236  0.00021679      0.18914020D-04
  237  0.00021945      0.19375418D-04
  238  0.00022213      0.19848016D-04
  239  0.00022485      0.20332085D-04
  240  0.00022760      0.20827902D-04
  241  0.00023039      0.21335750D-04
  242  0.00023321      0.21855917D-04
  243  0.00023606      0.22388700D-04
  244  0.00023895      0.22934404D-04
  245  0.00024187      0.23493339D-04
  246  0.00024483      0.24065823D-04
  247  0.00024783      0.24652181D-04
  248  0.00025086      0.25252748D-04
  249  0.00025393      0.25867865D-04
  250  0.00025704      0.26497881D-04
  251  0.00026018      0.27143154D-04
  252  0.00026337      0.27804050D-04
  253  0.00026659      0.28480944D-04
  254  0.00026985      0.29174220D-04
  255  0.00027315      0.29884271D-04
  256  0.00027650      0.30611498D-04
  257  0.00027988      0.31356315D-04
  258  0.00028330      0.32119141D-04
  259  0.00028677      0.32900408D-04
  260  0.00029028      0.33700558D-04
  261  0.00029383      0.34520043D-04
  262  0.00029743      0.35359325D-04
  263  0.00030107      0.36218878D-04
  264  0.00030475      0.37099186D-04
  265  0.00030848      0.38000745D-04
  266  0.00031226      0.38924063D-04
  267  0.00031608      0.39869660D-04
  268  0.00031994      0.40838066D-04
  269  0.00032386      0.41829828D-04
  270  0.00032782      0.42845500D-04
  271  0.00033183      0.43885655D-04
  272  0.00033589      0.44950874D-04
  273  0.00034000      0.46041755D-04
  274  0.00034417      0.47158910D-04
  275  0.00034838      0.48302963D-04
  276  0.00035264      0.49474554D-04
  277  0.00035695      0.50674339D-04
  278  0.00036132      0.51902987D-04
  279  0.00036574      0.53161184D-04
  280  0.00037022      0.54449632D-04
  281  0.00037475      0.55769049D-04
  282  0.00037934      0.57120170D-04
  283  0.00038398      0.58503747D-04
  284  0.00038868      0.59920548D-04
  285  0.00039343      0.61371362D-04
  286  0.00039825      0.62856994D-04
  287  0.00040312      0.64378267D-04
  288  0.00040805      0.65936025D-04
  289  0.00041305      0.67531130D-04
  290  0.00041810      0.69164466D-04
  291  0.00042322      0.70836935D-04
  292  0.00042840      0.72549461D-04
  293  0.00043364      0.74302989D-04
  294  0.00043894      0.76098486D-04
  295  0.00044432      0.77936941D-04
  296  0.00044975      0.79819366D-04
  297  0.00045526      0.81746797D-04
  298  0.00046083      0.83720292D-04
  299  0.00046647      0.85740934D-04
  300  0.00047217      0.87809831D-04
  301  0.00047795      0.89928117D-04
  302  0.00048380      0.92096951D-04
  303  0.00048972      0.94317519D-04
  304  0.00049571      0.96591033D-04
  305  0.00050178      0.98918734D-04
  306  0.00050792      0.10130189D-03
  307  0.00051413      0.10374180D-03
  308  0.00052043      0.10623979D-03
  309  0.00052679      0.10879722D-03
  310  0.00053324      0.11141547D-03
  311  0.00053977      0.11409597D-03
  312  0.00054637      0.11684016D-03
  313  0.00055306      0.11964953D-03
  314  0.00055982      0.12252561D-03
  315  0.00056667      0.12546993D-03
  316  0.00057361      0.12848408D-03
  317  0.00058063      0.13156970D-03
  318  0.00058773      0.13472844D-03
  319  0.00059492      0.13796199D-03
  320  0.00060220      0.14127209D-03
  321  0.00060957      0.14466051D-03
  322  0.00061703      0.14812907D-03
  323  0.00062458      0.15167961D-03
  324  0.00063223      0.15531404D-03
  325  0.00063996      0.15903428D-03
  326  0.00064779      0.16284232D-03
  327  0.00065572      0.16674019D-03
  328  0.00066374      0.17072994D-03
  329  0.00067187      0.17481370D-03
  330  0.00068009      0.17899362D-03
  331  0.00068841      0.18327192D-03
  332  0.00069683      0.18765084D-03
  333  0.00070536      0.19213271D-03
  334  0.00071399      0.19671986D-03
  335  0.00072273      0.20141472D-03
  336  0.00073157      0.20621975D-03
  337  0.00074053      0.21113745D-03
  338  0.00074959      0.21617041D-03
  339  0.00075876      0.22132124D-03
  340  0.00076804      0.22659263D-03
  341  0.00077744      0.23198733D-03
  342  0.00078696      0.23750812D-03
  343  0.00079659      0.24315788D-03
  344  0.00080633      0.24893953D-03
  345  0.00081620      0.25485605D-03
  346  0.00082619      0.26091050D-03
  347  0.00083630      0.26710598D-03
  348  0.00084653      0.27344569D-03
  349  0.00085689      0.27993287D-03
  350  0.00086738      0.28657084D-03
  351  0.00087799      0.29336299D-03
  352  0.00088873      0.30031278D-03
  353  0.00089961      0.30742376D-03
  354  0.00091062      0.31469952D-03
  355  0.00092176      0.32214376D-03
  356  0.00093304      0.32976025D-03
  357  0.00094446      0.33755281D-03
  358  0.00095601      0.34552538D-03
  359  0.00096771      0.35368197D-03
  360  0.00097956      0.36202665D-03
  361  0.00099154      0.37056361D-03
  362  0.00100367      0.37929710D-03
  363  0.00101596      0.38823147D-03
  364  0.00102839      0.39737116D-03
  365  0.00104097      0.40672071D-03
  366  0.00105371      0.41628472D-03
  367  0.00106661      0.42606793D-03
  368  0.00107966      0.43607513D-03
  369  0.00109287      0.44631125D-03
  370  0.00110624      0.45678129D-03
  371  0.00111978      0.46749036D-03
  372  0.00113348      0.47844367D-03
  373  0.00114735      0.48964656D-03
  374  0.00116139      0.50110443D-03
  375  0.00117560      0.51282284D-03
  376  0.00118999      0.52480741D-03
  377  0.00120455      0.53706390D-03
  378  0.00121929      0.54959819D-03
  379  0.00123421      0.56241626D-03
  380  0.00124931      0.57552421D-03
  381  0.00126460      0.58892827D-03
  382  0.00128007      0.60263476D-03
  383  0.00129574      0.61665017D-03
  384  0.00131159      0.63098108D-03
  385  0.00132764      0.64563421D-03
  386  0.00134389      0.66061641D-03
  387  0.00136034      0.67593464D-03
  388  0.00137698      0.69159602D-03
  389  0.00139383      0.70760780D-03
  390  0.00141089      0.72397735D-03
  391  0.00142815      0.74071218D-03
  392  0.00144563      0.75781997D-03
  393  0.00146332      0.77530850D-03
  394  0.00148122      0.79318573D-03
  395  0.00149935      0.81145974D-03
  396  0.00151770      0.83013878D-03
  397  0.00153627      0.84923122D-03
  398  0.00155507      0.86874562D-03
  399  0.00157410      0.88869066D-03
  400  0.00159336      0.90907520D-03
  401  0.00161286      0.92990823D-03
  402  0.00163259      0.95119894D-03
  403  0.00165257      0.97295664D-03
  404  0.00167279      0.99519082D-03
  405  0.00169326      0.10179111D-02
  406  0.00171398      0.10411274D-02
  407  0.00173495      0.10648497D-02
  408  0.00175619      0.10890880D-02
  409  0.00177768      0.11138528D-02
  410  0.00179943      0.11391546D-02
  411  0.00182145      0.11650039D-02
  412  0.00184374      0.11914118D-02
  413  0.00186630      0.12183892D-02
  414  0.00188913      0.12459473D-02
  415  0.00191225      0.12740975D-02
  416  0.00193565      0.13028514D-02
  417  0.00195934      0.13322208D-02
  418  0.00198331      0.13622176D-02
  419  0.00200758      0.13928540D-02
  420  0.00203215      0.14241422D-02
  421  0.00205702      0.14560947D-02
  422  0.00208219      0.14887243D-02
  423  0.00210767      0.15220439D-02
  424  0.00213346      0.15560664D-02
  425  0.00215956      0.15908052D-02
  426  0.00218599      0.16262738D-02
  427  0.00221274      0.16624857D-02
  428  0.00223982      0.16994549D-02
  429  0.00226723      0.17371953D-02
  430  0.00229497      0.17757211D-02
  431  0.00232305      0.18150469D-02
  432  0.00235148      0.18551871D-02
  433  0.00238025      0.18961567D-02
  434  0.00240938      0.19379705D-02
  435  0.00243886      0.19806438D-02
  436  0.00246871      0.20241919D-02
  437  0.00249892      0.20686305D-02
  438  0.00252949      0.21139751D-02
  439  0.00256045      0.21602418D-02
  440  0.00259178      0.22074467D-02
  441  0.00262349      0.22556061D-02
  442  0.00265560      0.23047364D-02
  443  0.00268809      0.23548544D-02
  444  0.00272099      0.24059767D-02
  445  0.00275428      0.24581205D-02
  446  0.00278799      0.25113029D-02
  447  0.00282210      0.25655412D-02
  448  0.00285664      0.26208529D-02
  449  0.00289159      0.26772557D-02
  450  0.00292698      0.27347674D-02
  451  0.00296279      0.27934059D-02
  452  0.00299905      0.28531893D-02
  453  0.00303575      0.29141359D-02
  454  0.00307289      0.29762641D-02
  455  0.00311050      0.30395923D-02
  456  0.00314856      0.31041391D-02
  457  0.00318709      0.31699233D-02
  458  0.00322609      0.32369638D-02
  459  0.00326556      0.33052794D-02
  460  0.00330552      0.33748891D-02
  461  0.00334597      0.34458122D-02
  462  0.00338692      0.35180677D-02
  463  0.00342836      0.35916750D-02
  464  0.00347031      0.36666533D-02
  465  0.00351278      0.37430219D-02
  466  0.00355576      0.38208002D-02
  467  0.00359927      0.39000077D-02
  468  0.00364332      0.39806638D-02
  469  0.00368790      0.40627877D-02
  470  0.00373303      0.41463990D-02
  471  0.00377871      0.42315169D-02
  472  0.00382495      0.43181609D-02
  473  0.00387175      0.44063500D-02
  474  0.00391913      0.44961035D-02
  475  0.00396709      0.45874404D-02
  476  0.00401563      0.46803798D-02
  477  0.00406477      0.47749404D-02
  478  0.00411451      0.48711409D-02
  479  0.00416486      0.49689999D-02
  480  0.00421582      0.50685357D-02
  481  0.00426741      0.51697663D-02
  482  0.00431963      0.52727097D-02
  483  0.00437249      0.53773835D-02
  484  0.00442599      0.54838051D-02
  485  0.00448015      0.55919916D-02
  486  0.00453498      0.57019595D-02
  487  0.00459047      0.58137254D-02
  488  0.00464664      0.59273052D-02
  489  0.00470350      0.60427146D-02
  490  0.00476106      0.61599686D-02
  491  0.00481932      0.62790819D-02
  492  0.00487829      0.64000687D-02
  493  0.00493799      0.65229427D-02
  494  0.00499841      0.66477169D-02
  495  0.00505958      0.67744039D-02
  496  0.00512149      0.69030154D-02
  497  0.00518416      0.70335628D-02
  498  0.00524760      0.71660563D-02
  499  0.00531181      0.73005058D-02
  500  0.00537681      0.74369202D-02
  501  0.00544260      0.75753076D-02
  502  0.00550920      0.77156752D-02
  503  0.00557662      0.78580294D-02
  504  0.00564486      0.80023756D-02
  505  0.00571393      0.81487181D-02
  506  0.00578385      0.82970602D-02
  507  0.00585463      0.84474042D-02
  508  0.00592627      0.85997511D-02
  509  0.00599879      0.87541009D-02
  510  0.00607220      0.89104521D-02
  511  0.00614650      0.90688022D-02
  512  0.00622171      0.92291470D-02
  513  0.00629785      0.93914812D-02
  514  0.00637491      0.95557978D-02
  515  0.00645292      0.97220885D-02
  516  0.00653188      0.98903433D-02
  517  0.00661181      0.10060550D-01
  518  0.00669272      0.10232697D-01
  519  0.00677462      0.10406767D-01
  520  0.00685752      0.10582745D-01
  521  0.00694143      0.10760610D-01
  522  0.00702637      0.10940344D-01
  523  0.00711235      0.11121922D-01
  524  0.00719938      0.11305320D-01
  525  0.00728748      0.11490510D-01
  526  0.00737666      0.11677465D-01
  527  0.00746692      0.11866151D-01
  528  0.00755829      0.12056536D-01
  529  0.00765078      0.12248583D-01
  530  0.00774441      0.12442253D-01
  531  0.00783917      0.12637505D-01
  532  0.00793510      0.12834294D-01
  533  0.00803220      0.13032575D-01
  534  0.00813049      0.13232297D-01
  535  0.00822998      0.13433408D-01
  536  0.00833069      0.13635853D-01
  537  0.00843263      0.13839573D-01
  538  0.00853581      0.14044507D-01
  539  0.00864027      0.14250591D-01
  540  0.00874599      0.14457756D-01
  541  0.00885302      0.14665932D-01
  542  0.00896135      0.14875045D-01
  543  0.00907101      0.15085015D-01
  544  0.00918201      0.15295762D-01
  545  0.00929437      0.15507202D-01
  546  0.00940810      0.15719244D-01
  547  0.00952322      0.15931798D-01
  548  0.00963976      0.16144767D-01
  549  0.00975772      0.16358051D-01
  550  0.00987712      0.16571546D-01
  551  0.00999798      0.16785145D-01
  552  0.01012033      0.16998736D-01
  553  0.01024417      0.17212202D-01
  554  0.01036952      0.17425426D-01
  555  0.01049641      0.17638281D-01
  556  0.01062485      0.17850641D-01
  557  0.01075487      0.18062372D-01
  558  0.01088647      0.18273338D-01
  559  0.01101969      0.18483399D-01
  560  0.01115453      0.18692408D-01
  561  0.01129103      0.18900216D-01
  562  0.01142920      0.19106670D-01
  563  0.01156905      0.19311610D-01
  564  0.01171062      0.19514875D-01
  565  0.01185392      0.19716298D-01
  566  0.01199897      0.19915706D-01
  567  0.01214580      0.20112925D-01
  568  0.01229443      0.20307775D-01
  569  0.01244487      0.20500071D-01
  570  0.01259716      0.20689625D-01
  571  0.01275131      0.20876244D-01
  572  0.01290734      0.21059732D-01
  573  0.01306529      0.21239888D-01
  574  0.01322516      0.21416508D-01
  575  0.01338700      0.21589382D-01
  576  0.01355081      0.21758299D-01
  577  0.01371663      0.21923043D-01
  578  0.01388448      0.22083395D-01
  579  0.01405438      0.22239131D-01
  580  0.01422636      0.22390025D-01
  581  0.01440044      0.22535849D-01
  582  0.01457666      0.22676371D-01
  583  0.01475503      0.22811355D-01
  584  0.01493558      0.22940565D-01
  585  0.01511835      0.23063761D-01
  586  0.01530335      0.23180703D-01
  587  0.01549061      0.23291146D-01
  588  0.01568016      0.23394846D-01
  589  0.01587204      0.23491558D-01
  590  0.01606626      0.23581033D-01
  591  0.01626286      0.23663026D-01
  592  0.01646187      0.23737289D-01
  593  0.01666331      0.23803574D-01
  594  0.01686721      0.23861634D-01
  595  0.01707361      0.23911223D-01
  596  0.01728254      0.23952097D-01
  597  0.01749402      0.23984013D-01
  598  0.01770809      0.24006730D-01
  599  0.01792478      0.24020011D-01
  600  0.01814412      0.24023620D-01
  601  0.01836615      0.24017327D-01
  602  0.01859089      0.24000905D-01
  603  0.01881838      0.23974133D-01
  604  0.01904866      0.23936795D-01
  605  0.01928175      0.23888680D-01
  606  0.01951770      0.23829584D-01
  607  0.01975653      0.23759313D-01
  608  0.01999829      0.23677677D-01
  609  0.02024301      0.23584498D-01
  610  0.02049071      0.23479606D-01
  611  0.02074146      0.23362841D-01
  612  0.02099526      0.23234055D-01
  613  0.02125218      0.23093110D-01
  614  0.02151224      0.22939882D-01
  615  0.02177548      0.22774261D-01
  616  0.02204194      0.22596149D-01
  617  0.02231166      0.22405465D-01
  618  0.02258468      0.22202142D-01
  619  0.02286105      0.21986131D-01
  620  0.02314079      0.21757402D-01
  621  0.02342396      0.21515939D-01
  622  0.02371060      0.21261751D-01
  623  0.02400074      0.20994864D-01
  624  0.02429443      0.20715326D-01
  625  0.02459171      0.20423207D-01
  626  0.02489264      0.20118601D-01
  627  0.02519724      0.19801625D-01
  628  0.02550558      0.19472422D-01
  629  0.02581768      0.19131161D-01
  630  0.02613361      0.18778037D-01
  631  0.02645340      0.18413272D-01
  632  0.02677710      0.18037119D-01
  633  0.02710477      0.17649860D-01
  634  0.02743644      0.17251806D-01
  635  0.02777218      0.16843299D-01
  636  0.02811202      0.16424716D-01
  637  0.02845602      0.15996465D-01
  638  0.02880423      0.15558986D-01
  639  0.02915670      0.15112756D-01
  640  0.02951349      0.14658286D-01
  641  0.02987464      0.14196122D-01
  642  0.03024020      0.13726846D-01
  643  0.03061025      0.13251080D-01
  644  0.03098482      0.12769478D-01
  645  0.03136397      0.12282736D-01
  646  0.03174777      0.11791585D-01
  647  0.03213626      0.11296796D-01
  648  0.03252950      0.10799178D-01
  649  0.03292756      0.10299576D-01
  650  0.03333048      0.97988779D-02
  651  0.03373834      0.92980060D-02
  652  0.03415119      0.87979224D-02
  653  0.03456909      0.82996270D-02
  654  0.03499211      0.78041567D-02
  655  0.03542030      0.73125854D-02
  656  0.03585373      0.68260232D-02
  657  0.03629246      0.63456154D-02
  658  0.03673656      0.58725421D-02
  659  0.03718610      0.54080164D-02
  660  0.03764114      0.49532839D-02
  661  0.03810175      0.45096206D-02
  662  0.03856799      0.40783321D-02
  663  0.03903994      0.36607515D-02
  664  0.03951766      0.32582377D-02
  665  0.04000123      0.28721732D-02
  666  0.04049071      0.25039621D-02
  667  0.04098619      0.21550277D-02
  668  0.04148773      0.18268099D-02
  669  0.04199541      0.15207625D-02
  670  0.04250929      0.12383503D-02
  671  0.04302947      0.98104595D-03
  672  0.04355601      0.75032668D-03
  673  0.04408900      0.54767090D-03
  674  0.04462851      0.37455444D-03
  675  0.04517461      0.23244672D-03
  676  0.04572741      0.12280674D-03
  677  0.04628696      0.47078834D-04
  678  0.04685337      0.66882550D-05
  679  0.04742670      0.30366201D-05
  680  0.04800705      0.37497139D-04
  681  0.04859450      0.11140970D-03
  682  0.04918914      0.22607577D-03
  683  0.04979106      0.38275321D-03
  684  0.05040034      0.58265083D-03
  685  0.05101708      0.82692294D-03
  686  0.05164136      0.11166637D-02
  687  0.05227329      0.14529013D-02
  688  0.05291294      0.18365923D-02
  689  0.05356043      0.22686156D-02
  690  0.05421584      0.27497664D-02
  691  0.05487926      0.32807502D-02
  692  0.05555081      0.38621769D-02
  693  0.05623057      0.44945545D-02
  694  0.05691865      0.51782832D-02
  695  0.05761515      0.59136494D-02
  696  0.05832018      0.67008194D-02
  697  0.05903383      0.75398341D-02
  698  0.05975621      0.84306028D-02
  699  0.06048744      0.93728976D-02
  700  0.06122761      0.10366348D-01
  701  0.06197684      0.11410437D-01
  702  0.06273523      0.12504492D-01
  703  0.06350291      0.13647685D-01
  704  0.06427998      0.14839026D-01
  705  0.06506656      0.16077358D-01
  706  0.06586277      0.17361353D-01
  707  0.06666871      0.18689512D-01
  708  0.06748452      0.20060159D-01
  709  0.06831032      0.21471437D-01
  710  0.06914622      0.22921312D-01
  711  0.06999234      0.24407565D-01
  712  0.07084882      0.25927795D-01
  713  0.07171579      0.27479419D-01
  714  0.07259336      0.29059670D-01
  715  0.07348166      0.30665599D-01
  716  0.07438084      0.32294079D-01
  717  0.07529102      0.33941805D-01
  718  0.07621234      0.35605298D-01
  719  0.07714494      0.37280911D-01
  720  0.07808894      0.38964831D-01
  721  0.07904450      0.40653089D-01
  722  0.08001175      0.42341561D-01
  723  0.08099084      0.44025983D-01
  724  0.08198190      0.45701955D-01
  725  0.08298510      0.47364949D-01
  726  0.08400057      0.49010326D-01
  727  0.08502847      0.50633342D-01
  728  0.08606894      0.52229161D-01
  729  0.08712215      0.53792875D-01
  730  0.08818824      0.55319507D-01
  731  0.08926738      0.56804037D-01
  732  0.09035973      0.58241414D-01
  733  0.09146544      0.59626572D-01
  734  0.09258468      0.60954451D-01
  735  0.09371762      0.62220014D-01
  736  0.09486442      0.63418269D-01
  737  0.09602526      0.64544286D-01
  738  0.09720030      0.65593223D-01
  739  0.09838971      0.66560343D-01
  740  0.09959369      0.67441042D-01
  741  0.10081239      0.68230867D-01
  742  0.10204601      0.68925543D-01
  743  0.10329473      0.69520996D-01
  744  0.10455872      0.70013376D-01
  745  0.10583818      0.70399081D-01
  746  0.10713330      0.70674787D-01
  747  0.10844427      0.70837463D-01
  748  0.10977128      0.70884404D-01
  749  0.11111452      0.70813248D-01
  750  0.11247421      0.70622007D-01
  751  0.11385053      0.70309080D-01
  752  0.11524369      0.69873287D-01
  753  0.11665390      0.69313879D-01
  754  0.11808137      0.68630569D-01
  755  0.11952631      0.67823542D-01
  756  0.12098893      0.66893480D-01
  757  0.12246944      0.65841576D-01
  758  0.12396807      0.64669550D-01
  759  0.12548504      0.63379661D-01
  760  0.12702057      0.61974722D-01
  761  0.12857490      0.60458105D-01
  762  0.13014824      0.58833754D-01
  763  0.13174083      0.57106185D-01
  764  0.13335292      0.55280493D-01
  765  0.13498473      0.53362351D-01
  766  0.13663651      0.51358007D-01
  767  0.13830850      0.49274280D-01
  768  0.14000095      0.47118553D-01
  769  0.14171411      0.44898760D-01
  770  0.14344823      0.42623374D-01
  771  0.14520358      0.40301391D-01
  772  0.14698040      0.37942307D-01
  773  0.14877897      0.35556098D-01
  774  0.15059954      0.33153193D-01
  775  0.15244240      0.30744444D-01
  776  0.15430780      0.28341094D-01
  777  0.15619603      0.25954742D-01
  778  0.15810737      0.23597303D-01
  779  0.16004209      0.21280967D-01
  780  0.16200049      0.19018156D-01
  781  0.16398286      0.16821474D-01
  782  0.16598948      0.14703661D-01
  783  0.16802065      0.12677538D-01
  784  0.17007669      0.10755951D-01
  785  0.17215788      0.89517213D-02
  786  0.17426454      0.72775791D-02
  787  0.17639697      0.57461091D-02
  788  0.17855550      0.43696875D-02
  789  0.18074045      0.31604201D-02
  790  0.18295213      0.21300795D-02
  791  0.18519087      0.12900420D-02
  792  0.18745701      0.65122431D-03
  793  0.18975088      0.22402055D-03
  794  0.19207282      0.18240109D-04
  795  0.19442317      0.43046315D-04
  796  0.19680229      0.30689661D-03
  797  0.19921051      0.81748447D-03
  798  0.20164821      0.15816835D-02
  799  0.20411573      0.26054942D-02
  800  0.20661345      0.38939932D-02
  801  0.20914174      0.54512866D-02
  802  0.21170096      0.72804661D-02
  803  0.21429149      0.93835697D-02
  804  0.21691373      0.11761547D-01
  805  0.21956806      0.14414227D-01
  806  0.22225486      0.17340297D-01
  807  0.22497455      0.20537277D-01
  808  0.22772751      0.24001508D-01
  809  0.23051416      0.27728145D-01
  810  0.23333491      0.31711151D-01
  811  0.23619018      0.35943300D-01
  812  0.23908039      0.40416191D-01
  813  0.24200596      0.45120260D-01
  814  0.24496734      0.50044803D-01
  815  0.24796495      0.55178005D-01
  816  0.25099924      0.60506979D-01
  817  0.25407066      0.66017802D-01
  818  0.25717967      0.71695566D-01
  819  0.26032672      0.77524432D-01
  820  0.26351228      0.83487690D-01
  821  0.26673682      0.89567824D-01
  822  0.27000082      0.95746582D-01
  823  0.27330476      0.10200506D+00
  824  0.27664913      0.10832376D+00
  825  0.28003442      0.11468270D+00
  826  0.28346114      0.12106150D+00
  827  0.28692980      0.12743946D+00
  828  0.29044089      0.13379566D+00
  829  0.29399495      0.14010906D+00
  830  0.29759250      0.14635860D+00
  831  0.30123408      0.15252328D+00
  832  0.30492021      0.15858229D+00
  833  0.30865145      0.16451509D+00
  834  0.31242835      0.17030153D+00
  835  0.31625147      0.17592190D+00
  836  0.32012137      0.18135709D+00
  837  0.32403862      0.18658861D+00
  838  0.32800381      0.19159876D+00
  839  0.33201752      0.19637064D+00
  840  0.33608035      0.20088828D+00
  841  0.34019289      0.20513669D+00
  842  0.34435575      0.20910196D+00
  843  0.34856956      0.21277129D+00
  844  0.35283493      0.21613305D+00
  845  0.35715249      0.21917688D+00
  846  0.36152289      0.22189368D+00
  847  0.36594676      0.22427566D+00
  848  0.37042477      0.22631638D+00
  849  0.37495758      0.22801079D+00
  850  0.37954585      0.22935519D+00
  851  0.38419027      0.23034732D+00
  852  0.38889152      0.23098625D+00
  853  0.39365030      0.23127248D+00
  854  0.39846731      0.23120785D+00
  855  0.40334327      0.23079554D+00
  856  0.40827889      0.23004007D+00
  857  0.41327491      0.22894720D+00
  858  0.41833206      0.22752392D+00
  859  0.42345110      0.22577842D+00
  860  0.42863278      0.22371999D+00
  861  0.43387786      0.22135898D+00
  862  0.43918713      0.21870675D+00
  863  0.44456137      0.21577556D+00
  864  0.45000137      0.21257851D+00
  865  0.45550793      0.20912950D+00
  866  0.46108188      0.20544306D+00
  867  0.46672404      0.20153437D+00
  868  0.47243524      0.19741909D+00
  869  0.47821633      0.19311331D+00
  870  0.48406815      0.18863349D+00
  871  0.48999159      0.18399630D+00
  872  0.49598751      0.17921860D+00
  873  0.50205680      0.17431732D+00
  874  0.50820035      0.16930939D+00
  875  0.51441909      0.16421165D+00
  876  0.52071392      0.15904076D+00
  877  0.52708578      0.15381316D+00
  878  0.53353562      0.14854496D+00
  879  0.54006437      0.14325190D+00
  880  0.54667302      0.13794925D+00
  881  0.55336254      0.13265178D+00
  882  0.56013391      0.12737370D+00
  883  0.56698815      0.12212861D+00
  884  0.57392626      0.11692945D+00
  885  0.58094927      0.11178843D+00
  886  0.58805821      0.10671708D+00
  887  0.59525415      0.10172613D+00
  888  0.60253815      0.96825549D-01
  889  0.60991127      0.92024486D-01
  890  0.61737462      0.87331291D-01
  891  0.62492930      0.82753494D-01
  892  0.63257642      0.78297801D-01
  893  0.64031712      0.73970107D-01
  894  0.64815254      0.69775495D-01
  895  0.65608384      0.65718260D-01
  896  0.66411219      0.61801916D-01
  897  0.67223878      0.58029226D-01
  898  0.68046482      0.54402223D-01
  899  0.68879152      0.50922240D-01
  900  0.69722011      0.47589941D-01
  901  0.70575184      0.44405356D-01
  902  0.71438797      0.41367918D-01
  903  0.72312977      0.38476499D-01
  904  0.73197855      0.35729450D-01
  905  0.74093561      0.33124645D-01
  906  0.75000228      0.30659519D-01
  907  0.75917989      0.28331109D-01
  908  0.76846981      0.26136100D-01
  909  0.77787340      0.24070863D-01
  910  0.78739207      0.22131496D-01
  911  0.79702721      0.20313864D-01
  912  0.80678026      0.18613639D-01
  913  0.81665265      0.17026335D-01
  914  0.82664584      0.15547346D-01
  915  0.83676133      0.14171979D-01
  916  0.84700059      0.12895485D-01
  917  0.85736515      0.11713091D-01
  918  0.86785654      0.10620025D-01
  919  0.87847631      0.96115453D-02
  920  0.88922603      0.86829617D-02
  921  0.90010729      0.78296576D-02
  922  0.91112170      0.70471089D-02
  923  0.92227090      0.63309009D-02
  924  0.93355652      0.56767435D-02
  925  0.94498025      0.50804833D-02
  926  0.95654376      0.45381147D-02
  927  0.96824878      0.40457885D-02
  928  0.98009702      0.35998185D-02
  929  0.99209025      0.31966872D-02
  930  1.00423024      0.28330488D-02
  931  1.01651879      0.25057314D-02
  932  1.02895770      0.22117374D-02
  933  1.04154883      0.19482433D-02
  934  1.05429403      0.17125973D-02
  935  1.06719520      0.15023167D-02
  936  1.08025423      0.13150843D-02
  937  1.09347306      0.11487436D-02
  938  1.10685365      0.10012936D-02
  939  1.12039797      0.87088339D-03
  940  1.13410803      0.75580540D-03
  941  1.14798586      0.65448928D-03
  942  1.16203351      0.56549487D-03
  943  1.17625306      0.48750524D-03
  944  1.19064661      0.41931964D-03
  945  1.20521629      0.35984634D-03
  946  1.21996425      0.30809561D-03
  947  1.23489269      0.26317275D-03
  948  1.25000380      0.22427127D-03
  949  1.26529982      0.19066628D-03
  950  1.28078301      0.16170809D-03
  951  1.29645567      0.13681609D-03
  952  1.31232011      0.11547288D-03
  953  1.32837868      0.97218730D-04
  954  1.34463376      0.81646312D-04
  955  1.36108774      0.68395784D-04
  956  1.37774307      0.57150171D-04
  957  1.39460221      0.47631072D-04
  958  1.41166765      0.39594680D-04
  959  1.42894192      0.32828110D-04
  960  1.44642756      0.27146026D-04
  961  1.46412718      0.22387551D-04
  962  1.48204338      0.18413457D-04
  963  1.50017882      0.15103614D-04
  964  1.51853617      0.12354677D-04
  965  1.53711816      0.10078013D-04
  966  1.55592754      0.81978395D-05
  967  1.57496708      0.66495551D-05
  968  1.59423960      0.53782636D-05
  969  1.61374796      0.43374588D-05
  970  1.63349504      0.34878656D-05
  971  1.65348376      0.27964200D-05
  972  1.67371707      0.22353748D-05
  973  1.69419798      0.17815190D-05
  974  1.71492950      0.14154986D-05
  975  1.73591472      0.11212279D-05
  976  1.75715672      0.88538104D-06
  977  1.77865866      0.69695486D-06
  978  1.80042371      0.54689419D-06
  979  1.82245510      0.42777179D-06
  980  1.84475608      0.33351620D-06
  981  1.86732995      0.25918110D-06
  982  1.89018006      0.20075056D-06
  983  1.91330977      0.15497534D-06
  984  1.93672252      0.11923560D-06
  985  1.96042177      0.91426429D-07
  986  1.98441102      0.69862625D-07
  987  2.00869381      0.53199800D-07
  988  2.03327376      0.40369328D-07
  989  2.05815448      0.30524867D-07
  990  2.08333966      0.22998573D-07
  991  2.10883303      0.17265407D-07
  992  2.13463835      0.12914136D-07
  993  2.16075945      0.96238779D-08
  994  2.18720018      0.71452014D-08
  995  2.21396447      0.52849602D-08
  996  2.24105626      0.38941701D-08
  997  2.26847957      0.28583601D-08
  998  2.29623846      0.20899242D-08
  999  2.32433702      0.15220826D-08
 1000  2.35277942      0.11041355D-08
 1001  2.38156986      0.79774699D-09
 1002  2.41071260      0.57404864D-09
 1003  2.44021196      0.41139102D-09
 1004  2.47007230      0.29360621D-09
 1005  2.50029803      0.20867074D-09
 1006  2.53089362      0.14768119D-09
 1007  2.56186361      0.10407285D-09
 1008  2.59321256      0.73026311D-10
 1009  2.62494513      0.51018999D-10
 1010  2.65706601      0.35487539D-10
 1011  2.68957994      0.24574897D-10
 1012  2.72249173      0.16941802D-10
 1013  2.75580626      0.11626776D-10
 1014  2.78952845      0.79427348D-11
 1015  2.82366330      0.54009484D-11
 1016  2.85821584      0.36554136D-11
 1017  2.89319120      0.24623211D-11
 1018  2.92859454      0.16506788D-11
 1019  2.96443110      0.11011992D-11
 1020  3.00070619      0.73101824D-12
 1021  3.03742517      0.48273692D-12
 1022  3.07459347      0.31717987D-12
