 ir        r              f(r)*r^2
    1  0.00001244      0.35479373D-05
    2  0.00001259      0.36352528D-05
    3  0.00001274      0.37247165D-05
    4  0.00001290      0.38163813D-05
    5  0.00001306      0.39103013D-05
    6  0.00001322      0.40065321D-05
    7  0.00001338      0.41051303D-05
    8  0.00001354      0.42061543D-05
    9  0.00001371      0.43096637D-05
   10  0.00001388      0.44157196D-05
   11  0.00001405      0.45243846D-05
   12  0.00001422      0.46357230D-05
   13  0.00001439      0.47498003D-05
   14  0.00001457      0.48666841D-05
   15  0.00001475      0.49864432D-05
   16  0.00001493      0.51091484D-05
   17  0.00001511      0.52348722D-05
   18  0.00001529      0.53636887D-05
   19  0.00001548      0.54956740D-05
   20  0.00001567      0.56309060D-05
   21  0.00001586      0.57694645D-05
   22  0.00001606      0.59114314D-05
   23  0.00001625      0.60568903D-05
   24  0.00001645      0.62059273D-05
   25  0.00001665      0.63586301D-05
   26  0.00001686      0.65150890D-05
   27  0.00001706      0.66753963D-05
   28  0.00001727      0.68396466D-05
   29  0.00001748      0.70079368D-05
   30  0.00001770      0.71803663D-05
   31  0.00001791      0.73570368D-05
   32  0.00001813      0.75380525D-05
   33  0.00001836      0.77235202D-05
   34  0.00001858      0.79135494D-05
   35  0.00001881      0.81082522D-05
   36  0.00001904      0.83077435D-05
   37  0.00001927      0.85121410D-05
   38  0.00001951      0.87215652D-05
   39  0.00001975      0.89361397D-05
   40  0.00001999      0.91559911D-05
   41  0.00002023      0.93812490D-05
   42  0.00002048      0.96120464D-05
   43  0.00002073      0.98485194D-05
   44  0.00002098      0.10090807D-04
   45  0.00002124      0.10339053D-04
   46  0.00002150      0.10593404D-04
   47  0.00002176      0.10854008D-04
   48  0.00002203      0.11121021D-04
   49  0.00002230      0.11394599D-04
   50  0.00002257      0.11674904D-04
   51  0.00002285      0.11962101D-04
   52  0.00002313      0.12256360D-04
   53  0.00002341      0.12557853D-04
   54  0.00002370      0.12866759D-04
   55  0.00002399      0.13183260D-04
   56  0.00002428      0.13507542D-04
   57  0.00002458      0.13839797D-04
   58  0.00002488      0.14180220D-04
   59  0.00002518      0.14529013D-04
   60  0.00002549      0.14886380D-04
   61  0.00002580      0.15252532D-04
   62  0.00002612      0.15627685D-04
   63  0.00002644      0.16012060D-04
   64  0.00002676      0.16405884D-04
   65  0.00002709      0.16809388D-04
   66  0.00002742      0.17222811D-04
   67  0.00002776      0.17646396D-04
   68  0.00002810      0.18080393D-04
   69  0.00002844      0.18525057D-04
   70  0.00002879      0.18980650D-04
   71  0.00002914      0.19447441D-04
   72  0.00002950      0.19925704D-04
   73  0.00002986      0.20415721D-04
   74  0.00003022      0.20917782D-04
   75  0.00003059      0.21432181D-04
   76  0.00003097      0.21959221D-04
   77  0.00003135      0.22499213D-04
   78  0.00003173      0.23052475D-04
   79  0.00003212      0.23619333D-04
   80  0.00003251      0.24200120D-04
   81  0.00003291      0.24795178D-04
   82  0.00003331      0.25404858D-04
   83  0.00003372      0.26029518D-04
   84  0.00003413      0.26669526D-04
   85  0.00003455      0.27325259D-04
   86  0.00003497      0.27997102D-04
   87  0.00003540      0.28685452D-04
   88  0.00003583      0.29390713D-04
   89  0.00003627      0.30113300D-04
   90  0.00003672      0.30853639D-04
   91  0.00003717      0.31612164D-04
   92  0.00003762      0.32389322D-04
   93  0.00003808      0.33185571D-04
   94  0.00003855      0.34001378D-04
   95  0.00003902      0.34837224D-04
   96  0.00003950      0.35693599D-04
   97  0.00003998      0.36571009D-04
   98  0.00004047      0.37469968D-04
   99  0.00004096      0.38391005D-04
  100  0.00004146      0.39334662D-04
  101  0.00004197      0.40301493D-04
  102  0.00004249      0.41292067D-04
  103  0.00004301      0.42306966D-04
  104  0.00004353      0.43346787D-04
  105  0.00004406      0.44412141D-04
  106  0.00004460      0.45503653D-04
  107  0.00004515      0.46621966D-04
  108  0.00004570      0.47767735D-04
  109  0.00004626      0.48941635D-04
  110  0.00004683      0.50144355D-04
  111  0.00004740      0.51376601D-04
  112  0.00004798      0.52639098D-04
  113  0.00004857      0.53932586D-04
  114  0.00004916      0.55257826D-04
  115  0.00004976      0.56615594D-04
  116  0.00005037      0.58006690D-04
  117  0.00005099      0.59431929D-04
  118  0.00005161      0.60892147D-04
  119  0.00005224      0.62388203D-04
  120  0.00005288      0.63920973D-04
  121  0.00005353      0.65491358D-04
  122  0.00005419      0.67100279D-04
  123  0.00005485      0.68748680D-04
  124  0.00005552      0.70437528D-04
  125  0.00005620      0.72167814D-04
  126  0.00005689      0.73940552D-04
  127  0.00005758      0.75756782D-04
  128  0.00005829      0.77617570D-04
  129  0.00005900      0.79524005D-04
  130  0.00005972      0.81477207D-04
  131  0.00006045      0.83478320D-04
  132  0.00006119      0.85528517D-04
  133  0.00006194      0.87628999D-04
  134  0.00006270      0.89780997D-04
  135  0.00006347      0.91985773D-04
  136  0.00006424      0.94244617D-04
  137  0.00006503      0.96558854D-04
  138  0.00006583      0.98929838D-04
  139  0.00006663      0.10135896D-03
  140  0.00006745      0.10384764D-03
  141  0.00006827      0.10639733D-03
  142  0.00006911      0.10900954D-03
  143  0.00006995      0.11168578D-03
  144  0.00007081      0.11442762D-03
  145  0.00007168      0.11723667D-03
  146  0.00007255      0.12011458D-03
  147  0.00007344      0.12306301D-03
  148  0.00007434      0.12608371D-03
  149  0.00007525      0.12917844D-03
  150  0.00007617      0.13234900D-03
  151  0.00007710      0.13559725D-03
  152  0.00007805      0.13892509D-03
  153  0.00007900      0.14233447D-03
  154  0.00007997      0.14582737D-03
  155  0.00008095      0.14940584D-03
  156  0.00008194      0.15307197D-03
  157  0.00008294      0.15682790D-03
  158  0.00008395      0.16067582D-03
  159  0.00008498      0.16461798D-03
  160  0.00008602      0.16865669D-03
  161  0.00008707      0.17279429D-03
  162  0.00008814      0.17703321D-03
  163  0.00008922      0.18137592D-03
  164  0.00009031      0.18582495D-03
  165  0.00009141      0.19038290D-03
  166  0.00009253      0.19505243D-03
  167  0.00009367      0.19983625D-03
  168  0.00009481      0.20473717D-03
  169  0.00009597      0.20975803D-03
  170  0.00009715      0.21490176D-03
  171  0.00009834      0.22017137D-03
  172  0.00009954      0.22556991D-03
  173  0.00010076      0.23110054D-03
  174  0.00010199      0.23676647D-03
  175  0.00010324      0.24257102D-03
  176  0.00010450      0.24851754D-03
  177  0.00010578      0.25460951D-03
  178  0.00010707      0.26085047D-03
  179  0.00010838      0.26724406D-03
  180  0.00010971      0.27379399D-03
  181  0.00011105      0.28050406D-03
  182  0.00011241      0.28737819D-03
  183  0.00011379      0.29442037D-03
  184  0.00011518      0.30163469D-03
  185  0.00011659      0.30902534D-03
  186  0.00011802      0.31659662D-03
  187  0.00011946      0.32435293D-03
  188  0.00012092      0.33229876D-03
  189  0.00012240      0.34043874D-03
  190  0.00012390      0.34877758D-03
  191  0.00012542      0.35732012D-03
  192  0.00012695      0.36607133D-03
  193  0.00012850      0.37503627D-03
  194  0.00013008      0.38422015D-03
  195  0.00013167      0.39362829D-03
  196  0.00013328      0.40326613D-03
  197  0.00013491      0.41313927D-03
  198  0.00013656      0.42325343D-03
  199  0.00013823      0.43361445D-03
  200  0.00013992      0.44422835D-03
  201  0.00014164      0.45510126D-03
  202  0.00014337      0.46623947D-03
  203  0.00014512      0.47764943D-03
  204  0.00014690      0.48933774D-03
  205  0.00014870      0.50131115D-03
  206  0.00015052      0.51357658D-03
  207  0.00015236      0.52614113D-03
  208  0.00015422      0.53901204D-03
  209  0.00015611      0.55219675D-03
  210  0.00015802      0.56570288D-03
  211  0.00015995      0.57953821D-03
  212  0.00016191      0.59371073D-03
  213  0.00016389      0.60822862D-03
  214  0.00016590      0.62310024D-03
  215  0.00016793      0.63833417D-03
  216  0.00016998      0.65393918D-03
  217  0.00017206      0.66992426D-03
  218  0.00017417      0.68629862D-03
  219  0.00017630      0.70307168D-03
  220  0.00017846      0.72025309D-03
  221  0.00018064      0.73785274D-03
  222  0.00018285      0.75588075D-03
  223  0.00018509      0.77434748D-03
  224  0.00018735      0.79326355D-03
  225  0.00018965      0.81263981D-03
  226  0.00019197      0.83248739D-03
  227  0.00019432      0.85281768D-03
  228  0.00019669      0.87364236D-03
  229  0.00019910      0.89497336D-03
  230  0.00020154      0.91682292D-03
  231  0.00020400      0.93920355D-03
  232  0.00020650      0.96212807D-03
  233  0.00020903      0.98560962D-03
  234  0.00021158      0.10096616D-02
  235  0.00021417      0.10342979D-02
  236  0.00021679      0.10595324D-02
  237  0.00021945      0.10853797D-02
  238  0.00022213      0.11118546D-02
  239  0.00022485      0.11389720D-02
  240  0.00022760      0.11667476D-02
  241  0.00023039      0.11951971D-02
  242  0.00023321      0.12243369D-02
  243  0.00023606      0.12541834D-02
  244  0.00023895      0.12847538D-02
  245  0.00024187      0.13160654D-02
  246  0.00024483      0.13481361D-02
  247  0.00024783      0.13809841D-02
  248  0.00025086      0.14146281D-02
  249  0.00025393      0.14490872D-02
  250  0.00025704      0.14843810D-02
  251  0.00026018      0.15205296D-02
  252  0.00026337      0.15575535D-02
  253  0.00026659      0.15954737D-02
  254  0.00026985      0.16343116D-02
  255  0.00027315      0.16740894D-02
  256  0.00027650      0.17148294D-02
  257  0.00027988      0.17565549D-02
  258  0.00028330      0.17992894D-02
  259  0.00028677      0.18430571D-02
  260  0.00029028      0.18878827D-02
  261  0.00029383      0.19337916D-02
  262  0.00029743      0.19808096D-02
  263  0.00030107      0.20289633D-02
  264  0.00030475      0.20782799D-02
  265  0.00030848      0.21287871D-02
  266  0.00031226      0.21805134D-02
  267  0.00031608      0.22334879D-02
  268  0.00031994      0.22877404D-02
  269  0.00032386      0.23433014D-02
  270  0.00032782      0.24002022D-02
  271  0.00033183      0.24584746D-02
  272  0.00033589      0.25181513D-02
  273  0.00034000      0.25792659D-02
  274  0.00034417      0.26418526D-02
  275  0.00034838      0.27059463D-02
  276  0.00035264      0.27715831D-02
  277  0.00035695      0.28387995D-02
  278  0.00036132      0.29076332D-02
  279  0.00036574      0.29781225D-02
  280  0.00037022      0.30503069D-02
  281  0.00037475      0.31242264D-02
  282  0.00037934      0.31999225D-02
  283  0.00038398      0.32774371D-02
  284  0.00038868      0.33568133D-02
  285  0.00039343      0.34380954D-02
  286  0.00039825      0.35213285D-02
  287  0.00040312      0.36065587D-02
  288  0.00040805      0.36938333D-02
  289  0.00041305      0.37832007D-02
  290  0.00041810      0.38747103D-02
  291  0.00042322      0.39684128D-02
  292  0.00042840      0.40643600D-02
  293  0.00043364      0.41626047D-02
  294  0.00043894      0.42632013D-02
  295  0.00044432      0.43662052D-02
  296  0.00044975      0.44716731D-02
  297  0.00045526      0.45796630D-02
  298  0.00046083      0.46902344D-02
  299  0.00046647      0.48034479D-02
  300  0.00047217      0.49193656D-02
  301  0.00047795      0.50380511D-02
  302  0.00048380      0.51595694D-02
  303  0.00048972      0.52839870D-02
  304  0.00049571      0.54113719D-02
  305  0.00050178      0.55417936D-02
  306  0.00050792      0.56753233D-02
  307  0.00051413      0.58120337D-02
  308  0.00052043      0.59519992D-02
  309  0.00052679      0.60952960D-02
  310  0.00053324      0.62420019D-02
  311  0.00053977      0.63921964D-02
  312  0.00054637      0.65459611D-02
  313  0.00055306      0.67033790D-02
  314  0.00055982      0.68645354D-02
  315  0.00056667      0.70295173D-02
  316  0.00057361      0.71984136D-02
  317  0.00058063      0.73713155D-02
  318  0.00058773      0.75483159D-02
  319  0.00059492      0.77295101D-02
  320  0.00060220      0.79149952D-02
  321  0.00060957      0.81048708D-02
  322  0.00061703      0.82992386D-02
  323  0.00062458      0.84982024D-02
  324  0.00063223      0.87018687D-02
  325  0.00063996      0.89103460D-02
  326  0.00064779      0.91237454D-02
  327  0.00065572      0.93421805D-02
  328  0.00066374      0.95657673D-02
  329  0.00067187      0.97946245D-02
  330  0.00068009      0.10028873D-01
  331  0.00068841      0.10268638D-01
  332  0.00069683      0.10514044D-01
  333  0.00070536      0.10765223D-01
  334  0.00071399      0.11022305D-01
  335  0.00072273      0.11285426D-01
  336  0.00073157      0.11554725D-01
  337  0.00074053      0.11830343D-01
  338  0.00074959      0.12112424D-01
  339  0.00075876      0.12401115D-01
  340  0.00076804      0.12696567D-01
  341  0.00077744      0.12998934D-01
  342  0.00078696      0.13308374D-01
  343  0.00079659      0.13625046D-01
  344  0.00080633      0.13949116D-01
  345  0.00081620      0.14280750D-01
  346  0.00082619      0.14620121D-01
  347  0.00083630      0.14967404D-01
  348  0.00084653      0.15322776D-01
  349  0.00085689      0.15686421D-01
  350  0.00086738      0.16058525D-01
  351  0.00087799      0.16439279D-01
  352  0.00088873      0.16828877D-01
  353  0.00089961      0.17227519D-01
  354  0.00091062      0.17635406D-01
  355  0.00092176      0.18052746D-01
  356  0.00093304      0.18479751D-01
  357  0.00094446      0.18916637D-01
  358  0.00095601      0.19363625D-01
  359  0.00096771      0.19820939D-01
  360  0.00097956      0.20288810D-01
  361  0.00099154      0.20767472D-01
  362  0.00100367      0.21257165D-01
  363  0.00101596      0.21758134D-01
  364  0.00102839      0.22270628D-01
  365  0.00104097      0.22794902D-01
  366  0.00105371      0.23331217D-01
  367  0.00106661      0.23879838D-01
  368  0.00107966      0.24441035D-01
  369  0.00109287      0.25015086D-01
  370  0.00110624      0.25602272D-01
  371  0.00111978      0.26202881D-01
  372  0.00113348      0.26817207D-01
  373  0.00114735      0.27445550D-01
  374  0.00116139      0.28088214D-01
  375  0.00117560      0.28745513D-01
  376  0.00118999      0.29417764D-01
  377  0.00120455      0.30105292D-01
  378  0.00121929      0.30808427D-01
  379  0.00123421      0.31527507D-01
  380  0.00124931      0.32262877D-01
  381  0.00126460      0.33014886D-01
  382  0.00128007      0.33783893D-01
  383  0.00129574      0.34570263D-01
  384  0.00131159      0.35374368D-01
  385  0.00132764      0.36196587D-01
  386  0.00134389      0.37037307D-01
  387  0.00136034      0.37896921D-01
  388  0.00137698      0.38775831D-01
  389  0.00139383      0.39674447D-01
  390  0.00141089      0.40593185D-01
  391  0.00142815      0.41532471D-01
  392  0.00144563      0.42492737D-01
  393  0.00146332      0.43474426D-01
  394  0.00148122      0.44477986D-01
  395  0.00149935      0.45503875D-01
  396  0.00151770      0.46552559D-01
  397  0.00153627      0.47624515D-01
  398  0.00155507      0.48720225D-01
  399  0.00157410      0.49840181D-01
  400  0.00159336      0.50984887D-01
  401  0.00161286      0.52154852D-01
  402  0.00163259      0.53350596D-01
  403  0.00165257      0.54572649D-01
  404  0.00167279      0.55821549D-01
  405  0.00169326      0.57097844D-01
  406  0.00171398      0.58402093D-01
  407  0.00173495      0.59734863D-01
  408  0.00175619      0.61096732D-01
  409  0.00177768      0.62488287D-01
  410  0.00179943      0.63910126D-01
  411  0.00182145      0.65362857D-01
  412  0.00184374      0.66847099D-01
  413  0.00186630      0.68363480D-01
  414  0.00188913      0.69912640D-01
  415  0.00191225      0.71495228D-01
  416  0.00193565      0.73111905D-01
  417  0.00195934      0.74763343D-01
  418  0.00198331      0.76450224D-01
  419  0.00200758      0.78173242D-01
  420  0.00203215      0.79933101D-01
  421  0.00205702      0.81730517D-01
  422  0.00208219      0.83566217D-01
  423  0.00210767      0.85440940D-01
  424  0.00213346      0.87355436D-01
  425  0.00215956      0.89310465D-01
  426  0.00218599      0.91306801D-01
  427  0.00221274      0.93345229D-01
  428  0.00223982      0.95426544D-01
  429  0.00226723      0.97551555D-01
  430  0.00229497      0.99721081D-01
  431  0.00232305      0.10193595D+00
  432  0.00235148      0.10419702D+00
  433  0.00238025      0.10650513D+00
  434  0.00240938      0.10886115D+00
  435  0.00243886      0.11126596D+00
  436  0.00246871      0.11372046D+00
  437  0.00249892      0.11622554D+00
  438  0.00252949      0.11878212D+00
  439  0.00256045      0.12139113D+00
  440  0.00259178      0.12405350D+00
  441  0.00262349      0.12677019D+00
  442  0.00265560      0.12954216D+00
  443  0.00268809      0.13237037D+00
  444  0.00272099      0.13525583D+00
  445  0.00275428      0.13819951D+00
  446  0.00278799      0.14120244D+00
  447  0.00282210      0.14426563D+00
  448  0.00285664      0.14739011D+00
  449  0.00289159      0.15057693D+00
  450  0.00292698      0.15382713D+00
  451  0.00296279      0.15714178D+00
  452  0.00299905      0.16052196D+00
  453  0.00303575      0.16396875D+00
  454  0.00307289      0.16748324D+00
  455  0.00311050      0.17106654D+00
  456  0.00314856      0.17471977D+00
  457  0.00318709      0.17844405D+00
  458  0.00322609      0.18224051D+00
  459  0.00326556      0.18611029D+00
  460  0.00330552      0.19005456D+00
  461  0.00334597      0.19407445D+00
  462  0.00338692      0.19817116D+00
  463  0.00342836      0.20234584D+00
  464  0.00347031      0.20659968D+00
  465  0.00351278      0.21093388D+00
  466  0.00355576      0.21534962D+00
  467  0.00359927      0.21984811D+00
  468  0.00364332      0.22443056D+00
  469  0.00368790      0.22909817D+00
  470  0.00373303      0.23385217D+00
  471  0.00377871      0.23869378D+00
  472  0.00382495      0.24362421D+00
  473  0.00387175      0.24864469D+00
  474  0.00391913      0.25375646D+00
  475  0.00396709      0.25896074D+00
  476  0.00401563      0.26425876D+00
  477  0.00406477      0.26965175D+00
  478  0.00411451      0.27514094D+00
  479  0.00416486      0.28072756D+00
  480  0.00421582      0.28641283D+00
  481  0.00426741      0.29219798D+00
  482  0.00431963      0.29808421D+00
  483  0.00437249      0.30407275D+00
  484  0.00442599      0.31016480D+00
  485  0.00448015      0.31636155D+00
  486  0.00453498      0.32266419D+00
  487  0.00459047      0.32907391D+00
  488  0.00464664      0.33559188D+00
  489  0.00470350      0.34221925D+00
  490  0.00476106      0.34895717D+00
  491  0.00481932      0.35580677D+00
  492  0.00487829      0.36276916D+00
  493  0.00493799      0.36984545D+00
  494  0.00499841      0.37703672D+00
  495  0.00505958      0.38434402D+00
  496  0.00512149      0.39176840D+00
  497  0.00518416      0.39931087D+00
  498  0.00524760      0.40697243D+00
  499  0.00531181      0.41475404D+00
  500  0.00537681      0.42265665D+00
  501  0.00544260      0.43068117D+00
  502  0.00550920      0.43882847D+00
  503  0.00557662      0.44709941D+00
  504  0.00564486      0.45549480D+00
  505  0.00571393      0.46401541D+00
  506  0.00578385      0.47266199D+00
  507  0.00585463      0.48143522D+00
  508  0.00592627      0.49033578D+00
  509  0.00599879      0.49936426D+00
  510  0.00607220      0.50852124D+00
  511  0.00614650      0.51780724D+00
  512  0.00622171      0.52722271D+00
  513  0.00629785      0.53676807D+00
  514  0.00637491      0.54644368D+00
  515  0.00645292      0.55624983D+00
  516  0.00653188      0.56618677D+00
  517  0.00661181      0.57625468D+00
  518  0.00669272      0.58645365D+00
  519  0.00677462      0.59678375D+00
  520  0.00685752      0.60724494D+00
  521  0.00694143      0.61783711D+00
  522  0.00702637      0.62856011D+00
  523  0.00711235      0.63941367D+00
  524  0.00719938      0.65039745D+00
  525  0.00728748      0.66151105D+00
  526  0.00737666      0.67275396D+00
  527  0.00746692      0.68412558D+00
  528  0.00755829      0.69562522D+00
  529  0.00765078      0.70725211D+00
  530  0.00774441      0.71900536D+00
  531  0.00783917      0.73088401D+00
  532  0.00793510      0.74288695D+00
  533  0.00803220      0.75501301D+00
  534  0.00813049      0.76726087D+00
  535  0.00822998      0.77962914D+00
  536  0.00833069      0.79211627D+00
  537  0.00843263      0.80472063D+00
  538  0.00853581      0.81744043D+00
  539  0.00864027      0.83027379D+00
  540  0.00874599      0.84321868D+00
  541  0.00885302      0.85627296D+00
  542  0.00896135      0.86943433D+00
  543  0.00907101      0.88270037D+00
  544  0.00918201      0.89606852D+00
  545  0.00929437      0.90953607D+00
  546  0.00940810      0.92310019D+00
  547  0.00952322      0.93675785D+00
  548  0.00963976      0.95050593D+00
  549  0.00975772      0.96434112D+00
  550  0.00987712      0.97825996D+00
  551  0.00999798      0.99225884D+00
  552  0.01012033      0.10063340D+01
  553  0.01024417      0.10204815D+01
  554  0.01036952      0.10346971D+01
  555  0.01049641      0.10489768D+01
  556  0.01062485      0.10633159D+01
  557  0.01075487      0.10777100D+01
  558  0.01088647      0.10921541D+01
  559  0.01101969      0.11066434D+01
  560  0.01115453      0.11211728D+01
  561  0.01129103      0.11357368D+01
  562  0.01142920      0.11503300D+01
  563  0.01156905      0.11649468D+01
  564  0.01171062      0.11795813D+01
  565  0.01185392      0.11942274D+01
  566  0.01199897      0.12088790D+01
  567  0.01214580      0.12235296D+01
  568  0.01229443      0.12381727D+01
  569  0.01244487      0.12528015D+01
  570  0.01259716      0.12674091D+01
  571  0.01275131      0.12819883D+01
  572  0.01290734      0.12965319D+01
  573  0.01306529      0.13110323D+01
  574  0.01322516      0.13254819D+01
  575  0.01338700      0.13398729D+01
  576  0.01355081      0.13541972D+01
  577  0.01371663      0.13684467D+01
  578  0.01388448      0.13826131D+01
  579  0.01405438      0.13966879D+01
  580  0.01422636      0.14106622D+01
  581  0.01440044      0.14245275D+01
  582  0.01457666      0.14382746D+01
  583  0.01475503      0.14518944D+01
  584  0.01493558      0.14653777D+01
  585  0.01511835      0.14787150D+01
  586  0.01530335      0.14918969D+01
  587  0.01549061      0.15049135D+01
  588  0.01568016      0.15177552D+01
  589  0.01587204      0.15304120D+01
  590  0.01606626      0.15428739D+01
  591  0.01626286      0.15551308D+01
  592  0.01646187      0.15671725D+01
  593  0.01666331      0.15789886D+01
  594  0.01686721      0.15905689D+01
  595  0.01707361      0.16019029D+01
  596  0.01728254      0.16129801D+01
  597  0.01749402      0.16237901D+01
  598  0.01770809      0.16343221D+01
  599  0.01792478      0.16445657D+01
  600  0.01814412      0.16545103D+01
  601  0.01836615      0.16641452D+01
  602  0.01859089      0.16734599D+01
  603  0.01881838      0.16824438D+01
  604  0.01904866      0.16910865D+01
  605  0.01928175      0.16993774D+01
  606  0.01951770      0.17073061D+01
  607  0.01975653      0.17148624D+01
  608  0.01999829      0.17220361D+01
  609  0.02024301      0.17288169D+01
  610  0.02049071      0.17351950D+01
  611  0.02074146      0.17411605D+01
  612  0.02099526      0.17467038D+01
  613  0.02125218      0.17518152D+01
  614  0.02151224      0.17564856D+01
  615  0.02177548      0.17607057D+01
  616  0.02204194      0.17644668D+01
  617  0.02231166      0.17677601D+01
  618  0.02258468      0.17705773D+01
  619  0.02286105      0.17729103D+01
  620  0.02314079      0.17747512D+01
  621  0.02342396      0.17760927D+01
  622  0.02371060      0.17769274D+01
  623  0.02400074      0.17772487D+01
  624  0.02429443      0.17770499D+01
  625  0.02459171      0.17763251D+01
  626  0.02489264      0.17750686D+01
  627  0.02519724      0.17732751D+01
  628  0.02550558      0.17709397D+01
  629  0.02581768      0.17680582D+01
  630  0.02613361      0.17646266D+01
  631  0.02645340      0.17606414D+01
  632  0.02677710      0.17560998D+01
  633  0.02710477      0.17509992D+01
  634  0.02743644      0.17453380D+01
  635  0.02777218      0.17391146D+01
  636  0.02811202      0.17323282D+01
  637  0.02845602      0.17249788D+01
  638  0.02880423      0.17170665D+01
  639  0.02915670      0.17085924D+01
  640  0.02951349      0.16995581D+01
  641  0.02987464      0.16899656D+01
  642  0.03024020      0.16798177D+01
  643  0.03061025      0.16691179D+01
  644  0.03098482      0.16578702D+01
  645  0.03136397      0.16460793D+01
  646  0.03174777      0.16337505D+01
  647  0.03213626      0.16208898D+01
  648  0.03252950      0.16075037D+01
  649  0.03292756      0.15935997D+01
  650  0.03333048      0.15791856D+01
  651  0.03373834      0.15642701D+01
  652  0.03415119      0.15488622D+01
  653  0.03456909      0.15329720D+01
  654  0.03499211      0.15166098D+01
  655  0.03542030      0.14997869D+01
  656  0.03585373      0.14825150D+01
  657  0.03629246      0.14648065D+01
  658  0.03673656      0.14466743D+01
  659  0.03718610      0.14281320D+01
  660  0.03764114      0.14091937D+01
  661  0.03810175      0.13898742D+01
  662  0.03856799      0.13701885D+01
  663  0.03903994      0.13501525D+01
  664  0.03951766      0.13297824D+01
  665  0.04000123      0.13090949D+01
  666  0.04049071      0.12881072D+01
  667  0.04098619      0.12668369D+01
  668  0.04148773      0.12453019D+01
  669  0.04199541      0.12235207D+01
  670  0.04250929      0.12015120D+01
  671  0.04302947      0.11792947D+01
  672  0.04355601      0.11568883D+01
  673  0.04408900      0.11343122D+01
  674  0.04462851      0.11115864D+01
  675  0.04517461      0.10887307D+01
  676  0.04572741      0.10657653D+01
  677  0.04628696      0.10427104D+01
  678  0.04685337      0.10195864D+01
  679  0.04742670      0.99641367D+00
  680  0.04800705      0.97321249D+00
  681  0.04859450      0.95000325D+00
  682  0.04918914      0.92680620D+00
  683  0.04979106      0.90364150D+00
  684  0.05040034      0.88052915D+00
  685  0.05101708      0.85748896D+00
  686  0.05164136      0.83454054D+00
  687  0.05227329      0.81170320D+00
  688  0.05291294      0.78899598D+00
  689  0.05356043      0.76643757D+00
  690  0.05421584      0.74404629D+00
  691  0.05487926      0.72184005D+00
  692  0.05555081      0.69983631D+00
  693  0.05623057      0.67805206D+00
  694  0.05691865      0.65650380D+00
  695  0.05761515      0.63520745D+00
  696  0.05832018      0.61417839D+00
  697  0.05903383      0.59343140D+00
  698  0.05975621      0.57298062D+00
  699  0.06048744      0.55283957D+00
  700  0.06122761      0.53302107D+00
  701  0.06197684      0.51353727D+00
  702  0.06273523      0.49439957D+00
  703  0.06350291      0.47561869D+00
  704  0.06427998      0.45720458D+00
  705  0.06506656      0.43916643D+00
  706  0.06586277      0.42151267D+00
  707  0.06666871      0.40425094D+00
  708  0.06748452      0.38738812D+00
  709  0.06831032      0.37093028D+00
  710  0.06914622      0.35488273D+00
  711  0.06999234      0.33924995D+00
  712  0.07084882      0.32403567D+00
  713  0.07171579      0.30924283D+00
  714  0.07259336      0.29487360D+00
  715  0.07348166      0.28092937D+00
  716  0.07438084      0.26741080D+00
  717  0.07529102      0.25431781D+00
  718  0.07621234      0.24164959D+00
  719  0.07714494      0.22940462D+00
  720  0.07808894      0.21758073D+00
  721  0.07904450      0.20617504D+00
  722  0.08001175      0.19518407D+00
  723  0.08099084      0.18460371D+00
  724  0.08198190      0.17442926D+00
  725  0.08298510      0.16465547D+00
  726  0.08400057      0.15527654D+00
  727  0.08502847      0.14628619D+00
  728  0.08606894      0.13767766D+00
  729  0.08712215      0.12944375D+00
  730  0.08818824      0.12157685D+00
  731  0.08926738      0.11406897D+00
  732  0.09035973      0.10691181D+00
  733  0.09146544      0.10009672D+00
  734  0.09258468      0.93614803D-01
  735  0.09371762      0.87456914D-01
  736  0.09486442      0.81613698D-01
  737  0.09602526      0.76075627D-01
  738  0.09720030      0.70833031D-01
  739  0.09838971      0.65876128D-01
  740  0.09959369      0.61195056D-01
  741  0.10081239      0.56779905D-01
  742  0.10204601      0.52620743D-01
  743  0.10329473      0.48707647D-01
  744  0.10455872      0.45030731D-01
  745  0.10583818      0.41580167D-01
  746  0.10713330      0.38346215D-01
  747  0.10844427      0.35319244D-01
  748  0.10977128      0.32489753D-01
  749  0.11111452      0.29848394D-01
  750  0.11247421      0.27385988D-01
  751  0.11385053      0.25093546D-01
  752  0.11524369      0.22962279D-01
  753  0.11665390      0.20983619D-01
  754  0.11808137      0.19149228D-01
  755  0.11952631      0.17451010D-01
  756  0.12098893      0.15881121D-01
  757  0.12246944      0.14431976D-01
  758  0.12396807      0.13096256D-01
  759  0.12548504      0.11866916D-01
  760  0.12702057      0.10737185D-01
  761  0.12857490      0.97005702D-02
  762  0.13014824      0.87508593D-02
  763  0.13174083      0.78821190D-02
  764  0.13335292      0.70886946D-02
  765  0.13498473      0.63652080D-02
  766  0.13663651      0.57065542D-02
  767  0.13830850      0.51078974D-02
  768  0.14000095      0.45646663D-02
  769  0.14171411      0.40725480D-02
  770  0.14344823      0.36274821D-02
  771  0.14520358      0.32256533D-02
  772  0.14698040      0.28634844D-02
  773  0.14877897      0.25376279D-02
  774  0.15059954      0.22449579D-02
  775  0.15244240      0.19825614D-02
  776  0.15430780      0.17477297D-02
  777  0.15619603      0.15379487D-02
  778  0.15810737      0.13508906D-02
  779  0.16004209      0.11844039D-02
  780  0.16200049      0.10365049D-02
  781  0.16398286      0.90536795D-03
  782  0.16598948      0.78931691D-03
  783  0.16802065      0.68681599D-03
  784  0.17007669      0.59646111D-03
  785  0.17215788      0.51697144D-03
  786  0.17426454      0.44718113D-03
  787  0.17639697      0.38603134D-03
  788  0.17855550      0.33256260D-03
  789  0.18074045      0.28590744D-03
  790  0.18295213      0.24528333D-03
  791  0.18519087      0.20998598D-03
  792  0.18745701      0.17938303D-03
  793  0.18975088      0.15290797D-03
  794  0.19207282      0.13005451D-03
  795  0.19442317      0.11037123D-03
  796  0.19680229      0.93456619D-04
  797  0.19921051      0.78954406D-04
  798  0.20164821      0.66549233D-04
  799  0.20411573      0.55962646D-04
  800  0.20661345      0.46949385D-04
  801  0.20914174      0.39293968D-04
  802  0.21170096      0.32807555D-04
  803  0.21429149      0.27325078D-04
  804  0.21691373      0.22702615D-04
  805  0.21956806      0.18815014D-04
  806  0.22225486      0.15553727D-04
  807  0.22497455      0.12824860D-04
  808  0.22772751      0.10547408D-04
  809  0.23051416      0.86516814D-05
  810  0.23333491      0.70778823D-05
  811  0.23619018      0.57748476D-05
  812  0.23908039      0.46989218D-05
  813  0.24200596      0.38129611D-05
  814  0.24496734      0.30854521D-05
  815  0.24796495      0.24897350D-05
  816  0.25099924      0.20033222D-05
  817  0.25407066      0.16073006D-05
  818  0.25717967      0.12858110D-05
  819  0.26032672      0.10255949D-05
  820  0.26351228      0.81560146D-06
  821  0.26673682      0.64664825D-06
  822  0.27000082      0.51112907D-06
  823  0.27330476      0.40276304D-06
  824  0.27664913      0.31638013D-06
  825  0.28003442      0.24773831D-06
  826  0.28346114      0.19336824D-06
  827  0.28692980      0.15044182D-06
  828  0.29044089      0.11666125D-06
  829  0.29399495      0.90165920D-07
  830  0.29759250      0.69454234D-07
  831  0.30123408      0.53318533D-07
  832  0.30492021      0.40790895D-07
  833  0.30865145      0.31098258D-07
  834  0.31242835      0.23625374D-07
  835  0.31625147      0.17884339D-07
  836  0.32012137      0.13489636D-07
  837  0.32403862      0.10137762D-07
  838  0.32800381      0.75906610D-08
  839  0.33201752      0.56623097D-08
  840  0.33608035      0.42078947D-08
  841  0.34019289      0.31151128D-08
  842  0.34435575      0.22972092D-08
  843  0.34856956      0.16874278D-08
  844  0.35283493      0.12346033D-08
  845  0.35715249      0.89967723D-09
  846  0.36152289      0.65295369D-09
  847  0.36594676      0.47194714D-09
  848  0.37042477      0.33970225D-09
  849  0.37495758      0.24348715D-09
  850  0.37954585      0.17378187D-09
  851  0.38419027      0.12349850D-09
  852  0.38889152      0.87382674D-10
  853  0.39365030      0.61556353D-10
  854  0.39846731      0.43169944D-10
  855  0.40334327      0.30138942D-10
  856  0.40827889      0.20945419D-10
  857  0.41327491      0.14489084D-10
  858  0.41833206      0.99760732D-11
  859  0.42345110      0.68362967D-11
  860  0.42863278      0.46622996D-11
  861  0.43387786      0.31642630D-11
  862  0.43918713      0.21370412D-11
  863  0.44456137      0.14361363D-11
  864  0.45000137      0.96027379D-12
  865  0.45550793      0.63882957D-12
  866  0.46108188      0.42280394D-12
  867  0.46672404      0.27837507D-12
  868  0.47243524      0.18231899D-12
  869  0.47821633      0.11877260D-12
  870  0.48406815      0.76958340D-13
  871  0.48999159      0.49593202D-13
  872  0.49598751      0.31782441D-13
  873  0.50205680      0.20254540D-13
  874  0.50820035      0.12835082D-13
  875  0.51441909      0.80869914D-14
  876  0.52071392      0.50659197D-14
  877  0.52708578      0.31548859D-14
  878  0.53353562      0.19531456D-14
  879  0.54006437      0.12019430D-14
  880  0.54667302      0.73520131D-15
  881  0.55336254      0.44697224D-15
  882  0.56013391      0.27007981D-15
  883  0.56698815      0.16219633D-15
  884  0.57392626      0.96815921D-16
  885  0.58094927      0.57444192D-16
  886  0.58805821      0.33898418D-16
  887  0.59525415      0.19899214D-16
  888  0.60253815      0.11614680D-16
  889  0.60991127      0.68083284D-17
  890  0.61737462      0.39129718D-17
  891  0.62492930      0.22156037D-17
  892  0.63257642      0.12458185D-17
  893  0.64031712      0.69559716D-18
  894  0.64815254      0.38562372D-18
  895  0.65608384      0.00000000D+00
  896  0.66411219      0.00000000D+00
  897  0.67223878      0.00000000D+00
  898  0.68046482      0.00000000D+00
  899  0.68879152      0.00000000D+00
  900  0.69722011      0.00000000D+00
  901  0.70575184      0.00000000D+00
  902  0.71438797      0.00000000D+00
  903  0.72312977      0.00000000D+00
  904  0.73197855      0.00000000D+00
  905  0.74093561      0.00000000D+00
  906  0.75000228      0.00000000D+00
  907  0.75917989      0.00000000D+00
  908  0.76846981      0.00000000D+00
  909  0.77787340      0.00000000D+00
  910  0.78739207      0.00000000D+00
  911  0.79702721      0.00000000D+00
  912  0.80678026      0.00000000D+00
  913  0.81665265      0.00000000D+00
  914  0.82664584      0.00000000D+00
  915  0.83676133      0.00000000D+00
  916  0.84700059      0.00000000D+00
  917  0.85736515      0.00000000D+00
  918  0.86785654      0.00000000D+00
  919  0.87847631      0.00000000D+00
  920  0.88922603      0.00000000D+00
  921  0.90010729      0.00000000D+00
  922  0.91112170      0.00000000D+00
  923  0.92227090      0.00000000D+00
  924  0.93355652      0.00000000D+00
  925  0.94498025      0.00000000D+00
  926  0.95654376      0.00000000D+00
  927  0.96824878      0.00000000D+00
  928  0.98009702      0.00000000D+00
  929  0.99209025      0.00000000D+00
  930  1.00423024      0.00000000D+00
  931  1.01651879      0.00000000D+00
  932  1.02895770      0.00000000D+00
  933  1.04154883      0.00000000D+00
  934  1.05429403      0.00000000D+00
  935  1.06719520      0.00000000D+00
  936  1.08025423      0.00000000D+00
  937  1.09347306      0.00000000D+00
  938  1.10685365      0.00000000D+00
  939  1.12039797      0.00000000D+00
  940  1.13410803      0.00000000D+00
  941  1.14798586      0.00000000D+00
  942  1.16203351      0.00000000D+00
  943  1.17625306      0.00000000D+00
  944  1.19064661      0.00000000D+00
  945  1.20521629      0.00000000D+00
  946  1.21996425      0.00000000D+00
  947  1.23489269      0.00000000D+00
  948  1.25000380      0.00000000D+00
  949  1.26529982      0.00000000D+00
  950  1.28078301      0.00000000D+00
  951  1.29645567      0.00000000D+00
  952  1.31232011      0.00000000D+00
  953  1.32837868      0.00000000D+00
  954  1.34463376      0.00000000D+00
  955  1.36108774      0.00000000D+00
  956  1.37774307      0.00000000D+00
  957  1.39460221      0.00000000D+00
  958  1.41166765      0.00000000D+00
  959  1.42894192      0.00000000D+00
  960  1.44642756      0.00000000D+00
  961  1.46412718      0.00000000D+00
  962  1.48204338      0.00000000D+00
  963  1.50017882      0.00000000D+00
  964  1.51853617      0.00000000D+00
  965  1.53711816      0.00000000D+00
  966  1.55592754      0.00000000D+00
  967  1.57496708      0.00000000D+00
  968  1.59423960      0.00000000D+00
  969  1.61374796      0.00000000D+00
  970  1.63349504      0.00000000D+00
  971  1.65348376      0.00000000D+00
  972  1.67371707      0.00000000D+00
  973  1.69419798      0.00000000D+00
  974  1.71492950      0.00000000D+00
  975  1.73591472      0.00000000D+00
  976  1.75715672      0.00000000D+00
  977  1.77865866      0.00000000D+00
  978  1.80042371      0.00000000D+00
  979  1.82245510      0.00000000D+00
  980  1.84475608      0.00000000D+00
  981  1.86732995      0.00000000D+00
  982  1.89018006      0.00000000D+00
  983  1.91330977      0.00000000D+00
  984  1.93672252      0.00000000D+00
  985  1.96042177      0.00000000D+00
  986  1.98441102      0.00000000D+00
  987  2.00869381      0.00000000D+00
  988  2.03327376      0.00000000D+00
  989  2.05815448      0.00000000D+00
  990  2.08333966      0.00000000D+00
  991  2.10883303      0.00000000D+00
  992  2.13463835      0.00000000D+00
  993  2.16075945      0.00000000D+00
  994  2.18720018      0.00000000D+00
  995  2.21396447      0.00000000D+00
  996  2.24105626      0.00000000D+00
  997  2.26847957      0.00000000D+00
  998  2.29623846      0.00000000D+00
  999  2.32433702      0.00000000D+00
 1000  2.35277942      0.00000000D+00
 1001  2.38156986      0.00000000D+00
 1002  2.41071260      0.00000000D+00
 1003  2.44021196      0.00000000D+00
 1004  2.47007230      0.00000000D+00
 1005  2.50029803      0.00000000D+00
 1006  2.53089362      0.00000000D+00
 1007  2.56186361      0.00000000D+00
 1008  2.59321256      0.00000000D+00
 1009  2.62494513      0.00000000D+00
 1010  2.65706601      0.00000000D+00
 1011  2.68957994      0.00000000D+00
 1012  2.72249173      0.00000000D+00
 1013  2.75580626      0.00000000D+00
 1014  2.78952845      0.00000000D+00
 1015  2.82366330      0.00000000D+00
 1016  2.85821584      0.00000000D+00
 1017  2.89319120      0.00000000D+00
 1018  2.92859454      0.00000000D+00
 1019  2.96443110      0.00000000D+00
 1020  3.00070619      0.00000000D+00
 1021  3.03742517      0.00000000D+00
 1022  3.07459347      0.00000000D+00
