System Description            : Mo, BCC structure                               
Number of Atoms in Unit Cell  : 1                                               
Number of Atomic Species      : 1                                               
Number of Atoms in Each Type  : 1(Mo)                                           
Energy Offset                 : -7946                                           
=======================================================================================
    Iter     Energy      3PV     Efermi   Rms_rho    Rms_pot   Mix  Alg  Alpha 
---------------------------------------------------------------------------------------
**       1  -0.926360   0.41072  0.94705  0.108E-03  0.238E-01  pot  B   0.1000
         2  -0.899739   0.56936  0.95705  0.390E-04  0.213E-01  pot  B   0.1000
         3  -1.353877  -6.02987  0.96705  0.147E-02  0.186E-01  pot  B   0.1000
         4  -0.546444   3.36586  1.01062  0.208E-02  0.822E-02  pot  B   0.1000
         5  -0.887495  -0.41246  1.02062  0.842E-03  0.175E-02  pot  B   0.1000
         6  -0.525389   3.34058  1.06561  0.752E-03  0.646E-02  pot  B   0.1000
         7  -0.513962   3.56018  1.04469  0.212E-03  0.830E-02  pot  B   0.1000
         8  -0.741672   1.13186  1.05469  0.572E-03  0.102E-02  pot  B   0.1000
         9  -0.512173   3.44394  1.07316  0.561E-03  0.729E-02  pot  B   0.1000
        10  -0.514746   3.40636  1.05578  0.306E-04  0.702E-02  pot  B   0.1000
        11  -0.512513   3.32603  1.07145  0.272E-04  0.688E-02  pot  B   0.1000
        12  -0.514429   3.27365  1.02215  0.174E-04  0.662E-02  pot  B   0.1000
        13  -0.847739  -0.16685  1.03215  0.796E-03  0.260E-02  pot  B   0.1000
        14  -0.802969   0.31134  1.04215  0.105E-03  0.135E-02  pot  B   0.1000
        15  -0.518896   3.16637  1.07692  0.558E-03  0.483E-02  pot  B   0.1000
        16  -0.515420   3.23333  1.05622  0.274E-03  0.652E-02  pot  B   0.1000
        17  -0.512665   3.27144  1.06922  0.745E-05  0.671E-02  pot  B   0.1000
        18  -0.513602   3.27352  1.03548  0.130E-05  0.670E-02  pot  B   0.1000
        19  -0.806649   0.25741  1.04548  0.706E-03  0.144E-02  pot  B   0.1000
        20  -0.767418   0.65210  1.05548  0.773E-04  0.709E-03  pot  B   0.1000
        21  -0.512906   3.26029  1.08108  0.634E-03  0.658E-02  pot  B   0.1000
        22  -0.515268   3.25519  1.06004  0.969E-04  0.731E-02  pot  B   0.1000
        23  -0.512763   3.23957  1.06077  0.109E-03  0.653E-02  pot  B   0.1000
        24  -0.512735   3.24281  1.06036  0.238E-05  0.659E-02  pot  B   0.1000
        25  -0.512691   3.27722  1.06089  0.605E-05  0.662E-02  pot  B   0.1000
        26  -0.512711   3.26327  1.06061  0.246E-05  0.661E-02  pot  B   0.1000
        27  -0.512697   3.27258  1.06082  0.162E-05  0.661E-02  pot  B   0.1000
        28  -0.512746   3.25107  1.06078  0.402E-05  0.655E-02  pot  B   0.1000
        29  -0.512894   3.15461  1.06038  0.168E-04  0.639E-02  pot  B   0.1000
        30  -0.512945   3.11687  1.06008  0.663E-05  0.636E-02  pot  B   0.1000
        31  -0.513477   2.82058  1.05714  0.516E-04  0.616E-02  pot  B   0.1000
        32  -0.513558   2.61212  1.05617  0.365E-04  0.642E-02  pot  B   0.1000
        33  -0.513562   2.58928  1.05661  0.418E-05  0.638E-02  pot  B   0.1000
        34  -0.779450  -0.89721  1.06661  0.829E-03  0.694E-02  pot  B   0.1000
        35  -0.513903   2.83801  1.06593  0.823E-03  0.477E-02  pot  B   0.1000
        36  -0.514673   2.54619  1.07120  0.699E-04  0.343E-02  pot  B   0.1000
        37  -0.514770   2.36480  1.07155  0.373E-04  0.279E-02  pot  B   0.1000
        38  -0.515497   2.02318  1.08459  0.935E-04  0.902E-03  pot  B   0.1000
        39  -0.515862   1.77262  1.07087  0.607E-04  0.594E-03  pot  B   0.1000
        40  -0.516024   1.89245  1.08220  0.237E-04  0.693E-03  pot  B   0.1000
        41  -0.515363   1.73379  1.08102  0.591E-04  0.428E-03  pot  B   0.1000
        42  -0.515339   1.73332  1.08090  0.128E-05  0.308E-03  pot  B   0.1000
        43  -0.515364   1.74164  1.07923  0.816E-05  0.766E-04  pot  B   0.1000
        44  -0.515323   1.75959  1.07941  0.456E-05  0.110E-03  pot  B   0.1000
        45  -0.515325   1.76561  1.07971  0.228E-05  0.183E-04  pot  B   0.1000
        46  -0.515326   1.76784  1.07977  0.565E-06  0.373E-05  pot  B   0.1000
        47  -0.515326   1.76757  1.07978  0.867E-07  0.186E-05  pot  B   0.1000
        48  -0.515326   1.76600  1.07977  0.285E-06  0.160E-05  pot  B   0.1000
        49  -0.515326   1.76570  1.07978  0.659E-07  0.295E-06  pot  B   0.1000
        50  -0.515327   1.76543  1.07978  0.591E-07  0.912E-06  pot  B   0.1000
        51  -0.515327   1.76557  1.07978  0.354E-07  0.154E-06  pot  B   0.1000
        52  -0.515326   1.76559  1.07978  0.528E-08  0.157E-07  pot  B   0.1000
        53  -0.515326   1.76560  1.07978  0.677E-09  0.152E-08  pot  B   0.1000
        54  -0.515326   1.76560  1.07978  0.624E-09  0.151E-07  pot  B   0.1000
        55  -0.515326   1.76560  1.07978  0.614E-09  0.139E-08  pot  B   0.1000
        56  -0.515326   1.76560  1.07978  0.643E-10  0.117E-11  pot  B   0.1000
        57  -0.515326   1.76560  1.07978  0.720E-11  0.493E-10  pot  B   0.1000
**      58  -0.606874   0.99439  1.07557  0.517E-03  0.745E-02  pot  B   0.1000
        59  -0.597101   1.99044  1.05228  0.315E-03  0.165E-02  pot  B   0.1000
        60  -0.596166   1.84451  1.07489  0.130E-03  0.905E-03  pot  B   0.1000
        61  -0.596985   1.55181  1.06464  0.490E-04  0.493E-03  pot  B   0.1000
        62  -0.596043   1.45120  1.07414  0.290E-04  0.310E-03  pot  B   0.1000
        63  -0.596522   1.43337  1.06276  0.835E-04  0.279E-03  pot  B   0.1000
        64  -0.596221   1.45448  1.07084  0.734E-04  0.347E-03  pot  B   0.1000
        65  -0.596151   1.39001  1.07109  0.259E-04  0.352E-04  pot  B   0.1000
        66  -0.596165   1.38912  1.07132  0.126E-05  0.358E-04  pot  B   0.1000
        67  -0.596162   1.37618  1.07132  0.416E-05  0.568E-04  pot  B   0.1000
        68  -0.596154   1.38017  1.07115  0.718E-06  0.563E-04  pot  B   0.1000
        69  -0.596147   1.39079  1.07107  0.250E-05  0.138E-04  pot  B   0.1000
        70  -0.596145   1.39195  1.07111  0.192E-06  0.110E-04  pot  B   0.1000
        71  -0.596146   1.39223  1.07108  0.188E-06  0.887E-05  pot  B   0.1000
        72  -0.596146   1.39416  1.07110  0.522E-06  0.711E-06  pot  B   0.1000
        73  -0.596146   1.39409  1.07108  0.345E-07  0.442E-06  pot  B   0.1000
        74  -0.596146   1.39409  1.07110  0.358E-07  0.291E-06  pot  B   0.1000
        75  -0.596146   1.39403  1.07109  0.227E-07  0.158E-06  pot  B   0.1000
        76  -0.596146   1.39402  1.07110  0.175E-07  0.316E-07  pot  B   0.1000
        77  -0.596146   1.39401  1.07109  0.138E-07  0.620E-07  pot  B   0.1000
        78  -0.596146   1.39401  1.07109  0.106E-07  0.289E-07  pot  B   0.1000
        79  -0.596146   1.39401  1.07109  0.796E-08  0.478E-07  pot  B   0.1000
        80  -0.596146   1.39401  1.07109  0.601E-08  0.336E-07  pot  B   0.1000
        81  -0.596146   1.39401  1.07109  0.450E-08  0.444E-07  pot  B   0.1000
        82  -0.596146   1.39401  1.07109  0.333E-08  0.343E-07  pot  B   0.1000
        83  -0.596146   1.39401  1.07109  0.258E-08  0.439E-07  pot  B   0.1000
        84  -0.596146   1.39401  1.07109  0.230E-08  0.265E-07  pot  B   0.1000
        85  -0.596146   1.39401  1.07109  0.160E-08  0.309E-07  pot  B   0.1000
        86  -0.596146   1.39401  1.07109  0.116E-08  0.296E-07  pot  B   0.1000
        87  -0.596146   1.39401  1.07109  0.889E-09  0.315E-07  pot  B   0.1000
        88  -0.596146   1.39401  1.07109  0.720E-09  0.299E-07  pot  B   0.1000
        89  -0.596146   1.39401  1.07109  0.687E-09  0.341E-07  pot  B   0.1000
        90  -0.596146   1.39401  1.07109  0.490E-09  0.655E-07  pot  B   0.1000
        91  -0.596146   1.39401  1.07109  0.430E-09  0.352E-07  pot  B   0.1000
        92  -0.596146   1.39401  1.07109  0.607E-09  0.289E-07  pot  B   0.1000
        93  -0.596146   1.39401  1.07109  0.383E-09  0.640E-07  pot  B   0.1000
        94  -0.596146   1.39401  1.07109  0.865E-09  0.293E-07  pot  B   0.1000
        95  -0.596146   1.39401  1.07109  0.441E-09  0.243E-07  pot  B   0.1000
        96  -0.596146   1.39400  1.07109  0.946E-09  0.123E-07  pot  B   0.1000
        97  -0.596146   1.39401  1.07109  0.183E-08  0.384E-07  pot  B   0.1000
        98  -0.596146   1.39400  1.07109  0.229E-08  0.117E-07  pot  B   0.1000
        99  -0.596146   1.39400  1.07109  0.113E-08  0.129E-07  pot  B   0.1000
       100  -0.596146   1.39400  1.07109  0.787E-09  0.151E-07  pot  B   0.1000
       101  -0.596146   1.39401  1.07109  0.888E-09  0.151E-07  pot  B   0.1000
       102  -0.596146   1.39401  1.07109  0.531E-09  0.161E-07  pot  B   0.1000
       103  -0.596146   1.39400  1.07109  0.483E-09  0.331E-07  pot  B   0.1000
       104  -0.596146   1.39400  1.07109  0.183E-09  0.125E-07  pot  B   0.1000
       105  -0.596146   1.39400  1.07109  0.359E-09  0.647E-08  pot  B   0.1000
       106  -0.596146   1.39400  1.07109  0.190E-09  0.838E-08  pot  B   0.1000
       107  -0.596146   1.39401  1.07109  0.170E-08  0.191E-07  pot  B   0.1000
