 ir        r              f(r)*r^2
    1  0.00001153      0.53139673D-24
    2  0.00001167      0.57162319D-24
    3  0.00001182      0.61489475D-24
    4  0.00001196      0.66144190D-24
    5  0.00001211      0.71151261D-24
    6  0.00001226      0.76537360D-24
    7  0.00001241      0.82331179D-24
    8  0.00001256      0.88563580D-24
    9  0.00001271      0.95267765D-24
   10  0.00001287      0.10247944D-23
   11  0.00001303      0.11023704D-23
   12  0.00001318      0.11858186D-23
   13  0.00001335      0.12755838D-23
   14  0.00001351      0.13721440D-23
   15  0.00001367      0.14760135D-23
   16  0.00001384      0.15877459D-23
   17  0.00001401      0.17079361D-23
   18  0.00001418      0.18372244D-23
   19  0.00001436      0.19762995D-23
   20  0.00001453      0.21259023D-23
   21  0.00001471      0.22868297D-23
   22  0.00001489      0.24599389D-23
   23  0.00001507      0.26461520D-23
   24  0.00001526      0.28464609D-23
   25  0.00001544      0.30619326D-23
   26  0.00001563      0.32937149D-23
   27  0.00001582      0.35430425D-23
   28  0.00001602      0.38112434D-23
   29  0.00001621      0.40997462D-23
   30  0.00001641      0.44100879D-23
   31  0.00001661      0.47439213D-23
   32  0.00001682      0.51030249D-23
   33  0.00001702      0.54893113D-23
   34  0.00001723      0.59048383D-23
   35  0.00001744      0.63518191D-23
   36  0.00001765      0.68326348D-23
   37  0.00001787      0.73498463D-23
   38  0.00001809      0.79062088D-23
   39  0.00001831      0.85046856D-23
   40  0.00001853      0.91484647D-23
   41  0.00001876      0.98409753D-23
   42  0.00001899      0.10585906D-22
   43  0.00001922      0.11387224D-22
   44  0.00001946      0.12249199D-22
   45  0.00001970      0.13176422D-22
   46  0.00001994      0.14173830D-22
   47  0.00002018      0.15246738D-22
   48  0.00002043      0.16400860D-22
   49  0.00002068      0.17642343D-22
   50  0.00002093      0.18977800D-22
   51  0.00002119      0.20414344D-22
   52  0.00002145      0.21959626D-22
   53  0.00002171      0.23621879D-22
   54  0.00002197      0.25409954D-22
   55  0.00002224      0.27333377D-22
   56  0.00002252      0.29402392D-22
   57  0.00002279      0.31628019D-22
   58  0.00002307      0.34022113D-22
   59  0.00002335      0.36597424D-22
   60  0.00002364      0.39367671D-22
   61  0.00002393      0.42347608D-22
   62  0.00002422      0.45553107D-22
   63  0.00002452      0.49001241D-22
   64  0.00002482      0.52710376D-22
   65  0.00002512      0.56700266D-22
   66  0.00002543      0.60992163D-22
   67  0.00002574      0.65608927D-22
   68  0.00002605      0.70575146D-22
   69  0.00002637      0.75917270D-22
   70  0.00002669      0.81663754D-22
   71  0.00002702      0.87845202D-22
   72  0.00002735      0.94494537D-22
   73  0.00002769      0.10164717D-21
   74  0.00002803      0.10934121D-21
   75  0.00002837      0.11761762D-21
   76  0.00002872      0.12652048D-21
   77  0.00002907      0.13609722D-21
   78  0.00002942      0.14639883D-21
   79  0.00002978      0.15748018D-21
   80  0.00003015      0.16940029D-21
   81  0.00003052      0.18222264D-21
   82  0.00003089      0.19601553D-21
   83  0.00003127      0.21085240D-21
   84  0.00003165      0.22681229D-21
   85  0.00003204      0.24398018D-21
   86  0.00003243      0.26244751D-21
   87  0.00003283      0.28231264D-21
   88  0.00003323      0.30368134D-21
   89  0.00003363      0.32666744D-21
   90  0.00003405      0.35139334D-21
   91  0.00003446      0.37799072D-21
   92  0.00003488      0.40660123D-21
   93  0.00003531      0.43737723D-21
   94  0.00003574      0.47048263D-21
   95  0.00003618      0.50609373D-21
   96  0.00003662      0.54440017D-21
   97  0.00003707      0.58560595D-21
   98  0.00003753      0.62993051D-21
   99  0.00003798      0.67760989D-21
  100  0.00003845      0.72889801D-21
  101  0.00003892      0.78406799D-21
  102  0.00003940      0.84341362D-21
  103  0.00003988      0.90725094D-21
  104  0.00004037      0.97591990D-21
  105  0.00004086      0.10497862D-20
  106  0.00004136      0.11292431D-20
  107  0.00004187      0.12147138D-20
  108  0.00004238      0.13066534D-20
  109  0.00004290      0.14055516D-20
  110  0.00004342      0.15119349D-20
  111  0.00004395      0.16263698D-20
  112  0.00004449      0.17494657D-20
  113  0.00004504      0.18818782D-20
  114  0.00004559      0.20243121D-20
  115  0.00004614      0.21775261D-20
  116  0.00004671      0.23423360D-20
  117  0.00004728      0.25196192D-20
  118  0.00004786      0.27103199D-20
  119  0.00004844      0.29154535D-20
  120  0.00004904      0.31361122D-20
  121  0.00004964      0.33734709D-20
  122  0.00005025      0.36287936D-20
  123  0.00005086      0.39034396D-20
  124  0.00005148      0.41988715D-20
  125  0.00005211      0.45166621D-20
  126  0.00005275      0.48585035D-20
  127  0.00005340      0.52262160D-20
  128  0.00005405      0.56217572D-20
  129  0.00005471      0.60472333D-20
  130  0.00005538      0.65049095D-20
  131  0.00005606      0.69972228D-20
  132  0.00005674      0.75267941D-20
  133  0.00005744      0.80964432D-20
  134  0.00005814      0.87092029D-20
  135  0.00005885      0.93683355D-20
  136  0.00005957      0.10077350D-19
  137  0.00006030      0.10840022D-19
  138  0.00006104      0.11660412D-19
  139  0.00006179      0.12542886D-19
  140  0.00006254      0.13492144D-19
  141  0.00006331      0.14513239D-19
  142  0.00006408      0.15611606D-19
  143  0.00006487      0.16793095D-19
  144  0.00006566      0.18063993D-19
  145  0.00006646      0.19431068D-19
  146  0.00006728      0.20901597D-19
  147  0.00006810      0.22483408D-19
  148  0.00006893      0.24184921D-19
  149  0.00006978      0.26015196D-19
  150  0.00007063      0.27983975D-19
  151  0.00007149      0.30101738D-19
  152  0.00007237      0.32379759D-19
  153  0.00007326      0.34830164D-19
  154  0.00007415      0.37465998D-19
  155  0.00007506      0.40301290D-19
  156  0.00007598      0.43351134D-19
  157  0.00007691      0.46631763D-19
  158  0.00007785      0.50160640D-19
  159  0.00007880      0.53956549D-19
  160  0.00007977      0.58039695D-19
  161  0.00008074      0.62431811D-19
  162  0.00008173      0.67156275D-19
  163  0.00008273      0.72238234D-19
  164  0.00008374      0.77704736D-19
  165  0.00008477      0.83584877D-19
  166  0.00008580      0.89909954D-19
  167  0.00008685      0.96713631D-19
  168  0.00008792      0.10403212D-18
  169  0.00008899      0.11190437D-18
  170  0.00009008      0.12037228D-18
  171  0.00009118      0.12948092D-18
  172  0.00009230      0.13927875D-18
  173  0.00009343      0.14981794D-18
  174  0.00009457      0.16115456D-18
  175  0.00009573      0.17334895D-18
  176  0.00009690      0.18646600D-18
  177  0.00009809      0.20057551D-18
  178  0.00009929      0.21575258D-18
  179  0.00010050      0.23207796D-18
  180  0.00010173      0.24963854D-18
  181  0.00010298      0.26852775D-18
  182  0.00010424      0.28884611D-18
  183  0.00010551      0.31070175D-18
  184  0.00010680      0.33421095D-18
  185  0.00010811      0.35949882D-18
  186  0.00010943      0.38669990D-18
  187  0.00011077      0.41595894D-18
  188  0.00011213      0.44743161D-18
  189  0.00011350      0.48128537D-18
  190  0.00011489      0.51770034D-18
  191  0.00011629      0.55687028D-18
  192  0.00011772      0.59900358D-18
  193  0.00011916      0.64432441D-18
  194  0.00012062      0.69307389D-18
  195  0.00012209      0.74551137D-18
  196  0.00012359      0.80191583D-18
  197  0.00012510      0.86258734D-18
  198  0.00012663      0.92784867D-18
  199  0.00012818      0.99804699D-18
  200  0.00012975      0.10735557D-17
  201  0.00013133      0.11547766D-17
  202  0.00013294      0.12421416D-17
  203  0.00013457      0.13361155D-17
  204  0.00013622      0.14371982D-17
  205  0.00013788      0.15459274D-17
  206  0.00013957      0.16628813D-17
  207  0.00014128      0.17886822D-17
  208  0.00014301      0.19239990D-17
  209  0.00014476      0.20695515D-17
  210  0.00014653      0.22261139D-17
  211  0.00014832      0.23945189D-17
  212  0.00015014      0.25756621D-17
  213  0.00015197      0.27705069D-17
  214  0.00015383      0.29800895D-17
  215  0.00015571      0.32055245D-17
  216  0.00015762      0.34480107D-17
  217  0.00015955      0.37088378D-17
  218  0.00016150      0.39893927D-17
  219  0.00016348      0.42911673D-17
  220  0.00016548      0.46157662D-17
  221  0.00016750      0.49649156D-17
  222  0.00016955      0.53404718D-17
  223  0.00017163      0.57444319D-17
  224  0.00017373      0.61789437D-17
  225  0.00017585      0.66463173D-17
  226  0.00017801      0.71490378D-17
  227  0.00018018      0.76897778D-17
  228  0.00018239      0.82714123D-17
  229  0.00018462      0.88970333D-17
  230  0.00018688      0.95699669D-17
  231  0.00018917      0.10293790D-16
  232  0.00019148      0.11072351D-16
  233  0.00019382      0.11909789D-16
  234  0.00019620      0.12810554D-16
  235  0.00019860      0.13779435D-16
  236  0.00020103      0.14821581D-16
  237  0.00020349      0.15942533D-16
  238  0.00020598      0.17148247D-16
  239  0.00020850      0.18445132D-16
  240  0.00021105      0.19840081D-16
  241  0.00021363      0.21340506D-16
  242  0.00021625      0.22954383D-16
  243  0.00021889      0.24690287D-16
  244  0.00022157      0.26557443D-16
  245  0.00022428      0.28565773D-16
  246  0.00022703      0.30725949D-16
  247  0.00022980      0.33049449D-16
  248  0.00023262      0.35548618D-16
  249  0.00023546      0.38236735D-16
  250  0.00023834      0.41128082D-16
  251  0.00024126      0.44238020D-16
  252  0.00024421      0.47583072D-16
  253  0.00024720      0.51181008D-16
  254  0.00025023      0.55050942D-16
  255  0.00025329      0.59213429D-16
  256  0.00025639      0.63690583D-16
  257  0.00025952      0.68506183D-16
  258  0.00026270      0.73685808D-16
  259  0.00026592      0.79256969D-16
  260  0.00026917      0.85249255D-16
  261  0.00027246      0.91694490D-16
  262  0.00027580      0.98626903D-16
  263  0.00027917      0.10608331D-15
  264  0.00028259      0.11410330D-15
  265  0.00028605      0.12272947D-15
  266  0.00028955      0.13200762D-15
  267  0.00029309      0.14198702D-15
  268  0.00029668      0.15272064D-15
  269  0.00030031      0.16426547D-15
  270  0.00030398      0.17668281D-15
  271  0.00030770      0.19003858D-15
  272  0.00031147      0.20440367D-15
  273  0.00031528      0.21985435D-15
  274  0.00031914      0.23647261D-15
  275  0.00032304      0.25434668D-15
  276  0.00032699      0.27357141D-15
  277  0.00033099      0.29424885D-15
  278  0.00033504      0.31648871D-15
  279  0.00033914      0.34040904D-15
  280  0.00034329      0.36613676D-15
  281  0.00034750      0.39380839D-15
  282  0.00035175      0.42357076D-15
  283  0.00035605      0.45558178D-15
  284  0.00036041      0.49001128D-15
  285  0.00036482      0.52704193D-15
  286  0.00036928      0.56687017D-15
  287  0.00037380      0.60970727D-15
  288  0.00037838      0.65578046D-15
  289  0.00038301      0.70533411D-15
  290  0.00038769      0.75863106D-15
  291  0.00039244      0.81595396D-15
  292  0.00039724      0.87760681D-15
  293  0.00040210      0.94391655D-15
  294  0.00040702      0.10152348D-14
  295  0.00041200      0.10919397D-14
  296  0.00041704      0.11744380D-14
  297  0.00042215      0.12631670D-14
  298  0.00042731      0.13585971D-14
  299  0.00043254      0.14612342D-14
  300  0.00043783      0.15716223D-14
  301  0.00044319      0.16903467D-14
  302  0.00044861      0.18180364D-14
  303  0.00045410      0.19553682D-14
  304  0.00045966      0.21030700D-14
  305  0.00046529      0.22619243D-14
  306  0.00047098      0.24327729D-14
  307  0.00047674      0.26165211D-14
  308  0.00048258      0.28141422D-14
  309  0.00048848      0.30266833D-14
  310  0.00049446      0.32552703D-14
  311  0.00050051      0.35011138D-14
  312  0.00050663      0.37655160D-14
  313  0.00051283      0.40498774D-14
  314  0.00051911      0.43557036D-14
  315  0.00052546      0.46846142D-14
  316  0.00053189      0.50383509D-14
  317  0.00053840      0.54187863D-14
  318  0.00054499      0.58279347D-14
  319  0.00055166      0.62679619D-14
  320  0.00055841      0.67411972D-14
  321  0.00056524      0.72501453D-14
  322  0.00057216      0.77974999D-14
  323  0.00057916      0.83861576D-14
  324  0.00058625      0.90192333D-14
  325  0.00059342      0.97000767D-14
  326  0.00060068      0.10432290D-13
  327  0.00060803      0.11219747D-13
  328  0.00061547      0.12066613D-13
  329  0.00062300      0.12977367D-13
  330  0.00063063      0.13956826D-13
  331  0.00063834      0.15010171D-13
  332  0.00064616      0.16142970D-13
  333  0.00065406      0.17361215D-13
  334  0.00066207      0.18671344D-13
  335  0.00067017      0.20080286D-13
  336  0.00067837      0.21595486D-13
  337  0.00068667      0.23224953D-13
  338  0.00069507      0.24977300D-13
  339  0.00070358      0.26861787D-13
  340  0.00071219      0.28888369D-13
  341  0.00072090      0.31067756D-13
  342  0.00072972      0.33411460D-13
  343  0.00073865      0.35931861D-13
  344  0.00074769      0.38642271D-13
  345  0.00075684      0.41557004D-13
  346  0.00076610      0.44691452D-13
  347  0.00077548      0.48062164D-13
  348  0.00078497      0.51686936D-13
  349  0.00079457      0.55584903D-13
  350  0.00080429      0.59776639D-13
  351  0.00081414      0.64284265D-13
  352  0.00082410      0.69131570D-13
  353  0.00083418      0.74344129D-13
  354  0.00084439      0.79949443D-13
  355  0.00085472      0.85977080D-13
  356  0.00086518      0.92458833D-13
  357  0.00087577      0.99428886D-13
  358  0.00088649      0.10692399D-12
  359  0.00089733      0.11498367D-12
  360  0.00090831      0.12365041D-12
  361  0.00091943      0.13296990D-12
  362  0.00093068      0.14299125D-12
  363  0.00094207      0.15376728D-12
  364  0.00095360      0.16535476D-12
  365  0.00096527      0.17781474D-12
  366  0.00097708      0.19121285D-12
  367  0.00098903      0.20561967D-12
  368  0.00100114      0.22111106D-12
  369  0.00101339      0.23776859D-12
  370  0.00102579      0.25567995D-12
  371  0.00103834      0.27493944D-12
  372  0.00105105      0.29564840D-12
  373  0.00106391      0.31791583D-12
  374  0.00107693      0.34185888D-12
  375  0.00109010      0.36760351D-12
  376  0.00110344      0.39528514D-12
  377  0.00111695      0.42504933D-12
  378  0.00113061      0.45705261D-12
  379  0.00114445      0.49146323D-12
  380  0.00115845      0.52846206D-12
  381  0.00117263      0.56824356D-12
  382  0.00118698      0.61101677D-12
  383  0.00120150      0.65700642D-12
  384  0.00121621      0.70645410D-12
  385  0.00123109      0.75961950D-12
  386  0.00124615      0.81678181D-12
  387  0.00126140      0.87824115D-12
  388  0.00127684      0.94432013D-12
  389  0.00129246      0.10153656D-11
  390  0.00130828      0.10917503D-11
  391  0.00132429      0.11738749D-11
  392  0.00134049      0.12621704D-11
  393  0.00135689      0.13570997D-11
  394  0.00137350      0.14591606D-11
  395  0.00139031      0.15688881D-11
  396  0.00140732      0.16868573D-11
  397  0.00142454      0.18136865D-11
  398  0.00144197      0.19500401D-11
  399  0.00145962      0.20966324D-11
  400  0.00147748      0.22542311D-11
  401  0.00149556      0.24236613D-11
  402  0.00151386      0.26058101D-11
  403  0.00153238      0.28016306D-11
  404  0.00155113      0.30121476D-11
  405  0.00157011      0.32384624D-11
  406  0.00158933      0.34817586D-11
  407  0.00160878      0.37433085D-11
  408  0.00162846      0.40244793D-11
  409  0.00164839      0.43267408D-11
  410  0.00166856      0.46516722D-11
  411  0.00168898      0.50009712D-11
  412  0.00170965      0.53764621D-11
  413  0.00173057      0.57801055D-11
  414  0.00175174      0.62140087D-11
  415  0.00177318      0.66804361D-11
  416  0.00179488      0.71818215D-11
  417  0.00181684      0.77207803D-11
  418  0.00183907      0.83001233D-11
  419  0.00186158      0.89228708D-11
  420  0.00188436      0.95922689D-11
  421  0.00190742      0.10311806D-10
  422  0.00193076      0.11085230D-10
  423  0.00195438      0.11916569D-10
  424  0.00197830      0.12810151D-10
  425  0.00200251      0.13770629D-10
  426  0.00202701      0.14802999D-10
  427  0.00205181      0.15912632D-10
  428  0.00207692      0.17105300D-10
  429  0.00210234      0.18387202D-10
  430  0.00212806      0.19765002D-10
  431  0.00215410      0.21245858D-10
  432  0.00218046      0.22837463D-10
  433  0.00220714      0.24548081D-10
  434  0.00223415      0.26386592D-10
  435  0.00226149      0.28362537D-10
  436  0.00228916      0.30486167D-10
  437  0.00231718      0.32768495D-10
  438  0.00234553      0.35221353D-10
  439  0.00237423      0.37857453D-10
  440  0.00240329      0.40690453D-10
  441  0.00243269      0.43735025D-10
  442  0.00246246      0.47006931D-10
  443  0.00249259      0.50523105D-10
  444  0.00252310      0.54301739D-10
  445  0.00255397      0.58362373D-10
  446  0.00258522      0.62726002D-10
  447  0.00261686      0.67415176D-10
  448  0.00264888      0.72454119D-10
  449  0.00268129      0.77868853D-10
  450  0.00271410      0.83687328D-10
  451  0.00274732      0.89939569D-10
  452  0.00278093      0.96657825D-10
  453  0.00281496      0.10387673D-09
  454  0.00284941      0.11163350D-09
  455  0.00288428      0.11996809D-09
  456  0.00291957      0.12892343D-09
  457  0.00295530      0.13854560D-09
  458  0.00299146      0.14888412D-09
  459  0.00302807      0.15999216D-09
  460  0.00306512      0.17192682D-09
  461  0.00310263      0.18474945D-09
  462  0.00314059      0.19852589D-09
  463  0.00317903      0.21332687D-09
  464  0.00321793      0.22922836D-09
  465  0.00325730      0.24631191D-09
  466  0.00329716      0.26466512D-09
  467  0.00333751      0.28438203D-09
  468  0.00337835      0.30556364D-09
  469  0.00341969      0.32831839D-09
  470  0.00346154      0.35276272D-09
  471  0.00350389      0.37902165D-09
  472  0.00354677      0.40722941D-09
  473  0.00359017      0.43753014D-09
  474  0.00363410      0.47007857D-09
  475  0.00367857      0.50504084D-09
  476  0.00372359      0.54259530D-09
  477  0.00376915      0.58293343D-09
  478  0.00381527      0.62626080D-09
  479  0.00386196      0.67279807D-09
  480  0.00390922      0.72278215D-09
  481  0.00395705      0.77646732D-09
  482  0.00400548      0.83412655D-09
  483  0.00405449      0.89605285D-09
  484  0.00410410      0.96256072D-09
  485  0.00415432      0.10339878D-08
  486  0.00420516      0.11106963D-08
  487  0.00425662      0.11930751D-08
  488  0.00430871      0.12815418D-08
  489  0.00436143      0.13765441D-08
  490  0.00441480      0.14785628D-08
  491  0.00446882      0.15881139D-08
  492  0.00452351      0.17057510D-08
  493  0.00457886      0.18320682D-08
  494  0.00463489      0.19677030D-08
  495  0.00469161      0.21133397D-08
  496  0.00474902      0.22697122D-08
  497  0.00480713      0.24376082D-08
  498  0.00486595      0.26178728D-08
  499  0.00492550      0.28114127D-08
  500  0.00498577      0.30192008D-08
  501  0.00504678      0.32422807D-08
  502  0.00510854      0.34817721D-08
  503  0.00517105      0.37388762D-08
  504  0.00523432      0.40148815D-08
  505  0.00529838      0.43111702D-08
  506  0.00536321      0.46292251D-08
  507  0.00542884      0.49706364D-08
  508  0.00549527      0.53371100D-08
  509  0.00556251      0.57304755D-08
  510  0.00563058      0.61526951D-08
  511  0.00569948      0.66058734D-08
  512  0.00576923      0.70922673D-08
  513  0.00583982      0.76142972D-08
  514  0.00591128      0.81745586D-08
  515  0.00598362      0.87758346D-08
  516  0.00605684      0.94211097D-08
  517  0.00613095      0.10113584D-07
  518  0.00620598      0.10856688D-07
  519  0.00628192      0.11654101D-07
  520  0.00635879      0.12509766D-07
  521  0.00643660      0.13427912D-07
  522  0.00651536      0.14413070D-07
  523  0.00659509      0.15470101D-07
  524  0.00667579      0.16604211D-07
  525  0.00675748      0.17820985D-07
  526  0.00684017      0.19126405D-07
  527  0.00692387      0.20526884D-07
  528  0.00700860      0.22029297D-07
  529  0.00709436      0.23641010D-07
  530  0.00718118      0.25369916D-07
  531  0.00726905      0.27224476D-07
  532  0.00735800      0.29213753D-07
  533  0.00744804      0.31347460D-07
  534  0.00753918      0.33636003D-07
  535  0.00763143      0.36090533D-07
  536  0.00772482      0.38722994D-07
  537  0.00781934      0.41546182D-07
  538  0.00791503      0.44573807D-07
  539  0.00801188      0.47820551D-07
  540  0.00810992      0.51302143D-07
  541  0.00820916      0.55035429D-07
  542  0.00830962      0.59038452D-07
  543  0.00841130      0.63330535D-07
  544  0.00851423      0.67932369D-07
  545  0.00861841      0.72866114D-07
  546  0.00872387      0.78155497D-07
  547  0.00883063      0.83825923D-07
  548  0.00893868      0.89904593D-07
  549  0.00904806      0.96420626D-07
  550  0.00915878      0.10340520D-06
  551  0.00927086      0.11089168D-06
  552  0.00938430      0.11891580D-06
  553  0.00949914      0.12751578D-06
  554  0.00961538      0.13673256D-06
  555  0.00973304      0.14660991D-06
  556  0.00985214      0.15719473D-06
  557  0.00997270      0.16853714D-06
  558  0.01009473      0.18069083D-06
  559  0.01021826      0.19371320D-06
  560  0.01034330      0.20766569D-06
  561  0.01046986      0.22261402D-06
  562  0.01059798      0.23862848D-06
  563  0.01072767      0.25578427D-06
  564  0.01085894      0.27416183D-06
  565  0.01099182      0.29384717D-06
  566  0.01112632      0.31493229D-06
  567  0.01126247      0.33751557D-06
  568  0.01140029      0.36170220D-06
  569  0.01153979      0.38760465D-06
  570  0.01168100      0.41534317D-06
  571  0.01182394      0.44504631D-06
  572  0.01196863      0.47685148D-06
  573  0.01211508      0.51090557D-06
  574  0.01226333      0.54736556D-06
  575  0.01241340      0.58639923D-06
  576  0.01256530      0.62818588D-06
  577  0.01271906      0.67291708D-06
  578  0.01287470      0.72079753D-06
  579  0.01303224      0.77204594D-06
  580  0.01319171      0.82689591D-06
  581  0.01335314      0.88559702D-06
  582  0.01351654      0.94841582D-06
  583  0.01368194      0.10156370D-05
  584  0.01384936      0.10875646D-05
  585  0.01401883      0.11645232D-05
  586  0.01419038      0.12468595D-05
  587  0.01436402      0.13349435D-05
  588  0.01453979      0.14291703D-05
  589  0.01471771      0.15299616D-05
  590  0.01489781      0.16377675D-05
  591  0.01508011      0.17530683D-05
  592  0.01526464      0.18763768D-05
  593  0.01545143      0.20082397D-05
  594  0.01564051      0.21492407D-05
  595  0.01583189      0.23000024D-05
  596  0.01602563      0.24611888D-05
  597  0.01622173      0.26335082D-05
  598  0.01642023      0.28177161D-05
  599  0.01662116      0.30146179D-05
  600  0.01682455      0.32250726D-05
  601  0.01703043      0.34499959D-05
  602  0.01723883      0.36903639D-05
  603  0.01744977      0.39472173D-05
  604  0.01766330      0.42216649D-05
  605  0.01787944      0.45148886D-05
  606  0.01809823      0.48281477D-05
  607  0.01831970      0.51627839D-05
  608  0.01854387      0.55202264D-05
  609  0.01877079      0.59019976D-05
  610  0.01900048      0.63097190D-05
  611  0.01923299      0.67451173D-05
  612  0.01946834      0.72100312D-05
  613  0.01970657      0.77064179D-05
  614  0.01994771      0.82363614D-05
  615  0.02019181      0.88020794D-05
  616  0.02043889      0.94059324D-05
  617  0.02068899      0.10050432D-04
  618  0.02094216      0.10738251D-04
  619  0.02119843      0.11472231D-04
  620  0.02145783      0.12255397D-04
  621  0.02172040      0.13090965D-04
  622  0.02198619      0.13982354D-04
  623  0.02225523      0.14933201D-04
  624  0.02252756      0.15947371D-04
  625  0.02280323      0.17028973D-04
  626  0.02308226      0.18182372D-04
  627  0.02336472      0.19412210D-04
  628  0.02365063      0.20723415D-04
  629  0.02394003      0.22121225D-04
  630  0.02423298      0.23611200D-04
  631  0.02452952      0.25199249D-04
  632  0.02482968      0.26891641D-04
  633  0.02513351      0.28695036D-04
  634  0.02544107      0.30616501D-04
  635  0.02575238      0.32663534D-04
  636  0.02606751      0.34844095D-04
  637  0.02638649      0.37166627D-04
  638  0.02670938      0.39640085D-04
  639  0.02703621      0.42273968D-04
  640  0.02736705      0.45078346D-04
  641  0.02770193      0.48063897D-04
  642  0.02804092      0.51241939D-04
  643  0.02838405      0.54624467D-04
  644  0.02873138      0.58224189D-04
  645  0.02908296      0.62054570D-04
  646  0.02943884      0.66129871D-04
  647  0.02979907      0.70465195D-04
  648  0.03016372      0.75076532D-04
  649  0.03053283      0.79980809D-04
  650  0.03090645      0.85195941D-04
  651  0.03128465      0.90740884D-04
  652  0.03166747      0.96635694D-04
  653  0.03205498      0.10290158D-03
  654  0.03244723      0.10956098D-03
  655  0.03284428      0.11663761D-03
  656  0.03324618      0.12415653D-03
  657  0.03365301      0.13214424D-03
  658  0.03406481      0.14062873D-03
  659  0.03448166      0.14963958D-03
  660  0.03490360      0.15920799D-03
  661  0.03533071      0.16936696D-03
  662  0.03576304      0.18015128D-03
  663  0.03620067      0.19159769D-03
  664  0.03664365      0.20374493D-03
  665  0.03709205      0.21663388D-03
  666  0.03754594      0.23030767D-03
  667  0.03800538      0.24481173D-03
  668  0.03847044      0.26019398D-03
  669  0.03894119      0.27650490D-03
  670  0.03941771      0.29379767D-03
  671  0.03990005      0.31212831D-03
  672  0.04038830      0.33155579D-03
  673  0.04088253      0.35214221D-03
  674  0.04138280      0.37395288D-03
  675  0.04188919      0.39705656D-03
  676  0.04240178      0.42152552D-03
  677  0.04292064      0.44743577D-03
  678  0.04344585      0.47486722D-03
  679  0.04397749      0.50390381D-03
  680  0.04451563      0.53463375D-03
  681  0.04506036      0.56714966D-03
  682  0.04561175      0.60154877D-03
  683  0.04616989      0.63793315D-03
  684  0.04673486      0.67640986D-03
  685  0.04730675      0.71709120D-03
  686  0.04788563      0.76009493D-03
  687  0.04847159      0.80554447D-03
  688  0.04906473      0.85356911D-03
  689  0.04966512      0.90430431D-03
  690  0.05027287      0.95789187D-03
  691  0.05088804      0.10144802D-02
  692  0.05151075      0.10742247D-02
  693  0.05214108      0.11372877D-02
  694  0.05277911      0.12038390D-02
  695  0.05342496      0.12740561D-02
  696  0.05407871      0.13481245D-02
  697  0.05474046      0.14262377D-02
  698  0.05541031      0.15085978D-02
  699  0.05608835      0.15954156D-02
  700  0.05677469      0.16869113D-02
  701  0.05746943      0.17833139D-02
  702  0.05817267      0.18848626D-02
  703  0.05888452      0.19918061D-02
  704  0.05960507      0.21044035D-02
  705  0.06033445      0.22229247D-02
  706  0.06107275      0.23476500D-02
  707  0.06182008      0.24788710D-02
  708  0.06257656      0.26168910D-02
  709  0.06334229      0.27620246D-02
  710  0.06411740      0.29145986D-02
  711  0.06490199      0.30749522D-02
  712  0.06569618      0.32434370D-02
  713  0.06650009      0.34204175D-02
  714  0.06731384      0.36062713D-02
  715  0.06813754      0.38013893D-02
  716  0.06897133      0.40061761D-02
  717  0.06981531      0.42210501D-02
  718  0.07066963      0.44464436D-02
  719  0.07153440      0.46828033D-02
  720  0.07240975      0.49305903D-02
  721  0.07329581      0.51902801D-02
  722  0.07419271      0.54623630D-02
  723  0.07510059      0.57473443D-02
  724  0.07601958      0.60457439D-02
  725  0.07694982      0.63580969D-02
  726  0.07789144      0.66849532D-02
  727  0.07884458      0.70268780D-02
  728  0.07980938      0.73844511D-02
  729  0.08078599      0.77582675D-02
  730  0.08177455      0.81489367D-02
  731  0.08277521      0.85570830D-02
  732  0.08378811      0.89833449D-02
  733  0.08481341      0.94283753D-02
  734  0.08585125      0.98928408D-02
  735  0.08690179      0.10377421D-01
  736  0.08796519      0.10882810D-01
  737  0.08904160      0.11409713D-01
  738  0.09013118      0.11958848D-01
  739  0.09123410      0.12530944D-01
  740  0.09235051      0.13126742D-01
  741  0.09348058      0.13746990D-01
  742  0.09462448      0.14392449D-01
  743  0.09578238      0.15063886D-01
  744  0.09695445      0.15762075D-01
  745  0.09814086      0.16487799D-01
  746  0.09934179      0.17241843D-01
  747  0.10055741      0.18024998D-01
  748  0.10178791      0.18838056D-01
  749  0.10303347      0.19681811D-01
  750  0.10429426      0.20557056D-01
  751  0.10557049      0.21464584D-01
  752  0.10686233      0.22405181D-01
  753  0.10816998      0.23379631D-01
  754  0.10949364      0.24388707D-01
  755  0.11083349      0.25433176D-01
  756  0.11218973      0.26513791D-01
  757  0.11356257      0.27631293D-01
  758  0.11495221      0.28786404D-01
  759  0.11635886      0.29979832D-01
  760  0.11778271      0.31212260D-01
  761  0.11922400      0.32484350D-01
  762  0.12068291      0.33796735D-01
  763  0.12215968      0.35150022D-01
  764  0.12365452      0.36544782D-01
  765  0.12516766      0.37981555D-01
  766  0.12669931      0.39460841D-01
  767  0.12824970      0.40983098D-01
  768  0.12981906      0.42548740D-01
  769  0.13140763      0.44158135D-01
  770  0.13301563      0.45811596D-01
  771  0.13464332      0.47509386D-01
  772  0.13629092      0.49251706D-01
  773  0.13795868      0.51038699D-01
  774  0.13964685      0.52870439D-01
  775  0.14135568      0.54746937D-01
  776  0.14308542      0.56668126D-01
  777  0.14483632      0.58633869D-01
  778  0.14660865      0.60643945D-01
  779  0.14840267      0.62698055D-01
  780  0.15021864      0.64795811D-01
  781  0.15205683      0.66936737D-01
  782  0.15391752      0.69120265D-01
  783  0.15580097      0.71345732D-01
  784  0.15770747      0.73612374D-01
  785  0.15963730      0.75919327D-01
  786  0.16159075      0.78265623D-01
  787  0.16356810      0.80650187D-01
  788  0.16556965      0.83071833D-01
  789  0.16759569      0.85529266D-01
  790  0.16964652      0.88021074D-01
  791  0.17172245      0.90545734D-01
  792  0.17382377      0.93101601D-01
  793  0.17595082      0.95686915D-01
  794  0.17810389      0.98299797D-01
  795  0.18028331      0.10093825D+00
  796  0.18248939      0.10360014D+00
  797  0.18472248      0.10628324D+00
  798  0.18698288      0.10898519D+00
  799  0.18927095      0.11170350D+00
  800  0.19158702      0.11443558D+00
  801  0.19393143      0.11717871D+00
  802  0.19630452      0.11993006D+00
  803  0.19870666      0.12268669D+00
  804  0.20113819      0.12544555D+00
  805  0.20359947      0.12820348D+00
  806  0.20609087      0.13095721D+00
  807  0.20861276      0.13370339D+00
  808  0.21116551      0.13643856D+00
  809  0.21374950      0.13915917D+00
  810  0.21636510      0.14186161D+00
  811  0.21901271      0.14454216D+00
  812  0.22169272      0.14719704D+00
  813  0.22440553      0.14982242D+00
  814  0.22715153      0.15241440D+00
  815  0.22993113      0.15496904D+00
  816  0.23274475      0.15748234D+00
  817  0.23559279      0.15995029D+00
  818  0.23847569      0.16236885D+00
  819  0.24139387      0.16473396D+00
  820  0.24434775      0.16704158D+00
  821  0.24733778      0.16928764D+00
  822  0.25036440      0.17146813D+00
  823  0.25342805      0.17357903D+00
  824  0.25652919      0.17561639D+00
  825  0.25966828      0.17757630D+00
  826  0.26284579      0.17945491D+00
  827  0.26606217      0.18124845D+00
  828  0.26931792      0.18295322D+00
  829  0.27261350      0.18456565D+00
  830  0.27594941      0.18608224D+00
  831  0.27932614      0.18749965D+00
  832  0.28274420      0.18881465D+00
  833  0.28620408      0.19002415D+00
  834  0.28970629      0.19112522D+00
  835  0.29325136      0.19211511D+00
  836  0.29683982      0.19299123D+00
  837  0.30047218      0.19375117D+00
  838  0.30414899      0.19439272D+00
  839  0.30787079      0.19491390D+00
  840  0.31163814      0.19531290D+00
  841  0.31545159      0.19558816D+00
  842  0.31931170      0.19573833D+00
  843  0.32321905      0.19576230D+00
  844  0.32717421      0.19565922D+00
  845  0.33117776      0.19542844D+00
  846  0.33523031      0.19506960D+00
  847  0.33933245      0.19458257D+00
  848  0.34348479      0.19396748D+00
  849  0.34768794      0.19322473D+00
  850  0.35194252      0.19235496D+00
  851  0.35624916      0.19135906D+00
  852  0.36060850      0.19023821D+00
  853  0.36502119      0.18899382D+00
  854  0.36948787      0.18762756D+00
  855  0.37400921      0.18614134D+00
  856  0.37858588      0.18453732D+00
  857  0.38321855      0.18281792D+00
  858  0.38790791      0.18098576D+00
  859  0.39265466      0.17904372D+00
  860  0.39745949      0.17699487D+00
  861  0.40232311      0.17484251D+00
  862  0.40724625      0.17259014D+00
  863  0.41222963      0.17024146D+00
  864  0.41727399      0.16780033D+00
  865  0.42238008      0.16527082D+00
  866  0.42754866      0.16265712D+00
  867  0.43278047      0.15996361D+00
  868  0.43807631      0.15719477D+00
  869  0.44343696      0.15435523D+00
  870  0.44886320      0.15144972D+00
  871  0.45435584      0.14848307D+00
  872  0.45991569      0.14546021D+00
  873  0.46554357      0.14238612D+00
  874  0.47124033      0.13926584D+00
  875  0.47700679      0.13610446D+00
  876  0.48284382      0.13290710D+00
  877  0.48875227      0.12967888D+00
  878  0.49473303      0.12642495D+00
  879  0.50078696      0.12315040D+00
  880  0.50691498      0.11986034D+00
  881  0.51311799      0.11655981D+00
  882  0.51939690      0.11325379D+00
  883  0.52575265      0.10994722D+00
  884  0.53218617      0.10664492D+00
  885  0.53869841      0.10335165D+00
  886  0.54529034      0.10007205D+00
  887  0.55196294      0.96810634D-01
  888  0.55871719      0.93571791D-01
  889  0.56555409      0.90359775D-01
  890  0.57247465      0.87178682D-01
  891  0.57947989      0.84032454D-01
  892  0.58657086      0.80924859D-01
  893  0.59374860      0.77859491D-01
  894  0.60101417      0.74839759D-01
  895  0.60836865      0.71868879D-01
  896  0.61581312      0.68949873D-01
  897  0.62334869      0.66085560D-01
  898  0.63097647      0.63278551D-01
  899  0.63869759      0.60531252D-01
  900  0.64651319      0.57845853D-01
  901  0.65442443      0.55224333D-01
  902  0.66243248      0.52668459D-01
  903  0.67053852      0.50179779D-01
  904  0.67874375      0.47759635D-01
  905  0.68704939      0.45409154D-01
  906  0.69545666      0.43129256D-01
  907  0.70396681      0.40920659D-01
  908  0.71258109      0.38783880D-01
  909  0.72130079      0.36719239D-01
  910  0.73012719      0.34726871D-01
  911  0.73906159      0.32806725D-01
  912  0.74810533      0.30958577D-01
  913  0.75725973      0.29182033D-01
  914  0.76652615      0.27476539D-01
  915  0.77590596      0.25841391D-01
  916  0.78540055      0.24275739D-01
  917  0.79501132      0.22778600D-01
  918  0.80473970      0.21348866D-01
  919  0.81458712      0.19985314D-01
  920  0.82455504      0.18686612D-01
  921  0.83464494      0.17451333D-01
  922  0.84485831      0.16277962D-01
  923  0.85519665      0.15164907D-01
  924  0.86566150      0.14110505D-01
  925  0.87625441      0.13113036D-01
  926  0.88697694      0.12170726D-01
  927  0.89783068      0.11281762D-01
  928  0.90881724      0.10444296D-01
  929  0.91993824      0.96564567D-02
  930  0.93119532      0.89163531D-02
  931  0.94259015      0.82220859D-02
  932  0.95412442      0.75717533D-02
  933  0.96579982      0.69634579D-02
  934  0.97761810      0.63953133D-02
  935  0.98958100      0.58654500D-02
  936  1.00169028      0.53720212D-02
  937  1.01394775      0.49132082D-02
  938  1.02635520      0.44872249D-02
  939  1.03891448      0.40923224D-02
  940  1.05162745      0.37267929D-02
  941  1.06449598      0.33889730D-02
  942  1.07752199      0.30772474D-02
  943  1.09070738      0.27900508D-02
  944  1.10405413      0.25258707D-02
  945  1.11756420      0.22832492D-02
  946  1.13123958      0.20607844D-02
  947  1.14508231      0.18571313D-02
  948  1.15909443      0.16710030D-02
  949  1.17327801      0.15011708D-02
  950  1.18763516      0.13464646D-02
  951  1.20216798      0.12057724D-02
  952  1.21687865      0.10780398D-02
  953  1.23176932      0.96226997D-03
  954  1.24684221      0.85752176D-03
  955  1.26209955      0.76290924D-03
  956  1.27754358      0.67760012D-03
  957  1.29317660      0.60081430D-03
  958  1.30900091      0.53182222D-03
  959  1.32501887      0.46994316D-03
  960  1.34123283      0.41454337D-03
  961  1.35764520      0.36503414D-03
  962  1.37425840      0.32086983D-03
  963  1.39107490      0.28154586D-03
  964  1.40809718      0.24659666D-03
  965  1.42532775      0.21559359D-03
  966  1.44276917      0.18814294D-03
  967  1.46042402      0.16388385D-03
  968  1.47829491      0.14248634D-03
  969  1.49638447      0.12364931D-03
  970  1.51469540      0.10709870D-03
  971  1.53323039      0.92585537D-04
  972  1.55199219      0.79884225D-04
  973  1.57098358      0.68790774D-04
  974  1.59020736      0.59121163D-04
  975  1.60966637      0.50709766D-04
  976  1.62936351      0.43407853D-04
  977  1.64930167      0.37082177D-04
  978  1.66948381      0.31613636D-04
  979  1.68991291      0.26896018D-04
  980  1.71059200      0.22834833D-04
  981  1.73152414      0.19346212D-04
  982  1.75271242      0.16355888D-04
  983  1.77415997      0.13798257D-04
  984  1.79586998      0.11615502D-04
  985  1.81784564      0.97567945D-05
  986  1.84009021      0.81775527D-05
  987  1.86260699      0.68387731D-05
  988  1.88539930      0.57064133D-05
  989  1.90847052      0.47508350D-05
  990  1.93182405      0.39462974D-05
  991  1.95546335      0.32705005D-05
  992  1.97939193      0.27041732D-05
  993  2.00361331      0.22307043D-05
  994  2.02813108      0.18358108D-05
  995  2.05294887      0.15072438D-05
  996  2.07807035      0.12345250D-05
  997  2.10349924      0.10087143D-05
  998  2.12923930      0.82220375D-06
  999  2.15529433      0.66853592D-06
 1000  2.18166819      0.54224436D-06
 1001  2.20836478      0.43871381D-06
 1002  2.23538805      0.35405802D-06
 1003  2.26274200      0.28501344D-06
 1004  2.29043067      0.22884680D-06
 1005  2.31845817      0.18327521D-06
 1006  2.34682863      0.14639718D-06
 1007  2.37554625      0.11663326D-06
 1008  2.40461529      0.92675157D-07
 1009  2.43404003      0.73442209D-07
 1010  2.46382484      0.58044308D-07
 1011  2.49397412      0.45750379D-07
 1012  2.52449233      0.35961680D-07
 1013  2.55538399      0.28189270D-07
 1014  2.58665366      0.22035026D-07
 1015  2.61830597      0.17175718D-07
 1016  2.65034560      0.13349708D-07
 1017  2.68277729      0.10345856D-07
 1018  2.71560584      0.79940814D-08
 1019  2.74883611      0.61583581D-08
 1020  2.78247301      0.47296903D-08
 1021  2.81652152      0.36201556D-08
 1022  2.85098667      0.27623084D-08
