 ir        r              f(r)*r^2
    1  0.00001153      0.13764978D-15
    2  0.00001167      0.14451116D-15
    3  0.00001182      0.15171455D-15
    4  0.00001196      0.15927699D-15
    5  0.00001211      0.16721638D-15
    6  0.00001226      0.17555151D-15
    7  0.00001241      0.18430211D-15
    8  0.00001256      0.19348887D-15
    9  0.00001271      0.20313354D-15
   10  0.00001287      0.21325894D-15
   11  0.00001303      0.22388903D-15
   12  0.00001318      0.23504898D-15
   13  0.00001335      0.24676518D-15
   14  0.00001351      0.25906536D-15
   15  0.00001367      0.27197863D-15
   16  0.00001384      0.28553555D-15
   17  0.00001401      0.29976819D-15
   18  0.00001418      0.31471024D-15
   19  0.00001436      0.33039705D-15
   20  0.00001453      0.34686574D-15
   21  0.00001471      0.36415529D-15
   22  0.00001489      0.38230659D-15
   23  0.00001507      0.40136262D-15
   24  0.00001526      0.42136844D-15
   25  0.00001544      0.44237141D-15
   26  0.00001563      0.46442122D-15
   27  0.00001582      0.48757005D-15
   28  0.00001602      0.51187267D-15
   29  0.00001621      0.53738658D-15
   30  0.00001641      0.56417216D-15
   31  0.00001661      0.59229279D-15
   32  0.00001682      0.62181499D-15
   33  0.00001702      0.65280863D-15
   34  0.00001723      0.68534704D-15
   35  0.00001744      0.71950720D-15
   36  0.00001765      0.75536995D-15
   37  0.00001787      0.79302014D-15
   38  0.00001809      0.83254685D-15
   39  0.00001831      0.87404360D-15
   40  0.00001853      0.91760857D-15
   41  0.00001876      0.96334484D-15
   42  0.00001899      0.10113606D-14
   43  0.00001922      0.10617695D-14
   44  0.00001946      0.11146908D-14
   45  0.00001970      0.11702497D-14
   46  0.00001994      0.12285776D-14
   47  0.00002018      0.12898125D-14
   48  0.00002043      0.13540994D-14
   49  0.00002068      0.14215902D-14
   50  0.00002093      0.14924448D-14
   51  0.00002119      0.15668306D-14
   52  0.00002145      0.16449237D-14
   53  0.00002171      0.17269089D-14
   54  0.00002197      0.18129801D-14
   55  0.00002224      0.19033409D-14
   56  0.00002252      0.19982052D-14
   57  0.00002279      0.20977972D-14
   58  0.00002307      0.22023527D-14
   59  0.00002335      0.23121189D-14
   60  0.00002364      0.24273556D-14
   61  0.00002393      0.25483354D-14
   62  0.00002422      0.26753444D-14
   63  0.00002452      0.28086831D-14
   64  0.00002482      0.29486670D-14
   65  0.00002512      0.30956271D-14
   66  0.00002543      0.32499111D-14
   67  0.00002574      0.34118840D-14
   68  0.00002605      0.35819290D-14
   69  0.00002637      0.37604481D-14
   70  0.00002669      0.39478639D-14
   71  0.00002702      0.41446195D-14
   72  0.00002735      0.43511804D-14
   73  0.00002769      0.45680351D-14
   74  0.00002803      0.47956967D-14
   75  0.00002837      0.50347035D-14
   76  0.00002872      0.52856210D-14
   77  0.00002907      0.55490427D-14
   78  0.00002942      0.58255915D-14
   79  0.00002978      0.61159217D-14
   80  0.00003015      0.64207198D-14
   81  0.00003052      0.67407069D-14
   82  0.00003089      0.70766397D-14
   83  0.00003127      0.74293128D-14
   84  0.00003165      0.77995602D-14
   85  0.00003204      0.81882577D-14
   86  0.00003243      0.85963246D-14
   87  0.00003283      0.90247258D-14
   88  0.00003323      0.94744748D-14
   89  0.00003363      0.99466349D-14
   90  0.00003405      0.10442323D-13
   91  0.00003446      0.10962711D-13
   92  0.00003488      0.11509030D-13
   93  0.00003531      0.12082572D-13
   94  0.00003574      0.12684693D-13
   95  0.00003618      0.13316817D-13
   96  0.00003662      0.13980439D-13
   97  0.00003707      0.14677129D-13
   98  0.00003753      0.15408533D-13
   99  0.00003798      0.16176381D-13
  100  0.00003845      0.16982489D-13
  101  0.00003892      0.17828763D-13
  102  0.00003940      0.18717204D-13
  103  0.00003988      0.19649913D-13
  104  0.00004037      0.20629095D-13
  105  0.00004086      0.21657066D-13
  106  0.00004136      0.22736256D-13
  107  0.00004187      0.23869217D-13
  108  0.00004238      0.25058627D-13
  109  0.00004290      0.26307300D-13
  110  0.00004342      0.27618186D-13
  111  0.00004395      0.28994385D-13
  112  0.00004449      0.30439152D-13
  113  0.00004504      0.31955901D-13
  114  0.00004559      0.33548219D-13
  115  0.00004614      0.35219870D-13
  116  0.00004671      0.36974806D-13
  117  0.00004728      0.38817175D-13
  118  0.00004786      0.40751334D-13
  119  0.00004844      0.42781853D-13
  120  0.00004904      0.44913535D-13
  121  0.00004964      0.47151416D-13
  122  0.00005025      0.49500788D-13
  123  0.00005086      0.51967204D-13
  124  0.00005148      0.54556494D-13
  125  0.00005211      0.57274778D-13
  126  0.00005275      0.60128481D-13
  127  0.00005340      0.63124349D-13
  128  0.00005405      0.66269462D-13
  129  0.00005471      0.69571254D-13
  130  0.00005538      0.73037529D-13
  131  0.00005606      0.76676479D-13
  132  0.00005674      0.80496705D-13
  133  0.00005744      0.84507235D-13
  134  0.00005814      0.88717546D-13
  135  0.00005885      0.93137590D-13
  136  0.00005957      0.97777812D-13
  137  0.00006030      0.10264918D-12
  138  0.00006104      0.10776320D-12
  139  0.00006179      0.11313195D-12
  140  0.00006254      0.11876814D-12
  141  0.00006331      0.12468507D-12
  142  0.00006408      0.13089672D-12
  143  0.00006487      0.13741777D-12
  144  0.00006566      0.14426364D-12
  145  0.00006646      0.15145049D-12
  146  0.00006728      0.15899530D-12
  147  0.00006810      0.16691591D-12
  148  0.00006893      0.17523102D-12
  149  0.00006978      0.18396028D-12
  150  0.00007063      0.19312430D-12
  151  0.00007149      0.20274475D-12
  152  0.00007237      0.21284434D-12
  153  0.00007326      0.22344694D-12
  154  0.00007415      0.23457758D-12
  155  0.00007506      0.24626257D-12
  156  0.00007598      0.25852950D-12
  157  0.00007691      0.27140735D-12
  158  0.00007785      0.28492653D-12
  159  0.00007880      0.29911897D-12
  160  0.00007977      0.31401820D-12
  161  0.00008074      0.32965941D-12
  162  0.00008173      0.34607952D-12
  163  0.00008273      0.36331733D-12
  164  0.00008374      0.38141353D-12
  165  0.00008477      0.40041087D-12
  166  0.00008580      0.42035420D-12
  167  0.00008685      0.44129061D-12
  168  0.00008792      0.46326955D-12
  169  0.00008899      0.48634290D-12
  170  0.00009008      0.51056515D-12
  171  0.00009118      0.53599349D-12
  172  0.00009230      0.56268795D-12
  173  0.00009343      0.59071155D-12
  174  0.00009457      0.62013045D-12
  175  0.00009573      0.65101411D-12
  176  0.00009690      0.68343542D-12
  177  0.00009809      0.71747093D-12
  178  0.00009929      0.75320096D-12
  179  0.00010050      0.79070986D-12
  180  0.00010173      0.83008616D-12
  181  0.00010298      0.87142280D-12
  182  0.00010424      0.91481733D-12
  183  0.00010551      0.96037218D-12
  184  0.00010680      0.10081948D-11
  185  0.00010811      0.10583982D-11
  186  0.00010943      0.11111007D-11
  187  0.00011077      0.11664266D-11
  188  0.00011213      0.12245067D-11
  189  0.00011350      0.12854778D-11
  190  0.00011489      0.13494839D-11
  191  0.00011629      0.14166759D-11
  192  0.00011772      0.14872124D-11
  193  0.00011916      0.15612598D-11
  194  0.00012062      0.16389927D-11
  195  0.00012209      0.17205946D-11
  196  0.00012359      0.18062579D-11
  197  0.00012510      0.18961846D-11
  198  0.00012663      0.19905869D-11
  199  0.00012818      0.20896874D-11
  200  0.00012975      0.21937199D-11
  201  0.00013133      0.23029296D-11
  202  0.00013294      0.24175741D-11
  203  0.00013457      0.25379238D-11
  204  0.00013622      0.26642624D-11
  205  0.00013788      0.27968877D-11
  206  0.00013957      0.29361126D-11
  207  0.00014128      0.30822652D-11
  208  0.00014301      0.32356901D-11
  209  0.00014476      0.33967490D-11
  210  0.00014653      0.35658214D-11
  211  0.00014832      0.37433060D-11
  212  0.00015014      0.39296211D-11
  213  0.00015197      0.41252058D-11
  214  0.00015383      0.43305210D-11
  215  0.00015571      0.45460505D-11
  216  0.00015762      0.47723024D-11
  217  0.00015955      0.50098096D-11
  218  0.00016150      0.52591318D-11
  219  0.00016348      0.55208565D-11
  220  0.00016548      0.57956002D-11
  221  0.00016750      0.60840102D-11
  222  0.00016955      0.63867659D-11
  223  0.00017163      0.67045803D-11
  224  0.00017373      0.70382022D-11
  225  0.00017585      0.73884172D-11
  226  0.00017801      0.77560501D-11
  227  0.00018018      0.81419668D-11
  228  0.00018239      0.85470758D-11
  229  0.00018462      0.89723311D-11
  230  0.00018688      0.94187340D-11
  231  0.00018917      0.98873355D-11
  232  0.00019148      0.10379239D-10
  233  0.00019382      0.10895601D-10
  234  0.00019620      0.11437639D-10
  235  0.00019860      0.12006628D-10
  236  0.00020103      0.12603906D-10
  237  0.00020349      0.13230880D-10
  238  0.00020598      0.13889025D-10
  239  0.00020850      0.14579890D-10
  240  0.00021105      0.15305099D-10
  241  0.00021363      0.16066360D-10
  242  0.00021625      0.16865462D-10
  243  0.00021889      0.17704287D-10
  244  0.00022157      0.18584806D-10
  245  0.00022428      0.19509090D-10
  246  0.00022703      0.20479314D-10
  247  0.00022980      0.21497758D-10
  248  0.00023262      0.22566818D-10
  249  0.00023546      0.23689007D-10
  250  0.00023834      0.24866962D-10
  251  0.00024126      0.26103454D-10
  252  0.00024421      0.27401389D-10
  253  0.00024720      0.28763817D-10
  254  0.00025023      0.30193940D-10
  255  0.00025329      0.31695118D-10
  256  0.00025639      0.33270880D-10
  257  0.00025952      0.34924927D-10
  258  0.00026270      0.36661144D-10
  259  0.00026592      0.38483612D-10
  260  0.00026917      0.40396609D-10
  261  0.00027246      0.42404630D-10
  262  0.00027580      0.44512389D-10
  263  0.00027917      0.46724837D-10
  264  0.00028259      0.49047166D-10
  265  0.00028605      0.51484831D-10
  266  0.00028955      0.54043552D-10
  267  0.00029309      0.56729336D-10
  268  0.00029668      0.59548486D-10
  269  0.00030031      0.62507617D-10
  270  0.00030398      0.65613674D-10
  271  0.00030770      0.68873943D-10
  272  0.00031147      0.72296073D-10
  273  0.00031528      0.75888090D-10
  274  0.00031914      0.79658421D-10
  275  0.00032304      0.83615906D-10
  276  0.00032699      0.87769826D-10
  277  0.00033099      0.92129919D-10
  278  0.00033504      0.96706407D-10
  279  0.00033914      0.10151002D-09
  280  0.00034329      0.10655201D-09
  281  0.00034750      0.11184420D-09
  282  0.00035175      0.11739898D-09
  283  0.00035605      0.12322938D-09
  284  0.00036041      0.12934904D-09
  285  0.00036482      0.13577231D-09
  286  0.00036928      0.14251422D-09
  287  0.00037380      0.14959057D-09
  288  0.00037838      0.15701792D-09
  289  0.00038301      0.16481366D-09
  290  0.00038769      0.17299603D-09
  291  0.00039244      0.18158420D-09
  292  0.00039724      0.19059824D-09
  293  0.00040210      0.20005926D-09
  294  0.00040702      0.20998938D-09
  295  0.00041200      0.22041184D-09
  296  0.00041704      0.23135100D-09
  297  0.00042215      0.24283245D-09
  298  0.00042731      0.25488304D-09
  299  0.00043254      0.26753092D-09
  300  0.00043783      0.28080567D-09
  301  0.00044319      0.29473830D-09
  302  0.00044861      0.30936137D-09
  303  0.00045410      0.32470903D-09
  304  0.00045966      0.34081715D-09
  305  0.00046529      0.35772333D-09
  306  0.00047098      0.37546705D-09
  307  0.00047674      0.39408975D-09
  308  0.00048258      0.41363487D-09
  309  0.00048848      0.43414805D-09
  310  0.00049446      0.45567715D-09
  311  0.00050051      0.47827238D-09
  312  0.00050663      0.50198647D-09
  313  0.00051283      0.52687470D-09
  314  0.00051911      0.55299512D-09
  315  0.00052546      0.58040861D-09
  316  0.00053189      0.60917908D-09
  317  0.00053840      0.63937356D-09
  318  0.00054499      0.67106242D-09
  319  0.00055166      0.70431946D-09
  320  0.00055841      0.73922215D-09
  321  0.00056524      0.77585175D-09
  322  0.00057216      0.81429354D-09
  323  0.00057916      0.85463700D-09
  324  0.00058625      0.89697602D-09
  325  0.00059342      0.94140909D-09
  326  0.00060068      0.98803958D-09
  327  0.00060803      0.10369759D-08
  328  0.00061547      0.10883319D-08
  329  0.00062300      0.11422269D-08
  330  0.00063063      0.11987862D-08
  331  0.00063834      0.12581412D-08
  332  0.00064616      0.13204297D-08
  333  0.00065406      0.13857965D-08
  334  0.00066207      0.14543934D-08
  335  0.00067017      0.15263794D-08
  336  0.00067837      0.16019218D-08
  337  0.00068667      0.16811958D-08
  338  0.00069507      0.17643852D-08
  339  0.00070358      0.18516831D-08
  340  0.00071219      0.19432918D-08
  341  0.00072090      0.20394236D-08
  342  0.00072972      0.21403013D-08
  343  0.00073865      0.22461586D-08
  344  0.00074769      0.23572407D-08
  345  0.00075684      0.24738048D-08
  346  0.00076610      0.25961207D-08
  347  0.00077548      0.27244714D-08
  348  0.00078497      0.28591540D-08
  349  0.00079457      0.30004798D-08
  350  0.00080429      0.31487757D-08
  351  0.00081414      0.33043845D-08
  352  0.00082410      0.34676657D-08
  353  0.00083418      0.36389966D-08
  354  0.00084439      0.38187728D-08
  355  0.00085472      0.40074094D-08
  356  0.00086518      0.42053417D-08
  357  0.00087577      0.44130265D-08
  358  0.00088649      0.46309428D-08
  359  0.00089733      0.48595930D-08
  360  0.00090831      0.50995043D-08
  361  0.00091943      0.53512294D-08
  362  0.00093068      0.56153482D-08
  363  0.00094207      0.58924690D-08
  364  0.00095360      0.61832295D-08
  365  0.00096527      0.64882991D-08
  366  0.00097708      0.68083793D-08
  367  0.00098903      0.71442063D-08
  368  0.00100114      0.74965520D-08
  369  0.00101339      0.78662261D-08
  370  0.00102579      0.82540777D-08
  371  0.00103834      0.86609975D-08
  372  0.00105105      0.90879193D-08
  373  0.00106391      0.95358229D-08
  374  0.00107693      0.10005736D-07
  375  0.00109010      0.10498734D-07
  376  0.00110344      0.11015949D-07
  377  0.00111695      0.11558566D-07
  378  0.00113061      0.12127825D-07
  379  0.00114445      0.12725031D-07
  380  0.00115845      0.13351550D-07
  381  0.00117263      0.14008815D-07
  382  0.00118698      0.14698329D-07
  383  0.00120150      0.15421666D-07
  384  0.00121621      0.16180479D-07
  385  0.00123109      0.16976501D-07
  386  0.00124615      0.17811547D-07
  387  0.00126140      0.18687524D-07
  388  0.00127684      0.19606427D-07
  389  0.00129246      0.20570351D-07
  390  0.00130828      0.21581492D-07
  391  0.00132429      0.22642151D-07
  392  0.00134049      0.23754743D-07
  393  0.00135689      0.24921797D-07
  394  0.00137350      0.26145967D-07
  395  0.00139031      0.27430035D-07
  396  0.00140732      0.28776915D-07
  397  0.00142454      0.30189667D-07
  398  0.00144197      0.31671494D-07
  399  0.00145962      0.33225757D-07
  400  0.00147748      0.34855979D-07
  401  0.00149556      0.36565850D-07
  402  0.00151386      0.38359243D-07
  403  0.00153238      0.40240215D-07
  404  0.00155113      0.42213019D-07
  405  0.00157011      0.44282114D-07
  406  0.00158933      0.46452172D-07
  407  0.00160878      0.48728093D-07
  408  0.00162846      0.51115011D-07
  409  0.00164839      0.53618307D-07
  410  0.00166856      0.56243621D-07
  411  0.00168898      0.58996867D-07
  412  0.00170965      0.61884239D-07
  413  0.00173057      0.64912231D-07
  414  0.00175174      0.68087649D-07
  415  0.00177318      0.71417626D-07
  416  0.00179488      0.74909636D-07
  417  0.00181684      0.78571511D-07
  418  0.00183907      0.82411462D-07
  419  0.00186158      0.86438088D-07
  420  0.00188436      0.90660406D-07
  421  0.00190742      0.95087858D-07
  422  0.00193076      0.99730344D-07
  423  0.00195438      0.10459823D-06
  424  0.00197830      0.10970239D-06
  425  0.00200251      0.11505420D-06
  426  0.00202701      0.12066560D-06
  427  0.00205181      0.12654907D-06
  428  0.00207692      0.13271772D-06
  429  0.00210234      0.13918526D-06
  430  0.00212806      0.14596606D-06
  431  0.00215410      0.15307518D-06
  432  0.00218046      0.16052839D-06
  433  0.00220714      0.16834221D-06
  434  0.00223415      0.17653394D-06
  435  0.00226149      0.18512172D-06
  436  0.00228916      0.19412452D-06
  437  0.00231718      0.20356225D-06
  438  0.00234553      0.21345573D-06
  439  0.00237423      0.22382678D-06
  440  0.00240329      0.23469825D-06
  441  0.00243269      0.24609408D-06
  442  0.00246246      0.25803932D-06
  443  0.00249259      0.27056022D-06
  444  0.00252310      0.28368428D-06
  445  0.00255397      0.29744026D-06
  446  0.00258522      0.31185832D-06
  447  0.00261686      0.32697001D-06
  448  0.00264888      0.34280837D-06
  449  0.00268129      0.35940801D-06
  450  0.00271410      0.37680515D-06
  451  0.00274732      0.39503771D-06
  452  0.00278093      0.41414541D-06
  453  0.00281496      0.43416981D-06
  454  0.00284941      0.45515443D-06
  455  0.00288428      0.47714482D-06
  456  0.00291957      0.50018866D-06
  457  0.00295530      0.52433587D-06
  458  0.00299146      0.54963869D-06
  459  0.00302807      0.57615180D-06
  460  0.00306512      0.60393243D-06
  461  0.00310263      0.63304048D-06
  462  0.00314059      0.66353864D-06
  463  0.00317903      0.69549249D-06
  464  0.00321793      0.72897069D-06
  465  0.00325730      0.76404506D-06
  466  0.00329716      0.80079077D-06
  467  0.00333751      0.83928646D-06
  468  0.00337835      0.87961441D-06
  469  0.00341969      0.92186070D-06
  470  0.00346154      0.96611541D-06
  471  0.00350389      0.10124727D-05
  472  0.00354677      0.10610313D-05
  473  0.00359017      0.11118941D-05
  474  0.00363410      0.11651690D-05
  475  0.00367857      0.12209688D-05
  476  0.00372359      0.12794116D-05
  477  0.00376915      0.13406206D-05
  478  0.00381527      0.14047249D-05
  479  0.00386196      0.14718594D-05
  480  0.00390922      0.15421653D-05
  481  0.00395705      0.16157900D-05
  482  0.00400548      0.16928879D-05
  483  0.00405449      0.17736202D-05
  484  0.00410410      0.18581555D-05
  485  0.00415432      0.19466701D-05
  486  0.00420516      0.20393483D-05
  487  0.00425662      0.21363827D-05
  488  0.00430871      0.22379746D-05
  489  0.00436143      0.23443345D-05
  490  0.00441480      0.24556823D-05
  491  0.00446882      0.25722478D-05
  492  0.00452351      0.26942712D-05
  493  0.00457886      0.28220036D-05
  494  0.00463489      0.29557070D-05
  495  0.00469161      0.30956556D-05
  496  0.00474902      0.32421356D-05
  497  0.00480713      0.33954460D-05
  498  0.00486595      0.35558991D-05
  499  0.00492550      0.37238214D-05
  500  0.00498577      0.38995535D-05
  501  0.00504678      0.40834515D-05
  502  0.00510854      0.42758871D-05
  503  0.00517105      0.44772484D-05
  504  0.00523432      0.46879408D-05
  505  0.00529838      0.49083875D-05
  506  0.00536321      0.51390304D-05
  507  0.00542884      0.53803307D-05
  508  0.00549527      0.56327700D-05
  509  0.00556251      0.58968508D-05
  510  0.00563058      0.61730979D-05
  511  0.00569948      0.64620588D-05
  512  0.00576923      0.67643047D-05
  513  0.00583982      0.70804320D-05
  514  0.00591128      0.74110627D-05
  515  0.00598362      0.77568458D-05
  516  0.00605684      0.81184586D-05
  517  0.00613095      0.84966073D-05
  518  0.00620598      0.88920286D-05
  519  0.00628192      0.93054911D-05
  520  0.00635879      0.97377960D-05
  521  0.00643660      0.10189779D-04
  522  0.00651536      0.10662311D-04
  523  0.00659509      0.11156302D-04
  524  0.00667579      0.11672697D-04
  525  0.00675748      0.12212484D-04
  526  0.00684017      0.12776693D-04
  527  0.00692387      0.13366395D-04
  528  0.00700860      0.13982708D-04
  529  0.00709436      0.14626796D-04
  530  0.00718118      0.15299874D-04
  531  0.00726905      0.16003205D-04
  532  0.00735800      0.16738105D-04
  533  0.00744804      0.17505946D-04
  534  0.00753918      0.18308156D-04
  535  0.00763143      0.19146223D-04
  536  0.00772482      0.20021696D-04
  537  0.00781934      0.20936185D-04
  538  0.00791503      0.21891371D-04
  539  0.00801188      0.22889000D-04
  540  0.00810992      0.23930890D-04
  541  0.00820916      0.25018933D-04
  542  0.00830962      0.26155099D-04
  543  0.00841130      0.27341434D-04
  544  0.00851423      0.28580071D-04
  545  0.00861841      0.29873225D-04
  546  0.00872387      0.31223200D-04
  547  0.00883063      0.32632394D-04
  548  0.00893868      0.34103297D-04
  549  0.00904806      0.35638501D-04
  550  0.00915878      0.37240698D-04
  551  0.00927086      0.38912685D-04
  552  0.00938430      0.40657371D-04
  553  0.00949914      0.42477777D-04
  554  0.00961538      0.44377040D-04
  555  0.00973304      0.46358420D-04
  556  0.00985214      0.48425303D-04
  557  0.00997270      0.50581203D-04
  558  0.01009473      0.52829770D-04
  559  0.01021826      0.55174793D-04
  560  0.01034330      0.57620201D-04
  561  0.01046986      0.60170075D-04
  562  0.01059798      0.62828648D-04
  563  0.01072767      0.65600311D-04
  564  0.01085894      0.68489617D-04
  565  0.01099182      0.71501288D-04
  566  0.01112632      0.74640221D-04
  567  0.01126247      0.77911490D-04
  568  0.01140029      0.81320356D-04
  569  0.01153979      0.84872270D-04
  570  0.01168100      0.88572877D-04
  571  0.01182394      0.92428026D-04
  572  0.01196863      0.96443776D-04
  573  0.01211508      0.10062640D-03
  574  0.01226333      0.10498238D-03
  575  0.01241340      0.10951845D-03
  576  0.01256530      0.11424155D-03
  577  0.01271906      0.11915888D-03
  578  0.01287470      0.12427787D-03
  579  0.01303224      0.12960622D-03
  580  0.01319171      0.13515188D-03
  581  0.01335314      0.14092307D-03
  582  0.01351654      0.14692828D-03
  583  0.01368194      0.15317628D-03
  584  0.01384936      0.15967614D-03
  585  0.01401883      0.16643720D-03
  586  0.01419038      0.17346914D-03
  587  0.01436402      0.18078190D-03
  588  0.01453979      0.18838578D-03
  589  0.01471771      0.19629137D-03
  590  0.01489781      0.20450961D-03
  591  0.01508011      0.21305178D-03
  592  0.01526464      0.22192948D-03
  593  0.01545143      0.23115469D-03
  594  0.01564051      0.24073971D-03
  595  0.01583189      0.25069725D-03
  596  0.01602563      0.26104035D-03
  597  0.01622173      0.27178245D-03
  598  0.01642023      0.28293736D-03
  599  0.01662116      0.29451928D-03
  600  0.01682455      0.30654282D-03
  601  0.01703043      0.31902297D-03
  602  0.01723883      0.33197513D-03
  603  0.01744977      0.34541511D-03
  604  0.01766330      0.35935914D-03
  605  0.01787944      0.37382387D-03
  606  0.01809823      0.38882634D-03
  607  0.01831970      0.40438406D-03
  608  0.01854387      0.42051493D-03
  609  0.01877079      0.43723730D-03
  610  0.01900048      0.45456995D-03
  611  0.01923299      0.47253207D-03
  612  0.01946834      0.49114330D-03
  613  0.01970657      0.51042371D-03
  614  0.01994771      0.53039380D-03
  615  0.02019181      0.55107447D-03
  616  0.02043889      0.57248707D-03
  617  0.02068899      0.59465337D-03
  618  0.02094216      0.61759553D-03
  619  0.02119843      0.64133615D-03
  620  0.02145783      0.66589819D-03
  621  0.02172040      0.69130502D-03
  622  0.02198619      0.71758040D-03
  623  0.02225523      0.74474844D-03
  624  0.02252756      0.77283362D-03
  625  0.02280323      0.80186074D-03
  626  0.02308226      0.83185495D-03
  627  0.02336472      0.86284169D-03
  628  0.02365063      0.89484669D-03
  629  0.02394003      0.92789594D-03
  630  0.02423298      0.96201569D-03
  631  0.02452952      0.99723238D-03
  632  0.02482968      0.10335727D-02
  633  0.02513351      0.10710633D-02
  634  0.02544107      0.11097313D-02
  635  0.02575238      0.11496037D-02
  636  0.02606751      0.11907074D-02
  637  0.02638649      0.12330697D-02
  638  0.02670938      0.12767175D-02
  639  0.02703621      0.13216779D-02
  640  0.02736705      0.13679777D-02
  641  0.02770193      0.14156437D-02
  642  0.02804092      0.14647023D-02
  643  0.02838405      0.15151797D-02
  644  0.02873138      0.15671018D-02
  645  0.02908296      0.16204940D-02
  646  0.02943884      0.16753814D-02
  647  0.02979907      0.17317883D-02
  648  0.03016372      0.17897385D-02
  649  0.03053283      0.18492553D-02
  650  0.03090645      0.19103610D-02
  651  0.03128465      0.19730770D-02
  652  0.03166747      0.20374240D-02
  653  0.03205498      0.21034215D-02
  654  0.03244723      0.21710878D-02
  655  0.03284428      0.22404402D-02
  656  0.03324618      0.23114944D-02
  657  0.03365301      0.23842648D-02
  658  0.03406481      0.24587643D-02
  659  0.03448166      0.25350040D-02
  660  0.03490360      0.26129933D-02
  661  0.03533071      0.26927397D-02
  662  0.03576304      0.27742486D-02
  663  0.03620067      0.28575232D-02
  664  0.03664365      0.29425646D-02
  665  0.03709205      0.30293713D-02
  666  0.03754594      0.31179392D-02
  667  0.03800538      0.32082617D-02
  668  0.03847044      0.33003292D-02
  669  0.03894119      0.33941290D-02
  670  0.03941771      0.34896453D-02
  671  0.03990005      0.35868593D-02
  672  0.04038830      0.36857482D-02
  673  0.04088253      0.37862860D-02
  674  0.04138280      0.38884428D-02
  675  0.04188919      0.39921848D-02
  676  0.04240178      0.40974740D-02
  677  0.04292064      0.42042683D-02
  678  0.04344585      0.43125211D-02
  679  0.04397749      0.44221813D-02
  680  0.04451563      0.45331931D-02
  681  0.04506036      0.46454957D-02
  682  0.04561175      0.47590235D-02
  683  0.04616989      0.48737056D-02
  684  0.04673486      0.49894659D-02
  685  0.04730675      0.51062227D-02
  686  0.04788563      0.52238888D-02
  687  0.04847159      0.53423714D-02
  688  0.04906473      0.54615718D-02
  689  0.04966512      0.55813854D-02
  690  0.05027287      0.57017015D-02
  691  0.05088804      0.58224035D-02
  692  0.05151075      0.59433682D-02
  693  0.05214108      0.60644667D-02
  694  0.05277911      0.61855632D-02
  695  0.05342496      0.63065159D-02
  696  0.05407871      0.64271766D-02
  697  0.05474046      0.65473906D-02
  698  0.05541031      0.66669967D-02
  699  0.05608835      0.67858276D-02
  700  0.05677469      0.69037096D-02
  701  0.05746943      0.70204627D-02
  702  0.05817267      0.71359007D-02
  703  0.05888452      0.72498316D-02
  704  0.05960507      0.73620571D-02
  705  0.06033445      0.74723737D-02
  706  0.06107275      0.75805718D-02
  707  0.06182008      0.76864369D-02
  708  0.06257656      0.77897493D-02
  709  0.06334229      0.78902846D-02
  710  0.06411740      0.79878136D-02
  711  0.06490199      0.80821035D-02
  712  0.06569618      0.81729175D-02
  713  0.06650009      0.82600154D-02
  714  0.06731384      0.83431543D-02
  715  0.06813754      0.84220889D-02
  716  0.06897133      0.84965722D-02
  717  0.06981531      0.85663557D-02
  718  0.07066963      0.86311904D-02
  719  0.07153440      0.86908273D-02
  720  0.07240975      0.87450182D-02
  721  0.07329581      0.87935160D-02
  722  0.07419271      0.88360761D-02
  723  0.07510059      0.88724568D-02
  724  0.07601958      0.89024203D-02
  725  0.07694982      0.89257333D-02
  726  0.07789144      0.89421684D-02
  727  0.07884458      0.89515049D-02
  728  0.07980938      0.89535294D-02
  729  0.08078599      0.89480375D-02
  730  0.08177455      0.89348342D-02
  731  0.08277521      0.89137356D-02
  732  0.08378811      0.88845696D-02
  733  0.08481341      0.88471772D-02
  734  0.08585125      0.88014138D-02
  735  0.08690179      0.87471500D-02
  736  0.08796519      0.86842733D-02
  737  0.08904160      0.86126891D-02
  738  0.09013118      0.85323218D-02
  739  0.09123410      0.84431164D-02
  740  0.09235051      0.83450392D-02
  741  0.09348058      0.82380795D-02
  742  0.09462448      0.81222509D-02
  743  0.09578238      0.79975919D-02
  744  0.09695445      0.78641677D-02
  745  0.09814086      0.77220710D-02
  746  0.09934179      0.75714234D-02
  747  0.10055741      0.74123761D-02
  748  0.10178791      0.72451113D-02
  749  0.10303347      0.70698432D-02
  750  0.10429426      0.68868183D-02
  751  0.10557049      0.66963171D-02
  752  0.10686233      0.64986543D-02
  753  0.10816998      0.62941795D-02
  754  0.10949364      0.60832781D-02
  755  0.11083349      0.58663715D-02
  756  0.11218973      0.56439175D-02
  757  0.11356257      0.54164106D-02
  758  0.11495221      0.51843820D-02
  759  0.11635886      0.49483998D-02
  760  0.11778271      0.47090686D-02
  761  0.11922400      0.44670292D-02
  762  0.12068291      0.42229582D-02
  763  0.12215968      0.39775673D-02
  764  0.12365452      0.37316025D-02
  765  0.12516766      0.34858429D-02
  766  0.12669931      0.32410997D-02
  767  0.12824970      0.29982146D-02
  768  0.12981906      0.27580586D-02
  769  0.13140763      0.25215295D-02
  770  0.13301563      0.22895504D-02
  771  0.13464332      0.20630674D-02
  772  0.13629092      0.18430469D-02
  773  0.13795868      0.16304732D-02
  774  0.13964685      0.14263455D-02
  775  0.14135568      0.12316747D-02
  776  0.14308542      0.10474805D-02
  777  0.14483632      0.87478714D-03
  778  0.14660865      0.71462049D-03
  779  0.14840267      0.56800363D-03
  780  0.15021864      0.43595291D-03
  781  0.15205683      0.31947367D-03
  782  0.15391752      0.21955574D-03
  783  0.15580097      0.13716888D-03
  784  0.15770747      0.73258023D-04
  785  0.15963730      0.28738376D-04
  786  0.16159075      0.44904680D-05
  787  0.16356810      0.13550579D-05
  788  0.16556965      0.20127999D-04
  789  0.16759569      0.61555045D-04
  790  0.16964652      0.12632664D-03
  791  0.17172245      0.21507268D-03
  792  0.17382377      0.32835738D-03
  793  0.17595082      0.46667407D-03
  794  0.17810389      0.63044018D-03
  795  0.18028331      0.81999233D-03
  796  0.18248939      0.10355815D-02
  797  0.18472248      0.12773683D-02
  798  0.18698288      0.15454189D-02
  799  0.18927095      0.18397006D-02
  800  0.19158702      0.21600777D-02
  801  0.19393143      0.25063086D-02
  802  0.19630452      0.28780420D-02
  803  0.19870666      0.32748142D-02
  804  0.20113819      0.36960466D-02
  805  0.20359947      0.41410439D-02
  806  0.20609087      0.46089923D-02
  807  0.20861276      0.50989587D-02
  808  0.21116551      0.56098901D-02
  809  0.21374950      0.61406138D-02
  810  0.21636510      0.66898377D-02
  811  0.21901271      0.72561521D-02
  812  0.22169272      0.78380314D-02
  813  0.22440553      0.84338366D-02
  814  0.22715153      0.90418185D-02
  815  0.22993113      0.96601220D-02
  816  0.23274475      0.10286790D-01
  817  0.23559279      0.10919771D-01
  818  0.23847569      0.11556920D-01
  819  0.24139387      0.12196012D-01
  820  0.24434775      0.12834744D-01
  821  0.24733778      0.13470747D-01
  822  0.25036440      0.14101591D-01
  823  0.25342805      0.14724799D-01
  824  0.25652919      0.15337851D-01
  825  0.25966828      0.15938201D-01
  826  0.26284579      0.16523286D-01
  827  0.26606217      0.17090534D-01
  828  0.26931792      0.17637384D-01
  829  0.27261350      0.18161290D-01
  830  0.27594941      0.18659740D-01
  831  0.27932614      0.19130268D-01
  832  0.28274420      0.19570467D-01
  833  0.28620408      0.19978002D-01
  834  0.28970629      0.20350626D-01
  835  0.29325136      0.20686192D-01
  836  0.29683982      0.20982668D-01
  837  0.30047218      0.21238151D-01
  838  0.30414899      0.21450879D-01
  839  0.30787079      0.21619247D-01
  840  0.31163814      0.21741817D-01
  841  0.31545159      0.21817333D-01
  842  0.31931170      0.21844731D-01
  843  0.32321905      0.21823153D-01
  844  0.32717421      0.21751952D-01
  845  0.33117776      0.21630711D-01
  846  0.33523031      0.21459243D-01
  847  0.33933245      0.21237605D-01
  848  0.34348479      0.20966101D-01
  849  0.34768794      0.20645293D-01
  850  0.35194252      0.20276000D-01
  851  0.35624916      0.19859307D-01
  852  0.36060850      0.19396563D-01
  853  0.36502119      0.18889386D-01
  854  0.36948787      0.18339659D-01
  855  0.37400921      0.17749533D-01
  856  0.37858588      0.17121418D-01
  857  0.38321855      0.16457984D-01
  858  0.38790791      0.15762152D-01
  859  0.39265466      0.15037089D-01
  860  0.39745949      0.14286196D-01
  861  0.40232311      0.13513101D-01
  862  0.40724625      0.12721643D-01
  863  0.41222963      0.11915865D-01
  864  0.41727399      0.11099995D-01
  865  0.42238008      0.10278430D-01
  866  0.42754866      0.94557222D-02
  867  0.43278047      0.86365568D-02
  868  0.43807631      0.78257358D-02
  869  0.44343696      0.70281555D-02
  870  0.44886320      0.62487856D-02
  871  0.45435584      0.54926466D-02
  872  0.45991569      0.47647863D-02
  873  0.46554357      0.40702564D-02
  874  0.47124033      0.34140874D-02
  875  0.47700679      0.28012636D-02
  876  0.48284382      0.22366981D-02
  877  0.48875227      0.17252068D-02
  878  0.49473303      0.12714830D-02
  879  0.50078696      0.88007164D-03
  880  0.50691498      0.55534407D-03
  881  0.51311799      0.30147293D-03
  882  0.51939690      0.12240769D-03
  883  0.52575265      0.21850810D-04
  884  0.53218617      0.32347066D-05
  885  0.53869841      0.69699698D-04
  886  0.54529034      0.22407306D-03
  887  0.55196294      0.46884932D-03
  888  0.55871719      0.80617198D-03
  889  0.56555409      0.12378167D-02
  890  0.57247465      0.17651764D-02
  891  0.57947989      0.23892475D-02
  892  0.58657086      0.31106190D-02
  893  0.59374860      0.39294625D-02
  894  0.60101417      0.48455252D-02
  895  0.60836865      0.58581245D-02
  896  0.61581312      0.69661448D-02
  897  0.62334869      0.81680370D-02
  898  0.63097647      0.94618196D-02
  899  0.63869759      0.10845083D-01
  900  0.64651319      0.12314994D-01
  901  0.65442443      0.13868308D-01
  902  0.66243248      0.15501374D-01
  903  0.67053852      0.17210153D-01
  904  0.67874375      0.18990227D-01
  905  0.68704939      0.20836823D-01
  906  0.69545666      0.22744826D-01
  907  0.70396681      0.24708803D-01
  908  0.71258109      0.26723025D-01
  909  0.72130079      0.28781493D-01
  910  0.73012719      0.30877959D-01
  911  0.73906159      0.33005962D-01
  912  0.74810533      0.35158847D-01
  913  0.75725973      0.37329803D-01
  914  0.76652615      0.39511889D-01
  915  0.77590596      0.41698069D-01
  916  0.78540055      0.43881242D-01
  917  0.79501132      0.46054277D-01
  918  0.80473970      0.48210045D-01
  919  0.81458712      0.50341452D-01
  920  0.82455504      0.52441475D-01
  921  0.83464494      0.54503193D-01
  922  0.84485831      0.56519820D-01
  923  0.85519665      0.58484739D-01
  924  0.86566150      0.60391529D-01
  925  0.87625441      0.62234001D-01
  926  0.88697694      0.64006221D-01
  927  0.89783068      0.65702544D-01
  928  0.90881724      0.67317634D-01
  929  0.91993824      0.68846489D-01
  930  0.93119532      0.70284468D-01
  931  0.94259015      0.71627306D-01
  932  0.95412442      0.72871132D-01
  933  0.96579982      0.74012488D-01
  934  0.97761810      0.75048338D-01
  935  0.98958100      0.75976081D-01
  936  1.00169028      0.76793557D-01
  937  1.01394775      0.77499056D-01
  938  1.02635520      0.78091313D-01
  939  1.03891448      0.78569518D-01
  940  1.05162745      0.78933304D-01
  941  1.06449598      0.79182749D-01
  942  1.07752199      0.79318365D-01
  943  1.09070738      0.79341088D-01
  944  1.10405413      0.79252266D-01
  945  1.11756420      0.79053646D-01
  946  1.13123958      0.78747356D-01
  947  1.14508231      0.78335890D-01
  948  1.15909443      0.77822082D-01
  949  1.17327801      0.77209092D-01
  950  1.18763516      0.76500376D-01
  951  1.20216798      0.75699670D-01
  952  1.21687865      0.74810957D-01
  953  1.23176932      0.73838450D-01
  954  1.24684221      0.72786557D-01
  955  1.26209955      0.71659863D-01
  956  1.27754358      0.70463096D-01
  957  1.29317660      0.69201108D-01
  958  1.30900091      0.67878840D-01
  959  1.32501887      0.66501303D-01
  960  1.34123283      0.65073550D-01
  961  1.35764520      0.63600647D-01
  962  1.37425840      0.62087657D-01
  963  1.39107490      0.60539610D-01
  964  1.40809718      0.58961484D-01
  965  1.42532775      0.57358182D-01
  966  1.44276917      0.55734515D-01
  967  1.46042402      0.54095180D-01
  968  1.47829491      0.52444746D-01
  969  1.49638447      0.50787635D-01
  970  1.51469540      0.49128114D-01
  971  1.53323039      0.47470274D-01
  972  1.55199219      0.45818024D-01
  973  1.57098358      0.44175081D-01
  974  1.59020736      0.42544961D-01
  975  1.60966637      0.40930972D-01
  976  1.62936351      0.39336210D-01
  977  1.64930167      0.37763554D-01
  978  1.66948381      0.36215663D-01
  979  1.68991291      0.34694979D-01
  980  1.71059200      0.33203722D-01
  981  1.73152414      0.31743894D-01
  982  1.75271242      0.30317283D-01
  983  1.77415997      0.28925463D-01
  984  1.79586998      0.27569801D-01
  985  1.81784564      0.26251465D-01
  986  1.84009021      0.24971423D-01
  987  1.86260699      0.23730458D-01
  988  1.88539930      0.22529170D-01
  989  1.90847052      0.21367988D-01
  990  1.93182405      0.20247177D-01
  991  1.95546335      0.19166847D-01
  992  1.97939193      0.18126962D-01
  993  2.00361331      0.17127351D-01
  994  2.02813108      0.16167716D-01
  995  2.05294887      0.15247644D-01
  996  2.07807035      0.14366613D-01
  997  2.10349924      0.13524008D-01
  998  2.12923930      0.12719124D-01
  999  2.15529433      0.11951177D-01
 1000  2.18166819      0.11219316D-01
 1001  2.20836478      0.10522630D-01
 1002  2.23538805      0.98615360D-02
 1003  2.26274200      0.92360251D-02
 1004  2.29043067      0.86445428D-02
 1005  2.31845817      0.80855842D-02
 1006  2.34682863      0.75576930D-02
 1007  2.37554625      0.70594609D-02
 1008  2.40461529      0.65895264D-02
 1009  2.43404003      0.61465740D-02
 1010  2.46382484      0.57293335D-02
 1011  2.49397412      0.53365789D-02
 1012  2.52449233      0.49671280D-02
 1013  2.55538399      0.46198409D-02
 1014  2.58665366      0.42936196D-02
 1015  2.61830597      0.39874069D-02
 1016  2.65034560      0.37001856D-02
 1017  2.68277729      0.34309777D-02
 1018  2.71560584      0.31788432D-02
 1019  2.74883611      0.29428797D-02
 1020  2.78247301      0.27222211D-02
 1021  2.81652152      0.25160370D-02
 1022  2.85098667      0.23235315D-02
