 ir        r              f(r)*r^2
    1  0.00001153      0.97794171D-15
    2  0.00001167      0.10266889D-14
    3  0.00001182      0.10778658D-14
    4  0.00001196      0.11315937D-14
    5  0.00001211      0.11879996D-14
    6  0.00001226      0.12472171D-14
    7  0.00001241      0.13093862D-14
    8  0.00001256      0.13746541D-14
    9  0.00001271      0.14431753D-14
   10  0.00001287      0.15151119D-14
   11  0.00001303      0.15906341D-14
   12  0.00001318      0.16699206D-14
   13  0.00001335      0.17531591D-14
   14  0.00001351      0.18405466D-14
   15  0.00001367      0.19322898D-14
   16  0.00001384      0.20286057D-14
   17  0.00001401      0.21297225D-14
   18  0.00001418      0.22358792D-14
   19  0.00001436      0.23473272D-14
   20  0.00001453      0.24643301D-14
   21  0.00001471      0.25871647D-14
   22  0.00001489      0.27161219D-14
   23  0.00001507      0.28515066D-14
   24  0.00001526      0.29936393D-14
   25  0.00001544      0.31428562D-14
   26  0.00001563      0.32995106D-14
   27  0.00001582      0.34639729D-14
   28  0.00001602      0.36366324D-14
   29  0.00001621      0.38178977D-14
   30  0.00001641      0.40081975D-14
   31  0.00001661      0.42079823D-14
   32  0.00001682      0.44177247D-14
   33  0.00001702      0.46379210D-14
   34  0.00001723      0.48690923D-14
   35  0.00001744      0.51117854D-14
   36  0.00001765      0.53665746D-14
   37  0.00001787      0.56340628D-14
   38  0.00001809      0.59148828D-14
   39  0.00001831      0.62096992D-14
   40  0.00001853      0.65192093D-14
   41  0.00001876      0.68441456D-14
   42  0.00001899      0.71852768D-14
   43  0.00001922      0.75434101D-14
   44  0.00001946      0.79193927D-14
   45  0.00001970      0.83141143D-14
   46  0.00001994      0.87285087D-14
   47  0.00002018      0.91635562D-14
   48  0.00002043      0.96202863D-14
   49  0.00002068      0.10099779D-13
   50  0.00002093      0.10603170D-13
   51  0.00002119      0.11131649D-13
   52  0.00002145      0.11686467D-13
   53  0.00002171      0.12268936D-13
   54  0.00002197      0.12880434D-13
   55  0.00002224      0.13522408D-13
   56  0.00002252      0.14196377D-13
   57  0.00002279      0.14903936D-13
   58  0.00002307      0.15646757D-13
   59  0.00002335      0.16426598D-13
   60  0.00002364      0.17245305D-13
   61  0.00002393      0.18104813D-13
   62  0.00002422      0.19007157D-13
   63  0.00002452      0.19954471D-13
   64  0.00002482      0.20948995D-13
   65  0.00002512      0.21993082D-13
   66  0.00002543      0.23089203D-13
   67  0.00002574      0.24239950D-13
   68  0.00002605      0.25448045D-13
   69  0.00002637      0.26716347D-13
   70  0.00002669      0.28047854D-13
   71  0.00002702      0.29445717D-13
   72  0.00002735      0.30913242D-13
   73  0.00002769      0.32453900D-13
   74  0.00002803      0.34071337D-13
   75  0.00002837      0.35769376D-13
   76  0.00002872      0.37552036D-13
   77  0.00002907      0.39423532D-13
   78  0.00002942      0.41388291D-13
   79  0.00002978      0.43450960D-13
   80  0.00003015      0.45616419D-13
   81  0.00003052      0.47889787D-13
   82  0.00003089      0.50276444D-13
   83  0.00003127      0.52782032D-13
   84  0.00003165      0.55412479D-13
   85  0.00003204      0.58174005D-13
   86  0.00003243      0.61073143D-13
   87  0.00003283      0.64116747D-13
   88  0.00003323      0.67312018D-13
   89  0.00003363      0.70666510D-13
   90  0.00003405      0.74188158D-13
   91  0.00003446      0.77885290D-13
   92  0.00003488      0.81766649D-13
   93  0.00003531      0.85841415D-13
   94  0.00003574      0.90119223D-13
   95  0.00003618      0.94610190D-13
   96  0.00003662      0.99324935D-13
   97  0.00003707      0.10427461D-12
   98  0.00003753      0.10947091D-12
   99  0.00003798      0.11492614D-12
  100  0.00003845      0.12065319D-12
  101  0.00003892      0.12666559D-12
  102  0.00003940      0.13297758D-12
  103  0.00003988      0.13960407D-12
  104  0.00004037      0.14656074D-12
  105  0.00004086      0.15386402D-12
  106  0.00004136      0.16153120D-12
  107  0.00004187      0.16958039D-12
  108  0.00004238      0.17803064D-12
  109  0.00004290      0.18690191D-12
  110  0.00004342      0.19621519D-12
  111  0.00004395      0.20599248D-12
  112  0.00004449      0.21625692D-12
  113  0.00004504      0.22703276D-12
  114  0.00004559      0.23834549D-12
  115  0.00004614      0.25022184D-12
  116  0.00004671      0.26268990D-12
  117  0.00004728      0.27577913D-12
  118  0.00004786      0.28952048D-12
  119  0.00004844      0.30394644D-12
  120  0.00004904      0.31909111D-12
  121  0.00004964      0.33499028D-12
  122  0.00005025      0.35168155D-12
  123  0.00005086      0.36920436D-12
  124  0.00005148      0.38760014D-12
  125  0.00005211      0.40691236D-12
  126  0.00005275      0.42718668D-12
  127  0.00005340      0.44847101D-12
  128  0.00005405      0.47081568D-12
  129  0.00005471      0.49427347D-12
  130  0.00005538      0.51889985D-12
  131  0.00005606      0.54475300D-12
  132  0.00005674      0.57189404D-12
  133  0.00005744      0.60038711D-12
  134  0.00005814      0.63029954D-12
  135  0.00005885      0.66170203D-12
  136  0.00005957      0.69466878D-12
  137  0.00006030      0.72927771D-12
  138  0.00006104      0.76561059D-12
  139  0.00006179      0.80375328D-12
  140  0.00006254      0.84379592D-12
  141  0.00006331      0.88583312D-12
  142  0.00006408      0.92996421D-12
  143  0.00006487      0.97629347D-12
  144  0.00006566      0.10249304D-11
  145  0.00006646      0.10759898D-11
  146  0.00006728      0.11295924D-11
  147  0.00006810      0.11858649D-11
  148  0.00006893      0.12449401D-11
  149  0.00006978      0.13069577D-11
  150  0.00007063      0.13720641D-11
  151  0.00007149      0.14404132D-11
  152  0.00007237      0.15121664D-11
  153  0.00007326      0.15874932D-11
  154  0.00007415      0.16665716D-11
  155  0.00007506      0.17495884D-11
  156  0.00007598      0.18367396D-11
  157  0.00007691      0.19282311D-11
  158  0.00007785      0.20242790D-11
  159  0.00007880      0.21251101D-11
  160  0.00007977      0.22309627D-11
  161  0.00008074      0.23420866D-11
  162  0.00008173      0.24587444D-11
  163  0.00008273      0.25812115D-11
  164  0.00008374      0.27097771D-11
  165  0.00008477      0.28447449D-11
  166  0.00008580      0.29864336D-11
  167  0.00008685      0.31351777D-11
  168  0.00008792      0.32913285D-11
  169  0.00008899      0.34552547D-11
  170  0.00009008      0.36273432D-11
  171  0.00009118      0.38080005D-11
  172  0.00009230      0.39976530D-11
  173  0.00009343      0.41967485D-11
  174  0.00009457      0.44057570D-11
  175  0.00009573      0.46251720D-11
  176  0.00009690      0.48555113D-11
  177  0.00009809      0.50973187D-11
  178  0.00009929      0.53511651D-11
  179  0.00010050      0.56176495D-11
  180  0.00010173      0.58974010D-11
  181  0.00010298      0.61910798D-11
  182  0.00010424      0.64993791D-11
  183  0.00010551      0.68230265D-11
  184  0.00010680      0.71627857D-11
  185  0.00010811      0.75194586D-11
  186  0.00010943      0.78938867D-11
  187  0.00011077      0.82869538D-11
  188  0.00011213      0.86995872D-11
  189  0.00011350      0.91327605D-11
  190  0.00011489      0.95874958D-11
  191  0.00011629      0.10064866D-10
  192  0.00011772      0.10565997D-10
  193  0.00011916      0.11092072D-10
  194  0.00012062      0.11644330D-10
  195  0.00012209      0.12224076D-10
  196  0.00012359      0.12832677D-10
  197  0.00012510      0.13471567D-10
  198  0.00012663      0.14142254D-10
  199  0.00012818      0.14846320D-10
  200  0.00012975      0.15585426D-10
  201  0.00013133      0.16361313D-10
  202  0.00013294      0.17175813D-10
  203  0.00013457      0.18030845D-10
  204  0.00013622      0.18928426D-10
  205  0.00013788      0.19870671D-10
  206  0.00013957      0.20859803D-10
  207  0.00014128      0.21898154D-10
  208  0.00014301      0.22988172D-10
  209  0.00014476      0.24132425D-10
  210  0.00014653      0.25333611D-10
  211  0.00014832      0.26594562D-10
  212  0.00015014      0.27918250D-10
  213  0.00015197      0.29307794D-10
  214  0.00015383      0.30766469D-10
  215  0.00015571      0.32297713D-10
  216  0.00015762      0.33905134D-10
  217  0.00015955      0.35592520D-10
  218  0.00016150      0.37363846D-10
  219  0.00016348      0.39223286D-10
  220  0.00016548      0.41175221D-10
  221  0.00016750      0.43224249D-10
  222  0.00016955      0.45375197D-10
  223  0.00017163      0.47633130D-10
  224  0.00017373      0.50003369D-10
  225  0.00017585      0.52491495D-10
  226  0.00017801      0.55103367D-10
  227  0.00018018      0.57845137D-10
  228  0.00018239      0.60723261D-10
  229  0.00018462      0.63744516D-10
  230  0.00018688      0.66916015D-10
  231  0.00018917      0.70245225D-10
  232  0.00019148      0.73739983D-10
  233  0.00019382      0.77408517D-10
  234  0.00019620      0.81259460D-10
  235  0.00019860      0.85301878D-10
  236  0.00020103      0.89545283D-10
  237  0.00020349      0.93999662D-10
  238  0.00020598      0.98675497D-10
  239  0.00020850      0.10358379D-09
  240  0.00021105      0.10873609D-09
  241  0.00021363      0.11414452D-09
  242  0.00021625      0.11982179D-09
  243  0.00021889      0.12578128D-09
  244  0.00022157      0.13203698D-09
  245  0.00022428      0.13860362D-09
  246  0.00022703      0.14549664D-09
  247  0.00022980      0.15273225D-09
  248  0.00023262      0.16032746D-09
  249  0.00023546      0.16830012D-09
  250  0.00023834      0.17666899D-09
  251  0.00024126      0.18545373D-09
  252  0.00024421      0.19467499D-09
  253  0.00024720      0.20435445D-09
  254  0.00025023      0.21451486D-09
  255  0.00025329      0.22518008D-09
  256  0.00025639      0.23637519D-09
  257  0.00025952      0.24812648D-09
  258  0.00026270      0.26046155D-09
  259  0.00026592      0.27340940D-09
  260  0.00026917      0.28700042D-09
  261  0.00027246      0.30126654D-09
  262  0.00027580      0.31624126D-09
  263  0.00027917      0.33195974D-09
  264  0.00028259      0.34845889D-09
  265  0.00028605      0.36577745D-09
  266  0.00028955      0.38395606D-09
  267  0.00029309      0.40303740D-09
  268  0.00029668      0.42306624D-09
  269  0.00030031      0.44408960D-09
  270  0.00030398      0.46615679D-09
  271  0.00030770      0.48931960D-09
  272  0.00031147      0.51363236D-09
  273  0.00031528      0.53915210D-09
  274  0.00031914      0.56593867D-09
  275  0.00032304      0.59405490D-09
  276  0.00032699      0.62356672D-09
  277  0.00033099      0.65454330D-09
  278  0.00033504      0.68705729D-09
  279  0.00033914      0.72118487D-09
  280  0.00034329      0.75700606D-09
  281  0.00034750      0.79460478D-09
  282  0.00035175      0.83406914D-09
  283  0.00035605      0.87549161D-09
  284  0.00036041      0.91896920D-09
  285  0.00036482      0.96460377D-09
  286  0.00036928      0.10125022D-08
  287  0.00037380      0.10627766D-08
  288  0.00037838      0.11155447D-08
  289  0.00038301      0.11709301D-08
  290  0.00038769      0.12290624D-08
  291  0.00039244      0.12900776D-08
  292  0.00039724      0.13541185D-08
  293  0.00040210      0.14213350D-08
  294  0.00040702      0.14918843D-08
  295  0.00041200      0.15659314D-08
  296  0.00041704      0.16436495D-08
  297  0.00042215      0.17252204D-08
  298  0.00042731      0.18108346D-08
  299  0.00043254      0.19006924D-08
  300  0.00043783      0.19950039D-08
  301  0.00044319      0.20939893D-08
  302  0.00044861      0.21978800D-08
  303  0.00045410      0.23069186D-08
  304  0.00045966      0.24213599D-08
  305  0.00046529      0.25414712D-08
  306  0.00047098      0.26675328D-08
  307  0.00047674      0.27998392D-08
  308  0.00048258      0.29386990D-08
  309  0.00048848      0.30844365D-08
  310  0.00049446      0.32373916D-08
  311  0.00050051      0.33979212D-08
  312  0.00050663      0.35663997D-08
  313  0.00051283      0.37432201D-08
  314  0.00051911      0.39287947D-08
  315  0.00052546      0.41235560D-08
  316  0.00053189      0.43279581D-08
  317  0.00053840      0.45424772D-08
  318  0.00054499      0.47676132D-08
  319  0.00055166      0.50038905D-08
  320  0.00055841      0.52518595D-08
  321  0.00056524      0.55120975D-08
  322  0.00057216      0.57852103D-08
  323  0.00057916      0.60718338D-08
  324  0.00058625      0.63726348D-08
  325  0.00059342      0.66883132D-08
  326  0.00060068      0.70196034D-08
  327  0.00060803      0.73672758D-08
  328  0.00061547      0.77321387D-08
  329  0.00062300      0.81150403D-08
  330  0.00063063      0.85168706D-08
  331  0.00063834      0.89385632D-08
  332  0.00064616      0.93810976D-08
  333  0.00065406      0.98455017D-08
  334  0.00066207      0.10332854D-07
  335  0.00067017      0.10844285D-07
  336  0.00067837      0.11380983D-07
  337  0.00068667      0.11944192D-07
  338  0.00069507      0.12535219D-07
  339  0.00070358      0.13155434D-07
  340  0.00071219      0.13806276D-07
  341  0.00072090      0.14489253D-07
  342  0.00072972      0.15205949D-07
  343  0.00073865      0.15958022D-07
  344  0.00074769      0.16747215D-07
  345  0.00075684      0.17575355D-07
  346  0.00076610      0.18444360D-07
  347  0.00077548      0.19356240D-07
  348  0.00078497      0.20313105D-07
  349  0.00079457      0.21317169D-07
  350  0.00080429      0.22370752D-07
  351  0.00081414      0.23476290D-07
  352  0.00082410      0.24636337D-07
  353  0.00083418      0.25853575D-07
  354  0.00084439      0.27130813D-07
  355  0.00085472      0.28471001D-07
  356  0.00086518      0.29877232D-07
  357  0.00087577      0.31352750D-07
  358  0.00088649      0.32900959D-07
  359  0.00089733      0.34525429D-07
  360  0.00090831      0.36229905D-07
  361  0.00091943      0.38018313D-07
  362  0.00093068      0.39894774D-07
  363  0.00094207      0.41863609D-07
  364  0.00095360      0.43929350D-07
  365  0.00096527      0.46096751D-07
  366  0.00097708      0.48370797D-07
  367  0.00098903      0.50756719D-07
  368  0.00100114      0.53260000D-07
  369  0.00101339      0.55886394D-07
  370  0.00102579      0.58641932D-07
  371  0.00103834      0.61532942D-07
  372  0.00105105      0.64566061D-07
  373  0.00106391      0.67748247D-07
  374  0.00107693      0.71086800D-07
  375  0.00109010      0.74589373D-07
  376  0.00110344      0.78263994D-07
  377  0.00111695      0.82119080D-07
  378  0.00113061      0.86163459D-07
  379  0.00114445      0.90406390D-07
  380  0.00115845      0.94857579D-07
  381  0.00117263      0.99527207D-07
  382  0.00118698      0.10442595D-06
  383  0.00120150      0.10956500D-06
  384  0.00121621      0.11495610D-06
  385  0.00123109      0.12061155D-06
  386  0.00124615      0.12654426D-06
  387  0.00126140      0.13276776D-06
  388  0.00127684      0.13929625D-06
  389  0.00129246      0.14614459D-06
  390  0.00130828      0.15332840D-06
  391  0.00132429      0.16086402D-06
  392  0.00134049      0.16876860D-06
  393  0.00135689      0.17706013D-06
  394  0.00137350      0.18575744D-06
  395  0.00139031      0.19488031D-06
  396  0.00140732      0.20444945D-06
  397  0.00142454      0.21448659D-06
  398  0.00144197      0.22501449D-06
  399  0.00145962      0.23605702D-06
  400  0.00147748      0.24763922D-06
  401  0.00149556      0.25978731D-06
  402  0.00151386      0.27252881D-06
  403  0.00153238      0.28589252D-06
  404  0.00155113      0.29990869D-06
  405  0.00157011      0.31460897D-06
  406  0.00158933      0.33002658D-06
  407  0.00160878      0.34619631D-06
  408  0.00162846      0.36315465D-06
  409  0.00164839      0.38093984D-06
  410  0.00166856      0.39959194D-06
  411  0.00168898      0.41915296D-06
  412  0.00170965      0.43966692D-06
  413  0.00173057      0.46117997D-06
  414  0.00175174      0.48374044D-06
  415  0.00177318      0.50739902D-06
  416  0.00179488      0.53220882D-06
  417  0.00181684      0.55822549D-06
  418  0.00183907      0.58550735D-06
  419  0.00186158      0.61411551D-06
  420  0.00188436      0.64411402D-06
  421  0.00190742      0.67556999D-06
  422  0.00193076      0.70855374D-06
  423  0.00195438      0.74313895D-06
  424  0.00197830      0.77940282D-06
  425  0.00200251      0.81742624D-06
  426  0.00202701      0.85729397D-06
  427  0.00205181      0.89909480D-06
  428  0.00207692      0.94292177D-06
  429  0.00210234      0.98887232D-06
  430  0.00212806      0.10370486D-05
  431  0.00215410      0.10875575D-05
  432  0.00218046      0.11405112D-05
  433  0.00220714      0.11960270D-05
  434  0.00223415      0.12542278D-05
  435  0.00226149      0.13152425D-05
  436  0.00228916      0.13792060D-05
  437  0.00231718      0.14462597D-05
  438  0.00234553      0.15165514D-05
  439  0.00237423      0.15902363D-05
  440  0.00240329      0.16674767D-05
  441  0.00243269      0.17484426D-05
  442  0.00246246      0.18333122D-05
  443  0.00249259      0.19222718D-05
  444  0.00252310      0.20155169D-05
  445  0.00255397      0.21132520D-05
  446  0.00258522      0.22156911D-05
  447  0.00261686      0.23230585D-05
  448  0.00264888      0.24355891D-05
  449  0.00268129      0.25535286D-05
  450  0.00271410      0.26771345D-05
  451  0.00274732      0.28066762D-05
  452  0.00278093      0.29424359D-05
  453  0.00281496      0.30847090D-05
  454  0.00284941      0.32338046D-05
  455  0.00288428      0.33900464D-05
  456  0.00291957      0.35537733D-05
  457  0.00295530      0.37253399D-05
  458  0.00299146      0.39051174D-05
  459  0.00302807      0.40934944D-05
  460  0.00306512      0.42908776D-05
  461  0.00310263      0.44976925D-05
  462  0.00314059      0.47143846D-05
  463  0.00317903      0.49414200D-05
  464  0.00321793      0.51792864D-05
  465  0.00325730      0.54284944D-05
  466  0.00329716      0.56895779D-05
  467  0.00333751      0.59630958D-05
  468  0.00337835      0.62496329D-05
  469  0.00341969      0.65498008D-05
  470  0.00346154      0.68642394D-05
  471  0.00350389      0.71936185D-05
  472  0.00354677      0.75386382D-05
  473  0.00359017      0.79000312D-05
  474  0.00363410      0.82785640D-05
  475  0.00367857      0.86750379D-05
  476  0.00372359      0.90902914D-05
  477  0.00376915      0.95252013D-05
  478  0.00381527      0.99806844D-05
  479  0.00386196      0.10457700D-04
  480  0.00390922      0.10957250D-04
  481  0.00395705      0.11480383D-04
  482  0.00400548      0.12028196D-04
  483  0.00405449      0.12601835D-04
  484  0.00410410      0.13202498D-04
  485  0.00415432      0.13831438D-04
  486  0.00420516      0.14489964D-04
  487  0.00425662      0.15179445D-04
  488  0.00430871      0.15901313D-04
  489  0.00436143      0.16657062D-04
  490  0.00441480      0.17448257D-04
  491  0.00446882      0.18276529D-04
  492  0.00452351      0.19143587D-04
  493  0.00457886      0.20051214D-04
  494  0.00463489      0.21001274D-04
  495  0.00469161      0.21995714D-04
  496  0.00474902      0.23036568D-04
  497  0.00480713      0.24125963D-04
  498  0.00486595      0.25266118D-04
  499  0.00492550      0.26459353D-04
  500  0.00498577      0.27708090D-04
  501  0.00504678      0.29014858D-04
  502  0.00510854      0.30382301D-04
  503  0.00517105      0.31813177D-04
  504  0.00523432      0.33310368D-04
  505  0.00529838      0.34876881D-04
  506  0.00536321      0.36515859D-04
  507  0.00542884      0.38230578D-04
  508  0.00549527      0.40024464D-04
  509  0.00556251      0.41901088D-04
  510  0.00563058      0.43864180D-04
  511  0.00569948      0.45917632D-04
  512  0.00576923      0.48065506D-04
  513  0.00583982      0.50312040D-04
  514  0.00591128      0.52661657D-04
  515  0.00598362      0.55118972D-04
  516  0.00605684      0.57688798D-04
  517  0.00613095      0.60376157D-04
  518  0.00620598      0.63186287D-04
  519  0.00628192      0.66124651D-04
  520  0.00635879      0.69196947D-04
  521  0.00643660      0.72409116D-04
  522  0.00651536      0.75767354D-04
  523  0.00659509      0.79278120D-04
  524  0.00667579      0.82948148D-04
  525  0.00675748      0.86784457D-04
  526  0.00684017      0.90794366D-04
  527  0.00692387      0.94985500D-04
  528  0.00700860      0.99365805D-04
  529  0.00709436      0.10394356D-03
  530  0.00718118      0.10872741D-03
  531  0.00726905      0.11372632D-03
  532  0.00735800      0.11894966D-03
  533  0.00744804      0.12440720D-03
  534  0.00753918      0.13010908D-03
  535  0.00763143      0.13606589D-03
  536  0.00772482      0.14228864D-03
  537  0.00781934      0.14878880D-03
  538  0.00791503      0.15557831D-03
  539  0.00801188      0.16266959D-03
  540  0.00810992      0.17007559D-03
  541  0.00820916      0.17780975D-03
  542  0.00830962      0.18588610D-03
  543  0.00841130      0.19431919D-03
  544  0.00851423      0.20312419D-03
  545  0.00861841      0.21231686D-03
  546  0.00872387      0.22191361D-03
  547  0.00883063      0.23193149D-03
  548  0.00893868      0.24238822D-03
  549  0.00904806      0.25330225D-03
  550  0.00915878      0.26469273D-03
  551  0.00927086      0.27657958D-03
  552  0.00938430      0.28898348D-03
  553  0.00949914      0.30192595D-03
  554  0.00961538      0.31542933D-03
  555  0.00973304      0.32951681D-03
  556  0.00985214      0.34421249D-03
  557  0.00997270      0.35954140D-03
  558  0.01009473      0.37552952D-03
  559  0.01021826      0.39220382D-03
  560  0.01034330      0.40959230D-03
  561  0.01046986      0.42772400D-03
  562  0.01059798      0.44662907D-03
  563  0.01072767      0.46633878D-03
  564  0.01085894      0.48688556D-03
  565  0.01099182      0.50830306D-03
  566  0.01112632      0.53062614D-03
  567  0.01126247      0.55389096D-03
  568  0.01140029      0.57813501D-03
  569  0.01153979      0.60339710D-03
  570  0.01168100      0.62971749D-03
  571  0.01182394      0.65713784D-03
  572  0.01196863      0.68570134D-03
  573  0.01211508      0.71545269D-03
  574  0.01226333      0.74643815D-03
  575  0.01241340      0.77870564D-03
  576  0.01256530      0.81230471D-03
  577  0.01271906      0.84728667D-03
  578  0.01287470      0.88370455D-03
  579  0.01303224      0.92161322D-03
  580  0.01319171      0.96106939D-03
  581  0.01335314      0.10021317D-02
  582  0.01351654      0.10448608D-02
  583  0.01368194      0.10893191D-02
  584  0.01384936      0.11355715D-02
  585  0.01401883      0.11836847D-02
  586  0.01419038      0.12337275D-02
  587  0.01436402      0.12857713D-02
  588  0.01453979      0.13398893D-02
  589  0.01471771      0.13961573D-02
  590  0.01489781      0.14546534D-02
  591  0.01508011      0.15154582D-02
  592  0.01526464      0.15786547D-02
  593  0.01545143      0.16443283D-02
  594  0.01564051      0.17125671D-02
  595  0.01583189      0.17834619D-02
  596  0.01602563      0.18571060D-02
  597  0.01622173      0.19335955D-02
  598  0.01642023      0.20130292D-02
  599  0.01662116      0.20955088D-02
  600  0.01682455      0.21811388D-02
  601  0.01703043      0.22700265D-02
  602  0.01723883      0.23622823D-02
  603  0.01744977      0.24580194D-02
  604  0.01766330      0.25573540D-02
  605  0.01787944      0.26604055D-02
  606  0.01809823      0.27672963D-02
  607  0.01831970      0.28781516D-02
  608  0.01854387      0.29931001D-02
  609  0.01877079      0.31122734D-02
  610  0.01900048      0.32358064D-02
  611  0.01923299      0.33638368D-02
  612  0.01946834      0.34965059D-02
  613  0.01970657      0.36339578D-02
  614  0.01994771      0.37763400D-02
  615  0.02019181      0.39238029D-02
  616  0.02043889      0.40765002D-02
  617  0.02068899      0.42345885D-02
  618  0.02094216      0.43982277D-02
  619  0.02119843      0.45675805D-02
  620  0.02145783      0.47428127D-02
  621  0.02172040      0.49240930D-02
  622  0.02198619      0.51115929D-02
  623  0.02225523      0.53054867D-02
  624  0.02252756      0.55059514D-02
  625  0.02280323      0.57131665D-02
  626  0.02308226      0.59273143D-02
  627  0.02336472      0.61485790D-02
  628  0.02365063      0.63771475D-02
  629  0.02394003      0.66132085D-02
  630  0.02423298      0.68569527D-02
  631  0.02452952      0.71085728D-02
  632  0.02482968      0.73682627D-02
  633  0.02513351      0.76362181D-02
  634  0.02544107      0.79126355D-02
  635  0.02575238      0.81977126D-02
  636  0.02606751      0.84916477D-02
  637  0.02638649      0.87946395D-02
  638  0.02670938      0.91068870D-02
  639  0.02703621      0.94285888D-02
  640  0.02736705      0.97599433D-02
  641  0.02770193      0.10101148D-01
  642  0.02804092      0.10452398D-01
  643  0.02838405      0.10813890D-01
  644  0.02873138      0.11185815D-01
  645  0.02908296      0.11568363D-01
  646  0.02943884      0.11961723D-01
  647  0.02979907      0.12366077D-01
  648  0.03016372      0.12781607D-01
  649  0.03053283      0.13208487D-01
  650  0.03090645      0.13646889D-01
  651  0.03128465      0.14096978D-01
  652  0.03166747      0.14558912D-01
  653  0.03205498      0.15032846D-01
  654  0.03244723      0.15518922D-01
  655  0.03284428      0.16017279D-01
  656  0.03324618      0.16528044D-01
  657  0.03365301      0.17051336D-01
  658  0.03406481      0.17587263D-01
  659  0.03448166      0.18135922D-01
  660  0.03490360      0.18697399D-01
  661  0.03533071      0.19271766D-01
  662  0.03576304      0.19859081D-01
  663  0.03620067      0.20459390D-01
  664  0.03664365      0.21072720D-01
  665  0.03709205      0.21699085D-01
  666  0.03754594      0.22338480D-01
  667  0.03800538      0.22990881D-01
  668  0.03847044      0.23656246D-01
  669  0.03894119      0.24334512D-01
  670  0.03941771      0.25025595D-01
  671  0.03990005      0.25729387D-01
  672  0.04038830      0.26445759D-01
  673  0.04088253      0.27174556D-01
  674  0.04138280      0.27915596D-01
  675  0.04188919      0.28668672D-01
  676  0.04240178      0.29433549D-01
  677  0.04292064      0.30209961D-01
  678  0.04344585      0.30997615D-01
  679  0.04397749      0.31796183D-01
  680  0.04451563      0.32605307D-01
  681  0.04506036      0.33424596D-01
  682  0.04561175      0.34253621D-01
  683  0.04616989      0.35091922D-01
  684  0.04673486      0.35938998D-01
  685  0.04730675      0.36794314D-01
  686  0.04788563      0.37657293D-01
  687  0.04847159      0.38527322D-01
  688  0.04906473      0.39403744D-01
  689  0.04966512      0.40285862D-01
  690  0.05027287      0.41172939D-01
  691  0.05088804      0.42064192D-01
  692  0.05151075      0.42958796D-01
  693  0.05214108      0.43855883D-01
  694  0.05277911      0.44754538D-01
  695  0.05342496      0.45653802D-01
  696  0.05407871      0.46552673D-01
  697  0.05474046      0.47450101D-01
  698  0.05541031      0.48344991D-01
  699  0.05608835      0.49236203D-01
  700  0.05677469      0.50122552D-01
  701  0.05746943      0.51002807D-01
  702  0.05817267      0.51875692D-01
  703  0.05888452      0.52739890D-01
  704  0.05960507      0.53594037D-01
  705  0.06033445      0.54436730D-01
  706  0.06107275      0.55266522D-01
  707  0.06182008      0.56081929D-01
  708  0.06257656      0.56881426D-01
  709  0.06334229      0.57663453D-01
  710  0.06411740      0.58426416D-01
  711  0.06490199      0.59168686D-01
  712  0.06569618      0.59888605D-01
  713  0.06650009      0.60584489D-01
  714  0.06731384      0.61254626D-01
  715  0.06813754      0.61897284D-01
  716  0.06897133      0.62510714D-01
  717  0.06981531      0.63093150D-01
  718  0.07066963      0.63642815D-01
  719  0.07153440      0.64157926D-01
  720  0.07240975      0.64636698D-01
  721  0.07329581      0.65077347D-01
  722  0.07419271      0.65478097D-01
  723  0.07510059      0.65837183D-01
  724  0.07601958      0.66152859D-01
  725  0.07694982      0.66423401D-01
  726  0.07789144      0.66647115D-01
  727  0.07884458      0.66822344D-01
  728  0.07980938      0.66947470D-01
  729  0.08078599      0.67020925D-01
  730  0.08177455      0.67041197D-01
  731  0.08277521      0.67006838D-01
  732  0.08378811      0.66916467D-01
  733  0.08481341      0.66768782D-01
  734  0.08585125      0.66562568D-01
  735  0.08690179      0.66296701D-01
  736  0.08796519      0.65970159D-01
  737  0.08904160      0.65582030D-01
  738  0.09013118      0.65131519D-01
  739  0.09123410      0.64617957D-01
  740  0.09235051      0.64040808D-01
  741  0.09348058      0.63399681D-01
  742  0.09462448      0.62694334D-01
  743  0.09578238      0.61924684D-01
  744  0.09695445      0.61090816D-01
  745  0.09814086      0.60192990D-01
  746  0.09934179      0.59231649D-01
  747  0.10055741      0.58207426D-01
  748  0.10178791      0.57121153D-01
  749  0.10303347      0.55973868D-01
  750  0.10429426      0.54766819D-01
  751  0.10557049      0.53501474D-01
  752  0.10686233      0.52179523D-01
  753  0.10816998      0.50802888D-01
  754  0.10949364      0.49373725D-01
  755  0.11083349      0.47894429D-01
  756  0.11218973      0.46367637D-01
  757  0.11356257      0.44796233D-01
  758  0.11495221      0.43183346D-01
  759  0.11635886      0.41532359D-01
  760  0.11778271      0.39846901D-01
  761  0.11922400      0.38130853D-01
  762  0.12068291      0.36388345D-01
  763  0.12215968      0.34623752D-01
  764  0.12365452      0.32841695D-01
  765  0.12516766      0.31047031D-01
  766  0.12669931      0.29244855D-01
  767  0.12824970      0.27440487D-01
  768  0.12981906      0.25639468D-01
  769  0.13140763      0.23847549D-01
  770  0.13301563      0.22070685D-01
  771  0.13464332      0.20315018D-01
  772  0.13629092      0.18586870D-01
  773  0.13795868      0.16892725D-01
  774  0.13964685      0.15239218D-01
  775  0.14135568      0.13633115D-01
  776  0.14308542      0.12081296D-01
  777  0.14483632      0.10590741D-01
  778  0.14660865      0.91685032D-02
  779  0.14840267      0.78216915D-02
  780  0.15021864      0.65574485D-02
  781  0.15205683      0.53829258D-02
  782  0.15391752      0.43052602D-02
  783  0.15580097      0.33315482D-02
  784  0.15770747      0.24688195D-02
  785  0.15963730      0.17240098D-02
  786  0.16159075      0.11039334D-02
  787  0.16356810      0.61525369D-03
  788  0.16556965      0.26445493D-03
  789  0.16759569      0.57812120D-04
  790  0.16964652      0.13613062D-05
  791  0.17172245      0.10086945D-03
  792  0.17382377      0.36180428D-03
  793  0.17595082      0.78930418D-03
  794  0.17810389      0.13881484D-02
  795  0.18028331      0.21627274D-02
  796  0.18248939      0.31170140D-02
  797  0.18472248      0.42545351D-02
  798  0.18698288      0.55783443D-02
  799  0.18927095      0.70909951D-02
  800  0.19158702      0.87945160D-02
  801  0.19393143      0.10690386D-01
  802  0.19630452      0.12779514D-01
  803  0.19870666      0.15062215D-01
  804  0.20113819      0.17538194D-01
  805  0.20359947      0.20206526D-01
  806  0.20609087      0.23065645D-01
  807  0.20861276      0.26113329D-01
  808  0.21116551      0.29346690D-01
  809  0.21374950      0.32762167D-01
  810  0.21636510      0.36355522D-01
  811  0.21901271      0.40121835D-01
  812  0.22169272      0.44055508D-01
  813  0.22440553      0.48150269D-01
  814  0.22715153      0.52399175D-01
  815  0.22993113      0.56794626D-01
  816  0.23274475      0.61328378D-01
  817  0.23559279      0.65991556D-01
  818  0.23847569      0.70774678D-01
  819  0.24139387      0.75667674D-01
  820  0.24434775      0.80659916D-01
  821  0.24733778      0.85740244D-01
  822  0.25036440      0.90896998D-01
  823  0.25342805      0.96118057D-01
  824  0.25652919      0.10139087D+00
  825  0.25966828      0.10670251D+00
  826  0.26284579      0.11203970D+00
  827  0.26606217      0.11738887D+00
  828  0.26931792      0.12273621D+00
  829  0.27261350      0.12806770D+00
  830  0.27594941      0.13336918D+00
  831  0.27932614      0.13862641D+00
  832  0.28274420      0.14382510D+00
  833  0.28620408      0.14895097D+00
  834  0.28970629      0.15398984D+00
  835  0.29325136      0.15892765D+00
  836  0.29683982      0.16375051D+00
  837  0.30047218      0.16844482D+00
  838  0.30414899      0.17299723D+00
  839  0.30787079      0.17739480D+00
  840  0.31163814      0.18162496D+00
  841  0.31545159      0.18567562D+00
  842  0.31931170      0.18953522D+00
  843  0.32321905      0.19319274D+00
  844  0.32717421      0.19663780D+00
  845  0.33117776      0.19986066D+00
  846  0.33523031      0.20285228D+00
  847  0.33933245      0.20560435D+00
  848  0.34348479      0.20810934D+00
  849  0.34768794      0.21036053D+00
  850  0.35194252      0.21235201D+00
  851  0.35624916      0.21407874D+00
  852  0.36060850      0.21553654D+00
  853  0.36502119      0.21672211D+00
  854  0.36948787      0.21763308D+00
  855  0.37400921      0.21826797D+00
  856  0.37858588      0.21862619D+00
  857  0.38321855      0.21870807D+00
  858  0.38790791      0.21851486D+00
  859  0.39265466      0.21804867D+00
  860  0.39745949      0.21731249D+00
  861  0.40232311      0.21631017D+00
  862  0.40724625      0.21504641D+00
  863  0.41222963      0.21352668D+00
  864  0.41727399      0.21175726D+00
  865  0.42238008      0.20974515D+00
  866  0.42754866      0.20749806D+00
  867  0.43278047      0.20502437D+00
  868  0.43807631      0.20233309D+00
  869  0.44343696      0.19943379D+00
  870  0.44886320      0.19633657D+00
  871  0.45435584      0.19305202D+00
  872  0.45991569      0.18959116D+00
  873  0.46554357      0.18596538D+00
  874  0.47124033      0.18218640D+00
  875  0.47700679      0.17826620D+00
  876  0.48284382      0.17421698D+00
  877  0.48875227      0.17005110D+00
  878  0.49473303      0.16578103D+00
  879  0.50078696      0.16141927D+00
  880  0.50691498      0.15697833D+00
  881  0.51311799      0.15247069D+00
  882  0.51939690      0.14790869D+00
  883  0.52575265      0.14330452D+00
  884  0.53218617      0.13867019D+00
  885  0.53869841      0.13401744D+00
  886  0.54529034      0.12935773D+00
  887  0.55196294      0.12470218D+00
  888  0.55871719      0.12006156D+00
  889  0.56555409      0.11544621D+00
  890  0.57247465      0.11086605D+00
  891  0.57947989      0.10633054D+00
  892  0.58657086      0.10184864D+00
  893  0.59374860      0.97428784D-01
  894  0.60101417      0.93078901D-01
  895  0.60836865      0.88806353D-01
  896  0.61581312      0.84617947D-01
  897  0.62334869      0.80519921D-01
  898  0.63097647      0.76517936D-01
  899  0.63869759      0.72617078D-01
  900  0.64651319      0.68821854D-01
  901  0.65442443      0.65136200D-01
  902  0.66243248      0.61563485D-01
  903  0.67053852      0.58106525D-01
  904  0.67874375      0.54767588D-01
  905  0.68704939      0.51548418D-01
  906  0.69545666      0.48450245D-01
  907  0.70396681      0.45473808D-01
  908  0.71258109      0.42619376D-01
  909  0.72130079      0.39886769D-01
  910  0.73012719      0.37275384D-01
  911  0.73906159      0.34784222D-01
  912  0.74810533      0.32411911D-01
  913  0.75725973      0.30156737D-01
  914  0.76652615      0.28016667D-01
  915  0.77590596      0.25989383D-01
  916  0.78540055      0.24072307D-01
  917  0.79501132      0.22262627D-01
  918  0.80473970      0.20557331D-01
  919  0.81458712      0.18953227D-01
  920  0.82455504      0.17446976D-01
  921  0.83464494      0.16035113D-01
  922  0.84485831      0.14714075D-01
  923  0.85519665      0.13480224D-01
  924  0.86566150      0.12329868D-01
  925  0.87625441      0.11259287D-01
  926  0.88697694      0.10264747D-01
  927  0.89783068      0.93425247D-02
  928  0.90881724      0.84889221D-02
  929  0.91993824      0.77002824D-02
  930  0.93119532      0.69730058D-02
  931  0.94259015      0.63035621D-02
  932  0.95412442      0.56885025D-02
  933  0.96579982      0.51244703D-02
  934  0.97761810      0.46082096D-02
  935  0.98958100      0.41365733D-02
  936  1.00169028      0.37065292D-02
  937  1.01394775      0.33151654D-02
  938  1.02635520      0.29596942D-02
  939  1.03891448      0.26374549D-02
  940  1.05162745      0.23459160D-02
  941  1.06449598      0.20826756D-02
  942  1.07752199      0.18454616D-02
  943  1.09070738      0.16321310D-02
  944  1.10405413      0.14406680D-02
  945  1.11756420      0.12691822D-02
  946  1.13123958      0.11159053D-02
  947  1.14508231      0.97918790D-03
  948  1.15909443      0.85749591D-03
  949  1.17327801      0.74940620D-03
  950  1.18763516      0.65360221D-03
  951  1.20216798      0.56886924D-03
  952  1.21687865      0.49408961D-03
  953  1.23176932      0.42823765D-03
  954  1.24684221      0.37037465D-03
  955  1.26209955      0.31964381D-03
  956  1.27754358      0.27526513D-03
  957  1.29317660      0.23653048D-03
  958  1.30900091      0.20279866D-03
  959  1.32501887      0.17349064D-03
  960  1.34123283      0.14808493D-03
  961  1.35764520      0.12611311D-03
  962  1.37425840      0.10715559D-03
  963  1.39107490      0.90837500D-04
  964  1.40809718      0.76824840D-04
  965  1.42532775      0.64820837D-04
  966  1.44276917      0.54562503D-04
  967  1.46042402      0.45817429D-04
  968  1.47829491      0.38380790D-04
  969  1.49638447      0.32072570D-04
  970  1.51469540      0.26734989D-04
  971  1.53323039      0.22230147D-04
  972  1.55199219      0.18437850D-04
  973  1.57098358      0.15253632D-04
  974  1.59020736      0.12586953D-04
  975  1.60966637      0.10359565D-04
  976  1.62936351      0.85040358D-05
  977  1.64930167      0.69624211D-05
  978  1.66948381      0.56850725D-05
  979  1.68991291      0.46295735D-05
  980  1.71059200      0.37597923D-05
  981  1.73152414      0.30450410D-05
  982  1.75271242      0.24593326D-05
  983  1.77415997      0.19807264D-05
  984  1.79586998      0.15907540D-05
  985  1.81784564      0.12739164D-05
  986  1.84009021      0.10172463D-05
  987  1.86260699      0.80992802D-06
  988  1.88539930      0.64296832D-06
  989  1.90847052      0.50891253D-06
  990  1.93182405      0.40160083D-06
  991  1.95546335      0.31595942D-06
  992  1.97939193      0.24782235D-06
  993  2.00361331      0.19378012D-06
  994  2.02813108      0.15105133D-06
  995  2.05294887      0.11737438D-06
  996  2.07807035      0.90916410D-07
  997  2.10349924      0.70196919D-07
  998  2.12923930      0.54024052D-07
  999  2.15529433      0.41441550D-07
 1000  2.18166819      0.31684791D-07
 1001  2.20836478      0.24144482D-07
 1002  2.23538805      0.18336786D-07
 1003  2.26274200      0.13878828D-07
 1004  2.29043067      0.10468694D-07
 1005  2.31845817      0.78691560D-08
 1006  2.34682863      0.58944785D-08
 1007  2.37554625      0.43997680D-08
 1008  2.40461529      0.32724029D-08
 1009  2.43404003      0.24251670D-08
 1010  2.46382484      0.17907687D-08
 1011  2.49397412      0.13174833D-08
 1012  2.52449233      0.96570168D-09
 1013  2.55538399      0.70520766D-09
 1014  2.58665366      0.51303902D-09
 1015  2.61830597      0.37181346D-09
 1016  2.65034560      0.26842433D-09
 1017  2.68277729      0.19302761D-09
 1018  2.71560584      0.13825702D-09
 1019  2.74883611      0.98629295D-10
 1020  2.78247301      0.70073034D-10
 1021  2.81652152      0.49565839D-10
 1022  2.85098667      0.34914416D-10
