 ir        r              f(r)*r^2
    1  0.00001289      0.82006776D-14
    2  0.00001305      0.86094481D-14
    3  0.00001321      0.90385935D-14
    4  0.00001337      0.94891292D-14
    5  0.00001353      0.99621213D-14
    6  0.00001370      0.10458689D-13
    7  0.00001387      0.10980008D-13
    8  0.00001404      0.11527311D-13
    9  0.00001421      0.12101894D-13
   10  0.00001438      0.12705115D-13
   11  0.00001456      0.13338404D-13
   12  0.00001474      0.14003257D-13
   13  0.00001492      0.14701249D-13
   14  0.00001510      0.15434030D-13
   15  0.00001528      0.16203336D-13
   16  0.00001547      0.17010985D-13
   17  0.00001566      0.17858890D-13
   18  0.00001585      0.18749057D-13
   19  0.00001605      0.19683591D-13
   20  0.00001624      0.20664705D-13
   21  0.00001644      0.21694719D-13
   22  0.00001664      0.22776072D-13
   23  0.00001684      0.23911320D-13
   24  0.00001705      0.25103152D-13
   25  0.00001726      0.26354386D-13
   26  0.00001747      0.27667983D-13
   27  0.00001768      0.29047051D-13
   28  0.00001790      0.30494854D-13
   29  0.00001812      0.32014816D-13
   30  0.00001834      0.33610535D-13
   31  0.00001857      0.35285785D-13
   32  0.00001879      0.37044530D-13
   33  0.00001902      0.38890931D-13
   34  0.00001926      0.40829358D-13
   35  0.00001949      0.42864396D-13
   36  0.00001973      0.45000859D-13
   37  0.00001997      0.47243804D-13
   38  0.00002022      0.49598535D-13
   39  0.00002046      0.52070625D-13
   40  0.00002071      0.54665922D-13
   41  0.00002097      0.57390566D-13
   42  0.00002122      0.60251002D-13
   43  0.00002148      0.63254000D-13
   44  0.00002175      0.66406662D-13
   45  0.00002201      0.69716447D-13
   46  0.00002228      0.73191186D-13
   47  0.00002255      0.76839099D-13
   48  0.00002283      0.80668816D-13
   49  0.00002311      0.84689397D-13
   50  0.00002339      0.88910353D-13
   51  0.00002368      0.93341670D-13
   52  0.00002397      0.97993830D-13
   53  0.00002426      0.10287784D-12
   54  0.00002456      0.10800525D-12
   55  0.00002486      0.11338820D-12
   56  0.00002516      0.11903940D-12
   57  0.00002547      0.12497225D-12
   58  0.00002578      0.13120076D-12
   59  0.00002610      0.13773967D-12
   60  0.00002642      0.14460446D-12
   61  0.00002674      0.15181135D-12
   62  0.00002707      0.15937739D-12
   63  0.00002740      0.16732049D-12
   64  0.00002774      0.17565943D-12
   65  0.00002807      0.18441393D-12
   66  0.00002842      0.19360471D-12
   67  0.00002877      0.20325349D-12
   68  0.00002912      0.21338312D-12
   69  0.00002947      0.22401753D-12
   70  0.00002984      0.23518189D-12
   71  0.00003020      0.24690260D-12
   72  0.00003057      0.25920739D-12
   73  0.00003094      0.27212536D-12
   74  0.00003132      0.28568705D-12
   75  0.00003171      0.29992455D-12
   76  0.00003209      0.31487153D-12
   77  0.00003249      0.33056334D-12
   78  0.00003288      0.34703708D-12
   79  0.00003329      0.36433173D-12
   80  0.00003369      0.38248818D-12
   81  0.00003411      0.40154937D-12
   82  0.00003452      0.42156039D-12
   83  0.00003495      0.44256854D-12
   84  0.00003537      0.46462352D-12
   85  0.00003581      0.48777749D-12
   86  0.00003624      0.51208518D-12
   87  0.00003669      0.53760410D-12
   88  0.00003714      0.56439458D-12
   89  0.00003759      0.59251998D-12
   90  0.00003805      0.62204680D-12
   91  0.00003852      0.65304487D-12
   92  0.00003899      0.68558748D-12
   93  0.00003947      0.71975158D-12
   94  0.00003995      0.75561796D-12
   95  0.00004044      0.79327142D-12
   96  0.00004093      0.83280100D-12
   97  0.00004143      0.87430015D-12
   98  0.00004194      0.91786700D-12
   99  0.00004245      0.96360457D-12
  100  0.00004297      0.10116210D-11
  101  0.00004350      0.10620298D-11
  102  0.00004403      0.11149501D-11
  103  0.00004457      0.11705071D-11
  104  0.00004511      0.12288321D-11
  105  0.00004567      0.12900631D-11
  106  0.00004623      0.13543447D-11
  107  0.00004679      0.14218289D-11
  108  0.00004736      0.14926753D-11
  109  0.00004794      0.15670514D-11
  110  0.00004853      0.16451329D-11
  111  0.00004912      0.17271044D-11
  112  0.00004973      0.18131598D-11
  113  0.00005033      0.19035025D-11
  114  0.00005095      0.19983459D-11
  115  0.00005157      0.20979143D-11
  116  0.00005220      0.22024430D-11
  117  0.00005284      0.23121792D-11
  118  0.00005349      0.24273821D-11
  119  0.00005414      0.25483241D-11
  120  0.00005481      0.26752910D-11
  121  0.00005548      0.28085829D-11
  122  0.00005616      0.29485148D-11
  123  0.00005684      0.30954175D-11
  124  0.00005754      0.32496381D-11
  125  0.00005824      0.34115411D-11
  126  0.00005896      0.35815091D-11
  127  0.00005968      0.37599438D-11
  128  0.00006041      0.39472669D-11
  129  0.00006115      0.41439209D-11
  130  0.00006189      0.43503707D-11
  131  0.00006265      0.45671040D-11
  132  0.00006342      0.47946330D-11
  133  0.00006420      0.50334954D-11
  134  0.00006498      0.52842554D-11
  135  0.00006578      0.55475056D-11
  136  0.00006658      0.58238679D-11
  137  0.00006740      0.61139954D-11
  138  0.00006822      0.64185735D-11
  139  0.00006905      0.67383218D-11
  140  0.00006990      0.70739956D-11
  141  0.00007076      0.74263881D-11
  142  0.00007162      0.77963316D-11
  143  0.00007250      0.81847001D-11
  144  0.00007338      0.85924110D-11
  145  0.00007428      0.90204274D-11
  146  0.00007519      0.94697603D-11
  147  0.00007611      0.99414712D-11
  148  0.00007704      0.10436674D-10
  149  0.00007799      0.10956539D-10
  150  0.00007894      0.11502293D-10
  151  0.00007991      0.12075226D-10
  152  0.00008088      0.12676690D-10
  153  0.00008187      0.13308107D-10
  154  0.00008288      0.13970967D-10
  155  0.00008389      0.14666835D-10
  156  0.00008492      0.15397356D-10
  157  0.00008596      0.16164253D-10
  158  0.00008701      0.16969339D-10
  159  0.00008807      0.17814513D-10
  160  0.00008915      0.18701772D-10
  161  0.00009024      0.19633210D-10
  162  0.00009134      0.20611026D-10
  163  0.00009246      0.21637530D-10
  164  0.00009359      0.22715144D-10
  165  0.00009474      0.23846413D-10
  166  0.00009590      0.25034007D-10
  167  0.00009707      0.26280730D-10
  168  0.00009826      0.27589524D-10
  169  0.00009946      0.28963479D-10
  170  0.00010068      0.30405839D-10
  171  0.00010191      0.31920006D-10
  172  0.00010316      0.33509556D-10
  173  0.00010442      0.35178240D-10
  174  0.00010570      0.36929996D-10
  175  0.00010699      0.38768957D-10
  176  0.00010830      0.40699464D-10
  177  0.00010963      0.42726073D-10
  178  0.00011097      0.44853564D-10
  179  0.00011233      0.47086960D-10
  180  0.00011370      0.49431528D-10
  181  0.00011509      0.51892801D-10
  182  0.00011650      0.54476585D-10
  183  0.00011793      0.57188977D-10
  184  0.00011937      0.60036375D-10
  185  0.00012083      0.63025497D-10
  186  0.00012231      0.66163392D-10
  187  0.00012380      0.69457464D-10
  188  0.00012532      0.72915481D-10
  189  0.00012685      0.76545599D-10
  190  0.00012840      0.80356381D-10
  191  0.00012998      0.84356813D-10
  192  0.00013157      0.88556330D-10
  193  0.00013318      0.92964835D-10
  194  0.00013481      0.97592722D-10
  195  0.00013646      0.10245091D-09
  196  0.00013813      0.10755084D-09
  197  0.00013982      0.11290455D-09
  198  0.00014153      0.11852465D-09
  199  0.00014326      0.12442440D-09
  200  0.00014501      0.13061770D-09
  201  0.00014679      0.13711915D-09
  202  0.00014858      0.14394408D-09
  203  0.00015040      0.15110857D-09
  204  0.00015224      0.15862951D-09
  205  0.00015410      0.16652463D-09
  206  0.00015599      0.17481252D-09
  207  0.00015790      0.18351272D-09
  208  0.00015983      0.19264573D-09
  209  0.00016179      0.20223307D-09
  210  0.00016377      0.21229732D-09
  211  0.00016577      0.22286221D-09
  212  0.00016780      0.23395261D-09
  213  0.00016985      0.24559464D-09
  214  0.00017193      0.25781575D-09
  215  0.00017403      0.27064470D-09
  216  0.00017616      0.28411171D-09
  217  0.00017832      0.29824851D-09
  218  0.00018050      0.31308837D-09
  219  0.00018271      0.32866625D-09
  220  0.00018495      0.34501882D-09
  221  0.00018721      0.36218459D-09
  222  0.00018950      0.38020397D-09
  223  0.00019182      0.39911937D-09
  224  0.00019417      0.41897534D-09
  225  0.00019654      0.43981859D-09
  226  0.00019895      0.46169819D-09
  227  0.00020138      0.48466564D-09
  228  0.00020385      0.50877498D-09
  229  0.00020634      0.53408294D-09
  230  0.00020887      0.56064908D-09
  231  0.00021142      0.58853590D-09
  232  0.00021401      0.61780900D-09
  233  0.00021663      0.64853726D-09
  234  0.00021928      0.68079294D-09
  235  0.00022196      0.71465192D-09
  236  0.00022468      0.75019382D-09
  237  0.00022743      0.78750225D-09
  238  0.00023021      0.82666491D-09
  239  0.00023303      0.86777391D-09
  240  0.00023588      0.91092588D-09
  241  0.00023876      0.95622228D-09
  242  0.00024169      0.10037696D-08
  243  0.00024464      0.10536796D-08
  244  0.00024764      0.11060695D-08
  245  0.00025067      0.11610625D-08
  246  0.00025373      0.12187879D-08
  247  0.00025684      0.12793812D-08
  248  0.00025998      0.13429848D-08
  249  0.00026316      0.14097482D-08
  250  0.00026638      0.14798281D-08
  251  0.00026964      0.15533892D-08
  252  0.00027294      0.16306043D-08
  253  0.00027628      0.17116546D-08
  254  0.00027966      0.17967304D-08
  255  0.00028309      0.18860317D-08
  256  0.00028655      0.19797678D-08
  257  0.00029006      0.20781590D-08
  258  0.00029361      0.21814362D-08
  259  0.00029720      0.22898417D-08
  260  0.00030084      0.24036299D-08
  261  0.00030452      0.25230678D-08
  262  0.00030824      0.26484356D-08
  263  0.00031202      0.27800275D-08
  264  0.00031583      0.29181522D-08
  265  0.00031970      0.30631334D-08
  266  0.00032361      0.32153114D-08
  267  0.00032757      0.33750428D-08
  268  0.00033158      0.35427022D-08
  269  0.00033564      0.37186827D-08
  270  0.00033974      0.39033967D-08
  271  0.00034390      0.40972771D-08
  272  0.00034811      0.43007783D-08
  273  0.00035237      0.45143772D-08
  274  0.00035668      0.47385741D-08
  275  0.00036105      0.49738943D-08
  276  0.00036546      0.52208888D-08
  277  0.00036994      0.54801363D-08
  278  0.00037446      0.57522437D-08
  279  0.00037904      0.60378481D-08
  280  0.00038368      0.63376181D-08
  281  0.00038838      0.66522555D-08
  282  0.00039313      0.69824964D-08
  283  0.00039794      0.73291138D-08
  284  0.00040281      0.76929186D-08
  285  0.00040774      0.80747618D-08
  286  0.00041273      0.84755367D-08
  287  0.00041778      0.88961804D-08
  288  0.00042289      0.93376766D-08
  289  0.00042807      0.98010575D-08
  290  0.00043330      0.10287406D-07
  291  0.00043861      0.10797860D-07
  292  0.00044397      0.11333610D-07
  293  0.00044941      0.11895910D-07
  294  0.00045491      0.12486073D-07
  295  0.00046047      0.13105477D-07
  296  0.00046611      0.13755569D-07
  297  0.00047181      0.14437867D-07
  298  0.00047758      0.15153964D-07
  299  0.00048343      0.15905530D-07
  300  0.00048934      0.16694321D-07
  301  0.00049533      0.17522177D-07
  302  0.00050139      0.18391028D-07
  303  0.00050753      0.19302902D-07
  304  0.00051374      0.20259926D-07
  305  0.00052003      0.21264330D-07
  306  0.00052639      0.22318456D-07
  307  0.00053283      0.23424762D-07
  308  0.00053935      0.24585824D-07
  309  0.00054595      0.25804350D-07
  310  0.00055263      0.27083176D-07
  311  0.00055939      0.28425281D-07
  312  0.00056624      0.29833791D-07
  313  0.00057317      0.31311984D-07
  314  0.00058018      0.32863302D-07
  315  0.00058728      0.34491353D-07
  316  0.00059447      0.36199926D-07
  317  0.00060174      0.37992996D-07
  318  0.00060911      0.39874732D-07
  319  0.00061656      0.41849509D-07
  320  0.00062410      0.43921918D-07
  321  0.00063174      0.46096776D-07
  322  0.00063947      0.48379135D-07
  323  0.00064730      0.50774297D-07
  324  0.00065522      0.53287826D-07
  325  0.00066323      0.55925557D-07
  326  0.00067135      0.58693613D-07
  327  0.00067957      0.61598419D-07
  328  0.00068788      0.64646714D-07
  329  0.00069630      0.67845569D-07
  330  0.00070482      0.71202403D-07
  331  0.00071344      0.74724998D-07
  332  0.00072217      0.78421519D-07
  333  0.00073101      0.82300533D-07
  334  0.00073996      0.86371025D-07
  335  0.00074901      0.90642422D-07
  336  0.00075818      0.95124616D-07
  337  0.00076745      0.99827981D-07
  338  0.00077685      0.10476340D-06
  339  0.00078635      0.10994230D-06
  340  0.00079597      0.11537664D-06
  341  0.00080571      0.12107901D-06
  342  0.00081557      0.12706257D-06
  343  0.00082555      0.13334116D-06
  344  0.00083566      0.13992927D-06
  345  0.00084588      0.14684213D-06
  346  0.00085623      0.15409570D-06
  347  0.00086671      0.16170671D-06
  348  0.00087732      0.16969273D-06
  349  0.00088805      0.17807218D-06
  350  0.00089892      0.18686437D-06
  351  0.00090992      0.19608958D-06
  352  0.00092105      0.20576907D-06
  353  0.00093232      0.21592512D-06
  354  0.00094373      0.22658114D-06
  355  0.00095528      0.23776164D-06
  356  0.00096697      0.24949236D-06
  357  0.00097880      0.26180029D-06
  358  0.00099078      0.27471372D-06
  359  0.00100290      0.28826234D-06
  360  0.00101518      0.30247728D-06
  361  0.00102760      0.31739121D-06
  362  0.00104017      0.33303835D-06
  363  0.00105290      0.34945464D-06
  364  0.00106578      0.36667773D-06
  365  0.00107883      0.38474714D-06
  366  0.00109203      0.40370428D-06
  367  0.00110539      0.42359260D-06
  368  0.00111892      0.44445767D-06
  369  0.00113261      0.46634726D-06
  370  0.00114647      0.48931149D-06
  371  0.00116050      0.51340289D-06
  372  0.00117470      0.53867656D-06
  373  0.00118907      0.56519029D-06
  374  0.00120362      0.59300466D-06
  375  0.00121835      0.62218320D-06
  376  0.00123326      0.65279252D-06
  377  0.00124835      0.68490250D-06
  378  0.00126363      0.71858636D-06
  379  0.00127909      0.75392091D-06
  380  0.00129474      0.79098667D-06
  381  0.00131059      0.82986808D-06
  382  0.00132662      0.87065365D-06
  383  0.00134286      0.91343622D-06
  384  0.00135929      0.95831308D-06
  385  0.00137592      0.10053863D-05
  386  0.00139276      0.10547627D-05
  387  0.00140980      0.11065546D-05
  388  0.00142705      0.11608795D-05
  389  0.00144452      0.12178607D-05
  390  0.00146219      0.12776273D-05
  391  0.00148008      0.13403148D-05
  392  0.00149820      0.14060653D-05
  393  0.00151653      0.14750275D-05
  394  0.00153509      0.15473575D-05
  395  0.00155387      0.16232189D-05
  396  0.00157289      0.17027832D-05
  397  0.00159213      0.17862300D-05
  398  0.00161161      0.18737477D-05
  399  0.00163134      0.19655338D-05
  400  0.00165130      0.20617953D-05
  401  0.00167150      0.21627490D-05
  402  0.00169196      0.22686224D-05
  403  0.00171266      0.23796537D-05
  404  0.00173362      0.24960927D-05
  405  0.00175483      0.26182011D-05
  406  0.00177631      0.27462531D-05
  407  0.00179804      0.28805364D-05
  408  0.00182005      0.30213520D-05
  409  0.00184232      0.31690158D-05
  410  0.00186486      0.33238585D-05
  411  0.00188768      0.34862268D-05
  412  0.00191078      0.36564841D-05
  413  0.00193416      0.38350109D-05
  414  0.00195783      0.40222061D-05
  415  0.00198179      0.42184876D-05
  416  0.00200604      0.44242933D-05
  417  0.00203059      0.46400821D-05
  418  0.00205543      0.48663345D-05
  419  0.00208059      0.51035543D-05
  420  0.00210605      0.53522689D-05
  421  0.00213182      0.56130313D-05
  422  0.00215790      0.58864204D-05
  423  0.00218431      0.61730430D-05
  424  0.00221104      0.64735344D-05
  425  0.00223809      0.67885603D-05
  426  0.00226548      0.71188181D-05
  427  0.00229320      0.74650382D-05
  428  0.00232126      0.78279855D-05
  429  0.00234967      0.82084615D-05
  430  0.00237842      0.86073055D-05
  431  0.00240753      0.90253964D-05
  432  0.00243699      0.94636549D-05
  433  0.00246681      0.99230451D-05
  434  0.00249699      0.10404577D-04
  435  0.00252755      0.10909307D-04
  436  0.00255848      0.11438344D-04
  437  0.00258979      0.11992846D-04
  438  0.00262148      0.12574029D-04
  439  0.00265355      0.13183162D-04
  440  0.00268602      0.13821578D-04
  441  0.00271889      0.14490669D-04
  442  0.00275216      0.15191896D-04
  443  0.00278584      0.15926786D-04
  444  0.00281993      0.16696938D-04
  445  0.00285444      0.17504027D-04
  446  0.00288937      0.18349806D-04
  447  0.00292472      0.19236108D-04
  448  0.00296051      0.20164856D-04
  449  0.00299674      0.21138059D-04
  450  0.00303341      0.22157821D-04
  451  0.00307053      0.23226345D-04
  452  0.00310810      0.24345936D-04
  453  0.00314614      0.25519007D-04
  454  0.00318463      0.26748080D-04
  455  0.00322360      0.28035800D-04
  456  0.00326305      0.29384929D-04
  457  0.00330298      0.30798361D-04
  458  0.00334340      0.32279123D-04
  459  0.00338431      0.33830382D-04
  460  0.00342572      0.35455451D-04
  461  0.00346764      0.37157798D-04
  462  0.00351008      0.38941048D-04
  463  0.00355303      0.40808997D-04
  464  0.00359651      0.42765613D-04
  465  0.00364052      0.44815047D-04
  466  0.00368506      0.46961643D-04
  467  0.00373016      0.49209941D-04
  468  0.00377580      0.51564694D-04
  469  0.00382201      0.54030868D-04
  470  0.00386877      0.56613659D-04
  471  0.00391612      0.59318501D-04
  472  0.00396404      0.62151075D-04
  473  0.00401254      0.65117322D-04
  474  0.00406164      0.68223453D-04
  475  0.00411135      0.71475962D-04
  476  0.00416166      0.74881639D-04
  477  0.00421258      0.78447582D-04
  478  0.00426413      0.82181210D-04
  479  0.00431631      0.86090279D-04
  480  0.00436913      0.90182895D-04
  481  0.00442259      0.94467533D-04
  482  0.00447671      0.98953046D-04
  483  0.00453149      0.10364869D-03
  484  0.00458694      0.10856413D-03
  485  0.00464307      0.11370949D-03
  486  0.00469989      0.11909530D-03
  487  0.00475740      0.12473262D-03
  488  0.00481561      0.13063295D-03
  489  0.00487454      0.13680836D-03
  490  0.00493419      0.14327140D-03
  491  0.00499457      0.15003523D-03
  492  0.00505568      0.15711356D-03
  493  0.00511755      0.16452072D-03
  494  0.00518017      0.17227170D-03
  495  0.00524356      0.18038211D-03
  496  0.00530772      0.18886827D-03
  497  0.00537267      0.19774724D-03
  498  0.00543842      0.20703680D-03
  499  0.00550497      0.21675554D-03
  500  0.00557233      0.22692283D-03
  501  0.00564052      0.23755893D-03
  502  0.00570954      0.24868496D-03
  503  0.00577941      0.26032297D-03
  504  0.00585013      0.27249598D-03
  505  0.00592171      0.28522800D-03
  506  0.00599418      0.29854408D-03
  507  0.00606753      0.31247037D-03
  508  0.00614177      0.32703414D-03
  509  0.00621693      0.34226385D-03
  510  0.00629300      0.35818917D-03
  511  0.00637001      0.37484107D-03
  512  0.00644796      0.39225182D-03
  513  0.00652686      0.41045509D-03
  514  0.00660673      0.42948599D-03
  515  0.00668757      0.44938113D-03
  516  0.00676941      0.47017866D-03
  517  0.00685224      0.49191838D-03
  518  0.00693609      0.51464174D-03
  519  0.00702097      0.53839198D-03
  520  0.00710688      0.56321413D-03
  521  0.00719385      0.58915514D-03
  522  0.00728188      0.61626392D-03
  523  0.00737098      0.64459143D-03
  524  0.00746118      0.67419075D-03
  525  0.00755248      0.70511719D-03
  526  0.00764490      0.73742834D-03
  527  0.00773845      0.77118418D-03
  528  0.00783314      0.80644719D-03
  529  0.00792899      0.84328240D-03
  530  0.00802602      0.88175753D-03
  531  0.00812423      0.92194305D-03
  532  0.00822365      0.96391235D-03
  533  0.00832428      0.10077418D-02
  534  0.00842614      0.10535108D-02
  535  0.00852925      0.11013022D-02
  536  0.00863362      0.11512018D-02
  537  0.00873927      0.12032992D-02
  538  0.00884621      0.12576876D-02
  539  0.00895446      0.13144636D-02
  540  0.00906403      0.13737280D-02
  541  0.00917495      0.14355854D-02
  542  0.00928722      0.15001446D-02
  543  0.00940086      0.15675188D-02
  544  0.00951590      0.16378255D-02
  545  0.00963234      0.17111870D-02
  546  0.00975021      0.17877300D-02
  547  0.00986952      0.18675866D-02
  548  0.00999029      0.19508936D-02
  549  0.01011254      0.20377935D-02
  550  0.01023629      0.21284338D-02
  551  0.01036155      0.22229682D-02
  552  0.01048834      0.23215557D-02
  553  0.01061668      0.24243618D-02
  554  0.01074660      0.25315580D-02
  555  0.01087810      0.26433224D-02
  556  0.01101121      0.27598396D-02
  557  0.01114595      0.28813012D-02
  558  0.01128235      0.30079060D-02
  559  0.01142041      0.31398601D-02
  560  0.01156015      0.32773771D-02
  561  0.01170161      0.34206785D-02
  562  0.01184480      0.35699938D-02
  563  0.01198975      0.37255608D-02
  564  0.01213646      0.38876262D-02
  565  0.01228497      0.40564451D-02
  566  0.01243530      0.42322819D-02
  567  0.01258747      0.44154104D-02
  568  0.01274150      0.46061141D-02
  569  0.01289741      0.48046863D-02
  570  0.01305524      0.50114306D-02
  571  0.01321499      0.52266612D-02
  572  0.01337670      0.54507028D-02
  573  0.01354039      0.56838917D-02
  574  0.01370608      0.59265752D-02
  575  0.01387380      0.61791126D-02
  576  0.01404357      0.64418750D-02
  577  0.01421542      0.67152461D-02
  578  0.01438937      0.69996221D-02
  579  0.01456545      0.72954122D-02
  580  0.01474368      0.76030391D-02
  581  0.01492409      0.79229389D-02
  582  0.01510672      0.82555619D-02
  583  0.01529158      0.86013725D-02
  584  0.01547869      0.89608500D-02
  585  0.01566810      0.93344883D-02
  586  0.01585983      0.97227969D-02
  587  0.01605390      0.10126301D-01
  588  0.01625035      0.10545541D-01
  589  0.01644920      0.10981074D-01
  590  0.01665049      0.11433475D-01
  591  0.01685424      0.11903334D-01
  592  0.01706048      0.12391258D-01
  593  0.01726925      0.12897874D-01
  594  0.01748057      0.13423825D-01
  595  0.01769447      0.13969772D-01
  596  0.01791099      0.14536395D-01
  597  0.01813017      0.15124392D-01
  598  0.01835202      0.15734481D-01
  599  0.01857659      0.16367398D-01
  600  0.01880391      0.17023900D-01
  601  0.01903401      0.17704762D-01
  602  0.01926692      0.18410780D-01
  603  0.01950269      0.19142770D-01
  604  0.01974134      0.19901567D-01
  605  0.01998291      0.20688027D-01
  606  0.02022744      0.21503028D-01
  607  0.02047495      0.22347466D-01
  608  0.02072550      0.23222260D-01
  609  0.02097911      0.24128349D-01
  610  0.02123583      0.25066691D-01
  611  0.02149569      0.26038268D-01
  612  0.02175873      0.27044080D-01
  613  0.02202498      0.28085149D-01
  614  0.02229450      0.29162516D-01
  615  0.02256731      0.30277244D-01
  616  0.02284346      0.31430417D-01
  617  0.02312299      0.32623135D-01
  618  0.02340594      0.33856521D-01
  619  0.02369236      0.35131718D-01
  620  0.02398228      0.36449883D-01
  621  0.02427574      0.37812197D-01
  622  0.02457280      0.39219855D-01
  623  0.02487349      0.40674072D-01
  624  0.02517786      0.42176077D-01
  625  0.02548596      0.43727117D-01
  626  0.02579782      0.45328454D-01
  627  0.02611351      0.46981363D-01
  628  0.02643305      0.48687134D-01
  629  0.02675651      0.50447069D-01
  630  0.02708392      0.52262480D-01
  631  0.02741534      0.54134692D-01
  632  0.02775082      0.56065036D-01
  633  0.02809040      0.58054852D-01
  634  0.02843413      0.60105487D-01
  635  0.02878208      0.62218290D-01
  636  0.02913428      0.64394616D-01
  637  0.02949078      0.66635820D-01
  638  0.02985166      0.68943256D-01
  639  0.03021695      0.71318276D-01
  640  0.03058670      0.73762227D-01
  641  0.03096099      0.76276450D-01
  642  0.03133985      0.78862277D-01
  643  0.03172335      0.81521027D-01
  644  0.03211154      0.84254008D-01
  645  0.03250448      0.87062509D-01
  646  0.03290223      0.89947800D-01
  647  0.03330485      0.92911131D-01
  648  0.03371239      0.95953724D-01
  649  0.03412492      0.99076775D-01
  650  0.03454250      0.10228145D+00
  651  0.03496519      0.10556887D+00
  652  0.03539305      0.10894013D+00
  653  0.03582615      0.11239628D+00
  654  0.03626455      0.11593833D+00
  655  0.03670831      0.11956721D+00
  656  0.03715750      0.12328385D+00
  657  0.03761219      0.12708907D+00
  658  0.03807244      0.13098365D+00
  659  0.03853832      0.13496832D+00
  660  0.03900991      0.13904370D+00
  661  0.03948726      0.14321038D+00
  662  0.03997046      0.14746884D+00
  663  0.04045957      0.15181949D+00
  664  0.04095467      0.15626263D+00
  665  0.04145582      0.16079849D+00
  666  0.04196310      0.16542718D+00
  667  0.04247660      0.17014873D+00
  668  0.04299637      0.17496305D+00
  669  0.04352251      0.17986991D+00
  670  0.04405509      0.18486901D+00
  671  0.04459418      0.18995988D+00
  672  0.04513987      0.19514194D+00
  673  0.04569223      0.20041447D+00
  674  0.04625136      0.20577662D+00
  675  0.04681733      0.21122737D+00
  676  0.04739022      0.21676558D+00
  677  0.04797013      0.22238994D+00
  678  0.04855713      0.22809896D+00
  679  0.04915131      0.23389101D+00
  680  0.04975276      0.23976428D+00
  681  0.05036158      0.24571678D+00
  682  0.05097784      0.25174635D+00
  683  0.05160164      0.25785063D+00
  684  0.05223308      0.26402709D+00
  685  0.05287225      0.27027299D+00
  686  0.05351923      0.27658540D+00
  687  0.05417413      0.28296120D+00
  688  0.05483705      0.28939705D+00
  689  0.05550808      0.29588940D+00
  690  0.05618732      0.30243452D+00
  691  0.05687487      0.30902844D+00
  692  0.05757084      0.31566699D+00
  693  0.05827532      0.32234578D+00
  694  0.05898842      0.32906022D+00
  695  0.05971025      0.33580547D+00
  696  0.06044091      0.34257651D+00
  697  0.06118051      0.34936808D+00
  698  0.06192917      0.35617472D+00
  699  0.06268698      0.36299075D+00
  700  0.06345407      0.36981028D+00
  701  0.06423054      0.37662721D+00
  702  0.06501651      0.38343524D+00
  703  0.06581211      0.39022785D+00
  704  0.06661743      0.39699836D+00
  705  0.06743262      0.40373986D+00
  706  0.06825778      0.41044528D+00
  707  0.06909303      0.41710736D+00
  708  0.06993851      0.42371867D+00
  709  0.07079433      0.43027162D+00
  710  0.07166062      0.43675847D+00
  711  0.07253752      0.44317133D+00
  712  0.07342514      0.44950218D+00
  713  0.07432363      0.45574286D+00
  714  0.07523311      0.46188514D+00
  715  0.07615372      0.46792066D+00
  716  0.07708560      0.47384099D+00
  717  0.07802888      0.47963761D+00
  718  0.07898370      0.48530199D+00
  719  0.07995021      0.49082552D+00
  720  0.08092854      0.49619958D+00
  721  0.08191885      0.50141556D+00
  722  0.08292127      0.50646486D+00
  723  0.08393596      0.51133889D+00
  724  0.08496306      0.51602914D+00
  725  0.08600274      0.52052716D+00
  726  0.08705513      0.52482459D+00
  727  0.08812041      0.52891319D+00
  728  0.08919872      0.53278484D+00
  729  0.09029022      0.53643160D+00
  730  0.09139509      0.53984567D+00
  731  0.09251347      0.54301948D+00
  732  0.09364553      0.54594568D+00
  733  0.09479145      0.54861713D+00
  734  0.09595140      0.55102701D+00
  735  0.09712553      0.55316874D+00
  736  0.09831404      0.55503608D+00
  737  0.09951708      0.55662311D+00
  738  0.10073485      0.55792426D+00
  739  0.10196752      0.55893435D+00
  740  0.10321528      0.55964859D+00
  741  0.10447830      0.56006259D+00
  742  0.10575678      0.56017243D+00
  743  0.10705090      0.55997462D+00
  744  0.10836086      0.55946614D+00
  745  0.10968684      0.55864449D+00
  746  0.11102906      0.55750764D+00
  747  0.11238770      0.55605411D+00
  748  0.11376296      0.55428293D+00
  749  0.11515505      0.55219371D+00
  750  0.11656418      0.54978660D+00
  751  0.11799055      0.54706231D+00
  752  0.11943437      0.54402215D+00
  753  0.12089586      0.54066799D+00
  754  0.12237524      0.53700231D+00
  755  0.12387272      0.53302817D+00
  756  0.12538852      0.52874923D+00
  757  0.12692287      0.52416973D+00
  758  0.12847600      0.51929452D+00
  759  0.13004813      0.51412902D+00
  760  0.13163950      0.50867923D+00
  761  0.13325035      0.50295174D+00
  762  0.13488090      0.49695368D+00
  763  0.13653141      0.49069275D+00
  764  0.13820212      0.48417716D+00
  765  0.13989326      0.47741567D+00
  766  0.14160511      0.47041750D+00
  767  0.14333790      0.46319240D+00
  768  0.14509189      0.45575054D+00
  769  0.14686735      0.44810253D+00
  770  0.14866453      0.44025942D+00
  771  0.15048371      0.43223259D+00
  772  0.15232514      0.42403383D+00
  773  0.15418911      0.41567521D+00
  774  0.15607589      0.40716910D+00
  775  0.15798576      0.39852814D+00
  776  0.15991899      0.38976519D+00
  777  0.16187589      0.38089329D+00
  778  0.16385673      0.37192563D+00
  779  0.16586180      0.36287553D+00
  780  0.16789142      0.35375638D+00
  781  0.16994587      0.34458159D+00
  782  0.17202546      0.33536460D+00
  783  0.17413050      0.32611879D+00
  784  0.17626129      0.31685749D+00
  785  0.17841816      0.30759388D+00
  786  0.18060143      0.29834101D+00
  787  0.18281141      0.28911174D+00
  788  0.18504843      0.27991870D+00
  789  0.18731283      0.27077426D+00
  790  0.18960493      0.26169049D+00
  791  0.19192509      0.25267914D+00
  792  0.19427363      0.24375158D+00
  793  0.19665091      0.23491882D+00
  794  0.19905729      0.22619142D+00
  795  0.20149311      0.21757951D+00
  796  0.20395873      0.20909275D+00
  797  0.20645453      0.20074030D+00
  798  0.20898087      0.19253082D+00
  799  0.21153812      0.18447241D+00
  800  0.21412667      0.17657266D+00
  801  0.21674689      0.16883858D+00
  802  0.21939917      0.16127660D+00
  803  0.22208391      0.15389258D+00
  804  0.22480150      0.14669180D+00
  805  0.22755235      0.13967895D+00
  806  0.23033686      0.13285811D+00
  807  0.23315544      0.12623280D+00
  808  0.23600851      0.11980594D+00
  809  0.23889650      0.11357987D+00
  810  0.24181982      0.10755637D+00
  811  0.24477891      0.10173666D+00
  812  0.24777422      0.96121400D-01
  813  0.25080618      0.90710736D-01
  814  0.25387524      0.85504291D-01
  815  0.25698185      0.80501197D-01
  816  0.26012648      0.75700108D-01
  817  0.26330959      0.71099224D-01
  818  0.26653166      0.66696316D-01
  819  0.26979314      0.62488746D-01
  820  0.27309454      0.58473495D-01
  821  0.27643634      0.54647188D-01
  822  0.27981903      0.51006122D-01
  823  0.28324312      0.47546291D-01
  824  0.28670910      0.44263413D-01
  825  0.29021749      0.41152961D-01
  826  0.29376882      0.38210187D-01
  827  0.29736361      0.35430152D-01
  828  0.30100238      0.32807753D-01
  829  0.30468568      0.30337749D-01
  830  0.30841405      0.28014786D-01
  831  0.31218804      0.25833427D-01
  832  0.31600822      0.23788172D-01
  833  0.31987514      0.21873484D-01
  834  0.32378938      0.20083813D-01
  835  0.32775152      0.18413615D-01
  836  0.33176215      0.16857376D-01
  837  0.33582185      0.15409627D-01
  838  0.33993122      0.14064967D-01
  839  0.34409089      0.12818077D-01
  840  0.34830145      0.11663734D-01
  841  0.35256354      0.10596827D-01
  842  0.35687778      0.96123705D-02
  843  0.36124482      0.87055132D-02
  844  0.36566529      0.78715487D-02
  845  0.37013985      0.71059241D-02
  846  0.37466917      0.64042470D-02
  847  0.37925392      0.57622909D-02
  848  0.38389476      0.51759998D-02
  849  0.38859240      0.46414919D-02
  850  0.39334752      0.41550611D-02
  851  0.39816083      0.37131782D-02
  852  0.40303303      0.33124914D-02
  853  0.40796486      0.29498247D-02
  854  0.41295703      0.26221767D-02
  855  0.41801030      0.23267178D-02
  856  0.42312540      0.20607869D-02
  857  0.42830309      0.18218875D-02
  858  0.43354414      0.16076834D-02
  859  0.43884932      0.14159935D-02
  860  0.44421943      0.12447867D-02
  861  0.44965524      0.10921759D-02
  862  0.45515757      0.95641234D-03
  863  0.46072724      0.83587911D-03
  864  0.46636505      0.72908505D-03
  865  0.47207186      0.63465822D-03
  866  0.47784850      0.55133943D-03
  867  0.48369582      0.47797585D-03
  868  0.48961470      0.41351456D-03
  869  0.49560601      0.35699625D-03
  870  0.50167063      0.30754910D-03
  871  0.50780946      0.26438267D-03
  872  0.51402342      0.22678218D-03
  873  0.52031341      0.19410280D-03
  874  0.52668037      0.16576430D-03
  875  0.53312524      0.14124589D-03
  876  0.53964897      0.12008128D-03
  877  0.54625254      0.10185410D-03
  878  0.55293691      0.86193443D-04
  879  0.55970308      0.72769801D-04
  880  0.56655204      0.61291172D-04
  881  0.57348481      0.51499483D-04
  882  0.58050242      0.43167240D-04
  883  0.58760590      0.36094439D-04
  884  0.59479630      0.30105710D-04
  885  0.60207469      0.25047701D-04
  886  0.60944215      0.20786672D-04
  887  0.61689976      0.17206308D-04
  888  0.62444862      0.14205726D-04
  889  0.63208986      0.11697671D-04
  890  0.63982461      0.96068881D-05
  891  0.64765400      0.78686511D-05
  892  0.65557920      0.64274522D-05
  893  0.66360138      0.52358240D-05
  894  0.67172172      0.42532927D-05
  895  0.67994143      0.34454491D-05
  896  0.68826172      0.27831257D-05
  897  0.69668383      0.22416726D-05
  898  0.70520900      0.18003198D-05
  899  0.71383848      0.14416201D-05
  900  0.72257357      0.11509624D-05
  901  0.73141554      0.91614814D-06
  902  0.74036571      0.72702546D-06
  903  0.74942540      0.57517194D-06
  904  0.75859595      0.45362247D-06
  905  0.76787873      0.35663557D-06
  906  0.77727509      0.27949382D-06
  907  0.78678643      0.21833394D-06
  908  0.79641416      0.17000262D-06
  909  0.80615971      0.13193465D-06
  910  0.81602451      0.10205034D-06
  911  0.82601002      0.78669343D-07
  912  0.83611772      0.60438691D-07
  913  0.84634911      0.46272799D-07
  914  0.85670569      0.35303700D-07
  915  0.86718901      0.26839888D-07
  916  0.87780061      0.20332430D-07
  917  0.88854206      0.15347153D-07
  918  0.89941496      0.11541917D-07
  919  0.91042090      0.86481067D-08
  920  0.92156152      0.64556248D-08
  921  0.93283846      0.48007667D-08
  922  0.94425340      0.35564663D-08
  923  0.95580802      0.26244787D-08
  924  0.96750403      0.19291406D-08
  925  0.97934317      0.14124113D-08
  926  0.99132717      0.10299465D-08
  927  1.00345782      0.74800402D-09
  928  1.01573692      0.54101358D-09
  929  1.02816626      0.38967847D-09
  930  1.04074771      0.27949718D-09
  931  1.05348311      0.19961801D-09
  932  1.06637435      0.14195529D-09
  933  1.07942333      0.10051039D-09
  934  1.09263200      0.70852574D-10
  935  1.10600229      0.49723656D-10
  936  1.11953620      0.34738450D-10
  937  1.13323572      0.24158764D-10
  938  1.14710287      0.16723707D-10
  939  1.16113972      0.11522861D-10
  940  1.17534833      0.79019473D-11
  941  1.18973080      0.53929921D-11
  942  1.20428928      0.36628810D-11
  943  1.21902590      0.24756454D-11
  944  1.23394285      0.16649515D-11
  945  1.24904234      0.11141326D-11
  946  1.26432659      0.74176900D-12
  947  1.27979788      0.49132736D-12
  948  1.29545848      0.32375568D-12
  949  1.31131072      0.21221758D-12
  950  1.32735694      0.13836807D-12
  951  1.34359951      0.89733299D-13
  952  1.36004084      0.57877121D-13
  953  1.37668336      0.37125103D-13
  954  1.39352953      0.23681398D-13
  955  1.41058184      0.15020934D-13
  956  1.42784282      0.94734210D-14
  957  1.44531502      0.59402767D-14
  958  1.46300102      0.37030965D-14
  959  1.48090344      0.22948216D-14
  960  1.49902493      0.14135890D-14
  961  1.51736817      0.86546360D-15
  962  1.53593586      0.52660007D-15
  963  1.55473077      0.31839379D-15
  964  1.57375567      0.19126178D-15
  965  1.59301337      0.11412186D-15
  966  1.61250672      0.67614429D-16
  967  1.63223861      0.39749166D-16
  968  1.65221195      0.23178147D-16
  969  1.67242971      0.13386369D-16
  970  1.69289486      0.75959749D-17
  971  1.71361044      0.43197630D-17
  972  1.73457951      0.24595407D-17
  973  1.75580518      0.13907687D-17
  974  1.77729058      0.78095496D-18
  975  1.79903889      0.43544186D-18
  976  1.82105333      0.00000000D+00
  977  1.84333716      0.00000000D+00
  978  1.86589367      0.00000000D+00
  979  1.88872620      0.00000000D+00
  980  1.91183812      0.00000000D+00
  981  1.93523286      0.00000000D+00
  982  1.95891388      0.00000000D+00
  983  1.98288467      0.00000000D+00
  984  2.00714880      0.00000000D+00
  985  2.03170983      0.00000000D+00
  986  2.05657142      0.00000000D+00
  987  2.08173723      0.00000000D+00
  988  2.10721098      0.00000000D+00
  989  2.13299646      0.00000000D+00
  990  2.15909747      0.00000000D+00
  991  2.18551786      0.00000000D+00
  992  2.21226156      0.00000000D+00
  993  2.23933252      0.00000000D+00
  994  2.26673474      0.00000000D+00
  995  2.29447227      0.00000000D+00
  996  2.32254922      0.00000000D+00
  997  2.35096974      0.00000000D+00
  998  2.37973804      0.00000000D+00
  999  2.40885837      0.00000000D+00
 1000  2.43833503      0.00000000D+00
 1001  2.46817240      0.00000000D+00
 1002  2.49837488      0.00000000D+00
 1003  2.52894694      0.00000000D+00
 1004  2.55989311      0.00000000D+00
 1005  2.59121795      0.00000000D+00
 1006  2.62292611      0.00000000D+00
 1007  2.65502228      0.00000000D+00
 1008  2.68751120      0.00000000D+00
 1009  2.72039768      0.00000000D+00
 1010  2.75368659      0.00000000D+00
 1011  2.78738284      0.00000000D+00
 1012  2.82149143      0.00000000D+00
 1013  2.85601740      0.00000000D+00
 1014  2.89096585      0.00000000D+00
 1015  2.92634196      0.00000000D+00
 1016  2.96215096      0.00000000D+00
 1017  2.99839815      0.00000000D+00
 1018  3.03508888      0.00000000D+00
 1019  3.07222860      0.00000000D+00
 1020  3.10982278      0.00000000D+00
 1021  3.14787699      0.00000000D+00
 1022  3.18639687      0.00000000D+00
