 ir        r              f(r)*r^2
    1  0.00001289      0.68030547D-07
    2  0.00001305      0.69704760D-07
    3  0.00001321      0.71420163D-07
    4  0.00001337      0.73177769D-07
    5  0.00001353      0.74978617D-07
    6  0.00001370      0.76823769D-07
    7  0.00001387      0.78714315D-07
    8  0.00001404      0.80651371D-07
    9  0.00001421      0.82636081D-07
   10  0.00001438      0.84669617D-07
   11  0.00001456      0.86753180D-07
   12  0.00001474      0.88887999D-07
   13  0.00001492      0.91075334D-07
   14  0.00001510      0.93316478D-07
   15  0.00001528      0.95612754D-07
   16  0.00001547      0.97965516D-07
   17  0.00001566      0.10037615D-06
   18  0.00001585      0.10284609D-06
   19  0.00001605      0.10537678D-06
   20  0.00001624      0.10796972D-06
   21  0.00001644      0.11062645D-06
   22  0.00001664      0.11334852D-06
   23  0.00001684      0.11613755D-06
   24  0.00001705      0.11899518D-06
   25  0.00001726      0.12192309D-06
   26  0.00001747      0.12492302D-06
   27  0.00001768      0.12799674D-06
   28  0.00001790      0.13114606D-06
   29  0.00001812      0.13437283D-06
   30  0.00001834      0.13767897D-06
   31  0.00001857      0.14106642D-06
   32  0.00001879      0.14453718D-06
   33  0.00001902      0.14809330D-06
   34  0.00001926      0.15173688D-06
   35  0.00001949      0.15547007D-06
   36  0.00001973      0.15929506D-06
   37  0.00001997      0.16321412D-06
   38  0.00002022      0.16722955D-06
   39  0.00002046      0.17134373D-06
   40  0.00002071      0.17555909D-06
   41  0.00002097      0.17987810D-06
   42  0.00002122      0.18430332D-06
   43  0.00002148      0.18883736D-06
   44  0.00002175      0.19348288D-06
   45  0.00002201      0.19824263D-06
   46  0.00002228      0.20311942D-06
   47  0.00002255      0.20811613D-06
   48  0.00002283      0.21323569D-06
   49  0.00002311      0.21848112D-06
   50  0.00002339      0.22385553D-06
   51  0.00002368      0.22936207D-06
   52  0.00002397      0.23500400D-06
   53  0.00002426      0.24078464D-06
   54  0.00002456      0.24670740D-06
   55  0.00002486      0.25277577D-06
   56  0.00002516      0.25899332D-06
   57  0.00002547      0.26536372D-06
   58  0.00002578      0.27189073D-06
   59  0.00002610      0.27857819D-06
   60  0.00002642      0.28543005D-06
   61  0.00002674      0.29245033D-06
   62  0.00002707      0.29964318D-06
   63  0.00002740      0.30701284D-06
   64  0.00002774      0.31456365D-06
   65  0.00002807      0.32230005D-06
   66  0.00002842      0.33022661D-06
   67  0.00002877      0.33834799D-06
   68  0.00002912      0.34666898D-06
   69  0.00002947      0.35519448D-06
   70  0.00002984      0.36392951D-06
   71  0.00003020      0.37287921D-06
   72  0.00003057      0.38204886D-06
   73  0.00003094      0.39144386D-06
   74  0.00003132      0.40106974D-06
   75  0.00003171      0.41093216D-06
   76  0.00003209      0.42103694D-06
   77  0.00003249      0.43139002D-06
   78  0.00003288      0.44199750D-06
   79  0.00003329      0.45286562D-06
   80  0.00003369      0.46400079D-06
   81  0.00003411      0.47540954D-06
   82  0.00003452      0.48709861D-06
   83  0.00003495      0.49907487D-06
   84  0.00003537      0.51134536D-06
   85  0.00003581      0.52391731D-06
   86  0.00003624      0.53679812D-06
   87  0.00003669      0.54999536D-06
   88  0.00003714      0.56351680D-06
   89  0.00003759      0.57737039D-06
   90  0.00003805      0.59156429D-06
   91  0.00003852      0.60610683D-06
   92  0.00003899      0.62100659D-06
   93  0.00003947      0.63627230D-06
   94  0.00003995      0.65191297D-06
   95  0.00004044      0.66793778D-06
   96  0.00004093      0.68435615D-06
   97  0.00004143      0.70117774D-06
   98  0.00004194      0.71841243D-06
   99  0.00004245      0.73607037D-06
  100  0.00004297      0.75416192D-06
  101  0.00004350      0.77269773D-06
  102  0.00004403      0.79168868D-06
  103  0.00004457      0.81114594D-06
  104  0.00004511      0.83108093D-06
  105  0.00004567      0.85150537D-06
  106  0.00004623      0.87243127D-06
  107  0.00004679      0.89387091D-06
  108  0.00004736      0.91583689D-06
  109  0.00004794      0.93834210D-06
  110  0.00004853      0.96139977D-06
  111  0.00004912      0.98502344D-06
  112  0.00004973      0.10092270D-05
  113  0.00005033      0.10340246D-05
  114  0.00005095      0.10594308D-05
  115  0.00005157      0.10854606D-05
  116  0.00005220      0.11121293D-05
  117  0.00005284      0.11394524D-05
  118  0.00005349      0.11674460D-05
  119  0.00005414      0.11961266D-05
  120  0.00005481      0.12255109D-05
  121  0.00005548      0.12556162D-05
  122  0.00005616      0.12864603D-05
  123  0.00005684      0.13180610D-05
  124  0.00005754      0.13504371D-05
  125  0.00005824      0.13836074D-05
  126  0.00005896      0.14175914D-05
  127  0.00005968      0.14524091D-05
  128  0.00006041      0.14880809D-05
  129  0.00006115      0.15246276D-05
  130  0.00006189      0.15620707D-05
  131  0.00006265      0.16004322D-05
  132  0.00006342      0.16397344D-05
  133  0.00006420      0.16800005D-05
  134  0.00006498      0.17212540D-05
  135  0.00006578      0.17635191D-05
  136  0.00006658      0.18068205D-05
  137  0.00006740      0.18511836D-05
  138  0.00006822      0.18966343D-05
  139  0.00006905      0.19431993D-05
  140  0.00006990      0.19909059D-05
  141  0.00007076      0.20397819D-05
  142  0.00007162      0.20898559D-05
  143  0.00007250      0.21411573D-05
  144  0.00007338      0.21937160D-05
  145  0.00007428      0.22475629D-05
  146  0.00007519      0.23027293D-05
  147  0.00007611      0.23592476D-05
  148  0.00007704      0.24171508D-05
  149  0.00007799      0.24764727D-05
  150  0.00007894      0.25372481D-05
  151  0.00007991      0.25995124D-05
  152  0.00008088      0.26633020D-05
  153  0.00008187      0.27286542D-05
  154  0.00008288      0.27956072D-05
  155  0.00008389      0.28642000D-05
  156  0.00008492      0.29344728D-05
  157  0.00008596      0.30064665D-05
  158  0.00008701      0.30802232D-05
  159  0.00008807      0.31557860D-05
  160  0.00008915      0.32331988D-05
  161  0.00009024      0.33125070D-05
  162  0.00009134      0.33937567D-05
  163  0.00009246      0.34769954D-05
  164  0.00009359      0.35622716D-05
  165  0.00009474      0.36496349D-05
  166  0.00009590      0.37391365D-05
  167  0.00009707      0.38308283D-05
  168  0.00009826      0.39247639D-05
  169  0.00009946      0.40209980D-05
  170  0.00010068      0.41195865D-05
  171  0.00010191      0.42205871D-05
  172  0.00010316      0.43240583D-05
  173  0.00010442      0.44300606D-05
  174  0.00010570      0.45386556D-05
  175  0.00010699      0.46499065D-05
  176  0.00010830      0.47638779D-05
  177  0.00010963      0.48806363D-05
  178  0.00011097      0.50002495D-05
  179  0.00011233      0.51227871D-05
  180  0.00011370      0.52483203D-05
  181  0.00011509      0.53769220D-05
  182  0.00011650      0.55086670D-05
  183  0.00011793      0.56436319D-05
  184  0.00011937      0.57818949D-05
  185  0.00012083      0.59235364D-05
  186  0.00012231      0.60686387D-05
  187  0.00012380      0.62172859D-05
  188  0.00012532      0.63695642D-05
  189  0.00012685      0.65255621D-05
  190  0.00012840      0.66853700D-05
  191  0.00012998      0.68490805D-05
  192  0.00013157      0.70167887D-05
  193  0.00013318      0.71885915D-05
  194  0.00013481      0.73645887D-05
  195  0.00013646      0.75448821D-05
  196  0.00013813      0.77295761D-05
  197  0.00013982      0.79187777D-05
  198  0.00014153      0.81125963D-05
  199  0.00014326      0.83111442D-05
  200  0.00014501      0.85145361D-05
  201  0.00014679      0.87228898D-05
  202  0.00014858      0.89363255D-05
  203  0.00015040      0.91549667D-05
  204  0.00015224      0.93789398D-05
  205  0.00015410      0.96083740D-05
  206  0.00015599      0.98434019D-05
  207  0.00015790      0.10084159D-04
  208  0.00015983      0.10330785D-04
  209  0.00016179      0.10583421D-04
  210  0.00016377      0.10842213D-04
  211  0.00016577      0.11107311D-04
  212  0.00016780      0.11378867D-04
  213  0.00016985      0.11657038D-04
  214  0.00017193      0.11941984D-04
  215  0.00017403      0.12233868D-04
  216  0.00017616      0.12532860D-04
  217  0.00017832      0.12839131D-04
  218  0.00018050      0.13152857D-04
  219  0.00018271      0.13474219D-04
  220  0.00018495      0.13803400D-04
  221  0.00018721      0.14140592D-04
  222  0.00018950      0.14485986D-04
  223  0.00019182      0.14839782D-04
  224  0.00019417      0.15202183D-04
  225  0.00019654      0.15573396D-04
  226  0.00019895      0.15953634D-04
  227  0.00020138      0.16343115D-04
  228  0.00020385      0.16742063D-04
  229  0.00020634      0.17150706D-04
  230  0.00020887      0.17569278D-04
  231  0.00021142      0.17998018D-04
  232  0.00021401      0.18437172D-04
  233  0.00021663      0.18886991D-04
  234  0.00021928      0.19347733D-04
  235  0.00022196      0.19819659D-04
  236  0.00022468      0.20303041D-04
  237  0.00022743      0.20798153D-04
  238  0.00023021      0.21305279D-04
  239  0.00023303      0.21824707D-04
  240  0.00023588      0.22356734D-04
  241  0.00023876      0.22901663D-04
  242  0.00024169      0.23459804D-04
  243  0.00024464      0.24031475D-04
  244  0.00024764      0.24617002D-04
  245  0.00025067      0.25216717D-04
  246  0.00025373      0.25830961D-04
  247  0.00025684      0.26460084D-04
  248  0.00025998      0.27104441D-04
  249  0.00026316      0.27764401D-04
  250  0.00026638      0.28440335D-04
  251  0.00026964      0.29132629D-04
  252  0.00027294      0.29841674D-04
  253  0.00027628      0.30567872D-04
  254  0.00027966      0.31311634D-04
  255  0.00028309      0.32073380D-04
  256  0.00028655      0.32853542D-04
  257  0.00029006      0.33652560D-04
  258  0.00029361      0.34470885D-04
  259  0.00029720      0.35308980D-04
  260  0.00030084      0.36167318D-04
  261  0.00030452      0.37046382D-04
  262  0.00030824      0.37946667D-04
  263  0.00031202      0.38868680D-04
  264  0.00031583      0.39812941D-04
  265  0.00031970      0.40779981D-04
  266  0.00032361      0.41770342D-04
  267  0.00032757      0.42784581D-04
  268  0.00033158      0.43823268D-04
  269  0.00033564      0.44886985D-04
  270  0.00033974      0.45976328D-04
  271  0.00034390      0.47091908D-04
  272  0.00034811      0.48234348D-04
  273  0.00035237      0.49404289D-04
  274  0.00035668      0.50602384D-04
  275  0.00036105      0.51829302D-04
  276  0.00036546      0.53085729D-04
  277  0.00036994      0.54372364D-04
  278  0.00037446      0.55689925D-04
  279  0.00037904      0.57039146D-04
  280  0.00038368      0.58420778D-04
  281  0.00038838      0.59835589D-04
  282  0.00039313      0.61284364D-04
  283  0.00039794      0.62767909D-04
  284  0.00040281      0.64287047D-04
  285  0.00040774      0.65842619D-04
  286  0.00041273      0.67435487D-04
  287  0.00041778      0.69066532D-04
  288  0.00042289      0.70736656D-04
  289  0.00042807      0.72446782D-04
  290  0.00043330      0.74197854D-04
  291  0.00043861      0.75990837D-04
  292  0.00044397      0.77826719D-04
  293  0.00044941      0.79706510D-04
  294  0.00045491      0.81631245D-04
  295  0.00046047      0.83601980D-04
  296  0.00046611      0.85619798D-04
  297  0.00047181      0.87685805D-04
  298  0.00047758      0.89801133D-04
  299  0.00048343      0.91966940D-04
  300  0.00048934      0.94184409D-04
  301  0.00049533      0.96454752D-04
  302  0.00050139      0.98779208D-04
  303  0.00050753      0.10115904D-03
  304  0.00051374      0.10359556D-03
  305  0.00052003      0.10609007D-03
  306  0.00052639      0.10864394D-03
  307  0.00053283      0.11125855D-03
  308  0.00053935      0.11393532D-03
  309  0.00054595      0.11667570D-03
  310  0.00055263      0.11948117D-03
  311  0.00055939      0.12235325D-03
  312  0.00056624      0.12529348D-03
  313  0.00057317      0.12830346D-03
  314  0.00058018      0.13138480D-03
  315  0.00058728      0.13453916D-03
  316  0.00059447      0.13776823D-03
  317  0.00060174      0.14107375D-03
  318  0.00060911      0.14445748D-03
  319  0.00061656      0.14792125D-03
  320  0.00062410      0.15146688D-03
  321  0.00063174      0.15509629D-03
  322  0.00063947      0.15881140D-03
  323  0.00064730      0.16261419D-03
  324  0.00065522      0.16650668D-03
  325  0.00066323      0.17049093D-03
  326  0.00067135      0.17456907D-03
  327  0.00067957      0.17874324D-03
  328  0.00068788      0.18301565D-03
  329  0.00069630      0.18738855D-03
  330  0.00070482      0.19186426D-03
  331  0.00071344      0.19644512D-03
  332  0.00072217      0.20113354D-03
  333  0.00073101      0.20593197D-03
  334  0.00073996      0.21084294D-03
  335  0.00074901      0.21586900D-03
  336  0.00075818      0.22101278D-03
  337  0.00076745      0.22627697D-03
  338  0.00077685      0.23166429D-03
  339  0.00078635      0.23717755D-03
  340  0.00079597      0.24281960D-03
  341  0.00080571      0.24859336D-03
  342  0.00081557      0.25450182D-03
  343  0.00082555      0.26054802D-03
  344  0.00083566      0.26673508D-03
  345  0.00084588      0.27306616D-03
  346  0.00085623      0.27954453D-03
  347  0.00086671      0.28617349D-03
  348  0.00087732      0.29295642D-03
  349  0.00088805      0.29989680D-03
  350  0.00089892      0.30699815D-03
  351  0.00090992      0.31426407D-03
  352  0.00092105      0.32169824D-03
  353  0.00093232      0.32930444D-03
  354  0.00094373      0.33708648D-03
  355  0.00095528      0.34504830D-03
  356  0.00096697      0.35319390D-03
  357  0.00097880      0.36152735D-03
  358  0.00099078      0.37005282D-03
  359  0.00100290      0.37877458D-03
  360  0.00101518      0.38769696D-03
  361  0.00102760      0.39682440D-03
  362  0.00104017      0.40616141D-03
  363  0.00105290      0.41571263D-03
  364  0.00106578      0.42548275D-03
  365  0.00107883      0.43547659D-03
  366  0.00109203      0.44569904D-03
  367  0.00110539      0.45615512D-03
  368  0.00111892      0.46684993D-03
  369  0.00113261      0.47778868D-03
  370  0.00114647      0.48897667D-03
  371  0.00116050      0.50041934D-03
  372  0.00117470      0.51212220D-03
  373  0.00118907      0.52409090D-03
  374  0.00120362      0.53633118D-03
  375  0.00121835      0.54884890D-03
  376  0.00123326      0.56165005D-03
  377  0.00124835      0.57474072D-03
  378  0.00126363      0.58812713D-03
  379  0.00127909      0.60181560D-03
  380  0.00129474      0.61581260D-03
  381  0.00131059      0.63012471D-03
  382  0.00132662      0.64475864D-03
  383  0.00134286      0.65972123D-03
  384  0.00135929      0.67501944D-03
  385  0.00137592      0.69066039D-03
  386  0.00139276      0.70665129D-03
  387  0.00140980      0.72299953D-03
  388  0.00142705      0.73971262D-03
  389  0.00144452      0.75679820D-03
  390  0.00146219      0.77426407D-03
  391  0.00148008      0.79211816D-03
  392  0.00149820      0.81036856D-03
  393  0.00151653      0.82902349D-03
  394  0.00153509      0.84809134D-03
  395  0.00155387      0.86758063D-03
  396  0.00157289      0.88750006D-03
  397  0.00159213      0.90785845D-03
  398  0.00161161      0.92866482D-03
  399  0.00163134      0.94992831D-03
  400  0.00165130      0.97165824D-03
  401  0.00167150      0.99386411D-03
  402  0.00169196      0.10165555D-02
  403  0.00171266      0.10397423D-02
  404  0.00173362      0.10634345D-02
  405  0.00175483      0.10876422D-02
  406  0.00177631      0.11123757D-02
  407  0.00179804      0.11376456D-02
  408  0.00182005      0.11634624D-02
  409  0.00184232      0.11898371D-02
  410  0.00186486      0.12167807D-02
  411  0.00188768      0.12443043D-02
  412  0.00191078      0.12724194D-02
  413  0.00193416      0.13011376D-02
  414  0.00195783      0.13304704D-02
  415  0.00198179      0.13604300D-02
  416  0.00200604      0.13910285D-02
  417  0.00203059      0.14222780D-02
  418  0.00205543      0.14541912D-02
  419  0.00208059      0.14867807D-02
  420  0.00210605      0.15200593D-02
  421  0.00213182      0.15540402D-02
  422  0.00215790      0.15887366D-02
  423  0.00218431      0.16241620D-02
  424  0.00221104      0.16603299D-02
  425  0.00223809      0.16972542D-02
  426  0.00226548      0.17349490D-02
  427  0.00229320      0.17734284D-02
  428  0.00232126      0.18127068D-02
  429  0.00234967      0.18527989D-02
  430  0.00237842      0.18937194D-02
  431  0.00240753      0.19354834D-02
  432  0.00243699      0.19781059D-02
  433  0.00246681      0.20216023D-02
  434  0.00249699      0.20659883D-02
  435  0.00252755      0.21112794D-02
  436  0.00255848      0.21574917D-02
  437  0.00258979      0.22046412D-02
  438  0.00262148      0.22527443D-02
  439  0.00265355      0.23018174D-02
  440  0.00268602      0.23518771D-02
  441  0.00271889      0.24029402D-02
  442  0.00275216      0.24550238D-02
  443  0.00278584      0.25081450D-02
  444  0.00281993      0.25623211D-02
  445  0.00285444      0.26175696D-02
  446  0.00288937      0.26739082D-02
  447  0.00292472      0.27313547D-02
  448  0.00296051      0.27899269D-02
  449  0.00299674      0.28496430D-02
  450  0.00303341      0.29105213D-02
  451  0.00307053      0.29725800D-02
  452  0.00310810      0.30358377D-02
  453  0.00314614      0.31003130D-02
  454  0.00318463      0.31660246D-02
  455  0.00322360      0.32329914D-02
  456  0.00326305      0.33012322D-02
  457  0.00330298      0.33707661D-02
  458  0.00334340      0.34416122D-02
  459  0.00338431      0.35137898D-02
  460  0.00342572      0.35873179D-02
  461  0.00346764      0.36622159D-02
  462  0.00351008      0.37385033D-02
  463  0.00355303      0.38161992D-02
  464  0.00359651      0.38953232D-02
  465  0.00364052      0.39758947D-02
  466  0.00368506      0.40579330D-02
  467  0.00373016      0.41414575D-02
  468  0.00377580      0.42264876D-02
  469  0.00382201      0.43130426D-02
  470  0.00386877      0.44011418D-02
  471  0.00391612      0.44908042D-02
  472  0.00396404      0.45820491D-02
  473  0.00401254      0.46748953D-02
  474  0.00406164      0.47693618D-02
  475  0.00411135      0.48654671D-02
  476  0.00416166      0.49632299D-02
  477  0.00421258      0.50626684D-02
  478  0.00426413      0.51638009D-02
  479  0.00431631      0.52666452D-02
  480  0.00436913      0.53712189D-02
  481  0.00442259      0.54775395D-02
  482  0.00447671      0.55856240D-02
  483  0.00453149      0.56954892D-02
  484  0.00458694      0.58071514D-02
  485  0.00464307      0.59206268D-02
  486  0.00469989      0.60359308D-02
  487  0.00475740      0.61530788D-02
  488  0.00481561      0.62720853D-02
  489  0.00487454      0.63929647D-02
  490  0.00493419      0.65157305D-02
  491  0.00499457      0.66403960D-02
  492  0.00505568      0.67669736D-02
  493  0.00511755      0.68954752D-02
  494  0.00518017      0.70259121D-02
  495  0.00524356      0.71582947D-02
  496  0.00530772      0.72926329D-02
  497  0.00537267      0.74289357D-02
  498  0.00543842      0.75672111D-02
  499  0.00550497      0.77074665D-02
  500  0.00557233      0.78497084D-02
  501  0.00564052      0.79939421D-02
  502  0.00570954      0.81401720D-02
  503  0.00577941      0.82884016D-02
  504  0.00585013      0.84386331D-02
  505  0.00592171      0.85908677D-02
  506  0.00599418      0.87451054D-02
  507  0.00606753      0.89013449D-02
  508  0.00614177      0.90595836D-02
  509  0.00621693      0.92198175D-02
  510  0.00629300      0.93820414D-02
  511  0.00637001      0.95462484D-02
  512  0.00644796      0.97124302D-02
  513  0.00652686      0.98805770D-02
  514  0.00660673      0.10050677D-01
  515  0.00668757      0.10222717D-01
  516  0.00676941      0.10396683D-01
  517  0.00685224      0.10572557D-01
  518  0.00693609      0.10750321D-01
  519  0.00702097      0.10929953D-01
  520  0.00710688      0.11111433D-01
  521  0.00719385      0.11294734D-01
  522  0.00728188      0.11479829D-01
  523  0.00737098      0.11666691D-01
  524  0.00746118      0.11855287D-01
  525  0.00755248      0.12045583D-01
  526  0.00764490      0.12237544D-01
  527  0.00773845      0.12431131D-01
  528  0.00783314      0.12626302D-01
  529  0.00792899      0.12823015D-01
  530  0.00802602      0.13021221D-01
  531  0.00812423      0.13220872D-01
  532  0.00822365      0.13421916D-01
  533  0.00832428      0.13624297D-01
  534  0.00842614      0.13827958D-01
  535  0.00852925      0.14032836D-01
  536  0.00863362      0.14238869D-01
  537  0.00873927      0.14445988D-01
  538  0.00884621      0.14654121D-01
  539  0.00895446      0.14863196D-01
  540  0.00906403      0.15073135D-01
  541  0.00917495      0.15283855D-01
  542  0.00928722      0.15495274D-01
  543  0.00940086      0.15707301D-01
  544  0.00951590      0.15919845D-01
  545  0.00963234      0.16132811D-01
  546  0.00975021      0.16346098D-01
  547  0.00986952      0.16559603D-01
  548  0.00999029      0.16773219D-01
  549  0.01011254      0.16986833D-01
  550  0.01023629      0.17200332D-01
  551  0.01036155      0.17413594D-01
  552  0.01048834      0.17626497D-01
  553  0.01061668      0.17838912D-01
  554  0.01074660      0.18050706D-01
  555  0.01087810      0.18261745D-01
  556  0.01101121      0.18471887D-01
  557  0.01114595      0.18680987D-01
  558  0.01128235      0.18888895D-01
  559  0.01142041      0.19095459D-01
  560  0.01156015      0.19300519D-01
  561  0.01170161      0.19503914D-01
  562  0.01184480      0.19705477D-01
  563  0.01198975      0.19905037D-01
  564  0.01213646      0.20102418D-01
  565  0.01228497      0.20297442D-01
  566  0.01243530      0.20489923D-01
  567  0.01258747      0.20679674D-01
  568  0.01274150      0.20866502D-01
  569  0.01289741      0.21050211D-01
  570  0.01305524      0.21230601D-01
  571  0.01321499      0.21407467D-01
  572  0.01337670      0.21580601D-01
  573  0.01354039      0.21749791D-01
  574  0.01370608      0.21914820D-01
  575  0.01387380      0.22075471D-01
  576  0.01404357      0.22231520D-01
  577  0.01421542      0.22382742D-01
  578  0.01438937      0.22528907D-01
  579  0.01456545      0.22669784D-01
  580  0.01474368      0.22805138D-01
  581  0.01492409      0.22934733D-01
  582  0.01510672      0.23058328D-01
  583  0.01529158      0.23175683D-01
  584  0.01547869      0.23286555D-01
  585  0.01566810      0.23390699D-01
  586  0.01585983      0.23487869D-01
  587  0.01605390      0.23577818D-01
  588  0.01625035      0.23660299D-01
  589  0.01644920      0.23735065D-01
  590  0.01665049      0.23801868D-01
  591  0.01685424      0.23860461D-01
  592  0.01706048      0.23910598D-01
  593  0.01726925      0.23952034D-01
  594  0.01748057      0.23984526D-01
  595  0.01769447      0.24007834D-01
  596  0.01791099      0.24021720D-01
  597  0.01813017      0.24025948D-01
  598  0.01835202      0.24020287D-01
  599  0.01857659      0.24004511D-01
  600  0.01880391      0.23978397D-01
  601  0.01903401      0.23941730D-01
  602  0.01926692      0.23894297D-01
  603  0.01950269      0.23835897D-01
  604  0.01974134      0.23766331D-01
  605  0.01998291      0.23685411D-01
  606  0.02022744      0.23592959D-01
  607  0.02047495      0.23488802D-01
  608  0.02072550      0.23372781D-01
  609  0.02097911      0.23244747D-01
  610  0.02123583      0.23104561D-01
  611  0.02149569      0.22952100D-01
  612  0.02175873      0.22787249D-01
  613  0.02202498      0.22609913D-01
  614  0.02229450      0.22420008D-01
  615  0.02256731      0.22217466D-01
  616  0.02284346      0.22002239D-01
  617  0.02312299      0.21774292D-01
  618  0.02340594      0.21533612D-01
  619  0.02369236      0.21280204D-01
  620  0.02398228      0.21014093D-01
  621  0.02427574      0.20735327D-01
  622  0.02457280      0.20443973D-01
  623  0.02487349      0.20140124D-01
  624  0.02517786      0.19823897D-01
  625  0.02548596      0.19495431D-01
  626  0.02579782      0.19154895D-01
  627  0.02611351      0.18802480D-01
  628  0.02643305      0.18438410D-01
  629  0.02675651      0.18062934D-01
  630  0.02708392      0.17676331D-01
  631  0.02741534      0.17278912D-01
  632  0.02775082      0.16871017D-01
  633  0.02809040      0.16453020D-01
  634  0.02843413      0.16025326D-01
  635  0.02878208      0.15588376D-01
  636  0.02913428      0.15142642D-01
  637  0.02949078      0.14688634D-01
  638  0.02985166      0.14226896D-01
  639  0.03021695      0.13758008D-01
  640  0.03058670      0.13282588D-01
  641  0.03096099      0.12801289D-01
  642  0.03133985      0.12314805D-01
  643  0.03172335      0.11823864D-01
  644  0.03211154      0.11329234D-01
  645  0.03250448      0.10831723D-01
  646  0.03290223      0.10332174D-01
  647  0.03330485      0.98314704D-02
  648  0.03371239      0.93305339D-02
  649  0.03412492      0.88303240D-02
  650  0.03454250      0.83318381D-02
  651  0.03496519      0.78361109D-02
  652  0.03539305      0.73442141D-02
  653  0.03582615      0.68572556D-02
  654  0.03626455      0.63763788D-02
  655  0.03670831      0.59027615D-02
  656  0.03715750      0.54376150D-02
  657  0.03761219      0.49821828D-02
  658  0.03807244      0.45377394D-02
  659  0.03853832      0.41055887D-02
  660  0.03900991      0.36870621D-02
  661  0.03948726      0.32835171D-02
  662  0.03997046      0.28963348D-02
  663  0.04045957      0.25269184D-02
  664  0.04095467      0.21766900D-02
  665  0.04145582      0.18470886D-02
  666  0.04196310      0.15395675D-02
  667  0.04247660      0.12555910D-02
  668  0.04299637      0.99663149D-03
  669  0.04352251      0.76416613D-03
  670  0.04405509      0.55967350D-03
  671  0.04459418      0.38462985D-03
  672  0.04513987      0.24050528D-03
  673  0.04569223      0.12875969D-03
  674  0.04625136      0.50838616D-04
  675  0.04681733      0.81687869D-05
  676  0.04739022      0.21535847D-05
  677  0.04797013      0.34168289D-04
  678  0.04855713      0.10555517D-03
  679  0.04915131      0.21761840D-03
  680  0.04975276      0.37161887D-03
  681  0.05036158      0.56876878D-03
  682  0.05097784      0.81022614D-03
  683  0.05160164      0.10970892D-02
  684  0.05223308      0.14303906D-02
  685  0.05287225      0.18110917D-02
  686  0.05351923      0.22400764D-02
  687  0.05417413      0.27181457D-02
  688  0.05483705      0.32460108D-02
  689  0.05550808      0.38242881D-02
  690  0.05618732      0.44534920D-02
  691  0.05687487      0.51340300D-02
  692  0.05757084      0.58661956D-02
  693  0.05827532      0.66501631D-02
  694  0.05898842      0.74859814D-02
  695  0.05971025      0.83735683D-02
  696  0.06044091      0.93127049D-02
  697  0.06118051      0.10303030D-01
  698  0.06192917      0.11344034D-01
  699  0.06268698      0.12435057D-01
  700  0.06345407      0.13575280D-01
  701  0.06423054      0.14763723D-01
  702  0.06501651      0.15999238D-01
  703  0.06581211      0.17280511D-01
  704  0.06661743      0.18606051D-01
  705  0.06743262      0.19974194D-01
  706  0.06825778      0.21383095D-01
  707  0.06909303      0.22830730D-01
  708  0.06993851      0.24314892D-01
  709  0.07079433      0.25833191D-01
  710  0.07166062      0.27383056D-01
  711  0.07253752      0.28961730D-01
  712  0.07342514      0.30566276D-01
  713  0.07432363      0.32193578D-01
  714  0.07523311      0.33840341D-01
  715  0.07615372      0.35503098D-01
  716  0.07708560      0.37178211D-01
  717  0.07802888      0.38861878D-01
  718  0.07898370      0.40550137D-01
  719  0.07995021      0.42238876D-01
  720  0.08092854      0.43923837D-01
  721  0.08191885      0.45600628D-01
  722  0.08292127      0.47264730D-01
  723  0.08393596      0.48911508D-01
  724  0.08496306      0.50536226D-01
  725  0.08600274      0.52134052D-01
  726  0.08705513      0.53700081D-01
  727  0.08812041      0.55229340D-01
  728  0.08919872      0.56716812D-01
  729  0.09029022      0.58157444D-01
  730  0.09139509      0.59546173D-01
  731  0.09251347      0.60877935D-01
  732  0.09364553      0.62147693D-01
  733  0.09479145      0.63350448D-01
  734  0.09595140      0.64481268D-01
  735  0.09712553      0.65535302D-01
  736  0.09831404      0.66507808D-01
  737  0.09951708      0.67394169D-01
  738  0.10073485      0.68189924D-01
  739  0.10196752      0.68890785D-01
  740  0.10321528      0.69492663D-01
  741  0.10447830      0.69991694D-01
  742  0.10575678      0.70384259D-01
  743  0.10705090      0.70667015D-01
  744  0.10836086      0.70836913D-01
  745  0.10968684      0.70891224D-01
  746  0.11102906      0.70827566D-01
  747  0.11238770      0.70643925D-01
  748  0.11376296      0.70338675D-01
  749  0.11515505      0.69910609D-01
  750  0.11656418      0.69358950D-01
  751  0.11799055      0.68683380D-01
  752  0.11943437      0.67884056D-01
  753  0.12089586      0.66961627D-01
  754  0.12237524      0.65917254D-01
  755  0.12387272      0.64752623D-01
  756  0.12538852      0.63469959D-01
  757  0.12692287      0.62072040D-01
  758  0.12847600      0.60562204D-01
  759  0.13004813      0.58944357D-01
  760  0.13163950      0.57222981D-01
  761  0.13325035      0.55403135D-01
  762  0.13488090      0.53490455D-01
  763  0.13653141      0.51491155D-01
  764  0.13820212      0.49412018D-01
  765  0.13989326      0.47260392D-01
  766  0.14160511      0.45044179D-01
  767  0.14333790      0.42771819D-01
  768  0.14509189      0.40452276D-01
  769  0.14686735      0.38095016D-01
  770  0.14866453      0.35709987D-01
  771  0.15048371      0.33307592D-01
  772  0.15232514      0.30898658D-01
  773  0.15418911      0.28494405D-01
  774  0.15607589      0.26106412D-01
  775  0.15798576      0.23746576D-01
  776  0.15991899      0.21427075D-01
  777  0.16187589      0.19160316D-01
  778  0.16385673      0.16958896D-01
  779  0.16586180      0.14835549D-01
  780  0.16789142      0.12803092D-01
  781  0.16994587      0.10874376D-01
  782  0.17202546      0.90622236D-02
  783  0.17413050      0.73793754D-02
  784  0.17626129      0.58384281D-02
  785  0.17841816      0.44517740D-02
  786  0.18060143      0.32315390D-02
  787  0.18281141      0.21895198D-02
  788  0.18504843      0.13371205D-02
  789  0.18731283      0.68528978D-03
  790  0.18960493      0.24445740D-03
  791  0.19192509      0.24472336D-04
  792  0.19427363      0.34541170D-04
  793  0.19665091      0.28316824D-03
  794  0.19905729      0.77809743D-03
  795  0.20149311      0.15262561D-02
  796  0.20395873      0.25337015D-02
  797  0.20645453      0.38055703D-02
  798  0.20898087      0.53460311D-02
  799  0.21153812      0.71582406D-02
  800  0.21412667      0.92443042D-02
  801  0.21674689      0.11605240D-01
  802  0.21939917      0.14240950D-01
  803  0.22208391      0.17150191D-01
  804  0.22480150      0.20330558D-01
  805  0.22755235      0.23778465D-01
  806  0.23033686      0.27489141D-01
  807  0.23315544      0.31456621D-01
  808  0.23600851      0.35673756D-01
  809  0.23889650      0.40132214D-01
  810  0.24181982      0.44822503D-01
  811  0.24477891      0.49733989D-01
  812  0.24777422      0.54854924D-01
  813  0.25080618      0.60172484D-01
  814  0.25387524      0.65672809D-01
  815  0.25698185      0.71341048D-01
  816  0.26012648      0.77161419D-01
  817  0.26330959      0.83117260D-01
  818  0.26653166      0.89191103D-01
  819  0.26979314      0.95364737D-01
  820  0.27309454      0.10161929D+00
  821  0.27643634      0.10793530D+00
  822  0.27981903      0.11429282D+00
  823  0.28324312      0.12067148D+00
  824  0.28670910      0.12705059D+00
  825  0.29021749      0.13340925D+00
  826  0.29376882      0.13972640D+00
  827  0.29736361      0.14598100D+00
  828  0.30100238      0.15215203D+00
  829  0.30468568      0.15821867D+00
  830  0.30841405      0.16416036D+00
  831  0.31218804      0.16995690D+00
  832  0.31600822      0.17558857D+00
  833  0.31987514      0.18103620D+00
  834  0.32378938      0.18628127D+00
  835  0.32775152      0.19130602D+00
  836  0.33176215      0.19609350D+00
  837  0.33582185      0.20062767D+00
  838  0.33993122      0.20489349D+00
  839  0.34409089      0.20887696D+00
  840  0.34830145      0.21256522D+00
  841  0.35256354      0.21594657D+00
  842  0.35687778      0.21901056D+00
  843  0.36124482      0.22174799D+00
  844  0.36566529      0.22415102D+00
  845  0.37013985      0.22621312D+00
  846  0.37466917      0.22792913D+00
  847  0.37925392      0.22929530D+00
  848  0.38389476      0.23030924D+00
  849  0.38859240      0.23096998D+00
  850  0.39334752      0.23127789D+00
  851  0.39816083      0.23123476D+00
  852  0.40303303      0.23084369D+00
  853  0.40796486      0.23010909D+00
  854  0.41295703      0.22903666D+00
  855  0.41801030      0.22763333D+00
  856  0.42312540      0.22590720D+00
  857  0.42830309      0.22386751D+00
  858  0.43354414      0.22152454D+00
  859  0.43884932      0.21888959D+00
  860  0.44421943      0.21597486D+00
  861  0.44965524      0.21279343D+00
  862  0.45515757      0.20935912D+00
  863  0.46072724      0.20568646D+00
  864  0.46636505      0.20179057D+00
  865  0.47207186      0.19768709D+00
  866  0.47784850      0.19339210D+00
  867  0.48369582      0.18892203D+00
  868  0.48961470      0.18429355D+00
  869  0.49560601      0.17952350D+00
  870  0.50167063      0.17462883D+00
  871  0.50780946      0.16962646D+00
  872  0.51402342      0.16453323D+00
  873  0.52031341      0.15936585D+00
  874  0.52668037      0.15414075D+00
  875  0.53312524      0.14887408D+00
  876  0.53964897      0.14358159D+00
  877  0.54625254      0.13827859D+00
  878  0.55293691      0.13297989D+00
  879  0.55970308      0.12769974D+00
  880  0.56655204      0.12245177D+00
  881  0.57348481      0.11724897D+00
  882  0.58050242      0.11210360D+00
  883  0.58760590      0.10702722D+00
  884  0.59479630      0.10203063D+00
  885  0.60207469      0.97123826D-01
  886  0.60944215      0.92316028D-01
  887  0.61689976      0.87615630D-01
  888  0.62444862      0.83030210D-01
  889  0.63208986      0.78566529D-01
  890  0.63982461      0.74230530D-01
  891  0.64765400      0.70027346D-01
  892  0.65557920      0.65961320D-01
  893  0.66360138      0.62036014D-01
  894  0.67172172      0.58254236D-01
  895  0.67994143      0.54618063D-01
  896  0.68826172      0.51128869D-01
  897  0.69668383      0.47787359D-01
  898  0.70520900      0.44593600D-01
  899  0.71383848      0.41547059D-01
  900  0.72257357      0.38646640D-01
  901  0.73141554      0.35890727D-01
  902  0.74036571      0.33277219D-01
  903  0.74942540      0.30803575D-01
  904  0.75859595      0.28466857D-01
  905  0.76787873      0.26263768D-01
  906  0.77727509      0.24190696D-01
  907  0.78678643      0.22243752D-01
  908  0.79641416      0.20418816D-01
  909  0.80615971      0.18711568D-01
  910  0.81602451      0.17117530D-01
  911  0.82601002      0.15632102D-01
  912  0.83611772      0.14250593D-01
  913  0.84634911      0.12968256D-01
  914  0.85670569      0.11780318D-01
  915  0.86718901      0.10682004D-01
  916  0.87780061      0.96685709D-02
  917  0.88854206      0.87353223D-02
  918  0.89941496      0.78776361D-02
  919  0.91042090      0.70909810D-02
  920  0.92156152      0.63709348D-02
  921  0.93283846      0.57131985D-02
  922  0.94425340      0.51136094D-02
  923  0.95580802      0.45681520D-02
  924  0.96750403      0.40729667D-02
  925  0.97934317      0.36243569D-02
  926  0.99132717      0.32187940D-02
  927  1.00345782      0.28529215D-02
  928  1.01573692      0.25235562D-02
  929  1.02816626      0.22276900D-02
  930  1.04074771      0.19624882D-02
  931  1.05348311      0.17252885D-02
  932  1.06637435      0.15135980D-02
  933  1.07942333      0.13250892D-02
  934  1.09263200      0.11575958D-02
  935  1.10600229      0.10091077D-02
  936  1.11953620      0.87776465D-03
  937  1.13323572      0.76185077D-03
  938  1.14710287      0.65978748D-03
  939  1.16113972      0.57012693D-03
  940  1.17534833      0.49154496D-03
  941  1.18973080      0.42283400D-03
  942  1.20428928      0.36289599D-03
  943  1.21902590      0.31073528D-03
  944  1.23394285      0.26545170D-03
  945  1.24904234      0.22623369D-03
  946  1.26432659      0.19235170D-03
  947  1.27979788      0.16315179D-03
  948  1.29545848      0.13804941D-03
  949  1.31131072      0.11652363D-03
  950  1.32735694      0.98111478D-04
  951  1.34359951      0.82402713D-04
  952  1.36004084      0.69034863D-04
  953  1.37668336      0.57688592D-04
  954  1.39352953      0.48083383D-04
  955  1.41058184      0.39973547D-04
  956  1.42784282      0.33144522D-04
  957  1.44531502      0.27409488D-04
  958  1.46300102      0.22606260D-04
  959  1.48090344      0.18594458D-04
  960  1.49902493      0.15252942D-04
  961  1.51736817      0.12477486D-04
  962  1.53593586      0.10178689D-04
  963  1.55473077      0.82801036D-05
  964  1.57375567      0.67165531D-05
  965  1.59301337      0.54326460D-05
  966  1.61250672      0.43814511D-05
  967  1.63223861      0.35233302D-05
  968  1.65221195      0.28249097D-05
  969  1.67242971      0.22581798D-05
  970  1.69289486      0.17997074D-05
  971  1.71361044      0.14299516D-05
  972  1.73457951      0.11326694D-05
  973  1.75580518      0.89440398D-06
  974  1.77729058      0.70404276D-06
  975  1.79903889      0.55243993D-06
  976  1.82105333      0.43209333D-06
  977  1.84333716      0.33686984D-06
  978  1.86589367      0.26177263D-06
  979  1.88872620      0.20274452D-06
  980  1.91183812      0.15650273D-06
  981  1.93523286      0.12040030D-06
  982  1.95891388      0.92310437D-07
  983  1.98288467      0.70530383D-07
  984  2.00714880      0.53701733D-07
  985  2.03170983      0.40744708D-07
  986  2.05657142      0.30804136D-07
  987  2.08173723      0.23205219D-07
  988  2.10721098      0.17417459D-07
  989  2.13299646      0.13025367D-07
  990  2.15909747      0.97047522D-08
  991  2.18551786      0.72036308D-08
  992  2.21226156      0.53268919D-08
  993  2.23933252      0.39240500D-08
  994  2.26673474      0.28794927D-08
  995  2.29447227      0.21047504D-08
  996  2.32254922      0.15323945D-08
  997  2.35096974      0.11112403D-08
  998  2.37973804      0.80259146D-09
  999  2.40885837      0.57731379D-09
 1000  2.43833503      0.41356292D-09
 1001  2.46817240      0.29502906D-09
 1002  2.49837488      0.20958618D-09
 1003  2.52894694      0.14825728D-09
 1004  2.55989311      0.10442531D-09
 1005  2.59121795      0.73233938D-10
 1006  2.62292611      0.51134777D-10
 1007  2.65502228      0.35546592D-10
 1008  2.68751120      0.24600124D-10
 1009  2.72039768      0.16947837D-10
 1010  2.75368659      0.11622742D-10
 1011  2.78738284      0.79341388D-11
 1012  2.82149143      0.53909711D-11
 1013  2.85601740      0.36457680D-11
 1014  2.89096585      0.24538276D-11
 1015  2.92634196      0.16436501D-11
 1016  2.96215096      0.10956237D-11
 1017  2.99839815      0.72673234D-12
 1018  3.03508888      0.47964078D-12
 1019  3.07222860      0.31496395D-12
 1020  3.10982278      0.20576989D-12
 1021  3.14787699      0.13370250D-12
 1022  3.18639687      0.86422138D-13
