 ir        r              f(r)*r^2
    1  0.00001289      0.15264920D-14
    2  0.00001305      0.16025815D-14
    3  0.00001321      0.16824635D-14
    4  0.00001337      0.17663272D-14
    5  0.00001353      0.18543710D-14
    6  0.00001370      0.19468032D-14
    7  0.00001387      0.20438426D-14
    8  0.00001404      0.21457188D-14
    9  0.00001421      0.22526729D-14
   10  0.00001438      0.23649579D-14
   11  0.00001456      0.24828395D-14
   12  0.00001474      0.26065968D-14
   13  0.00001492      0.27365225D-14
   14  0.00001510      0.28729240D-14
   15  0.00001528      0.30161242D-14
   16  0.00001547      0.31664619D-14
   17  0.00001566      0.33242928D-14
   18  0.00001585      0.34899903D-14
   19  0.00001605      0.36639466D-14
   20  0.00001624      0.38465732D-14
   21  0.00001644      0.40383024D-14
   22  0.00001664      0.42395876D-14
   23  0.00001684      0.44509053D-14
   24  0.00001705      0.46727554D-14
   25  0.00001726      0.49056628D-14
   26  0.00001747      0.51501786D-14
   27  0.00001768      0.54068814D-14
   28  0.00001790      0.56763786D-14
   29  0.00001812      0.59593077D-14
   30  0.00001834      0.62563382D-14
   31  0.00001857      0.65681729D-14
   32  0.00001879      0.68955495D-14
   33  0.00001902      0.72392427D-14
   34  0.00001926      0.76000657D-14
   35  0.00001949      0.79788720D-14
   36  0.00001973      0.83765580D-14
   37  0.00001997      0.87940646D-14
   38  0.00002022      0.92323794D-14
   39  0.00002046      0.96925396D-14
   40  0.00002071      0.10175634D-13
   41  0.00002097      0.10682805D-13
   42  0.00002122      0.11215253D-13
   43  0.00002148      0.11774237D-13
   44  0.00002175      0.12361081D-13
   45  0.00002201      0.12977171D-13
   46  0.00002228      0.13623967D-13
   47  0.00002255      0.14302997D-13
   48  0.00002283      0.15015869D-13
   49  0.00002311      0.15764269D-13
   50  0.00002339      0.16549967D-13
   51  0.00002368      0.17374822D-13
   52  0.00002397      0.18240785D-13
   53  0.00002426      0.19149905D-13
   54  0.00002456      0.20104333D-13
   55  0.00002486      0.21106326D-13
   56  0.00002516      0.22158254D-13
   57  0.00002547      0.23262606D-13
   58  0.00002578      0.24421995D-13
   59  0.00002610      0.25639163D-13
   60  0.00002642      0.26916988D-13
   61  0.00002674      0.28258494D-13
   62  0.00002707      0.29666855D-13
   63  0.00002740      0.31145400D-13
   64  0.00002774      0.32697628D-13
   65  0.00002807      0.34327210D-13
   66  0.00002842      0.36038001D-13
   67  0.00002877      0.37834048D-13
   68  0.00002912      0.39719598D-13
   69  0.00002947      0.41699111D-13
   70  0.00002984      0.43777269D-13
   71  0.00003020      0.45958988D-13
   72  0.00003057      0.48249428D-13
   73  0.00003094      0.50654006D-13
   74  0.00003132      0.53178410D-13
   75  0.00003171      0.55828609D-13
   76  0.00003209      0.58610872D-13
   77  0.00003249      0.61531779D-13
   78  0.00003288      0.64598238D-13
   79  0.00003329      0.67817501D-13
   80  0.00003369      0.71197182D-13
   81  0.00003411      0.74745274D-13
   82  0.00003452      0.78470167D-13
   83  0.00003495      0.82380671D-13
   84  0.00003537      0.86486033D-13
   85  0.00003581      0.90795962D-13
   86  0.00003624      0.95320650D-13
   87  0.00003669      0.10007080D-12
   88  0.00003714      0.10505763D-12
   89  0.00003759      0.11029296D-12
   90  0.00003805      0.11578914D-12
   91  0.00003852      0.12155919D-12
   92  0.00003899      0.12761674D-12
   93  0.00003947      0.13397612D-12
   94  0.00003995      0.14065237D-12
   95  0.00004044      0.14766127D-12
   96  0.00004093      0.15501939D-12
   97  0.00004143      0.16274413D-12
   98  0.00004194      0.17085376D-12
   99  0.00004245      0.17936745D-12
  100  0.00004297      0.18830532D-12
  101  0.00004350      0.19768853D-12
  102  0.00004403      0.20753923D-12
  103  0.00004457      0.21788073D-12
  104  0.00004511      0.22873748D-12
  105  0.00004567      0.24013514D-12
  106  0.00004623      0.25210066D-12
  107  0.00004679      0.26466232D-12
  108  0.00004736      0.27784982D-12
  109  0.00004794      0.29169434D-12
  110  0.00004853      0.30622860D-12
  111  0.00004912      0.32148697D-12
  112  0.00004973      0.33750550D-12
  113  0.00005033      0.35432207D-12
  114  0.00005095      0.37197643D-12
  115  0.00005157      0.39051031D-12
  116  0.00005220      0.40996752D-12
  117  0.00005284      0.43039404D-12
  118  0.00005349      0.45183816D-12
  119  0.00005414      0.47435056D-12
  120  0.00005481      0.49798445D-12
  121  0.00005548      0.52279570D-12
  122  0.00005616      0.54884293D-12
  123  0.00005684      0.57618771D-12
  124  0.00005754      0.60489467D-12
  125  0.00005824      0.63503164D-12
  126  0.00005896      0.66666985D-12
  127  0.00005968      0.69988407D-12
  128  0.00006041      0.73475279D-12
  129  0.00006115      0.77135840D-12
  130  0.00006189      0.80978740D-12
  131  0.00006265      0.85013061D-12
  132  0.00006342      0.89248334D-12
  133  0.00006420      0.93694569D-12
  134  0.00006498      0.98362269D-12
  135  0.00006578      0.10326247D-11
  136  0.00006658      0.10840673D-11
  137  0.00006740      0.11380723D-11
  138  0.00006822      0.11947671D-11
  139  0.00006905      0.12542857D-11
  140  0.00006990      0.13167688D-11
  141  0.00007076      0.13823639D-11
  142  0.00007162      0.14512259D-11
  143  0.00007250      0.15235177D-11
  144  0.00007338      0.15994099D-11
  145  0.00007428      0.16790817D-11
  146  0.00007519      0.17627215D-11
  147  0.00007611      0.18505268D-11
  148  0.00007704      0.19427049D-11
  149  0.00007799      0.20394737D-11
  150  0.00007894      0.21410615D-11
  151  0.00007991      0.22477084D-11
  152  0.00008088      0.23596663D-11
  153  0.00008187      0.24771995D-11
  154  0.00008288      0.26005857D-11
  155  0.00008389      0.27301161D-11
  156  0.00008492      0.28660968D-11
  157  0.00008596      0.30088487D-11
  158  0.00008701      0.31587090D-11
  159  0.00008807      0.33160315D-11
  160  0.00008915      0.34811877D-11
  161  0.00009024      0.36545676D-11
  162  0.00009134      0.38365804D-11
  163  0.00009246      0.40276560D-11
  164  0.00009359      0.42282454D-11
  165  0.00009474      0.44388221D-11
  166  0.00009590      0.46598834D-11
  167  0.00009707      0.48919510D-11
  168  0.00009826      0.51355727D-11
  169  0.00009946      0.53913236D-11
  170  0.00010068      0.56598074D-11
  171  0.00010191      0.59416577D-11
  172  0.00010316      0.62375399D-11
  173  0.00010442      0.65481521D-11
  174  0.00010570      0.68742276D-11
  175  0.00010699      0.72165357D-11
  176  0.00010830      0.75758843D-11
  177  0.00010963      0.79531214D-11
  178  0.00011097      0.83491372D-11
  179  0.00011233      0.87648660D-11
  180  0.00011370      0.92012887D-11
  181  0.00011509      0.96594352D-11
  182  0.00011650      0.10140386D-10
  183  0.00011793      0.10645276D-10
  184  0.00011937      0.11175297D-10
  185  0.00012083      0.11731698D-10
  186  0.00012231      0.12315792D-10
  187  0.00012380      0.12928958D-10
  188  0.00012532      0.13572640D-10
  189  0.00012685      0.14248358D-10
  190  0.00012840      0.14957704D-10
  191  0.00012998      0.15702353D-10
  192  0.00013157      0.16484060D-10
  193  0.00013318      0.17304668D-10
  194  0.00013481      0.18166112D-10
  195  0.00013646      0.19070424D-10
  196  0.00013813      0.20019736D-10
  197  0.00013982      0.21016286D-10
  198  0.00014153      0.22062423D-10
  199  0.00014326      0.23160614D-10
  200  0.00014501      0.24313448D-10
  201  0.00014679      0.25523641D-10
  202  0.00014858      0.26794047D-10
  203  0.00015040      0.28127660D-10
  204  0.00015224      0.29527623D-10
  205  0.00015410      0.30997235D-10
  206  0.00015599      0.32539959D-10
  207  0.00015790      0.34159432D-10
  208  0.00015983      0.35859468D-10
  209  0.00016179      0.37644074D-10
  210  0.00016377      0.39517455D-10
  211  0.00016577      0.41484022D-10
  212  0.00016780      0.43548411D-10
  213  0.00016985      0.45715482D-10
  214  0.00017193      0.47990342D-10
  215  0.00017403      0.50378348D-10
  216  0.00017616      0.52885124D-10
  217  0.00017832      0.55516574D-10
  218  0.00018050      0.58278894D-10
  219  0.00018271      0.61178590D-10
  220  0.00018495      0.64222489D-10
  221  0.00018721      0.67417757D-10
  222  0.00018950      0.70771918D-10
  223  0.00019182      0.74292867D-10
  224  0.00019417      0.77988892D-10
  225  0.00019654      0.81868694D-10
  226  0.00019895      0.85941404D-10
  227  0.00020138      0.90216606D-10
  228  0.00020385      0.94704363D-10
  229  0.00020634      0.99415234D-10
  230  0.00020887      0.10436030D-09
  231  0.00021142      0.10955121D-09
  232  0.00021401      0.11500015D-09
  233  0.00021663      0.12071996D-09
  234  0.00021928      0.12672409D-09
  235  0.00022196      0.13302666D-09
  236  0.00022468      0.13964250D-09
  237  0.00022743      0.14658715D-09
  238  0.00023021      0.15387696D-09
  239  0.00023303      0.16152906D-09
  240  0.00023588      0.16956144D-09
  241  0.00023876      0.17799299D-09
  242  0.00024169      0.18684352D-09
  243  0.00024464      0.19613385D-09
  244  0.00024764      0.20588580D-09
  245  0.00025067      0.21612229D-09
  246  0.00025373      0.22686739D-09
  247  0.00025684      0.23814632D-09
  248  0.00025998      0.24998560D-09
  249  0.00026316      0.26241304D-09
  250  0.00026638      0.27545783D-09
  251  0.00026964      0.28915061D-09
  252  0.00027294      0.30352354D-09
  253  0.00027628      0.31861036D-09
  254  0.00027966      0.33444652D-09
  255  0.00028309      0.35106918D-09
  256  0.00028655      0.36851737D-09
  257  0.00029006      0.38683205D-09
  258  0.00029361      0.40605621D-09
  259  0.00029720      0.42623496D-09
  260  0.00030084      0.44741565D-09
  261  0.00030452      0.46964800D-09
  262  0.00030824      0.49298414D-09
  263  0.00031202      0.51747884D-09
  264  0.00031583      0.54318954D-09
  265  0.00031970      0.57017654D-09
  266  0.00032361      0.59850314D-09
  267  0.00032757      0.62823575D-09
  268  0.00033158      0.65944408D-09
  269  0.00033564      0.69220130D-09
  270  0.00033974      0.72658418D-09
  271  0.00034390      0.76267331D-09
  272  0.00034811      0.80055326D-09
  273  0.00035237      0.84031280D-09
  274  0.00035668      0.88204505D-09
  275  0.00036105      0.92584780D-09
  276  0.00036546      0.97182363D-09
  277  0.00036994      0.10200802D-08
  278  0.00037446      0.10707306D-08
  279  0.00037904      0.11238932D-08
  280  0.00038368      0.11796927D-08
  281  0.00038838      0.12382596D-08
  282  0.00039313      0.12997309D-08
  283  0.00039794      0.13642506D-08
  284  0.00040281      0.14319695D-08
  285  0.00040774      0.15030461D-08
  286  0.00041273      0.15776466D-08
  287  0.00041778      0.16559455D-08
  288  0.00042289      0.17381259D-08
  289  0.00042807      0.18243799D-08
  290  0.00043330      0.19149091D-08
  291  0.00043861      0.20099252D-08
  292  0.00044397      0.21096501D-08
  293  0.00044941      0.22143169D-08
  294  0.00045491      0.23241700D-08
  295  0.00046047      0.24394662D-08
  296  0.00046611      0.25604745D-08
  297  0.00047181      0.26874776D-08
  298  0.00047758      0.28207720D-08
  299  0.00048343      0.29606687D-08
  300  0.00048934      0.31074944D-08
  301  0.00049533      0.32615915D-08
  302  0.00050139      0.34233195D-08
  303  0.00050753      0.35930557D-08
  304  0.00051374      0.37711960D-08
  305  0.00052003      0.39581557D-08
  306  0.00052639      0.41543705D-08
  307  0.00053283      0.43602980D-08
  308  0.00053935      0.45764178D-08
  309  0.00054595      0.48032337D-08
  310  0.00055263      0.50412738D-08
  311  0.00055939      0.52910926D-08
  312  0.00056624      0.55532719D-08
  313  0.00057317      0.58284219D-08
  314  0.00058018      0.61171830D-08
  315  0.00058728      0.64202272D-08
  316  0.00059447      0.67382597D-08
  317  0.00060174      0.70720200D-08
  318  0.00060911      0.74222845D-08
  319  0.00061656      0.77898674D-08
  320  0.00062410      0.81756233D-08
  321  0.00063174      0.85804485D-08
  322  0.00063947      0.90052839D-08
  323  0.00064730      0.94511161D-08
  324  0.00065522      0.99189805D-08
  325  0.00066323      0.10409964D-07
  326  0.00067135      0.10925205D-07
  327  0.00067957      0.11465900D-07
  328  0.00068788      0.12033304D-07
  329  0.00069630      0.12628733D-07
  330  0.00070482      0.13253567D-07
  331  0.00071344      0.13909255D-07
  332  0.00072217      0.14597317D-07
  333  0.00073101      0.15319347D-07
  334  0.00073996      0.16077019D-07
  335  0.00074901      0.16872085D-07
  336  0.00075818      0.17706389D-07
  337  0.00076745      0.18581860D-07
  338  0.00077685      0.19500524D-07
  339  0.00078635      0.20464507D-07
  340  0.00079597      0.21476039D-07
  341  0.00080571      0.22537458D-07
  342  0.00081557      0.23651217D-07
  343  0.00082555      0.24819890D-07
  344  0.00083566      0.26046177D-07
  345  0.00084588      0.27332910D-07
  346  0.00085623      0.28683059D-07
  347  0.00086671      0.30099740D-07
  348  0.00087732      0.31586222D-07
  349  0.00088805      0.33145934D-07
  350  0.00089892      0.34782472D-07
  351  0.00090992      0.36499607D-07
  352  0.00092105      0.38301297D-07
  353  0.00093232      0.40191692D-07
  354  0.00094373      0.42175144D-07
  355  0.00095528      0.44256220D-07
  356  0.00096697      0.46439708D-07
  357  0.00097880      0.48730631D-07
  358  0.00099078      0.51134256D-07
  359  0.00100290      0.53656109D-07
  360  0.00101518      0.56301984D-07
  361  0.00102760      0.59077959D-07
  362  0.00104017      0.61990408D-07
  363  0.00105290      0.65046015D-07
  364  0.00106578      0.68251791D-07
  365  0.00107883      0.71615089D-07
  366  0.00109203      0.75143618D-07
  367  0.00110539      0.78845465D-07
  368  0.00111892      0.82729110D-07
  369  0.00113261      0.86803446D-07
  370  0.00114647      0.91077798D-07
  371  0.00116050      0.95561945D-07
  372  0.00117470      0.10026614D-06
  373  0.00118907      0.10520114D-06
  374  0.00120362      0.11037822D-06
  375  0.00121835      0.11580921D-06
  376  0.00123326      0.12150649D-06
  377  0.00124835      0.12748308D-06
  378  0.00126363      0.13375261D-06
  379  0.00127909      0.14032936D-06
  380  0.00129474      0.14722833D-06
  381  0.00131059      0.15446522D-06
  382  0.00132662      0.16205652D-06
  383  0.00134286      0.17001950D-06
  384  0.00135929      0.17837226D-06
  385  0.00137592      0.18713380D-06
  386  0.00139276      0.19632402D-06
  387  0.00140980      0.20596379D-06
  388  0.00142705      0.21607499D-06
  389  0.00144452      0.22668057D-06
  390  0.00146219      0.23780455D-06
  391  0.00148008      0.24947216D-06
  392  0.00149820      0.26170982D-06
  393  0.00151653      0.27454523D-06
  394  0.00153509      0.28800743D-06
  395  0.00155387      0.30212686D-06
  396  0.00157289      0.31693542D-06
  397  0.00159213      0.33246656D-06
  398  0.00161161      0.34875534D-06
  399  0.00163134      0.36583851D-06
  400  0.00165130      0.38375456D-06
  401  0.00167150      0.40254388D-06
  402  0.00169196      0.42224877D-06
  403  0.00171266      0.44291356D-06
  404  0.00173362      0.46458474D-06
  405  0.00175483      0.48731101D-06
  406  0.00177631      0.51114341D-06
  407  0.00179804      0.53613543D-06
  408  0.00182005      0.56234313D-06
  409  0.00184232      0.58982525D-06
  410  0.00186486      0.61864336D-06
  411  0.00188768      0.64886195D-06
  412  0.00191078      0.68054863D-06
  413  0.00193416      0.71377422D-06
  414  0.00195783      0.74861293D-06
  415  0.00198179      0.78514252D-06
  416  0.00200604      0.82344448D-06
  417  0.00203059      0.86360416D-06
  418  0.00205543      0.90571100D-06
  419  0.00208059      0.94985871D-06
  420  0.00210605      0.99614544D-06
  421  0.00213182      0.10446740D-05
  422  0.00215790      0.10955523D-05
  423  0.00218431      0.11488929D-05
  424  0.00221104      0.12048143D-05
  425  0.00223809      0.12634402D-05
  426  0.00226548      0.13249004D-05
  427  0.00229320      0.13893308D-05
  428  0.00232126      0.14568736D-05
  429  0.00234967      0.15276780D-05
  430  0.00237842      0.16019001D-05
  431  0.00240753      0.16797034D-05
  432  0.00243699      0.17612591D-05
  433  0.00246681      0.18467467D-05
  434  0.00249699      0.19363540D-05
  435  0.00252755      0.20302776D-05
  436  0.00255848      0.21287235D-05
  437  0.00258979      0.22319074D-05
  438  0.00262148      0.23400551D-05
  439  0.00265355      0.24534032D-05
  440  0.00268602      0.25721992D-05
  441  0.00271889      0.26967022D-05
  442  0.00275216      0.28271838D-05
  443  0.00278584      0.29639281D-05
  444  0.00281993      0.31072325D-05
  445  0.00285444      0.32574084D-05
  446  0.00288937      0.34147818D-05
  447  0.00292472      0.35796940D-05
  448  0.00296051      0.37525020D-05
  449  0.00299674      0.39335798D-05
  450  0.00303341      0.41233185D-05
  451  0.00307053      0.43221279D-05
  452  0.00310810      0.45304364D-05
  453  0.00314614      0.47486927D-05
  454  0.00318463      0.49773661D-05
  455  0.00322360      0.52169478D-05
  456  0.00326305      0.54679519D-05
  457  0.00330298      0.57309161D-05
  458  0.00334340      0.60064033D-05
  459  0.00338431      0.62950023D-05
  460  0.00342572      0.65973290D-05
  461  0.00346764      0.69140279D-05
  462  0.00351008      0.72457732D-05
  463  0.00355303      0.75932701D-05
  464  0.00359651      0.79572565D-05
  465  0.00364052      0.83385040D-05
  466  0.00368506      0.87378198D-05
  467  0.00373016      0.91560479D-05
  468  0.00377580      0.95940712D-05
  469  0.00382201      0.10052813D-04
  470  0.00386877      0.10533239D-04
  471  0.00391612      0.11036359D-04
  472  0.00396404      0.11563228D-04
  473  0.00401254      0.12114951D-04
  474  0.00406164      0.12692681D-04
  475  0.00411135      0.13297625D-04
  476  0.00416166      0.13931044D-04
  477  0.00421258      0.14594257D-04
  478  0.00426413      0.15288643D-04
  479  0.00431631      0.16015642D-04
  480  0.00436913      0.16776759D-04
  481  0.00442259      0.17573569D-04
  482  0.00447671      0.18407717D-04
  483  0.00453149      0.19280920D-04
  484  0.00458694      0.20194975D-04
  485  0.00464307      0.21151758D-04
  486  0.00469989      0.22153230D-04
  487  0.00475740      0.23201440D-04
  488  0.00481561      0.24298526D-04
  489  0.00487454      0.25446725D-04
  490  0.00493419      0.26648371D-04
  491  0.00499457      0.27905903D-04
  492  0.00505568      0.29221869D-04
  493  0.00511755      0.30598927D-04
  494  0.00518017      0.32039857D-04
  495  0.00524356      0.33547558D-04
  496  0.00530772      0.35125058D-04
  497  0.00537267      0.36775521D-04
  498  0.00543842      0.38502246D-04
  499  0.00550497      0.40308680D-04
  500  0.00557233      0.42198419D-04
  501  0.00564052      0.44175217D-04
  502  0.00570954      0.46242993D-04
  503  0.00577941      0.48405835D-04
  504  0.00585013      0.50668010D-04
  505  0.00592171      0.53033969D-04
  506  0.00599418      0.55508358D-04
  507  0.00606753      0.58096022D-04
  508  0.00614177      0.60802016D-04
  509  0.00621693      0.63631611D-04
  510  0.00629300      0.66590308D-04
  511  0.00637001      0.69683840D-04
  512  0.00644796      0.72918189D-04
  513  0.00652686      0.76299590D-04
  514  0.00660673      0.79834544D-04
  515  0.00668757      0.83529828D-04
  516  0.00676941      0.87392509D-04
  517  0.00685224      0.91429950D-04
  518  0.00693609      0.95649827D-04
  519  0.00702097      0.10006014D-03
  520  0.00710688      0.10466921D-03
  521  0.00719385      0.10948574D-03
  522  0.00728188      0.11451877D-03
  523  0.00737098      0.11977772D-03
  524  0.00746118      0.12527241D-03
  525  0.00755248      0.13101306D-03
  526  0.00764490      0.13701031D-03
  527  0.00773845      0.14327526D-03
  528  0.00783314      0.14981943D-03
  529  0.00792899      0.15665485D-03
  530  0.00802602      0.16379403D-03
  531  0.00812423      0.17124996D-03
  532  0.00822365      0.17903621D-03
  533  0.00832428      0.18716685D-03
  534  0.00842614      0.19565657D-03
  535  0.00852925      0.20452060D-03
  536  0.00863362      0.21377481D-03
  537  0.00873927      0.22343570D-03
  538  0.00884621      0.23352043D-03
  539  0.00895446      0.24404683D-03
  540  0.00906403      0.25503346D-03
  541  0.00917495      0.26649959D-03
  542  0.00928722      0.27846525D-03
  543  0.00940086      0.29095126D-03
  544  0.00951590      0.30397925D-03
  545  0.00963234      0.31757170D-03
  546  0.00975021      0.33175195D-03
  547  0.00986952      0.34654423D-03
  548  0.00999029      0.36197373D-03
  549  0.01011254      0.37806656D-03
  550  0.01023629      0.39484987D-03
  551  0.01036155      0.41235181D-03
  552  0.01048834      0.43060159D-03
  553  0.01061668      0.44962955D-03
  554  0.01074660      0.46946712D-03
  555  0.01087810      0.49014693D-03
  556  0.01101121      0.51170280D-03
  557  0.01114595      0.53416981D-03
  558  0.01128235      0.55758433D-03
  559  0.01142041      0.58198403D-03
  560  0.01156015      0.60740797D-03
  561  0.01170161      0.63389662D-03
  562  0.01184480      0.66149188D-03
  563  0.01198975      0.69023715D-03
  564  0.01213646      0.72017740D-03
  565  0.01228497      0.75135915D-03
  566  0.01243530      0.78383055D-03
  567  0.01258747      0.81764145D-03
  568  0.01274150      0.85284340D-03
  569  0.01289741      0.88948975D-03
  570  0.01305524      0.92763563D-03
  571  0.01321499      0.96733807D-03
  572  0.01337670      0.10086560D-02
  573  0.01354039      0.10516503D-02
  574  0.01370608      0.10963840D-02
  575  0.01387380      0.11429220D-02
  576  0.01404357      0.11913314D-02
  577  0.01421542      0.12416816D-02
  578  0.01438937      0.12940440D-02
  579  0.01456545      0.13484924D-02
  580  0.01474368      0.14051029D-02
  581  0.01492409      0.14639540D-02
  582  0.01510672      0.15251267D-02
  583  0.01529158      0.15887043D-02
  584  0.01547869      0.16547727D-02
  585  0.01566810      0.17234204D-02
  586  0.01585983      0.17947386D-02
  587  0.01605390      0.18688211D-02
  588  0.01625035      0.19457644D-02
  589  0.01644920      0.20256677D-02
  590  0.01665049      0.21086332D-02
  591  0.01685424      0.21947658D-02
  592  0.01706048      0.22841733D-02
  593  0.01726925      0.23769667D-02
  594  0.01748057      0.24732594D-02
  595  0.01769447      0.25731685D-02
  596  0.01791099      0.26768135D-02
  597  0.01813017      0.27843174D-02
  598  0.01835202      0.28958061D-02
  599  0.01857659      0.30114086D-02
  600  0.01880391      0.31312571D-02
  601  0.01903401      0.32554868D-02
  602  0.01926692      0.33842363D-02
  603  0.01950269      0.35176472D-02
  604  0.01974134      0.36558641D-02
  605  0.01998291      0.37990350D-02
  606  0.02022744      0.39473109D-02
  607  0.02047495      0.41008460D-02
  608  0.02072550      0.42597974D-02
  609  0.02097911      0.44243255D-02
  610  0.02123583      0.45945936D-02
  611  0.02149569      0.47707678D-02
  612  0.02175873      0.49530174D-02
  613  0.02202498      0.51415144D-02
  614  0.02229450      0.53364336D-02
  615  0.02256731      0.55379523D-02
  616  0.02284346      0.57462507D-02
  617  0.02312299      0.59615112D-02
  618  0.02340594      0.61839187D-02
  619  0.02369236      0.64136604D-02
  620  0.02398228      0.66509253D-02
  621  0.02427574      0.68959046D-02
  622  0.02457280      0.71487911D-02
  623  0.02487349      0.74097792D-02
  624  0.02517786      0.76790648D-02
  625  0.02548596      0.79568446D-02
  626  0.02579782      0.82433165D-02
  627  0.02611351      0.85386791D-02
  628  0.02643305      0.88431311D-02
  629  0.02675651      0.91568716D-02
  630  0.02708392      0.94800992D-02
  631  0.02741534      0.98130122D-02
  632  0.02775082      0.10155808D-01
  633  0.02809040      0.10508683D-01
  634  0.02843413      0.10871830D-01
  635  0.02878208      0.11245444D-01
  636  0.02913428      0.11629713D-01
  637  0.02949078      0.12024824D-01
  638  0.02985166      0.12430962D-01
  639  0.03021695      0.12848305D-01
  640  0.03058670      0.13277029D-01
  641  0.03096099      0.13717304D-01
  642  0.03133985      0.14169294D-01
  643  0.03172335      0.14633157D-01
  644  0.03211154      0.15109046D-01
  645  0.03250448      0.15597103D-01
  646  0.03290223      0.16097465D-01
  647  0.03330485      0.16610258D-01
  648  0.03371239      0.17135600D-01
  649  0.03412492      0.17673597D-01
  650  0.03454250      0.18224345D-01
  651  0.03496519      0.18787927D-01
  652  0.03539305      0.19364414D-01
  653  0.03582615      0.19953862D-01
  654  0.03626455      0.20556315D-01
  655  0.03670831      0.21171797D-01
  656  0.03715750      0.21800320D-01
  657  0.03761219      0.22441875D-01
  658  0.03807244      0.23096438D-01
  659  0.03853832      0.23763962D-01
  660  0.03900991      0.24444382D-01
  661  0.03948726      0.25137609D-01
  662  0.03997046      0.25843534D-01
  663  0.04045957      0.26562023D-01
  664  0.04095467      0.27292917D-01
  665  0.04145582      0.28036031D-01
  666  0.04196310      0.28791154D-01
  667  0.04247660      0.29558046D-01
  668  0.04299637      0.30336437D-01
  669  0.04352251      0.31126028D-01
  670  0.04405509      0.31926489D-01
  671  0.04459418      0.32737455D-01
  672  0.04513987      0.33558529D-01
  673  0.04569223      0.34389280D-01
  674  0.04625136      0.35229239D-01
  675  0.04681733      0.36077902D-01
  676  0.04739022      0.36934727D-01
  677  0.04797013      0.37799131D-01
  678  0.04855713      0.38670494D-01
  679  0.04915131      0.39548155D-01
  680  0.04975276      0.40431410D-01
  681  0.05036158      0.41319514D-01
  682  0.05097784      0.42211678D-01
  683  0.05160164      0.43107071D-01
  684  0.05223308      0.44004818D-01
  685  0.05287225      0.44903996D-01
  686  0.05351923      0.45803641D-01
  687  0.05417413      0.46702743D-01
  688  0.05483705      0.47600243D-01
  689  0.05550808      0.48495042D-01
  690  0.05618732      0.49385992D-01
  691  0.05687487      0.50271899D-01
  692  0.05757084      0.51151527D-01
  693  0.05827532      0.52023593D-01
  694  0.05898842      0.52886771D-01
  695  0.05971025      0.53739693D-01
  696  0.06044091      0.54580947D-01
  697  0.06118051      0.55409082D-01
  698  0.06192917      0.56222605D-01
  699  0.06268698      0.57019987D-01
  700  0.06345407      0.57799661D-01
  701  0.06423054      0.58560026D-01
  702  0.06501651      0.59299451D-01
  703  0.06581211      0.60016272D-01
  704  0.06661743      0.60708798D-01
  705  0.06743262      0.61375316D-01
  706  0.06825778      0.62014090D-01
  707  0.06909303      0.62623365D-01
  708  0.06993851      0.63201375D-01
  709  0.07079433      0.63746341D-01
  710  0.07166062      0.64256478D-01
  711  0.07253752      0.64729999D-01
  712  0.07342514      0.65165122D-01
  713  0.07432363      0.65560071D-01
  714  0.07523311      0.65913081D-01
  715  0.07615372      0.66222410D-01
  716  0.07708560      0.66486337D-01
  717  0.07802888      0.66703172D-01
  718  0.07898370      0.66871261D-01
  719  0.07995021      0.66988995D-01
  720  0.08092854      0.67054811D-01
  721  0.08191885      0.67067206D-01
  722  0.08292127      0.67024740D-01
  723  0.08393596      0.66926043D-01
  724  0.08496306      0.66769825D-01
  725  0.08600274      0.66554882D-01
  726  0.08705513      0.66280104D-01
  727  0.08812041      0.65944486D-01
  728  0.08919872      0.65547130D-01
  729  0.09029022      0.65087259D-01
  730  0.09139509      0.64564223D-01
  731  0.09251347      0.63977507D-01
  732  0.09364553      0.63326739D-01
  733  0.09479145      0.62611702D-01
  734  0.09595140      0.61832335D-01
  735  0.09712553      0.60988750D-01
  736  0.09831404      0.60081231D-01
  737  0.09951708      0.59110250D-01
  738  0.10073485      0.58076470D-01
  739  0.10196752      0.56980750D-01
  740  0.10321528      0.55824161D-01
  741  0.10447830      0.54607982D-01
  742  0.10575678      0.53333714D-01
  743  0.10705090      0.52003083D-01
  744  0.10836086      0.50618043D-01
  745  0.10968684      0.49180788D-01
  746  0.11102906      0.47693748D-01
  747  0.11238770      0.46159597D-01
  748  0.11376296      0.44581256D-01
  749  0.11515505      0.42961893D-01
  750  0.11656418      0.41304928D-01
  751  0.11799055      0.39614029D-01
  752  0.11943437      0.37893116D-01
  753  0.12089586      0.36146355D-01
  754  0.12237524      0.34378160D-01
  755  0.12387272      0.32593189D-01
  756  0.12538852      0.30796337D-01
  757  0.12692287      0.28992734D-01
  758  0.12847600      0.27187735D-01
  759  0.13004813      0.25386915D-01
  760  0.13163950      0.23596060D-01
  761  0.13325035      0.21821153D-01
  762  0.13488090      0.20068367D-01
  763  0.13653141      0.18344053D-01
  764  0.13820212      0.16654720D-01
  765  0.13989326      0.15007025D-01
  766  0.14160511      0.13407757D-01
  767  0.14333790      0.11863815D-01
  768  0.14509189      0.10382193D-01
  769  0.14686735      0.89699568D-02
  770  0.14866453      0.76342262D-02
  771  0.15048371      0.63821494D-02
  772  0.15232514      0.52208808D-02
  773  0.15418911      0.41575561D-02
  774  0.15607589      0.31992670D-02
  775  0.15798576      0.23530344D-02
  776  0.15991899      0.16257813D-02
  777  0.16187589      0.10243044D-02
  778  0.16385673      0.55524612D-03
  779  0.16586180      0.22506460D-03
  780  0.16789142      0.40004552D-04
  781  0.16994587      0.60671152D-05
  782  0.17202546      0.12897978D-03
  783  0.17413050      0.41416620D-03
  784  0.17626129      0.86671613D-03
  785  0.17841816      0.14913555D-02
  786  0.18060143      0.22924172D-02
  787  0.18281141      0.32738119D-02
  788  0.18504843      0.44389999D-02
  789  0.18731283      0.57909639D-02
  790  0.18960493      0.73321829D-02
  791  0.19192509      0.90646065D-02
  792  0.19427363      0.10989632D-01
  793  0.19665091      0.13108081D-01
  794  0.19905729      0.15420180D-01
  795  0.20149311      0.17925542D-01
  796  0.20395873      0.20623147D-01
  797  0.20645453      0.23511333D-01
  798  0.20898087      0.26587777D-01
  799  0.21153812      0.29849492D-01
  800  0.21412667      0.33292814D-01
  801  0.21674689      0.36913401D-01
  802  0.21939917      0.40706232D-01
  803  0.22208391      0.44665604D-01
  804  0.22480150      0.48785142D-01
  805  0.22755235      0.53057801D-01
  806  0.23033686      0.57475882D-01
  807  0.23315544      0.62031040D-01
  808  0.23600851      0.66714305D-01
  809  0.23889650      0.71516100D-01
  810  0.24181982      0.76426267D-01
  811  0.24477891      0.81434089D-01
  812  0.24777422      0.86528324D-01
  813  0.25080618      0.91697237D-01
  814  0.25387524      0.96928632D-01
  815  0.25698185      0.10220989D+00
  816  0.26012648      0.10752803D+00
  817  0.26330959      0.11286972D+00
  818  0.26653166      0.11822134D+00
  819  0.26979314      0.12356903D+00
  820  0.27309454      0.12889875D+00
  821  0.27643634      0.13419632D+00
  822  0.27981903      0.13944747D+00
  823  0.28324312      0.14463791D+00
  824  0.28670910      0.14975336D+00
  825  0.29021749      0.15477964D+00
  826  0.29376882      0.15970271D+00
  827  0.29736361      0.16450872D+00
  828  0.30100238      0.16918409D+00
  829  0.30468568      0.17371552D+00
  830  0.30841405      0.17809010D+00
  831  0.31218804      0.18229535D+00
  832  0.31600822      0.18631924D+00
  833  0.31987514      0.19015028D+00
  834  0.32378938      0.19377753D+00
  835  0.32775152      0.19719071D+00
  836  0.33176215      0.20038017D+00
  837  0.33582185      0.20333697D+00
  838  0.33993122      0.20605292D+00
  839  0.34409089      0.20852061D+00
  840  0.34830145      0.21073342D+00
  841  0.35256354      0.21268558D+00
  842  0.35687778      0.21437217D+00
  843  0.36124482      0.21578914D+00
  844  0.36566529      0.21693335D+00
  845  0.37013985      0.21780253D+00
  846  0.37466917      0.21839534D+00
  847  0.37925392      0.21871135D+00
  848  0.38389476      0.21875103D+00
  849  0.38859240      0.21851574D+00
  850  0.39334752      0.21800774D+00
  851  0.39816083      0.21723016D+00
  852  0.40303303      0.21618697D+00
  853  0.40796486      0.21488300D+00
  854  0.41295703      0.21332385D+00
  855  0.41801030      0.21151591D+00
  856  0.42312540      0.20946630D+00
  857  0.42830309      0.20718284D+00
  858  0.43354414      0.20467401D+00
  859  0.43884932      0.20194892D+00
  860  0.44421943      0.19901722D+00
  861  0.44965524      0.19588911D+00
  862  0.45515757      0.19257526D+00
  863  0.46072724      0.18908673D+00
  864  0.46636505      0.18543500D+00
  865  0.47207186      0.18163181D+00
  866  0.47784850      0.17768921D+00
  867  0.48369582      0.17361943D+00
  868  0.48961470      0.16943486D+00
  869  0.49560601      0.16514797D+00
  870  0.50167063      0.16077129D+00
  871  0.50780946      0.15631734D+00
  872  0.51402342      0.15179857D+00
  873  0.52031341      0.14722732D+00
  874  0.52668037      0.14261577D+00
  875  0.53312524      0.13797589D+00
  876  0.53964897      0.13331938D+00
  877  0.54625254      0.12865766D+00
  878  0.55293691      0.12400182D+00
  879  0.55970308      0.11936256D+00
  880  0.56655204      0.11475016D+00
  881  0.57348481      0.11017449D+00
  882  0.58050242      0.10564492D+00
  883  0.58760590      0.10117035D+00
  884  0.59479630      0.96759139D-01
  885  0.60207469      0.92419132D-01
  886  0.60944215      0.88157611D-01
  887  0.61689976      0.83981298D-01
  888  0.62444862      0.79896345D-01
  889  0.63208986      0.75908328D-01
  890  0.63982461      0.72022244D-01
  891  0.64765400      0.68242514D-01
  892  0.65557920      0.64572987D-01
  893  0.66360138      0.61016947D-01
  894  0.67172172      0.57577124D-01
  895  0.67994143      0.54255706D-01
  896  0.68826172      0.51054354D-01
  897  0.69668383      0.47974221D-01
  898  0.70520900      0.45015970D-01
  899  0.71383848      0.42179800D-01
  900  0.72257357      0.39465460D-01
  901  0.73141554      0.36872285D-01
  902  0.74036571      0.34399212D-01
  903  0.74942540      0.32044813D-01
  904  0.75859595      0.29807319D-01
  905  0.76787873      0.27684651D-01
  906  0.77727509      0.25674444D-01
  907  0.78678643      0.23774080D-01
  908  0.79641416      0.21980711D-01
  909  0.80615971      0.20291292D-01
  910  0.81602451      0.18702603D-01
  911  0.82601002      0.17211280D-01
  912  0.83611772      0.15813840D-01
  913  0.84634911      0.14506701D-01
  914  0.85670569      0.13286213D-01
  915  0.86718901      0.12148675D-01
  916  0.87780061      0.11090360D-01
  917  0.88854206      0.10107531D-01
  918  0.89941496      0.91964660D-02
  919  0.91042090      0.83534677D-02
  920  0.92156152      0.75748850D-02
  921  0.93283846      0.68571251D-02
  922  0.94425340      0.61966671D-02
  923  0.95580802      0.55900735D-02
  924  0.96750403      0.50340001D-02
  925  0.97934317      0.45252054D-02
  926  0.99132717      0.40605576D-02
  927  1.00345782      0.36370410D-02
  928  1.01573692      0.32517610D-02
  929  1.02816626      0.29019479D-02
  930  1.04074771      0.25849597D-02
  931  1.05348311      0.22982836D-02
  932  1.06637435      0.20395367D-02
  933  1.07942333      0.18064662D-02
  934  1.09263200      0.15969482D-02
  935  1.10600229      0.14089858D-02
  936  1.11953620      0.12407072D-02
  937  1.13323572      0.10903622D-02
  938  1.14710287      0.95631958D-03
  939  1.16113972      0.83706237D-03
  940  1.17534833      0.73118420D-03
  941  1.18973080      0.63738463D-03
  942  1.20428928      0.55446442D-03
  943  1.21902590      0.48132064D-03
  944  1.23394285      0.41694165D-03
  945  1.24904234      0.36040207D-03
  946  1.26432659      0.31085764D-03
  947  1.27979788      0.26754022D-03
  948  1.29545848      0.22975276D-03
  949  1.31131072      0.19686444D-03
  950  1.32735694      0.16830590D-03
  951  1.34359951      0.14356463D-03
  952  1.36004084      0.12218054D-03
  953  1.37668336      0.10374171D-03
  954  1.39352953      0.87880335D-04
  955  1.41058184      0.74268903D-04
  956  1.42784282      0.62616566D-04
  957  1.44531502      0.52665745D-04
  958  1.46300102      0.44188946D-04
  959  1.48090344      0.36985802D-04
  960  1.49902493      0.30880325D-04
  961  1.51736817      0.25718368D-04
  962  1.53593586      0.21365293D-04
  963  1.55473077      0.17703831D-04
  964  1.57375567      0.14632129D-04
  965  1.59301337      0.12061975D-04
  966  1.61250672      0.99171906D-05
  967  1.63223861      0.81321749D-05
  968  1.65221195      0.66506023D-05
  969  1.67242971      0.54242503D-05
  970  1.69289486      0.44119548D-05
  971  1.71361044      0.35786809D-05
  972  1.73457951      0.28946984D-05
  973  1.75580518      0.23348545D-05
  974  1.77729058      0.18779328D-05
  975  1.79903889      0.15060919D-05
  976  1.82105333      0.12043739D-05
  977  1.84333716      0.96027774D-06
  978  1.86589367      0.76338751D-06
  979  1.88872620      0.60505212D-06
  980  1.91183812      0.47810888D-06
  981  1.93523286      0.37664631D-06
  982  1.95891388      0.29580122D-06
  983  1.98288467      0.23158576D-06
  984  2.00714880      0.18074052D-06
  985  2.03170983      0.14061026D-06
  986  2.05657142      0.10903907D-06
  987  2.08173723      0.84282351D-07
  988  2.10721098      0.64933084D-07
  989  2.13299646      0.49860395D-07
  990  2.15909747      0.38158467D-07
  991  2.18551786      0.29104271D-07
  992  2.21226156      0.22122696D-07
  993  2.23933252      0.16757902D-07
  994  2.26673474      0.12649871D-07
  995  2.29447227      0.95152870D-08
  996  2.32254922      0.71319990D-08
  997  2.35096974      0.53264563D-08
  998  2.37973804      0.39635756D-08
  999  2.40885837      0.29386064D-08
 1000  2.43833503      0.21706253D-08
 1001  2.46817240      0.15973533D-08
 1002  2.49837488      0.11710439D-08
 1003  2.52894694      0.85523351D-09
 1004  2.55989311      0.62218376D-09
 1005  2.59121795      0.45087697D-09
 1006  2.62292611      0.32545109D-09
 1007  2.65502228      0.23398306D-09
 1008  2.68751120      0.16754701D-09
 1009  2.72039768      0.11948819D-09
 1010  2.75368659      0.84865561D-10
 1011  2.78738284      0.60025832D-10
 1012  2.82149143      0.42279197D-10
 1013  2.85601740      0.29653659D-10
 1014  2.89096585      0.20709681D-10
 1015  2.92634196      0.14400963D-10
 1016  2.96215096      0.99703662D-11
 1017  2.99839815      0.68723991D-11
 1018  3.03508888      0.47157587D-11
 1019  3.07222860      0.32212030D-11
 1020  3.10982278      0.21901905D-11
 1021  3.14787699      0.14818385D-11
 1022  3.18639687      0.99787222D-12
