 ir        r               f(r)
    1  0.00001725      0.69686043D-15
    2  0.00001746      0.73074784D-15
    3  0.00001766      0.76628307D-15
    4  0.00001787      0.80354624D-15
    5  0.00001809      0.84262092D-15
    6  0.00001830      0.88359580D-15
    7  0.00001852      0.92656288D-15
    8  0.00001874      0.97161933D-15
    9  0.00001897      0.10188667D-14
   10  0.00001919      0.10684114D-14
   11  0.00001942      0.11203653D-14
   12  0.00001966      0.11748454D-14
   13  0.00001989      0.12319746D-14
   14  0.00002013      0.12918817D-14
   15  0.00002037      0.13547018D-14
   16  0.00002061      0.14205764D-14
   17  0.00002086      0.14896541D-14
   18  0.00002111      0.15620907D-14
   19  0.00002136      0.16380494D-14
   20  0.00002161      0.17177015D-14
   21  0.00002187      0.18012266D-14
   22  0.00002213      0.18888130D-14
   23  0.00002240      0.19806581D-14
   24  0.00002267      0.20769689D-14
   25  0.00002294      0.21779627D-14
   26  0.00002321      0.22838671D-14
   27  0.00002349      0.23949208D-14
   28  0.00002377      0.25113742D-14
   29  0.00002405      0.26334898D-14
   30  0.00002434      0.27615430D-14
   31  0.00002463      0.28958223D-14
   32  0.00002492      0.30366304D-14
   33  0.00002522      0.31842849D-14
   34  0.00002552      0.33391185D-14
   35  0.00002583      0.35014803D-14
   36  0.00002614      0.36717362D-14
   37  0.00002645      0.38502701D-14
   38  0.00002676      0.40374844D-14
   39  0.00002708      0.42338011D-14
   40  0.00002741      0.44396627D-14
   41  0.00002773      0.46555333D-14
   42  0.00002807      0.48818994D-14
   43  0.00002840      0.51192712D-14
   44  0.00002874      0.53681839D-14
   45  0.00002908      0.56291985D-14
   46  0.00002943      0.59029033D-14
   47  0.00002978      0.61899151D-14
   48  0.00003014      0.64908810D-14
   49  0.00003050      0.68064793D-14
   50  0.00003086      0.71374212D-14
   51  0.00003123      0.74844528D-14
   52  0.00003160      0.78483560D-14
   53  0.00003198      0.82299512D-14
   54  0.00003236      0.86300984D-14
   55  0.00003275      0.90496993D-14
   56  0.00003314      0.94896997D-14
   57  0.00003354      0.99510912D-14
   58  0.00003394      0.10434914D-13
   59  0.00003434      0.10942257D-13
   60  0.00003475      0.11474266D-13
   61  0.00003517      0.12032138D-13
   62  0.00003559      0.12617130D-13
   63  0.00003601      0.13230562D-13
   64  0.00003644      0.13873816D-13
   65  0.00003688      0.14548340D-13
   66  0.00003732      0.15255656D-13
   67  0.00003777      0.15997356D-13
   68  0.00003822      0.16775113D-13
   69  0.00003867      0.17590679D-13
   70  0.00003913      0.18445891D-13
   71  0.00003960      0.19342677D-13
   72  0.00004008      0.20283058D-13
   73  0.00004055      0.21269152D-13
   74  0.00004104      0.22303181D-13
   75  0.00004153      0.23387475D-13
   76  0.00004202      0.24524477D-13
   77  0.00004253      0.25716750D-13
   78  0.00004303      0.26966979D-13
   79  0.00004355      0.28277981D-13
   80  0.00004407      0.29652709D-13
   81  0.00004459      0.31094262D-13
   82  0.00004513      0.32605887D-13
   83  0.00004567      0.34190989D-13
   84  0.00004621      0.35853140D-13
   85  0.00004676      0.37596084D-13
   86  0.00004732      0.39423747D-13
   87  0.00004789      0.41340247D-13
   88  0.00004846      0.43349902D-13
   89  0.00004904      0.45457238D-13
   90  0.00004962      0.47667002D-13
   91  0.00005022      0.49984173D-13
   92  0.00005082      0.52413969D-13
   93  0.00005142      0.54961865D-13
   94  0.00005204      0.57633599D-13
   95  0.00005266      0.60435189D-13
   96  0.00005329      0.63372946D-13
   97  0.00005392      0.66453487D-13
   98  0.00005457      0.69683749D-13
   99  0.00005522      0.73071009D-13
  100  0.00005588      0.76622895D-13
  101  0.00005655      0.80347408D-13
  102  0.00005722      0.84252934D-13
  103  0.00005791      0.88348271D-13
  104  0.00005860      0.92642640D-13
  105  0.00005930      0.97145714D-13
  106  0.00006001      0.10186763D-12
  107  0.00006072      0.10681903D-12
  108  0.00006145      0.11201105D-12
  109  0.00006218      0.11745540D-12
  110  0.00006292      0.12316432D-12
  111  0.00006368      0.12915068D-12
  112  0.00006444      0.13542795D-12
  113  0.00006521      0.14201027D-12
  114  0.00006598      0.14891246D-12
  115  0.00006677      0.15615006D-12
  116  0.00006757      0.16373936D-12
  117  0.00006838      0.17169746D-12
  118  0.00006919      0.18004226D-12
  119  0.00007002      0.18879256D-12
  120  0.00007086      0.19796805D-12
  121  0.00007170      0.20758939D-12
  122  0.00007256      0.21767824D-12
  123  0.00007343      0.22825731D-12
  124  0.00007430      0.23935042D-12
  125  0.00007519      0.25098253D-12
  126  0.00007609      0.26317983D-12
  127  0.00007700      0.27596977D-12
  128  0.00007792      0.28938114D-12
  129  0.00007885      0.30344413D-12
  130  0.00007979      0.31819039D-12
  131  0.00008074      0.33365310D-12
  132  0.00008171      0.34986706D-12
  133  0.00008268      0.36686877D-12
  134  0.00008367      0.38469649D-12
  135  0.00008467      0.40339033D-12
  136  0.00008568      0.42299237D-12
  137  0.00008670      0.44354670D-12
  138  0.00008774      0.46509959D-12
  139  0.00008879      0.48769952D-12
  140  0.00008985      0.51139735D-12
  141  0.00009092      0.53624640D-12
  142  0.00009201      0.56230258D-12
  143  0.00009311      0.58962450D-12
  144  0.00009422      0.61827363D-12
  145  0.00009534      0.64831443D-12
  146  0.00009648      0.67981447D-12
  147  0.00009763      0.71284462D-12
  148  0.00009880      0.74747917D-12
  149  0.00009998      0.78379603D-12
  150  0.00010117      0.82187689D-12
  151  0.00010238      0.86180740D-12
  152  0.00010361      0.90367736D-12
  153  0.00010484      0.94758095D-12
  154  0.00010610      0.99361690D-12
  155  0.00010736      0.10418887D-11
  156  0.00010865      0.10925050D-11
  157  0.00010994      0.11455796D-11
  158  0.00011126      0.12012318D-11
  159  0.00011258      0.12595867D-11
  160  0.00011393      0.13207755D-11
  161  0.00011529      0.13849360D-11
  162  0.00011667      0.14522121D-11
  163  0.00011806      0.15227554D-11
  164  0.00011947      0.15967242D-11
  165  0.00012090      0.16742849D-11
  166  0.00012234      0.17556119D-11
  167  0.00012380      0.18408880D-11
  168  0.00012528      0.19303047D-11
  169  0.00012678      0.20240632D-11
  170  0.00012829      0.21223741D-11
  171  0.00012982      0.22254584D-11
  172  0.00013137      0.23335477D-11
  173  0.00013294      0.24468850D-11
  174  0.00013453      0.25657249D-11
  175  0.00013614      0.26903344D-11
  176  0.00013776      0.28209936D-11
  177  0.00013941      0.29579959D-11
  178  0.00014108      0.31016493D-11
  179  0.00014276      0.32522764D-11
  180  0.00014447      0.34102156D-11
  181  0.00014619      0.35758217D-11
  182  0.00014794      0.37494666D-11
  183  0.00014970      0.39315405D-11
  184  0.00015149      0.41224522D-11
  185  0.00015330      0.43226305D-11
  186  0.00015513      0.45325249D-11
  187  0.00015698      0.47526069D-11
  188  0.00015886      0.49833706D-11
  189  0.00016076      0.52253341D-11
  190  0.00016268      0.54790407D-11
  191  0.00016462      0.57450601D-11
  192  0.00016659      0.60239895D-11
  193  0.00016858      0.63164549D-11
  194  0.00017059      0.66231130D-11
  195  0.00017263      0.69446520D-11
  196  0.00017469      0.72817936D-11
  197  0.00017678      0.76352946D-11
  198  0.00017889      0.80059482D-11
  199  0.00018102      0.83945862D-11
  200  0.00018319      0.88020806D-11
  201  0.00018537      0.92293459D-11
  202  0.00018759      0.96773406D-11
  203  0.00018983      0.10147070D-10
  204  0.00019209      0.10639587D-10
  205  0.00019439      0.11155998D-10
  206  0.00019671      0.11697460D-10
  207  0.00019906      0.12265187D-10
  208  0.00020144      0.12860454D-10
  209  0.00020384      0.13484595D-10
  210  0.00020628      0.14139010D-10
  211  0.00020874      0.14825165D-10
  212  0.00021124      0.15544600D-10
  213  0.00021376      0.16298927D-10
  214  0.00021631      0.17089837D-10
  215  0.00021890      0.17919104D-10
  216  0.00022151      0.18788586D-10
  217  0.00022416      0.19700231D-10
  218  0.00022683      0.20656083D-10
  219  0.00022954      0.21658284D-10
  220  0.00023228      0.22709079D-10
  221  0.00023506      0.23810822D-10
  222  0.00023786      0.24965983D-10
  223  0.00024071      0.26177149D-10
  224  0.00024358      0.27447032D-10
  225  0.00024649      0.28778477D-10
  226  0.00024943      0.30174466D-10
  227  0.00025241      0.31638124D-10
  228  0.00025543      0.33172731D-10
  229  0.00025848      0.34781721D-10
  230  0.00026157      0.36468696D-10
  231  0.00026469      0.38237433D-10
  232  0.00026785      0.40091892D-10
  233  0.00027105      0.42036222D-10
  234  0.00027429      0.44074776D-10
  235  0.00027756      0.46212115D-10
  236  0.00028088      0.48453020D-10
  237  0.00028423      0.50802507D-10
  238  0.00028763      0.53265831D-10
  239  0.00029106      0.55848501D-10
  240  0.00029454      0.58556296D-10
  241  0.00029806      0.61395269D-10
  242  0.00030162      0.64371771D-10
  243  0.00030522      0.67492455D-10
  244  0.00030887      0.70764299D-10
  245  0.00031256      0.74194618D-10
  246  0.00031629      0.77791078D-10
  247  0.00032007      0.81561718D-10
  248  0.00032389      0.85514963D-10
  249  0.00032776      0.89659648D-10
  250  0.00033167      0.94005033D-10
  251  0.00033563      0.98560824D-10
  252  0.00033964      0.10333720D-09
  253  0.00034370      0.10834482D-09
  254  0.00034780      0.11359488D-09
  255  0.00035196      0.11909910D-09
  256  0.00035616      0.12486976D-09
  257  0.00036042      0.13091975D-09
  258  0.00036472      0.13726257D-09
  259  0.00036908      0.14391237D-09
  260  0.00037348      0.15088400D-09
  261  0.00037795      0.15819302D-09
  262  0.00038246      0.16585572D-09
  263  0.00038703      0.17388919D-09
  264  0.00039165      0.18231137D-09
  265  0.00039633      0.19114102D-09
  266  0.00040106      0.20039784D-09
  267  0.00040585      0.21010246D-09
  268  0.00041070      0.22027651D-09
  269  0.00041560      0.23094267D-09
  270  0.00042057      0.24212471D-09
  271  0.00042559      0.25384754D-09
  272  0.00043067      0.26613727D-09
  273  0.00043582      0.27902129D-09
  274  0.00044102      0.29252829D-09
  275  0.00044629      0.30668833D-09
  276  0.00045162      0.32153296D-09
  277  0.00045702      0.33709520D-09
  278  0.00046247      0.35340971D-09
  279  0.00046800      0.37051277D-09
  280  0.00047359      0.38844246D-09
  281  0.00047924      0.40723864D-09
  282  0.00048497      0.42694314D-09
  283  0.00049076      0.44759976D-09
  284  0.00049662      0.46925444D-09
  285  0.00050255      0.49195532D-09
  286  0.00050856      0.51575285D-09
  287  0.00051463      0.54069992D-09
  288  0.00052078      0.56685195D-09
  289  0.00052700      0.59426705D-09
  290  0.00053329      0.62300610D-09
  291  0.00053966      0.65313291D-09
  292  0.00054611      0.68471439D-09
  293  0.00055263      0.71782063D-09
  294  0.00055923      0.75252511D-09
  295  0.00056591      0.78890484D-09
  296  0.00057267      0.82704051D-09
  297  0.00057951      0.86701672D-09
  298  0.00058643      0.90892212D-09
  299  0.00059343      0.95284962D-09
  300  0.00060052      0.99889658D-09
  301  0.00060769      0.10471651D-08
  302  0.00061495      0.10977620D-08
  303  0.00062230      0.11507995D-08
  304  0.00062973      0.12063950D-08
  305  0.00063725      0.12646717D-08
  306  0.00064486      0.13257585D-08
  307  0.00065256      0.13897906D-08
  308  0.00066036      0.14569097D-08
  309  0.00066824      0.15272643D-08
  310  0.00067623      0.16010101D-08
  311  0.00068430      0.16783100D-08
  312  0.00069247      0.17593349D-08
  313  0.00070075      0.18442640D-08
  314  0.00070912      0.19332849D-08
  315  0.00071758      0.20265943D-08
  316  0.00072616      0.21243981D-08
  317  0.00073483      0.22269124D-08
  318  0.00074361      0.23343634D-08
  319  0.00075249      0.24469883D-08
  320  0.00076147      0.25650355D-08
  321  0.00077057      0.26887653D-08
  322  0.00077977      0.28184507D-08
  323  0.00078909      0.29543774D-08
  324  0.00079851      0.30968451D-08
  325  0.00080805      0.32461676D-08
  326  0.00081770      0.34026737D-08
  327  0.00082747      0.35667081D-08
  328  0.00083735      0.37386319D-08
  329  0.00084735      0.39188234D-08
  330  0.00085747      0.41076789D-08
  331  0.00086771      0.43056139D-08
  332  0.00087807      0.45130635D-08
  333  0.00088856      0.47304836D-08
  334  0.00089918      0.49583520D-08
  335  0.00090991      0.51971692D-08
  336  0.00092078      0.54474595D-08
  337  0.00093178      0.57097724D-08
  338  0.00094291      0.59846834D-08
  339  0.00095417      0.62727957D-08
  340  0.00096557      0.65747410D-08
  341  0.00097710      0.68911812D-08
  342  0.00098877      0.72228097D-08
  343  0.00100058      0.75703530D-08
  344  0.00101253      0.79345721D-08
  345  0.00102462      0.83162644D-08
  346  0.00103686      0.87162650D-08
  347  0.00104925      0.91354490D-08
  348  0.00106178      0.95747328D-08
  349  0.00107446      0.10035077D-07
  350  0.00108729      0.10517487D-07
  351  0.00110028      0.11023016D-07
  352  0.00111342      0.11552769D-07
  353  0.00112672      0.12107900D-07
  354  0.00114018      0.12689623D-07
  355  0.00115379      0.13299204D-07
  356  0.00116757      0.13937973D-07
  357  0.00118152      0.14607321D-07
  358  0.00119563      0.15308706D-07
  359  0.00120991      0.16043655D-07
  360  0.00122436      0.16813767D-07
  361  0.00123899      0.17620718D-07
  362  0.00125378      0.18466261D-07
  363  0.00126876      0.19352235D-07
  364  0.00128391      0.20280563D-07
  365  0.00129925      0.21253261D-07
  366  0.00131477      0.22272441D-07
  367  0.00133047      0.23340312D-07
  368  0.00134636      0.24459190D-07
  369  0.00136244      0.25631500D-07
  370  0.00137871      0.26859781D-07
  371  0.00139518      0.28146692D-07
  372  0.00141184      0.29495018D-07
  373  0.00142871      0.30907674D-07
  374  0.00144577      0.32387715D-07
  375  0.00146304      0.33938338D-07
  376  0.00148051      0.35562891D-07
  377  0.00149819      0.37264881D-07
  378  0.00151609      0.39047979D-07
  379  0.00153420      0.40916028D-07
  380  0.00155252      0.42873055D-07
  381  0.00157106      0.44923274D-07
  382  0.00158983      0.47071096D-07
  383  0.00160882      0.49321143D-07
  384  0.00162803      0.51678252D-07
  385  0.00164748      0.54147486D-07
  386  0.00166715      0.56734148D-07
  387  0.00168707      0.59443788D-07
  388  0.00170722      0.62282219D-07
  389  0.00172761      0.65255523D-07
  390  0.00174824      0.68370070D-07
  391  0.00176912      0.71632527D-07
  392  0.00179025      0.75049872D-07
  393  0.00181163      0.78629413D-07
  394  0.00183327      0.82378796D-07
  395  0.00185517      0.86306027D-07
  396  0.00187732      0.90419484D-07
  397  0.00189975      0.94727940D-07
  398  0.00192244      0.99240573D-07
  399  0.00194540      0.10396699D-06
  400  0.00196863      0.10891725D-06
  401  0.00199215      0.11410188D-06
  402  0.00201594      0.11953190D-06
  403  0.00204002      0.12521882D-06
  404  0.00206438      0.13117472D-06
  405  0.00208904      0.13741223D-06
  406  0.00211399      0.14394455D-06
  407  0.00213924      0.15078551D-06
  408  0.00216479      0.15794958D-06
  409  0.00219065      0.16545191D-06
  410  0.00221681      0.17330833D-06
  411  0.00224329      0.18153542D-06
  412  0.00227008      0.19015052D-06
  413  0.00229719      0.19917179D-06
  414  0.00232463      0.20861820D-06
  415  0.00235240      0.21850963D-06
  416  0.00238049      0.22886686D-06
  417  0.00240892      0.23971163D-06
  418  0.00243770      0.25106668D-06
  419  0.00246681      0.26295580D-06
  420  0.00249627      0.27540390D-06
  421  0.00252609      0.28843701D-06
  422  0.00255626      0.30208236D-06
  423  0.00258679      0.31636844D-06
  424  0.00261769      0.33132505D-06
  425  0.00264895      0.34698335D-06
  426  0.00268059      0.36337594D-06
  427  0.00271261      0.38053691D-06
  428  0.00274501      0.39850192D-06
  429  0.00277779      0.41730824D-06
  430  0.00281097      0.43699487D-06
  431  0.00284454      0.45760259D-06
  432  0.00287852      0.47917402D-06
  433  0.00291290      0.50175376D-06
  434  0.00294769      0.52538841D-06
  435  0.00298290      0.55012672D-06
  436  0.00301852      0.57601964D-06
  437  0.00305457      0.60312046D-06
  438  0.00309106      0.63148487D-06
  439  0.00312798      0.66117109D-06
  440  0.00316534      0.69224001D-06
  441  0.00320314      0.72475525D-06
  442  0.00324140      0.75878333D-06
  443  0.00328011      0.79439375D-06
  444  0.00331929      0.83165921D-06
  445  0.00335894      0.87065563D-06
  446  0.00339905      0.91146239D-06
  447  0.00343965      0.95416245D-06
  448  0.00348073      0.99884250D-06
  449  0.00352231      0.10455931D-05
  450  0.00356438      0.10945090D-05
  451  0.00360695      0.11456890D-05
  452  0.00365003      0.11992365D-05
  453  0.00369362      0.12552595D-05
  454  0.00373774      0.13138708D-05
  455  0.00378238      0.13751883D-05
  456  0.00382756      0.14393350D-05
  457  0.00387327      0.15064396D-05
  458  0.00391954      0.15766365D-05
  459  0.00396635      0.16500659D-05
  460  0.00401372      0.17268744D-05
  461  0.00406166      0.18072152D-05
  462  0.00411017      0.18912480D-05
  463  0.00415926      0.19791398D-05
  464  0.00420894      0.20710650D-05
  465  0.00425921      0.21672056D-05
  466  0.00431008      0.22677517D-05
  467  0.00436156      0.23729017D-05
  468  0.00441365      0.24828628D-05
  469  0.00446637      0.25978513D-05
  470  0.00451971      0.27180930D-05
  471  0.00457370      0.28438237D-05
  472  0.00462832      0.29752893D-05
  473  0.00468360      0.31127465D-05
  474  0.00473954      0.32564635D-05
  475  0.00479615      0.34067199D-05
  476  0.00485344      0.35638075D-05
  477  0.00491140      0.37280309D-05
  478  0.00497006      0.38997078D-05
  479  0.00502943      0.40791698D-05
  480  0.00508950      0.42667628D-05
  481  0.00515028      0.44628475D-05
  482  0.00521180      0.46678004D-05
  483  0.00527405      0.48820141D-05
  484  0.00533704      0.51058980D-05
  485  0.00540078      0.53398793D-05
  486  0.00546529      0.55844033D-05
  487  0.00553056      0.58399344D-05
  488  0.00559662      0.61069569D-05
  489  0.00566346      0.63859757D-05
  490  0.00573111      0.66775171D-05
  491  0.00579956      0.69821299D-05
  492  0.00586883      0.73003862D-05
  493  0.00593892      0.76328820D-05
  494  0.00600986      0.79802389D-05
  495  0.00608164      0.83431044D-05
  496  0.00615427      0.87221534D-05
  497  0.00622778      0.91180889D-05
  498  0.00630216      0.95316437D-05
  499  0.00637743      0.99635811D-05
  500  0.00645360      0.10414696D-04
  501  0.00653068      0.10885817D-04
  502  0.00660868      0.11377806D-04
  503  0.00668762      0.11891562D-04
  504  0.00676749      0.12428021D-04
  505  0.00684832      0.12988156D-04
  506  0.00693012      0.13572982D-04
  507  0.00701289      0.14183554D-04
  508  0.00709665      0.14820973D-04
  509  0.00718141      0.15486381D-04
  510  0.00726718      0.16180970D-04
  511  0.00735398      0.16905979D-04
  512  0.00744181      0.17662697D-04
  513  0.00753070      0.18452467D-04
  514  0.00762064      0.19276682D-04
  515  0.00771166      0.20136797D-04
  516  0.00780377      0.21034320D-04
  517  0.00789697      0.21970823D-04
  518  0.00799129      0.22947938D-04
  519  0.00808674      0.23967363D-04
  520  0.00818332      0.25030866D-04
  521  0.00828106      0.26140280D-04
  522  0.00837997      0.27297514D-04
  523  0.00848006      0.28504550D-04
  524  0.00858134      0.29763450D-04
  525  0.00868384      0.31076353D-04
  526  0.00878755      0.32445484D-04
  527  0.00889251      0.33873155D-04
  528  0.00899872      0.35361764D-04
  529  0.00910620      0.36913804D-04
  530  0.00921496      0.38531863D-04
  531  0.00932502      0.40218628D-04
  532  0.00943640      0.41976888D-04
  533  0.00954910      0.43809540D-04
  534  0.00966315      0.45719586D-04
  535  0.00977857      0.47710147D-04
  536  0.00989536      0.49784456D-04
  537  0.01001355      0.51945869D-04
  538  0.01013315      0.54197868D-04
  539  0.01025418      0.56544061D-04
  540  0.01037665      0.58988192D-04
  541  0.01050059      0.61534141D-04
  542  0.01062600      0.64185930D-04
  543  0.01075292      0.66947728D-04
  544  0.01088135      0.69823854D-04
  545  0.01101131      0.72818783D-04
  546  0.01114283      0.75937151D-04
  547  0.01127591      0.79183760D-04
  548  0.01141059      0.82563580D-04
  549  0.01154688      0.86081760D-04
  550  0.01168479      0.89743627D-04
  551  0.01182435      0.93554694D-04
  552  0.01196558      0.97520669D-04
  553  0.01210849      0.10164745D-03
  554  0.01225311      0.10594115D-03
  555  0.01239946      0.11040808D-03
  556  0.01254756      0.11505476D-03
  557  0.01269742      0.11988794D-03
  558  0.01284908      0.12491460D-03
  559  0.01300254      0.13014195D-03
  560  0.01315784      0.13557741D-03
  561  0.01331499      0.14122869D-03
  562  0.01347403      0.14710372D-03
  563  0.01363496      0.15321069D-03
  564  0.01379781      0.15955806D-03
  565  0.01396261      0.16615456D-03
  566  0.01412937      0.17300917D-03
  567  0.01429813      0.18013120D-03
  568  0.01446890      0.18753020D-03
  569  0.01464172      0.19521604D-03
  570  0.01481659      0.20319889D-03
  571  0.01499356      0.21148922D-03
  572  0.01517264      0.22009781D-03
  573  0.01535386      0.22903576D-03
  574  0.01553724      0.23831451D-03
  575  0.01572281      0.24794581D-03
  576  0.01591060      0.25794176D-03
  577  0.01610063      0.26831481D-03
  578  0.01629294      0.27907773D-03
  579  0.01648753      0.29024367D-03
  580  0.01668446      0.30182614D-03
  581  0.01688373      0.31383899D-03
  582  0.01708539      0.32629646D-03
  583  0.01728945      0.33921315D-03
  584  0.01749595      0.35260406D-03
  585  0.01770492      0.36648454D-03
  586  0.01791638      0.38087034D-03
  587  0.01813037      0.39577760D-03
  588  0.01834692      0.41122285D-03
  589  0.01856605      0.42722301D-03
  590  0.01878780      0.44379539D-03
  591  0.01901219      0.46095769D-03
  592  0.01923927      0.47872804D-03
  593  0.01946906      0.49712492D-03
  594  0.01970159      0.51616723D-03
  595  0.01993690      0.53587426D-03
  596  0.02017502      0.55626570D-03
  597  0.02041599      0.57736161D-03
  598  0.02065983      0.59918245D-03
  599  0.02090659      0.62174906D-03
  600  0.02115629      0.64508264D-03
  601  0.02140898      0.66920476D-03
  602  0.02166468      0.69413738D-03
  603  0.02192344      0.71990277D-03
  604  0.02218529      0.74652356D-03
  605  0.02245026      0.77402271D-03
  606  0.02271840      0.80242350D-03
  607  0.02298975      0.83174950D-03
  608  0.02326433      0.86202457D-03
  609  0.02354219      0.89327284D-03
  610  0.02382337      0.92551871D-03
  611  0.02410792      0.95878678D-03
  612  0.02439585      0.99310187D-03
  613  0.02468723      0.10284890D-02
  614  0.02498209      0.10649733D-02
  615  0.02528047      0.11025802D-02
  616  0.02558241      0.11413349D-02
  617  0.02588796      0.11812629D-02
  618  0.02619716      0.12223899D-02
  619  0.02651006      0.12647411D-02
  620  0.02682669      0.13083422D-02
  621  0.02714710      0.13532185D-02
  622  0.02747133      0.13993952D-02
  623  0.02779945      0.14468973D-02
  624  0.02813148      0.14957499D-02
  625  0.02846747      0.15459774D-02
  626  0.02880748      0.15976040D-02
  627  0.02915155      0.16506537D-02
  628  0.02949973      0.17051498D-02
  629  0.02985206      0.17611153D-02
  630  0.03020861      0.18185725D-02
  631  0.03056941      0.18775431D-02
  632  0.03093453      0.19380480D-02
  633  0.03130400      0.20001074D-02
  634  0.03167789      0.20637405D-02
  635  0.03205624      0.21289658D-02
  636  0.03243911      0.21958005D-02
  637  0.03282656      0.22642608D-02
  638  0.03321863      0.23343616D-02
  639  0.03361539      0.24061165D-02
  640  0.03401688      0.24795377D-02
  641  0.03442317      0.25546358D-02
  642  0.03483431      0.26314200D-02
  643  0.03525036      0.27098975D-02
  644  0.03567138      0.27900737D-02
  645  0.03609743      0.28719521D-02
  646  0.03652857      0.29555342D-02
  647  0.03696486      0.30408191D-02
  648  0.03740636      0.31278037D-02
  649  0.03785313      0.32164824D-02
  650  0.03830524      0.33068470D-02
  651  0.03876275      0.33988866D-02
  652  0.03922572      0.34925876D-02
  653  0.03969422      0.35879330D-02
  654  0.04016832      0.36849032D-02
  655  0.04064808      0.37834749D-02
  656  0.04113357      0.38836217D-02
  657  0.04162486      0.39853135D-02
  658  0.04212202      0.40885166D-02
  659  0.04262512      0.41931934D-02
  660  0.04313422      0.42993023D-02
  661  0.04364940      0.44067976D-02
  662  0.04417074      0.45156296D-02
  663  0.04469831      0.46257440D-02
  664  0.04523217      0.47370818D-02
  665  0.04577241      0.48495798D-02
  666  0.04631911      0.49631696D-02
  667  0.04687233      0.50777781D-02
  668  0.04743216      0.51933271D-02
  669  0.04799868      0.53097333D-02
  670  0.04857196      0.54269081D-02
  671  0.04915210      0.55447576D-02
  672  0.04973916      0.56631823D-02
  673  0.05033323      0.57820773D-02
  674  0.05093440      0.59013320D-02
  675  0.05154274      0.60208300D-02
  676  0.05215836      0.61404495D-02
  677  0.05278132      0.62600623D-02
  678  0.05341173      0.63795350D-02
  679  0.05404967      0.64987277D-02
  680  0.05469522      0.66174952D-02
  681  0.05534849      0.67356861D-02
  682  0.05600956      0.68531431D-02
  683  0.05667852      0.69697034D-02
  684  0.05735548      0.70851981D-02
  685  0.05804052      0.71994529D-02
  686  0.05873374      0.73122878D-02
  687  0.05943524      0.74235173D-02
  688  0.06014512      0.75329509D-02
  689  0.06086348      0.76403926D-02
  690  0.06159042      0.77456417D-02
  691  0.06232604      0.78484926D-02
  692  0.06307044      0.79487355D-02
  693  0.06382374      0.80461560D-02
  694  0.06458604      0.81405363D-02
  695  0.06535743      0.82316545D-02
  696  0.06613805      0.83192860D-02
  697  0.06692798      0.84032031D-02
  698  0.06772736      0.84831759D-02
  699  0.06853627      0.85589723D-02
  700  0.06935485      0.86303592D-02
  701  0.07018321      0.86971023D-02
  702  0.07102146      0.87589670D-02
  703  0.07186973      0.88157193D-02
  704  0.07272812      0.88671256D-02
  705  0.07359677      0.89129544D-02
  706  0.07447579      0.89529760D-02
  707  0.07536531      0.89869641D-02
  708  0.07626545      0.90146960D-02
  709  0.07717635      0.90359537D-02
  710  0.07809812      0.90505246D-02
  711  0.07903091      0.90582023D-02
  712  0.07997483      0.90587878D-02
  713  0.08093003      0.90520902D-02
  714  0.08189664      0.90379277D-02
  715  0.08287479      0.90161285D-02
  716  0.08386463      0.89865321D-02
  717  0.08486629      0.89489901D-02
  718  0.08587991      0.89033672D-02
  719  0.08690564      0.88495425D-02
  720  0.08794362      0.87874105D-02
  721  0.08899399      0.87168819D-02
  722  0.09005692      0.86378854D-02
  723  0.09113253      0.85503681D-02
  724  0.09222100      0.84542969D-02
  725  0.09332246      0.83496598D-02
  726  0.09443708      0.82364665D-02
  727  0.09556502      0.81147503D-02
  728  0.09670642      0.79845680D-02
  729  0.09786146      0.78460022D-02
  730  0.09903029      0.76991614D-02
  731  0.10021309      0.75441814D-02
  732  0.10141001      0.73812260D-02
  733  0.10262122      0.72104882D-02
  734  0.10384690      0.70321908D-02
  735  0.10508723      0.68465872D-02
  736  0.10634236      0.66539621D-02
  737  0.10761249      0.64546324D-02
  738  0.10889778      0.62489472D-02
  739  0.11019843      0.60372889D-02
  740  0.11151462      0.58200731D-02
  741  0.11284652      0.55977490D-02
  742  0.11419433      0.53707996D-02
  743  0.11555824      0.51397419D-02
  744  0.11693844      0.49051264D-02
  745  0.11833512      0.46675371D-02
  746  0.11974849      0.44275913D-02
  747  0.12117873      0.41859389D-02
  748  0.12262606      0.39432618D-02
  749  0.12409068      0.37002730D-02
  750  0.12557278      0.34577157D-02
  751  0.12707259      0.32163624D-02
  752  0.12859032      0.29770130D-02
  753  0.13012617      0.27404939D-02
  754  0.13168036      0.25076559D-02
  755  0.13325312      0.22793727D-02
  756  0.13484466      0.20565385D-02
  757  0.13645521      0.18400660D-02
  758  0.13808500      0.16308838D-02
  759  0.13973425      0.14299342D-02
  760  0.14140320      0.12381697D-02
  761  0.14309209      0.10565507D-02
  762  0.14480115      0.88604185D-03
  763  0.14653062      0.72760906D-03
  764  0.14828074      0.58221575D-03
  765  0.15005177      0.45081924D-03
  766  0.15184395      0.33436693D-03
  767  0.15365754      0.23379231D-03
  768  0.15549278      0.15001081D-03
  769  0.15734995      0.83915569D-04
  770  0.15922930      0.36373085D-04
  771  0.16113109      0.82187285D-05
  772  0.16305560      0.25221660D-06
  773  0.16500310      0.13233002D-04
  774  0.16697386      0.47875619D-04
  775  0.16896815      0.10484500D-03
  776  0.17098626      0.18475181D-03
  777  0.17302848      0.28814773D-03
  778  0.17509509      0.41552089D-03
  779  0.17718638      0.56729124D-03
  780  0.17930265      0.74380613D-03
  781  0.18144420      0.94533591D-03
  782  0.18361132      0.11720697D-02
  783  0.18580433      0.14241115D-02
  784  0.18802353      0.17014761D-02
  785  0.19026924      0.20040855D-02
  786  0.19254177      0.23317658D-02
  787  0.19484144      0.26842438D-02
  788  0.19716858      0.30611446D-02
  789  0.19952351      0.34619886D-02
  790  0.20190657      0.38861901D-02
  791  0.20431809      0.43330553D-02
  792  0.20675841      0.48017812D-02
  793  0.20922789      0.52914545D-02
  794  0.21172685      0.58010521D-02
  795  0.21425566      0.63294403D-02
  796  0.21681468      0.68753764D-02
  797  0.21940426      0.74375093D-02
  798  0.22202477      0.80143821D-02
  799  0.22467658      0.86044338D-02
  800  0.22736006      0.92060026D-02
  801  0.23007559      0.98173297D-02
  802  0.23282356      0.10436563D-01
  803  0.23560435      0.11061764D-01
  804  0.23841835      0.11690908D-01
  805  0.24126596      0.12321898D-01
  806  0.24414758      0.12952565D-01
  807  0.24706361      0.13580677D-01
  808  0.25001448      0.14203949D-01
  809  0.25300059      0.14820048D-01
  810  0.25602237      0.15426605D-01
  811  0.25908024      0.16021225D-01
  812  0.26217463      0.16601492D-01
  813  0.26530597      0.17164986D-01
  814  0.26847472      0.17709289D-01
  815  0.27168132      0.18231999D-01
  816  0.27492621      0.18730741D-01
  817  0.27820986      0.19203179D-01
  818  0.28153273      0.19647028D-01
  819  0.28489529      0.20060065D-01
  820  0.28829801      0.20440145D-01
  821  0.29174137      0.20785210D-01
  822  0.29522585      0.21093303D-01
  823  0.29875196      0.21362581D-01
  824  0.30232018      0.21591327D-01
  825  0.30593101      0.21777960D-01
  826  0.30958498      0.21921051D-01
  827  0.31328258      0.22019330D-01
  828  0.31702435      0.22071701D-01
  829  0.32081081      0.22077249D-01
  830  0.32464250      0.22035252D-01
  831  0.32851995      0.21945190D-01
  832  0.33244371      0.21806755D-01
  833  0.33641433      0.21619855D-01
  834  0.34043238      0.21384624D-01
  835  0.34449842      0.21101428D-01
  836  0.34861303      0.20770869D-01
  837  0.35277677      0.20393789D-01
  838  0.35699025      0.19971275D-01
  839  0.36125406      0.19504657D-01
  840  0.36556878      0.18995515D-01
  841  0.36993505      0.18445670D-01
  842  0.37435346      0.17857191D-01
  843  0.37882464      0.17232387D-01
  844  0.38334923      0.16573802D-01
  845  0.38792786      0.15884214D-01
  846  0.39256117      0.15166626D-01
  847  0.39724983      0.14424255D-01
  848  0.40199448      0.13660528D-01
  849  0.40679580      0.12879067D-01
  850  0.41165447      0.12083682D-01
  851  0.41657117      0.11278352D-01
  852  0.42154659      0.10467214D-01
  853  0.42658144      0.96545510D-02
  854  0.43167642      0.88447681D-02
  855  0.43683226      0.80423812D-02
  856  0.44204967      0.72519958D-02
  857  0.44732941      0.64782888D-02
  858  0.45267220      0.57259876D-02
  859  0.45807880      0.49998501D-02
  860  0.46354998      0.43046422D-02
  861  0.46908651      0.36451166D-02
  862  0.47468916      0.30259901D-02
  863  0.48035873      0.24519203D-02
  864  0.48609601      0.19274834D-02
  865  0.49190182      0.14571502D-02
  866  0.49777698      0.10452635D-02
  867  0.50372230      0.69601498D-03
  868  0.50973864      0.41342218D-03
  869  0.51582683      0.20130647D-03
  870  0.52198774      0.63271038D-04
  871  0.52822223      0.26797264D-05
  872  0.53453118      0.22636614D-04
  873  0.54091549      0.12596651D-03
  874  0.54737605      0.31519650D-03
  875  0.55391377      0.59253859D-03
  876  0.56052958      0.95987373D-03
  877  0.56722441      0.14187371D-02
  878  0.57399920      0.19703051D-02
  879  0.58085490      0.26153835D-02
  880  0.58779249      0.33543981D-02
  881  0.59481293      0.41873860D-02
  882  0.60191723      0.51139898D-02
  883  0.60910638      0.61334533D-02
  884  0.61638140      0.72446188D-02
  885  0.62374330      0.84459270D-02
  886  0.63119314      0.97354183D-02
  887  0.63873195      0.11110737D-01
  888  0.64636081      0.12569137D-01
  889  0.65408078      0.14107487D-01
  890  0.66189296      0.15722287D-01
  891  0.66979844      0.17409670D-01
  892  0.67779835      0.19165425D-01
  893  0.68589381      0.20985006D-01
  894  0.69408595      0.22863554D-01
  895  0.70237594      0.24795911D-01
  896  0.71076495      0.26776645D-01
  897  0.71925415      0.28800069D-01
  898  0.72784474      0.30860266D-01
  899  0.73653793      0.32951114D-01
  900  0.74533496      0.35066311D-01
  901  0.75423706      0.37199402D-01
  902  0.76324548      0.39343807D-01
  903  0.77236149      0.41492853D-01
  904  0.78158638      0.43639797D-01
  905  0.79092146      0.45777861D-01
  906  0.80036803      0.47900262D-01
  907  0.80992743      0.50000240D-01
  908  0.81960100      0.52071091D-01
  909  0.82939011      0.54106194D-01
  910  0.83929614      0.56099045D-01
  911  0.84932048      0.58043286D-01
  912  0.85946455      0.59932731D-01
  913  0.86972979      0.61761395D-01
  914  0.88011762      0.63523525D-01
  915  0.89062953      0.65213620D-01
  916  0.90126699      0.66826459D-01
  917  0.91203150      0.68357123D-01
  918  0.92292457      0.69801016D-01
  919  0.93394776      0.71153887D-01
  920  0.94510260      0.72411842D-01
  921  0.95639067      0.73571366D-01
  922  0.96781356      0.74629333D-01
  923  0.97937288      0.75583017D-01
  924  0.99107027      0.76430102D-01
  925  1.00290737      0.77168687D-01
  926  1.01488584      0.77797295D-01
  927  1.02700739      0.78314869D-01
  928  1.03927371      0.78720774D-01
  929  1.05168654      0.79014796D-01
  930  1.06424762      0.79197135D-01
  931  1.07695873      0.79268398D-01
  932  1.08982166      0.79229591D-01
  933  1.10283821      0.79082105D-01
  934  1.11601024      0.78827708D-01
  935  1.12933959      0.78468524D-01
  936  1.14282814      0.78007019D-01
  937  1.15647780      0.77445984D-01
  938  1.17029048      0.76788515D-01
  939  1.18426814      0.76037988D-01
  940  1.19841274      0.75198044D-01
  941  1.21272629      0.74272562D-01
  942  1.22721079      0.73265635D-01
  943  1.24186829      0.72181549D-01
  944  1.25670086      0.71024756D-01
  945  1.27171058      0.69799850D-01
  946  1.28689957      0.68511544D-01
  947  1.30226998      0.67164643D-01
  948  1.31782397      0.65764021D-01
  949  1.33356374      0.64314597D-01
  950  1.34949149      0.62821310D-01
  951  1.36560948      0.61289099D-01
  952  1.38191998      0.59722880D-01
  953  1.39842529      0.58127523D-01
  954  1.41512773      0.56507835D-01
  955  1.43202967      0.54868537D-01
  956  1.44913348      0.53214251D-01
  957  1.46644157      0.51549480D-01
  958  1.48395638      0.49878591D-01
  959  1.50168039      0.48205808D-01
  960  1.51961608      0.46535190D-01
  961  1.53776600      0.44870626D-01
  962  1.55613270      0.43215824D-01
  963  1.57471876      0.41574299D-01
  964  1.59352681      0.39949372D-01
  965  1.61255950      0.38344157D-01
  966  1.63181951      0.36761561D-01
  967  1.65130955      0.35204280D-01
  968  1.67103238      0.33674797D-01
  969  1.69099078      0.32175381D-01
  970  1.71118755      0.30708086D-01
  971  1.73162555      0.29274756D-01
  972  1.75230766      0.27877025D-01
  973  1.77323679      0.26516319D-01
  974  1.79441589      0.25193866D-01
  975  1.81584794      0.23910697D-01
  976  1.83753598      0.22667652D-01
  977  1.85948305      0.21465388D-01
  978  1.88169226      0.20304388D-01
  979  1.90416672      0.19184965D-01
  980  1.92690962      0.18107274D-01
  981  1.94992415      0.17071320D-01
  982  1.97321356      0.16076965D-01
  983  1.99678113      0.15123939D-01
  984  2.02063019      0.14211848D-01
  985  2.04476409      0.13340188D-01
  986  2.06918625      0.12508348D-01
  987  2.09390009      0.11715623D-01
  988  2.11890912      0.10961224D-01
  989  2.14421684      0.10244286D-01
  990  2.16982683      0.95638772D-02
  991  2.19574271      0.89190072D-02
  992  2.22196811      0.83086364D-02
  993  2.24850675      0.77316842D-02
  994  2.27536235      0.71870359D-02
  995  2.30253872      0.66735507D-02
  996  2.33003967      0.61900685D-02
  997  2.35786908      0.57354169D-02
  998  2.38603088      0.53084166D-02
  999  2.41452904      0.49078878D-02
 1000  2.44336758      0.45326550D-02
 1001  2.47255056      0.41815521D-02
 1002  2.50208209      0.38534267D-02
 1003  2.53196633      0.35472273D-02
 1004  2.56220751      0.32618693D-02
 1005  2.59280988      0.29963030D-02
 1006  2.62377776      0.27494838D-02
 1007  2.65511551      0.25203858D-02
 1008  2.68682755      0.23080141D-02
 1009  2.71891835      0.21114056D-02
 1010  2.75139243      0.19296191D-02
 1011  2.78425438      0.17617447D-02
 1012  2.81750882      0.16069025D-02
 1013  2.85116045      0.14642460D-02
 1014  2.88521400      0.13329640D-02
 1015  2.91967428      0.12122819D-02
 1016  2.95454615      0.11014625D-02
 1017  2.98983451      0.99980510D-03
 1018  3.02554435      0.90664044D-03
 1019  3.06168070      0.82133911D-03
 1020  3.09824866      0.74330745D-03
 1021  3.13525337      0.67198958D-03
 1022  3.17270006      0.60686691D-03
 1023  3.21059400      0.54745645D-03
 1024  3.24894053      0.49331015D-03
 1025  3.28774507      0.44401319D-03
 1026  3.32701308      0.39918009D-03
 1027  3.36675010      0.35845295D-03
 1028  3.40696173      0.32149854D-03
 1029  3.44765363      0.28800695D-03
 1030  3.48883155      0.25768995D-03
 1031  3.53050129      0.23027984D-03
 1032  3.57266872      0.20552826D-03
 1033  3.61533979      0.18320512D-03
 1034  3.65852051      0.16309746D-03
 1035  3.70221697      0.14500850D-03
 1036  3.74643533      0.12875656D-03
 1037  3.79118182      0.11417416D-03
