 ir        r              f(r)*r^2
    1  0.00001725      0.20808079D-07
    2  0.00001746      0.21307732D-07
    3  0.00001766      0.21819378D-07
    4  0.00001787      0.22343305D-07
    5  0.00001809      0.22879808D-07
    6  0.00001830      0.23429188D-07
    7  0.00001852      0.23991754D-07
    8  0.00001874      0.24567823D-07
    9  0.00001897      0.25157718D-07
   10  0.00001919      0.25761772D-07
   11  0.00001942      0.26380323D-07
   12  0.00001966      0.27013720D-07
   13  0.00001989      0.27662318D-07
   14  0.00002013      0.28326483D-07
   15  0.00002037      0.29006587D-07
   16  0.00002061      0.29703012D-07
   17  0.00002086      0.30416151D-07
   18  0.00002111      0.31146404D-07
   19  0.00002136      0.31894181D-07
   20  0.00002161      0.32659904D-07
   21  0.00002187      0.33444001D-07
   22  0.00002213      0.34246914D-07
   23  0.00002240      0.35069093D-07
   24  0.00002267      0.35911002D-07
   25  0.00002294      0.36773113D-07
   26  0.00002321      0.37655909D-07
   27  0.00002349      0.38559889D-07
   28  0.00002377      0.39485558D-07
   29  0.00002405      0.40433438D-07
   30  0.00002434      0.41404060D-07
   31  0.00002463      0.42397971D-07
   32  0.00002492      0.43415727D-07
   33  0.00002522      0.44457902D-07
   34  0.00002552      0.45525080D-07
   35  0.00002583      0.46617861D-07
   36  0.00002614      0.47736858D-07
   37  0.00002645      0.48882700D-07
   38  0.00002676      0.50056030D-07
   39  0.00002708      0.51257508D-07
   40  0.00002741      0.52487807D-07
   41  0.00002773      0.53747619D-07
   42  0.00002807      0.55037651D-07
   43  0.00002840      0.56358626D-07
   44  0.00002874      0.57711288D-07
   45  0.00002908      0.59096395D-07
   46  0.00002943      0.60514724D-07
   47  0.00002978      0.61967072D-07
   48  0.00003014      0.63454254D-07
   49  0.00003050      0.64977104D-07
   50  0.00003086      0.66536477D-07
   51  0.00003123      0.68133249D-07
   52  0.00003160      0.69768315D-07
   53  0.00003198      0.71442592D-07
   54  0.00003236      0.73157020D-07
   55  0.00003275      0.74912562D-07
   56  0.00003314      0.76710201D-07
   57  0.00003354      0.78550946D-07
   58  0.00003394      0.80435830D-07
   59  0.00003434      0.82365910D-07
   60  0.00003475      0.84342269D-07
   61  0.00003517      0.86366014D-07
   62  0.00003559      0.88438281D-07
   63  0.00003601      0.90560232D-07
   64  0.00003644      0.92733057D-07
   65  0.00003688      0.94957973D-07
   66  0.00003732      0.97236229D-07
   67  0.00003777      0.99569101D-07
   68  0.00003822      0.10195790D-06
   69  0.00003867      0.10440396D-06
   70  0.00003913      0.10690865D-06
   71  0.00003960      0.10947338D-06
   72  0.00004008      0.11209959D-06
   73  0.00004055      0.11478874D-06
   74  0.00004104      0.11754235D-06
   75  0.00004153      0.12036195D-06
   76  0.00004202      0.12324913D-06
   77  0.00004253      0.12620550D-06
   78  0.00004303      0.12923272D-06
   79  0.00004355      0.13233249D-06
   80  0.00004407      0.13550654D-06
   81  0.00004459      0.13875664D-06
   82  0.00004513      0.14208463D-06
   83  0.00004567      0.14549235D-06
   84  0.00004621      0.14898173D-06
   85  0.00004676      0.15255470D-06
   86  0.00004732      0.15621328D-06
   87  0.00004789      0.15995952D-06
   88  0.00004846      0.16379549D-06
   89  0.00004904      0.16772337D-06
   90  0.00004962      0.17174533D-06
   91  0.00005022      0.17586364D-06
   92  0.00005082      0.18008059D-06
   93  0.00005142      0.18439855D-06
   94  0.00005204      0.18881993D-06
   95  0.00005266      0.19334720D-06
   96  0.00005329      0.19798290D-06
   97  0.00005392      0.20272961D-06
   98  0.00005457      0.20759000D-06
   99  0.00005522      0.21256677D-06
  100  0.00005588      0.21766272D-06
  101  0.00005655      0.22288069D-06
  102  0.00005722      0.22822359D-06
  103  0.00005791      0.23369441D-06
  104  0.00005860      0.23929621D-06
  105  0.00005930      0.24503212D-06
  106  0.00006001      0.25090535D-06
  107  0.00006072      0.25691916D-06
  108  0.00006145      0.26307693D-06
  109  0.00006218      0.26938209D-06
  110  0.00006292      0.27583817D-06
  111  0.00006368      0.28244876D-06
  112  0.00006444      0.28921755D-06
  113  0.00006521      0.29614834D-06
  114  0.00006598      0.30324498D-06
  115  0.00006677      0.31051143D-06
  116  0.00006757      0.31795175D-06
  117  0.00006838      0.32557009D-06
  118  0.00006919      0.33337071D-06
  119  0.00007002      0.34135794D-06
  120  0.00007086      0.34953625D-06
  121  0.00007170      0.35791020D-06
  122  0.00007256      0.36648445D-06
  123  0.00007343      0.37526379D-06
  124  0.00007430      0.38425310D-06
  125  0.00007519      0.39345741D-06
  126  0.00007609      0.40288183D-06
  127  0.00007700      0.41253163D-06
  128  0.00007792      0.42241217D-06
  129  0.00007885      0.43252896D-06
  130  0.00007979      0.44288763D-06
  131  0.00008074      0.45349395D-06
  132  0.00008171      0.46435383D-06
  133  0.00008268      0.47547331D-06
  134  0.00008367      0.48685859D-06
  135  0.00008467      0.49851599D-06
  136  0.00008568      0.51045200D-06
  137  0.00008670      0.52267327D-06
  138  0.00008774      0.53518658D-06
  139  0.00008879      0.54799891D-06
  140  0.00008985      0.56111738D-06
  141  0.00009092      0.57454927D-06
  142  0.00009201      0.58830206D-06
  143  0.00009311      0.60238339D-06
  144  0.00009422      0.61680108D-06
  145  0.00009534      0.63156314D-06
  146  0.00009648      0.64667777D-06
  147  0.00009763      0.66215338D-06
  148  0.00009880      0.67799854D-06
  149  0.00009998      0.69422206D-06
  150  0.00010117      0.71083294D-06
  151  0.00010238      0.72784040D-06
  152  0.00010361      0.74525387D-06
  153  0.00010484      0.76308303D-06
  154  0.00010610      0.78133774D-06
  155  0.00010736      0.80002815D-06
  156  0.00010865      0.81916461D-06
  157  0.00010994      0.83875772D-06
  158  0.00011126      0.85881835D-06
  159  0.00011258      0.87935761D-06
  160  0.00011393      0.90038687D-06
  161  0.00011529      0.92191780D-06
  162  0.00011667      0.94396229D-06
  163  0.00011806      0.96653257D-06
  164  0.00011947      0.98964112D-06
  165  0.00012090      0.10133007D-05
  166  0.00012234      0.10375245D-05
  167  0.00012380      0.10623258D-05
  168  0.00012528      0.10877183D-05
  169  0.00012678      0.11137162D-05
  170  0.00012829      0.11403337D-05
  171  0.00012982      0.11675856D-05
  172  0.00013137      0.11954869D-05
  173  0.00013294      0.12240531D-05
  174  0.00013453      0.12532998D-05
  175  0.00013614      0.12832434D-05
  176  0.00013776      0.13139002D-05
  177  0.00013941      0.13452872D-05
  178  0.00014108      0.13774216D-05
  179  0.00014276      0.14103214D-05
  180  0.00014447      0.14440044D-05
  181  0.00014619      0.14784895D-05
  182  0.00014794      0.15137954D-05
  183  0.00014970      0.15499417D-05
  184  0.00015149      0.15869483D-05
  185  0.00015330      0.16248355D-05
  186  0.00015513      0.16636242D-05
  187  0.00015698      0.17033358D-05
  188  0.00015886      0.17439920D-05
  189  0.00016076      0.17856153D-05
  190  0.00016268      0.18282285D-05
  191  0.00016462      0.18718551D-05
  192  0.00016659      0.19165189D-05
  193  0.00016858      0.19622446D-05
  194  0.00017059      0.20090571D-05
  195  0.00017263      0.20569824D-05
  196  0.00017469      0.21060465D-05
  197  0.00017678      0.21562764D-05
  198  0.00017889      0.22076998D-05
  199  0.00018102      0.22603446D-05
  200  0.00018319      0.23142399D-05
  201  0.00018537      0.23694150D-05
  202  0.00018759      0.24259003D-05
  203  0.00018983      0.24837266D-05
  204  0.00019209      0.25429256D-05
  205  0.00019439      0.26035296D-05
  206  0.00019671      0.26655718D-05
  207  0.00019906      0.27290861D-05
  208  0.00020144      0.27941071D-05
  209  0.00020384      0.28606705D-05
  210  0.00020628      0.29288125D-05
  211  0.00020874      0.29985702D-05
  212  0.00021124      0.30699819D-05
  213  0.00021376      0.31430863D-05
  214  0.00021631      0.32179233D-05
  215  0.00021890      0.32945337D-05
  216  0.00022151      0.33729593D-05
  217  0.00022416      0.34532426D-05
  218  0.00022683      0.35354274D-05
  219  0.00022954      0.36195584D-05
  220  0.00023228      0.37056813D-05
  221  0.00023506      0.37938429D-05
  222  0.00023786      0.38840911D-05
  223  0.00024071      0.39764748D-05
  224  0.00024358      0.40710442D-05
  225  0.00024649      0.41678506D-05
  226  0.00024943      0.42669465D-05
  227  0.00025241      0.43683856D-05
  228  0.00025543      0.44722227D-05
  229  0.00025848      0.45785141D-05
  230  0.00026157      0.46873173D-05
  231  0.00026469      0.47986912D-05
  232  0.00026785      0.49126959D-05
  233  0.00027105      0.50293930D-05
  234  0.00027429      0.51488455D-05
  235  0.00027756      0.52711179D-05
  236  0.00028088      0.53962762D-05
  237  0.00028423      0.55243877D-05
  238  0.00028763      0.56555215D-05
  239  0.00029106      0.57897482D-05
  240  0.00029454      0.59271401D-05
  241  0.00029806      0.60677710D-05
  242  0.00030162      0.62117166D-05
  243  0.00030522      0.63590541D-05
  244  0.00030887      0.65098626D-05
  245  0.00031256      0.66642231D-05
  246  0.00031629      0.68222184D-05
  247  0.00032007      0.69839331D-05
  248  0.00032389      0.71494537D-05
  249  0.00032776      0.73188690D-05
  250  0.00033167      0.74922695D-05
  251  0.00033563      0.76697479D-05
  252  0.00033964      0.78513990D-05
  253  0.00034370      0.80373198D-05
  254  0.00034780      0.82276094D-05
  255  0.00035196      0.84223694D-05
  256  0.00035616      0.86217034D-05
  257  0.00036042      0.88257175D-05
  258  0.00036472      0.90345204D-05
  259  0.00036908      0.92482229D-05
  260  0.00037348      0.94669386D-05
  261  0.00037795      0.96907837D-05
  262  0.00038246      0.99198767D-05
  263  0.00038703      0.10154339D-04
  264  0.00039165      0.10394295D-04
  265  0.00039633      0.10639872D-04
  266  0.00040106      0.10891199D-04
  267  0.00040585      0.11148410D-04
  268  0.00041070      0.11411639D-04
  269  0.00041560      0.11681027D-04
  270  0.00042057      0.11956714D-04
  271  0.00042559      0.12238846D-04
  272  0.00043067      0.12527572D-04
  273  0.00043582      0.12823043D-04
  274  0.00044102      0.13125415D-04
  275  0.00044629      0.13434845D-04
  276  0.00045162      0.13751498D-04
  277  0.00045702      0.14075537D-04
  278  0.00046247      0.14407133D-04
  279  0.00046800      0.14746460D-04
  280  0.00047359      0.15093694D-04
  281  0.00047924      0.15449017D-04
  282  0.00048497      0.15812614D-04
  283  0.00049076      0.16184674D-04
  284  0.00049662      0.16565392D-04
  285  0.00050255      0.16954964D-04
  286  0.00050856      0.17353594D-04
  287  0.00051463      0.17761487D-04
  288  0.00052078      0.18178856D-04
  289  0.00052700      0.18605917D-04
  290  0.00053329      0.19042889D-04
  291  0.00053966      0.19490000D-04
  292  0.00054611      0.19947480D-04
  293  0.00055263      0.20415564D-04
  294  0.00055923      0.20894494D-04
  295  0.00056591      0.21384516D-04
  296  0.00057267      0.21885881D-04
  297  0.00057951      0.22398847D-04
  298  0.00058643      0.22923676D-04
  299  0.00059343      0.23460638D-04
  300  0.00060052      0.24010007D-04
  301  0.00060769      0.24572063D-04
  302  0.00061495      0.25147093D-04
  303  0.00062230      0.25735390D-04
  304  0.00062973      0.26337252D-04
  305  0.00063725      0.26952987D-04
  306  0.00064486      0.27582905D-04
  307  0.00065256      0.28227327D-04
  308  0.00066036      0.28886577D-04
  309  0.00066824      0.29560990D-04
  310  0.00067623      0.30250906D-04
  311  0.00068430      0.30956672D-04
  312  0.00069247      0.31678642D-04
  313  0.00070075      0.32417181D-04
  314  0.00070912      0.33172658D-04
  315  0.00071758      0.33945452D-04
  316  0.00072616      0.34735948D-04
  317  0.00073483      0.35544543D-04
  318  0.00074361      0.36371639D-04
  319  0.00075249      0.37217647D-04
  320  0.00076147      0.38082989D-04
  321  0.00077057      0.38968093D-04
  322  0.00077977      0.39873398D-04
  323  0.00078909      0.40799352D-04
  324  0.00079851      0.41746411D-04
  325  0.00080805      0.42715044D-04
  326  0.00081770      0.43705725D-04
  327  0.00082747      0.44718942D-04
  328  0.00083735      0.45755192D-04
  329  0.00084735      0.46814981D-04
  330  0.00085747      0.47898827D-04
  331  0.00086771      0.49007259D-04
  332  0.00087807      0.50140816D-04
  333  0.00088856      0.51300048D-04
  334  0.00089918      0.52485519D-04
  335  0.00090991      0.53697800D-04
  336  0.00092078      0.54937478D-04
  337  0.00093178      0.56205150D-04
  338  0.00094291      0.57501425D-04
  339  0.00095417      0.58826926D-04
  340  0.00096557      0.60182287D-04
  341  0.00097710      0.61568157D-04
  342  0.00098877      0.62985194D-04
  343  0.00100058      0.64434075D-04
  344  0.00101253      0.65915487D-04
  345  0.00102462      0.67430130D-04
  346  0.00103686      0.68978722D-04
  347  0.00104925      0.70561992D-04
  348  0.00106178      0.72180685D-04
  349  0.00107446      0.73835559D-04
  350  0.00108729      0.75527391D-04
  351  0.00110028      0.77256968D-04
  352  0.00111342      0.79025098D-04
  353  0.00112672      0.80832602D-04
  354  0.00114018      0.82680316D-04
  355  0.00115379      0.84569094D-04
  356  0.00116757      0.86499808D-04
  357  0.00118152      0.88473344D-04
  358  0.00119563      0.90490608D-04
  359  0.00120991      0.92552521D-04
  360  0.00122436      0.94660022D-04
  361  0.00123899      0.96814071D-04
  362  0.00125378      0.99015642D-04
  363  0.00126876      0.10126573D-03
  364  0.00128391      0.10356535D-03
  365  0.00129925      0.10591554D-03
  366  0.00131477      0.10831734D-03
  367  0.00133047      0.11077183D-03
  368  0.00134636      0.11328010D-03
  369  0.00136244      0.11584326D-03
  370  0.00137871      0.11846245D-03
  371  0.00139518      0.12113881D-03
  372  0.00141184      0.12387353D-03
  373  0.00142871      0.12666780D-03
  374  0.00144577      0.12952284D-03
  375  0.00146304      0.13243989D-03
  376  0.00148051      0.13542021D-03
  377  0.00149819      0.13846508D-03
  378  0.00151609      0.14157582D-03
  379  0.00153420      0.14475376D-03
  380  0.00155252      0.14800025D-03
  381  0.00157106      0.15131667D-03
  382  0.00158983      0.15470442D-03
  383  0.00160882      0.15816493D-03
  384  0.00162803      0.16169965D-03
  385  0.00164748      0.16531006D-03
  386  0.00166715      0.16899766D-03
  387  0.00168707      0.17276398D-03
  388  0.00170722      0.17661057D-03
  389  0.00172761      0.18053901D-03
  390  0.00174824      0.18455091D-03
  391  0.00176912      0.18864789D-03
  392  0.00179025      0.19283162D-03
  393  0.00181163      0.19710379D-03
  394  0.00183327      0.20146610D-03
  395  0.00185517      0.20592029D-03
  396  0.00187732      0.21046814D-03
  397  0.00189975      0.21511144D-03
  398  0.00192244      0.21985202D-03
  399  0.00194540      0.22469172D-03
  400  0.00196863      0.22963243D-03
  401  0.00199215      0.23467606D-03
  402  0.00201594      0.23982455D-03
  403  0.00204002      0.24507987D-03
  404  0.00206438      0.25044400D-03
  405  0.00208904      0.25591898D-03
  406  0.00211399      0.26150687D-03
  407  0.00213924      0.26720975D-03
  408  0.00216479      0.27302973D-03
  409  0.00219065      0.27896895D-03
  410  0.00221681      0.28502960D-03
  411  0.00224329      0.29121388D-03
  412  0.00227008      0.29752401D-03
  413  0.00229719      0.30396227D-03
  414  0.00232463      0.31053094D-03
  415  0.00235240      0.31723235D-03
  416  0.00238049      0.32406885D-03
  417  0.00240892      0.33104282D-03
  418  0.00243770      0.33815668D-03
  419  0.00246681      0.34541286D-03
  420  0.00249627      0.35281384D-03
  421  0.00252609      0.36036211D-03
  422  0.00255626      0.36806020D-03
  423  0.00258679      0.37591067D-03
  424  0.00261769      0.38391610D-03
  425  0.00264895      0.39207910D-03
  426  0.00268059      0.40040232D-03
  427  0.00271261      0.40888841D-03
  428  0.00274501      0.41754008D-03
  429  0.00277779      0.42636004D-03
  430  0.00281097      0.43535103D-03
  431  0.00284454      0.44451583D-03
  432  0.00287852      0.45385723D-03
  433  0.00291290      0.46337805D-03
  434  0.00294769      0.47308113D-03
  435  0.00298290      0.48296934D-03
  436  0.00301852      0.49304556D-03
  437  0.00305457      0.50331270D-03
  438  0.00309106      0.51377369D-03
  439  0.00312798      0.52443147D-03
  440  0.00316534      0.53528900D-03
  441  0.00320314      0.54634927D-03
  442  0.00324140      0.55761528D-03
  443  0.00328011      0.56909003D-03
  444  0.00331929      0.58077654D-03
  445  0.00335894      0.59267787D-03
  446  0.00339905      0.60479704D-03
  447  0.00343965      0.61713713D-03
  448  0.00348073      0.62970119D-03
  449  0.00352231      0.64249230D-03
  450  0.00356438      0.65551352D-03
  451  0.00360695      0.66876794D-03
  452  0.00365003      0.68225863D-03
  453  0.00369362      0.69598868D-03
  454  0.00373774      0.70996114D-03
  455  0.00378238      0.72417910D-03
  456  0.00382756      0.73864560D-03
  457  0.00387327      0.75336370D-03
  458  0.00391954      0.76833644D-03
  459  0.00396635      0.78356684D-03
  460  0.00401372      0.79905790D-03
  461  0.00406166      0.81481261D-03
  462  0.00411017      0.83083393D-03
  463  0.00415926      0.84712479D-03
  464  0.00420894      0.86368809D-03
  465  0.00425921      0.88052672D-03
  466  0.00431008      0.89764350D-03
  467  0.00436156      0.91504124D-03
  468  0.00441365      0.93272268D-03
  469  0.00446637      0.95069055D-03
  470  0.00451971      0.96894749D-03
  471  0.00457370      0.98749611D-03
  472  0.00462832      0.10063389D-02
  473  0.00468360      0.10254785D-02
  474  0.00473954      0.10449172D-02
  475  0.00479615      0.10646573D-02
  476  0.00485344      0.10847012D-02
  477  0.00491140      0.11050509D-02
  478  0.00497006      0.11257087D-02
  479  0.00502943      0.11466765D-02
  480  0.00508950      0.11679563D-02
  481  0.00515028      0.11895498D-02
  482  0.00521180      0.12114587D-02
  483  0.00527405      0.12336847D-02
  484  0.00533704      0.12562292D-02
  485  0.00540078      0.12790935D-02
  486  0.00546529      0.13022789D-02
  487  0.00553056      0.13257864D-02
  488  0.00559662      0.13496170D-02
  489  0.00566346      0.13737714D-02
  490  0.00573111      0.13982503D-02
  491  0.00579956      0.14230540D-02
  492  0.00586883      0.14481830D-02
  493  0.00593892      0.14736372D-02
  494  0.00600986      0.14994166D-02
  495  0.00608164      0.15255210D-02
  496  0.00615427      0.15519497D-02
  497  0.00622778      0.15787021D-02
  498  0.00630216      0.16057774D-02
  499  0.00637743      0.16331742D-02
  500  0.00645360      0.16608913D-02
  501  0.00653068      0.16889270D-02
  502  0.00660868      0.17172794D-02
  503  0.00668762      0.17459463D-02
  504  0.00676749      0.17749253D-02
  505  0.00684832      0.18042138D-02
  506  0.00693012      0.18338086D-02
  507  0.00701289      0.18637064D-02
  508  0.00709665      0.18939037D-02
  509  0.00718141      0.19243965D-02
  510  0.00726718      0.19551804D-02
  511  0.00735398      0.19862509D-02
  512  0.00744181      0.20176029D-02
  513  0.00753070      0.20492312D-02
  514  0.00762064      0.20811300D-02
  515  0.00771166      0.21132931D-02
  516  0.00780377      0.21457141D-02
  517  0.00789697      0.21783860D-02
  518  0.00799129      0.22113015D-02
  519  0.00808674      0.22444528D-02
  520  0.00818332      0.22778317D-02
  521  0.00828106      0.23114296D-02
  522  0.00837997      0.23452372D-02
  523  0.00848006      0.23792451D-02
  524  0.00858134      0.24134431D-02
  525  0.00868384      0.24478206D-02
  526  0.00878755      0.24823665D-02
  527  0.00889251      0.25170693D-02
  528  0.00899872      0.25519167D-02
  529  0.00910620      0.25868961D-02
  530  0.00921496      0.26219943D-02
  531  0.00932502      0.26571975D-02
  532  0.00943640      0.26924912D-02
  533  0.00954910      0.27278606D-02
  534  0.00966315      0.27632902D-02
  535  0.00977857      0.27987637D-02
  536  0.00989536      0.28342645D-02
  537  0.01001355      0.28697752D-02
  538  0.01013315      0.29052778D-02
  539  0.01025418      0.29407538D-02
  540  0.01037665      0.29761837D-02
  541  0.01050059      0.30115479D-02
  542  0.01062600      0.30468257D-02
  543  0.01075292      0.30819958D-02
  544  0.01088135      0.31170365D-02
  545  0.01101131      0.31519252D-02
  546  0.01114283      0.31866387D-02
  547  0.01127591      0.32211531D-02
  548  0.01141059      0.32554439D-02
  549  0.01154688      0.32894858D-02
  550  0.01168479      0.33232529D-02
  551  0.01182435      0.33567186D-02
  552  0.01196558      0.33898556D-02
  553  0.01210849      0.34226361D-02
  554  0.01225311      0.34550314D-02
  555  0.01239946      0.34870122D-02
  556  0.01254756      0.35185487D-02
  557  0.01269742      0.35496103D-02
  558  0.01284908      0.35801656D-02
  559  0.01300254      0.36101830D-02
  560  0.01315784      0.36396300D-02
  561  0.01331499      0.36684734D-02
  562  0.01347403      0.36966797D-02
  563  0.01363496      0.37242146D-02
  564  0.01379781      0.37510433D-02
  565  0.01396261      0.37771306D-02
  566  0.01412937      0.38024406D-02
  567  0.01429813      0.38269369D-02
  568  0.01446890      0.38505830D-02
  569  0.01464172      0.38733415D-02
  570  0.01481659      0.38951748D-02
  571  0.01499356      0.39160451D-02
  572  0.01517264      0.39359139D-02
  573  0.01535386      0.39547428D-02
  574  0.01553724      0.39724929D-02
  575  0.01572281      0.39891250D-02
  576  0.01591060      0.40046001D-02
  577  0.01610063      0.40188788D-02
  578  0.01629294      0.40319217D-02
  579  0.01648753      0.40436893D-02
  580  0.01668446      0.40541423D-02
  581  0.01688373      0.40632414D-02
  582  0.01708539      0.40709476D-02
  583  0.01728945      0.40772219D-02
  584  0.01749595      0.40820259D-02
  585  0.01770492      0.40853211D-02
  586  0.01791638      0.40870701D-02
  587  0.01813037      0.40872353D-02
  588  0.01834692      0.40857804D-02
  589  0.01856605      0.40826692D-02
  590  0.01878780      0.40778667D-02
  591  0.01901219      0.40713386D-02
  592  0.01923927      0.40630514D-02
  593  0.01946906      0.40529729D-02
  594  0.01970159      0.40410720D-02
  595  0.01993690      0.40273188D-02
  596  0.02017502      0.40116848D-02
  597  0.02041599      0.39941429D-02
  598  0.02065983      0.39746678D-02
  599  0.02090659      0.39532357D-02
  600  0.02115629      0.39298247D-02
  601  0.02140898      0.39044148D-02
  602  0.02166468      0.38769882D-02
  603  0.02192344      0.38475290D-02
  604  0.02218529      0.38160241D-02
  605  0.02245026      0.37824624D-02
  606  0.02271840      0.37468356D-02
  607  0.02298975      0.37091382D-02
  608  0.02326433      0.36693673D-02
  609  0.02354219      0.36275234D-02
  610  0.02382337      0.35836097D-02
  611  0.02410792      0.35376330D-02
  612  0.02439585      0.34896034D-02
  613  0.02468723      0.34395346D-02
  614  0.02498209      0.33874440D-02
  615  0.02528047      0.33333529D-02
  616  0.02558241      0.32772866D-02
  617  0.02588796      0.32192744D-02
  618  0.02619716      0.31593500D-02
  619  0.02651006      0.30975516D-02
  620  0.02682669      0.30339218D-02
  621  0.02714710      0.29685079D-02
  622  0.02747133      0.29013621D-02
  623  0.02779945      0.28325416D-02
  624  0.02813148      0.27621085D-02
  625  0.02846747      0.26901302D-02
  626  0.02880748      0.26166795D-02
  627  0.02915155      0.25418343D-02
  628  0.02949973      0.24656783D-02
  629  0.02985206      0.23883007D-02
  630  0.03020861      0.23097964D-02
  631  0.03056941      0.22302661D-02
  632  0.03093453      0.21498164D-02
  633  0.03130400      0.20685596D-02
  634  0.03167789      0.19866141D-02
  635  0.03205624      0.19041042D-02
  636  0.03243911      0.18211603D-02
  637  0.03282656      0.17379187D-02
  638  0.03321863      0.16545219D-02
  639  0.03361539      0.15711182D-02
  640  0.03401688      0.14878620D-02
  641  0.03442317      0.14049135D-02
  642  0.03483431      0.13224388D-02
  643  0.03525036      0.12406098D-02
  644  0.03567138      0.11596041D-02
  645  0.03609743      0.10796047D-02
  646  0.03652857      0.10008000D-02
  647  0.03696486      0.92338390D-03
  648  0.03740636      0.84755501D-03
  649  0.03785313      0.77351694D-03
  650  0.03830524      0.70147788D-03
  651  0.03876275      0.63165035D-03
  652  0.03922572      0.56425094D-03
  653  0.03969422      0.49949999D-03
  654  0.04016832      0.43762126D-03
  655  0.04064808      0.37884155D-03
  656  0.04113357      0.32339035D-03
  657  0.04162486      0.27149937D-03
  658  0.04212202      0.22340216D-03
  659  0.04262512      0.17933356D-03
  660  0.04313422      0.13952928D-03
  661  0.04364940      0.10422528D-03
  662  0.04417074      0.73657286D-04
  663  0.04469831      0.48060160D-04
  664  0.04523217      0.27667287D-04
  665  0.04577241      0.12709936D-04
  666  0.04631911      0.34165759D-05
  667  0.04687233      0.12179821D-07
  668  0.04743216      0.27174905D-05
  669  0.04799868      0.11748266D-04
  670  0.04857196      0.27314495D-04
  671  0.04915210      0.49619597D-04
  672  0.04973916      0.78859586D-04
  673  0.05033323      0.11522222D-03
  674  0.05093440      0.15888615D-03
  675  0.05154274      0.21001998D-03
  676  0.05215836      0.26878142D-03
  677  0.05278132      0.33531635D-03
  678  0.05341173      0.40975785D-03
  679  0.05404967      0.49222529D-03
  680  0.05469522      0.58282340D-03
  681  0.05534849      0.68164128D-03
  682  0.05600956      0.78875146D-03
  683  0.05667852      0.90420895D-03
  684  0.05735548      0.10280503D-02
  685  0.05804052      0.11602927D-02
  686  0.05873374      0.13009329D-02
  687  0.05943524      0.14499465D-02
  688  0.06014512      0.16072870D-02
  689  0.06086348      0.17728850D-02
  690  0.06159042      0.19466472D-02
  691  0.06232604      0.21284557D-02
  692  0.06307044      0.23181675D-02
  693  0.06382374      0.25156132D-02
  694  0.06458604      0.27205972D-02
  695  0.06535743      0.29328961D-02
  696  0.06613805      0.31522592D-02
  697  0.06692798      0.33784073D-02
  698  0.06772736      0.36110325D-02
  699  0.06853627      0.38497982D-02
  700  0.06935485      0.40943383D-02
  701  0.07018321      0.43442577D-02
  702  0.07102146      0.45991318D-02
  703  0.07186973      0.48585067D-02
  704  0.07272812      0.51218997D-02
  705  0.07359677      0.53887989D-02
  706  0.07447579      0.56586644D-02
  707  0.07536531      0.59309282D-02
  708  0.07626545      0.62049952D-02
  709  0.07717635      0.64802440D-02
  710  0.07809812      0.67560277D-02
  711  0.07903091      0.70316750D-02
  712  0.07997483      0.73064915D-02
  713  0.08093003      0.75797613D-02
  714  0.08189664      0.78507479D-02
  715  0.08287479      0.81186965D-02
  716  0.08386463      0.83828355D-02
  717  0.08486629      0.86423788D-02
  718  0.08587991      0.88965275D-02
  719  0.08690564      0.91444728D-02
  720  0.08794362      0.93853977D-02
  721  0.08899399      0.96184806D-02
  722  0.09005692      0.98428971D-02
  723  0.09113253      0.10057824D-01
  724  0.09222100      0.10262440D-01
  725  0.09332246      0.10455933D-01
  726  0.09443708      0.10637500D-01
  727  0.09556502      0.10806352D-01
  728  0.09670642      0.10961715D-01
  729  0.09786146      0.11102839D-01
  730  0.09903029      0.11228997D-01
  731  0.10021309      0.11339491D-01
  732  0.10141001      0.11433655D-01
  733  0.10262122      0.11510859D-01
  734  0.10384690      0.11570514D-01
  735  0.10508723      0.11612076D-01
  736  0.10634236      0.11635048D-01
  737  0.10761249      0.11638988D-01
  738  0.10889778      0.11623507D-01
  739  0.11019843      0.11588279D-01
  740  0.11151462      0.11533041D-01
  741  0.11284652      0.11457600D-01
  742  0.11419433      0.11361833D-01
  743  0.11555824      0.11245693D-01
  744  0.11693844      0.11109210D-01
  745  0.11833512      0.10952500D-01
  746  0.11974849      0.10775758D-01
  747  0.12117873      0.10579272D-01
  748  0.12262606      0.10363416D-01
  749  0.12409068      0.10128657D-01
  750  0.12557278      0.98755565D-02
  751  0.12707259      0.96047708D-02
  752  0.12859032      0.93170524D-02
  753  0.13012617      0.90132509D-02
  754  0.13168036      0.86943134D-02
  755  0.13325312      0.83612838D-02
  756  0.13484466      0.80153028D-02
  757  0.13645521      0.76576062D-02
  758  0.13808500      0.72895236D-02
  759  0.13973425      0.69124761D-02
  760  0.14140320      0.65279738D-02
  761  0.14309209      0.61376124D-02
  762  0.14480115      0.57430692D-02
  763  0.14653062      0.53460992D-02
  764  0.14828074      0.49485297D-02
  765  0.15005177      0.45522550D-02
  766  0.15184395      0.41592302D-02
  767  0.15365754      0.37714648D-02
  768  0.15549278      0.33910149D-02
  769  0.15734995      0.30199760D-02
  770  0.15922930      0.26604740D-02
  771  0.16113109      0.23146573D-02
  772  0.16305560      0.19846865D-02
  773  0.16500310      0.16727250D-02
  774  0.16697386      0.13809289D-02
  775  0.16896815      0.11114361D-02
  776  0.17098626      0.86635532D-03
  777  0.17302848      0.64775494D-03
  778  0.17509509      0.45765120D-03
  779  0.17718638      0.29799652D-03
  780  0.17930265      0.17066749D-03
  781  0.18144420      0.77452810D-04
  782  0.18361132      0.20041177D-04
  783  0.18580433      0.92315392D-08
  784  0.18802353      0.18809578D-04
  785  0.19026924      0.77758987D-04
  786  0.19254177      0.17802685D-03
  787  0.19484144      0.32062397D-03
  788  0.19716858      0.50639171D-03
  789  0.19952351      0.73599172D-03
  790  0.20190657      0.10098961D-02
  791  0.20431809      0.13283784D-02
  792  0.20675841      0.16915050D-02
  793  0.20922789      0.20991279D-02
  794  0.21172685      0.25508775D-02
  795  0.21425566      0.30461576D-02
  796  0.21681468      0.35841398D-02
  797  0.21940426      0.41637607D-02
  798  0.22202477      0.47837191D-02
  799  0.22467658      0.54424749D-02
  800  0.22736006      0.61382494D-02
  801  0.23007559      0.68690264D-02
  802  0.23282356      0.76325553D-02
  803  0.23560435      0.84263557D-02
  804  0.23841835      0.92477226D-02
  805  0.24126596      0.10093734D-01
  806  0.24414758      0.10961260D-01
  807  0.24706361      0.11846972D-01
  808  0.25001448      0.12747355D-01
  809  0.25300059      0.13658723D-01
  810  0.25602237      0.14577229D-01
  811  0.25908024      0.15498887D-01
  812  0.26217463      0.16419584D-01
  813  0.26530597      0.17335102D-01
  814  0.26847472      0.18241139D-01
  815  0.27168132      0.19133327D-01
  816  0.27492621      0.20007258D-01
  817  0.27820986      0.20858505D-01
  818  0.28153273      0.21682647D-01
  819  0.28489529      0.22475293D-01
  820  0.28829801      0.23232112D-01
  821  0.29174137      0.23948852D-01
  822  0.29522585      0.24621374D-01
  823  0.29875196      0.25245672D-01
  824  0.30232018      0.25817906D-01
  825  0.30593101      0.26334422D-01
  826  0.30958498      0.26791785D-01
  827  0.31328258      0.27186801D-01
  828  0.31702435      0.27516541D-01
  829  0.32081081      0.27778368D-01
  830  0.32464250      0.27969961D-01
  831  0.32851995      0.28089334D-01
  832  0.33244371      0.28134858D-01
  833  0.33641433      0.28105283D-01
  834  0.34043238      0.27999751D-01
  835  0.34449842      0.27817815D-01
  836  0.34861303      0.27559453D-01
  837  0.35277677      0.27225077D-01
  838  0.35699025      0.26815544D-01
  839  0.36125406      0.26332166D-01
  840  0.36556878      0.25776709D-01
  841  0.36993505      0.25151399D-01
  842  0.37435346      0.24458920D-01
  843  0.37882464      0.23702412D-01
  844  0.38334923      0.22885462D-01
  845  0.38792786      0.22012099D-01
  846  0.39256117      0.21086780D-01
  847  0.39724983      0.20114378D-01
  848  0.40199448      0.19100160D-01
  849  0.40679580      0.18049774D-01
  850  0.41165447      0.16969219D-01
  851  0.41657117      0.15864827D-01
  852  0.42154659      0.14743231D-01
  853  0.42658144      0.13611335D-01
  854  0.43167642      0.12476284D-01
  855  0.43683226      0.11345428D-01
  856  0.44204967      0.10226286D-01
  857  0.44732941      0.91265082D-02
  858  0.45267220      0.80538357D-02
  859  0.45807880      0.70160600D-02
  860  0.46354998      0.60209802D-02
  861  0.46908651      0.50763604D-02
  862  0.47468916      0.41898853D-02
  863  0.48035873      0.33691167D-02
  864  0.48609601      0.26214481D-02
  865  0.49190182      0.19540614D-02
  866  0.49777698      0.13738825D-02
  867  0.50372230      0.88753802D-03
  868  0.50973864      0.50131335D-03
  869  0.51582683      0.22111150D-03
  870  0.52198774      0.52413614D-04
  871  0.52822223      0.24133112D-06
  872  0.53453118      0.69121164D-04
  873  0.54091549      0.26305123D-03
  874  0.54737605      0.58547058D-03
  875  0.55391377      0.10392313D-02
  876  0.56052958      0.16265738D-02
  877  0.56722441      0.23491051D-02
  878  0.57399920      0.32077807D-02
  879  0.58085490      0.42028904D-02
  880  0.58779249      0.53340471D-02
  881  0.59481293      0.66001799D-02
  882  0.60191723      0.79995316D-02
  883  0.60910638      0.95296592D-02
  884  0.61638140      0.11187439D-01
  885  0.62374330      0.12969077D-01
  886  0.63119314      0.14870120D-01
  887  0.63873195      0.16885474D-01
  888  0.64636081      0.19009425D-01
  889  0.65408078      0.21235665D-01
  890  0.66189296      0.23557317D-01
  891  0.66979844      0.25966971D-01
  892  0.67779835      0.28456717D-01
  893  0.68589381      0.31018184D-01
  894  0.69408595      0.33642581D-01
  895  0.70237594      0.36320739D-01
  896  0.71076495      0.39043161D-01
  897  0.71925415      0.41800066D-01
  898  0.72784474      0.44581442D-01
  899  0.73653793      0.47377096D-01
  900  0.74533496      0.50176705D-01
  901  0.75423706      0.52969873D-01
  902  0.76324548      0.55746183D-01
  903  0.77236149      0.58495247D-01
  904  0.78158638      0.61206769D-01
  905  0.79092146      0.63870590D-01
  906  0.80036803      0.66476743D-01
  907  0.80992743      0.69015510D-01
  908  0.81960100      0.71477461D-01
  909  0.82939011      0.73853513D-01
  910  0.83929614      0.76134970D-01
  911  0.84932048      0.78313569D-01
  912  0.85946455      0.80381519D-01
  913  0.86972979      0.82331541D-01
  914  0.88011762      0.84156904D-01
  915  0.89062953      0.85851451D-01
  916  0.90126699      0.87409634D-01
  917  0.91203150      0.88826531D-01
  918  0.92292457      0.90097869D-01
  919  0.93394776      0.91220043D-01
  920  0.94510260      0.92190121D-01
  921  0.95639067      0.93005856D-01
  922  0.96781356      0.93665685D-01
  923  0.97937288      0.94168734D-01
  924  0.99107027      0.94514806D-01
  925  1.00290737      0.94704376D-01
  926  1.01488584      0.94738574D-01
  927  1.02700739      0.94619171D-01
  928  1.03927371      0.94348556D-01
  929  1.05168654      0.93929711D-01
  930  1.06424762      0.93366185D-01
  931  1.07695873      0.92662064D-01
  932  1.08982166      0.91821935D-01
  933  1.10283821      0.90850851D-01
  934  1.11601024      0.89754297D-01
  935  1.12933959      0.88538146D-01
  936  1.14282814      0.87208621D-01
  937  1.15647780      0.85772252D-01
  938  1.17029048      0.84235833D-01
  939  1.18426814      0.82606382D-01
  940  1.19841274      0.80891094D-01
  941  1.21272629      0.79097299D-01
  942  1.22721079      0.77232422D-01
  943  1.24186829      0.75303942D-01
  944  1.25670086      0.73319345D-01
  945  1.27171058      0.71286094D-01
  946  1.28689957      0.69211584D-01
  947  1.30226998      0.67103111D-01
  948  1.31782397      0.64967836D-01
  949  1.33356374      0.62812755D-01
  950  1.34949149      0.60644667D-01
  951  1.36560948      0.58470152D-01
  952  1.38191998      0.56295539D-01
  953  1.39842529      0.54126891D-01
  954  1.41512773      0.51969984D-01
  955  1.43202967      0.49830288D-01
  956  1.44913348      0.47712954D-01
  957  1.46644157      0.45622806D-01
  958  1.48395638      0.43564325D-01
  959  1.50168039      0.41541651D-01
  960  1.51961608      0.39558573D-01
  961  1.53776600      0.37618529D-01
  962  1.55613270      0.35724607D-01
  963  1.57471876      0.33879550D-01
  964  1.59352681      0.32085756D-01
  965  1.61255950      0.30345287D-01
  966  1.63181951      0.28659880D-01
  967  1.65130955      0.27030951D-01
  968  1.67103238      0.25459612D-01
  969  1.69099078      0.23946680D-01
  970  1.71118755      0.22492690D-01
  971  1.73162555      0.21097912D-01
  972  1.75230766      0.19762367D-01
  973  1.77323679      0.18485837D-01
  974  1.79441589      0.17267887D-01
  975  1.81584794      0.16107881D-01
  976  1.83753598      0.15004995D-01
  977  1.85948305      0.13958237D-01
  978  1.88169226      0.12966465D-01
  979  1.90416672      0.12028399D-01
  980  1.92690962      0.11142641D-01
  981  1.94992415      0.10307687D-01
  982  1.97321356      0.95219491D-02
  983  1.99678113      0.87837625D-02
  984  2.02063019      0.80914046D-02
  985  2.04476409      0.74431064D-02
  986  2.06918625      0.68370662D-02
  987  2.09390009      0.62714605D-02
  988  2.11890912      0.57444562D-02
  989  2.14421684      0.52542200D-02
  990  2.16982683      0.47989282D-02
  991  2.19574271      0.43767756D-02
  992  2.22196811      0.39859828D-02
  993  2.24850675      0.36248033D-02
  994  2.27536235      0.32915297D-02
  995  2.30253872      0.29844991D-02
  996  2.33003967      0.27020974D-02
  997  2.35786908      0.24427638D-02
  998  2.38603088      0.22049931D-02
  999  2.41452904      0.19873389D-02
 1000  2.44336758      0.17884153D-02
 1001  2.47255056      0.16068982D-02
 1002  2.50208209      0.14417437D-02
 1003  2.53196633      0.12918890D-02
 1004  2.56220751      0.11560938D-02
 1005  2.59280988      0.10332011D-02
 1006  2.62377776      0.92213326D-03
 1007  2.65511551      0.82188794D-03
 1008  2.68682755      0.73153409D-03
 1009  2.71891835      0.65020819D-03
 1010  2.75139243      0.57711053D-03
 1011  2.78425438      0.51150155D-03
 1012  2.81750882      0.45269835D-03
 1013  2.85116045      0.40007130D-03
 1014  2.88521400      0.35304075D-03
 1015  2.91967428      0.31107391D-03
 1016  2.95454615      0.27368179D-03
 1017  2.98983451      0.24041631D-03
 1018  3.02554435      0.21086754D-03
 1019  3.06168070      0.18466104D-03
 1020  3.09824866      0.16145536D-03
 1021  3.13525337      0.14093961D-03
 1022  3.17270006      0.12283121D-03
 1023  3.21059400      0.10687376D-03
 1024  3.24894053      0.92834966D-04
 1025  3.28774507      0.80504768D-04
 1026  3.32701308      0.69693524D-04
 1027  3.36675010      0.60230327D-04
