 ir        r              f(r)*r^2
    1  0.00001725      0.48943229D-14
    2  0.00001746      0.51323274D-14
    3  0.00001766      0.53819052D-14
    4  0.00001787      0.56436190D-14
    5  0.00001809      0.59180589D-14
    6  0.00001830      0.62058438D-14
    7  0.00001852      0.65076223D-14
    8  0.00001874      0.68240751D-14
    9  0.00001897      0.71559156D-14
   10  0.00001919      0.75038919D-14
   11  0.00001942      0.78687886D-14
   12  0.00001966      0.82514285D-14
   13  0.00001989      0.86526742D-14
   14  0.00002013      0.90734303D-14
   15  0.00002037      0.95146456D-14
   16  0.00002061      0.99773147D-14
   17  0.00002086      0.10462481D-13
   18  0.00002111      0.10971238D-13
   19  0.00002136      0.11504732D-13
   20  0.00002161      0.12064167D-13
   21  0.00002187      0.12650804D-13
   22  0.00002213      0.13265966D-13
   23  0.00002240      0.13911038D-13
   24  0.00002267      0.14587476D-13
   25  0.00002294      0.15296804D-13
   26  0.00002321      0.16040622D-13
   27  0.00002349      0.16820606D-13
   28  0.00002377      0.17638515D-13
   29  0.00002405      0.18496192D-13
   30  0.00002434      0.19395571D-13
   31  0.00002463      0.20338680D-13
   32  0.00002492      0.21327645D-13
   33  0.00002522      0.22364694D-13
   34  0.00002552      0.23452166D-13
   35  0.00002583      0.24592512D-13
   36  0.00002614      0.25788302D-13
   37  0.00002645      0.27042233D-13
   38  0.00002676      0.28357131D-13
   39  0.00002708      0.29735959D-13
   40  0.00002741      0.31181825D-13
   41  0.00002773      0.32697990D-13
   42  0.00002807      0.34287870D-13
   43  0.00002840      0.35955049D-13
   44  0.00002874      0.37703285D-13
   45  0.00002908      0.39536518D-13
   46  0.00002943      0.41458881D-13
   47  0.00002978      0.43474707D-13
   48  0.00003014      0.45588538D-13
   49  0.00003050      0.47805140D-13
   50  0.00003086      0.50129508D-13
   51  0.00003123      0.52566881D-13
   52  0.00003160      0.55122753D-13
   53  0.00003198      0.57802883D-13
   54  0.00003236      0.60613314D-13
   55  0.00003275      0.63560378D-13
   56  0.00003314      0.66650717D-13
   57  0.00003354      0.69891297D-13
   58  0.00003394      0.73289420D-13
   59  0.00003434      0.76852745D-13
   60  0.00003475      0.80589302D-13
   61  0.00003517      0.84507512D-13
   62  0.00003559      0.88616205D-13
   63  0.00003601      0.92924640D-13
   64  0.00003644      0.97442526D-13
   65  0.00003688      0.10218004D-12
   66  0.00003732      0.10714787D-12
   67  0.00003777      0.11235720D-12
   68  0.00003822      0.11781977D-12
   69  0.00003867      0.12354789D-12
   70  0.00003913      0.12955447D-12
   71  0.00003960      0.13585304D-12
   72  0.00004008      0.14245780D-12
   73  0.00004055      0.14938363D-12
   74  0.00004104      0.15664612D-12
   75  0.00004153      0.16426166D-12
   76  0.00004202      0.17224739D-12
   77  0.00004253      0.18062131D-12
   78  0.00004303      0.18940229D-12
   79  0.00004355      0.19861010D-12
   80  0.00004407      0.20826550D-12
   81  0.00004459      0.21839024D-12
   82  0.00004513      0.22900713D-12
   83  0.00004567      0.24014009D-12
   84  0.00004621      0.25181420D-12
   85  0.00004676      0.26405576D-12
   86  0.00004732      0.27689234D-12
   87  0.00004789      0.29035287D-12
   88  0.00004846      0.30446767D-12
   89  0.00004904      0.31926854D-12
   90  0.00004962      0.33478881D-12
   91  0.00005022      0.35106345D-12
   92  0.00005082      0.36812911D-12
   93  0.00005142      0.38602425D-12
   94  0.00005204      0.40478916D-12
   95  0.00005266      0.42446612D-12
   96  0.00005329      0.44509944D-12
   97  0.00005392      0.46673561D-12
   98  0.00005457      0.48942334D-12
   99  0.00005522      0.51321375D-12
  100  0.00005588      0.53816041D-12
  101  0.00005655      0.56431951D-12
  102  0.00005722      0.59174996D-12
  103  0.00005791      0.62051354D-12
  104  0.00005860      0.65067503D-12
  105  0.00005930      0.68230235D-12
  106  0.00006001      0.71546672D-12
  107  0.00006072      0.75024284D-12
  108  0.00006145      0.78670901D-12
  109  0.00006218      0.82494734D-12
  110  0.00006292      0.86504395D-12
  111  0.00006368      0.90708912D-12
  112  0.00006444      0.95117752D-12
  113  0.00006521      0.99740842D-12
  114  0.00006598      0.10458859D-11
  115  0.00006677      0.10967192D-11
  116  0.00006757      0.11500226D-11
  117  0.00006838      0.12059163D-11
  118  0.00006919      0.12645260D-11
  119  0.00007002      0.13259836D-11
  120  0.00007086      0.13904277D-11
  121  0.00007170      0.14580031D-11
  122  0.00007256      0.15288621D-11
  123  0.00007343      0.16031642D-11
  124  0.00007430      0.16810766D-11
  125  0.00007519      0.17627747D-11
  126  0.00007609      0.18484424D-11
  127  0.00007700      0.19382725D-11
  128  0.00007792      0.20324673D-11
  129  0.00007885      0.21312386D-11
  130  0.00007979      0.22348089D-11
  131  0.00008074      0.23434112D-11
  132  0.00008171      0.24572899D-11
  133  0.00008268      0.25767014D-11
  134  0.00008367      0.27019143D-11
  135  0.00008467      0.28332105D-11
  136  0.00008568      0.29708853D-11
  137  0.00008670      0.31152486D-11
  138  0.00008774      0.32666252D-11
  139  0.00008879      0.34253558D-11
  140  0.00008985      0.35917974D-11
  141  0.00009092      0.37663247D-11
  142  0.00009201      0.39493301D-11
  143  0.00009311      0.41412256D-11
  144  0.00009422      0.43424427D-11
  145  0.00009534      0.45534341D-11
  146  0.00009648      0.47746746D-11
  147  0.00009763      0.50066618D-11
  148  0.00009880      0.52499174D-11
  149  0.00009998      0.55049888D-11
  150  0.00010117      0.57724496D-11
  151  0.00010238      0.60529014D-11
  152  0.00010361      0.63469750D-11
  153  0.00010484      0.66553317D-11
  154  0.00010610      0.69786651D-11
  155  0.00010736      0.73177023D-11
  156  0.00010865      0.76732057D-11
  157  0.00010994      0.80459747D-11
  158  0.00011126      0.84368475D-11
  159  0.00011258      0.88467031D-11
  160  0.00011393      0.92764630D-11
  161  0.00011529      0.97270935D-11
  162  0.00011667      0.10199608D-10
  163  0.00011806      0.10695068D-10
  164  0.00011947      0.11214588D-10
  165  0.00012090      0.11759335D-10
  166  0.00012234      0.12330535D-10
  167  0.00012380      0.12929471D-10
  168  0.00012528      0.13557490D-10
  169  0.00012678      0.14216002D-10
  170  0.00012829      0.14906489D-10
  171  0.00012982      0.15630501D-10
  172  0.00013137      0.16389666D-10
  173  0.00013294      0.17185690D-10
  174  0.00013453      0.18020362D-10
  175  0.00013614      0.18895556D-10
  176  0.00013776      0.19813241D-10
  177  0.00013941      0.20775477D-10
  178  0.00014108      0.21784426D-10
  179  0.00014276      0.22842355D-10
  180  0.00014447      0.23951640D-10
  181  0.00014619      0.25114774D-10
  182  0.00014794      0.26334369D-10
  183  0.00014970      0.27613165D-10
  184  0.00015149      0.28954033D-10
  185  0.00015330      0.30359985D-10
  186  0.00015513      0.31834178D-10
  187  0.00015698      0.33379923D-10
  188  0.00015886      0.35000691D-10
  189  0.00016076      0.36700122D-10
  190  0.00016268      0.38482030D-10
  191  0.00016462      0.40350417D-10
  192  0.00016659      0.42309476D-10
  193  0.00016858      0.44363607D-10
  194  0.00017059      0.46517419D-10
  195  0.00017263      0.48775748D-10
  196  0.00017469      0.51143662D-10
  197  0.00017678      0.53626475D-10
  198  0.00017889      0.56229760D-10
  199  0.00018102      0.58959359D-10
  200  0.00018319      0.61821395D-10
  201  0.00018537      0.64822292D-10
  202  0.00018759      0.67968782D-10
  203  0.00018983      0.71267925D-10
  204  0.00019209      0.74727120D-10
  205  0.00019439      0.78354129D-10
  206  0.00019671      0.82157086D-10
  207  0.00019906      0.86144521D-10
  208  0.00020144      0.90325377D-10
  209  0.00020384      0.94709030D-10
  210  0.00020628      0.99305310D-10
  211  0.00020874      0.10412452D-09
  212  0.00021124      0.10917747D-09
  213  0.00021376      0.11447549D-09
  214  0.00021631      0.12003045D-09
  215  0.00021890      0.12585480D-09
  216  0.00022151      0.13196160D-09
  217  0.00022416      0.13836454D-09
  218  0.00022683      0.14507797D-09
  219  0.00022954      0.15211693D-09
  220  0.00023228      0.15949719D-09
  221  0.00023506      0.16723528D-09
  222  0.00023786      0.17534855D-09
  223  0.00024071      0.18385517D-09
  224  0.00024358      0.19277420D-09
  225  0.00024649      0.20212560D-09
  226  0.00024943      0.21193033D-09
  227  0.00025241      0.22221034D-09
  228  0.00025543      0.23298865D-09
  229  0.00025848      0.24428939D-09
  230  0.00026157      0.25613786D-09
  231  0.00026469      0.26856059D-09
  232  0.00026785      0.28158538D-09
  233  0.00027105      0.29524138D-09
  234  0.00027429      0.30955917D-09
  235  0.00027756      0.32457077D-09
  236  0.00028088      0.34030977D-09
  237  0.00028423      0.35681139D-09
  238  0.00028763      0.37411255D-09
  239  0.00029106      0.39225194D-09
  240  0.00029454      0.41127014D-09
  241  0.00029806      0.43120967D-09
  242  0.00030162      0.45211513D-09
  243  0.00030522      0.47403327D-09
  244  0.00030887      0.49701307D-09
  245  0.00031256      0.52110592D-09
  246  0.00031629      0.54636566D-09
  247  0.00032007      0.57284876D-09
  248  0.00032389      0.60061439D-09
  249  0.00032776      0.62972460D-09
  250  0.00033167      0.66024441D-09
  251  0.00033563      0.69224203D-09
  252  0.00033964      0.72578891D-09
  253  0.00034370      0.76095998D-09
  254  0.00034780      0.79783378D-09
  255  0.00035196      0.83649266D-09
  256  0.00035616      0.87702291D-09
  257  0.00036042      0.91951503D-09
  258  0.00036472      0.96406384D-09
  259  0.00036908      0.10107688D-08
  260  0.00037348      0.10597341D-08
  261  0.00037795      0.11110689D-08
  262  0.00038246      0.11648880D-08
  263  0.00038703      0.12213111D-08
  264  0.00039165      0.12804643D-08
  265  0.00039633      0.13424794D-08
  266  0.00040106      0.14074947D-08
  267  0.00040585      0.14756551D-08
  268  0.00041070      0.15471127D-08
  269  0.00041560      0.16220265D-08
  270  0.00042057      0.17005636D-08
  271  0.00042559      0.17828990D-08
  272  0.00043067      0.18692160D-08
  273  0.00043582      0.19597070D-08
  274  0.00044102      0.20545735D-08
  275  0.00044629      0.21540267D-08
  276  0.00045162      0.22582880D-08
  277  0.00045702      0.23675896D-08
  278  0.00046247      0.24821746D-08
  279  0.00046800      0.26022981D-08
  280  0.00047359      0.27282274D-08
  281  0.00047924      0.28602426D-08
  282  0.00048497      0.29986373D-08
  283  0.00049076      0.31437193D-08
  284  0.00049662      0.32958111D-08
  285  0.00050255      0.34552510D-08
  286  0.00050856      0.36223932D-08
  287  0.00051463      0.37976092D-08
  288  0.00052078      0.39812883D-08
  289  0.00052700      0.41738385D-08
  290  0.00053329      0.43756875D-08
  291  0.00053966      0.45872836D-08
  292  0.00054611      0.48090965D-08
  293  0.00055263      0.50416186D-08
  294  0.00055923      0.52853660D-08
  295  0.00056591      0.55408794D-08
  296  0.00057267      0.58087259D-08
  297  0.00057951      0.60894994D-08
  298  0.00058643      0.63838225D-08
  299  0.00059343      0.66923480D-08
  300  0.00060052      0.70157596D-08
  301  0.00060769      0.73547740D-08
  302  0.00061495      0.77101426D-08
  303  0.00062230      0.80826524D-08
  304  0.00062973      0.84731285D-08
  305  0.00063725      0.88824355D-08
  306  0.00064486      0.93114796D-08
  307  0.00065256      0.97612103D-08
  308  0.00066036      0.10232623D-07
  309  0.00066824      0.10726760D-07
  310  0.00067623      0.11244715D-07
  311  0.00068430      0.11787632D-07
  312  0.00069247      0.12356713D-07
  313  0.00070075      0.12953214D-07
  314  0.00070912      0.13578454D-07
  315  0.00071758      0.14233815D-07
  316  0.00072616      0.14920742D-07
  317  0.00073483      0.15640754D-07
  318  0.00074361      0.16395439D-07
  319  0.00075249      0.17186463D-07
  320  0.00076147      0.18015570D-07
  321  0.00077057      0.18884590D-07
  322  0.00077977      0.19795439D-07
  323  0.00078909      0.20750125D-07
  324  0.00079851      0.21750751D-07
  325  0.00080805      0.22799522D-07
  326  0.00081770      0.23898747D-07
  327  0.00082747      0.25050848D-07
  328  0.00083735      0.26258361D-07
  329  0.00084735      0.27523942D-07
  330  0.00085747      0.28850375D-07
  331  0.00086771      0.30240579D-07
  332  0.00087807      0.31697608D-07
  333  0.00088856      0.33224667D-07
  334  0.00089918      0.34825109D-07
  335  0.00090991      0.36502451D-07
  336  0.00092078      0.38260376D-07
  337  0.00093178      0.40102741D-07
  338  0.00094291      0.42033591D-07
  339  0.00095417      0.44057160D-07
  340  0.00096557      0.46177886D-07
  341  0.00097710      0.48400418D-07
  342  0.00098877      0.50729627D-07
  343  0.00100058      0.53170614D-07
  344  0.00101253      0.55728726D-07
  345  0.00102462      0.58409561D-07
  346  0.00103686      0.61218986D-07
  347  0.00104925      0.64163147D-07
  348  0.00106178      0.67248482D-07
  349  0.00107446      0.70481733D-07
  350  0.00108729      0.73869967D-07
  351  0.00110028      0.77420583D-07
  352  0.00111342      0.81141332D-07
  353  0.00112672      0.85040336D-07
  354  0.00114018      0.89126100D-07
  355  0.00115379      0.93407533D-07
  356  0.00116757      0.97893969D-07
  357  0.00118152      0.10259518D-06
  358  0.00119563      0.10752141D-06
  359  0.00120991      0.11268338D-06
  360  0.00122436      0.11809232D-06
  361  0.00123899      0.12376000D-06
  362  0.00125378      0.12969874D-06
  363  0.00126876      0.13592145D-06
  364  0.00128391      0.14244164D-06
  365  0.00129925      0.14927347D-06
  366  0.00131477      0.15643176D-06
  367  0.00133047      0.16393205D-06
  368  0.00134636      0.17179059D-06
  369  0.00136244      0.18002442D-06
  370  0.00137871      0.18865137D-06
  371  0.00139518      0.19769011D-06
  372  0.00141184      0.20716021D-06
  373  0.00142871      0.21708215D-06
  374  0.00144577      0.22747738D-06
  375  0.00146304      0.23836834D-06
  376  0.00148051      0.24977857D-06
  377  0.00149819      0.26173269D-06
  378  0.00151609      0.27425649D-06
  379  0.00153420      0.28737696D-06
  380  0.00155252      0.30112237D-06
  381  0.00157106      0.31552234D-06
  382  0.00158983      0.33060785D-06
  383  0.00160882      0.34641135D-06
  384  0.00162803      0.36296682D-06
  385  0.00164748      0.38030983D-06
  386  0.00166715      0.39847761D-06
  387  0.00168707      0.41750917D-06
  388  0.00170722      0.43744531D-06
  389  0.00172761      0.45832876D-06
  390  0.00174824      0.48020427D-06
  391  0.00176912      0.50311866D-06
  392  0.00179025      0.52712094D-06
  393  0.00181163      0.55226245D-06
  394  0.00183327      0.57859689D-06
  395  0.00185517      0.60618048D-06
  396  0.00187732      0.63507210D-06
  397  0.00189975      0.66533333D-06
  398  0.00192244      0.69702867D-06
  399  0.00194540      0.73022559D-06
  400  0.00196863      0.76499474D-06
  401  0.00199215      0.80141005D-06
  402  0.00201594      0.83954888D-06
  403  0.00204002      0.87949222D-06
  404  0.00206438      0.92132480D-06
  405  0.00208904      0.96513531D-06
  406  0.00211399      0.10110166D-05
  407  0.00213924      0.10590657D-05
  408  0.00216479      0.11093843D-05
  409  0.00219065      0.11620787D-05
  410  0.00221681      0.12172603D-05
  411  0.00224329      0.12750454D-05
  412  0.00227008      0.13355559D-05
  413  0.00229719      0.13989192D-05
  414  0.00232463      0.14652688D-05
  415  0.00235240      0.15347441D-05
  416  0.00238049      0.16074911D-05
  417  0.00240892      0.16836626D-05
  418  0.00243770      0.17634183D-05
  419  0.00246681      0.18469253D-05
  420  0.00249627      0.19343586D-05
  421  0.00252609      0.20259009D-05
  422  0.00255626      0.21217437D-05
  423  0.00258679      0.22220869D-05
  424  0.00261769      0.23271400D-05
  425  0.00264895      0.24371218D-05
  426  0.00268059      0.25522613D-05
  427  0.00271261      0.26727980D-05
  428  0.00274501      0.27989823D-05
  429  0.00277779      0.29310761D-05
  430  0.00281097      0.30693533D-05
  431  0.00284454      0.32141003D-05
  432  0.00287852      0.33656166D-05
  433  0.00291290      0.35242154D-05
  434  0.00294769      0.36902241D-05
  435  0.00298290      0.38639852D-05
  436  0.00301852      0.40458565D-05
  437  0.00305457      0.42362123D-05
  438  0.00309106      0.44354439D-05
  439  0.00312798      0.46439604D-05
  440  0.00316534      0.48621893D-05
  441  0.00320314      0.50905776D-05
  442  0.00324140      0.53295926D-05
  443  0.00328011      0.55797226D-05
  444  0.00331929      0.58414781D-05
  445  0.00335894      0.61153926D-05
  446  0.00339905      0.64020237D-05
  447  0.00343965      0.67019542D-05
  448  0.00348073      0.70157931D-05
  449  0.00352231      0.73441767D-05
  450  0.00356438      0.76877701D-05
  451  0.00360695      0.80472681D-05
  452  0.00365003      0.84233968D-05
  453  0.00369362      0.88169147D-05
  454  0.00373774      0.92286145D-05
  455  0.00378238      0.96593240D-05
  456  0.00382756      0.10109908D-04
  457  0.00387327      0.10581271D-04
  458  0.00391954      0.11074356D-04
  459  0.00396635      0.11590148D-04
  460  0.00401372      0.12129679D-04
  461  0.00406166      0.12694022D-04
  462  0.00411017      0.13284302D-04
  463  0.00415926      0.13901691D-04
  464  0.00420894      0.14547415D-04
  465  0.00425921      0.15222751D-04
  466  0.00431008      0.15929035D-04
  467  0.00436156      0.16667663D-04
  468  0.00441365      0.17440089D-04
  469  0.00446637      0.18247833D-04
  470  0.00451971      0.19092482D-04
  471  0.00457370      0.19975691D-04
  472  0.00462832      0.20899190D-04
  473  0.00468360      0.21864783D-04
  474  0.00473954      0.22874352D-04
  475  0.00479615      0.23929862D-04
  476  0.00485344      0.25033365D-04
  477  0.00491140      0.26187000D-04
  478  0.00497006      0.27393000D-04
  479  0.00502943      0.28653695D-04
  480  0.00508950      0.29971515D-04
  481  0.00515028      0.31348995D-04
  482  0.00521180      0.32788781D-04
  483  0.00527405      0.34293631D-04
  484  0.00533704      0.35866423D-04
  485  0.00540078      0.37510158D-04
  486  0.00546529      0.39227966D-04
  487  0.00553056      0.41023110D-04
  488  0.00559662      0.42898994D-04
  489  0.00566346      0.44859165D-04
  490  0.00573111      0.46907323D-04
  491  0.00579956      0.49047325D-04
  492  0.00586883      0.51283191D-04
  493  0.00593892      0.53619110D-04
  494  0.00600986      0.56059451D-04
  495  0.00608164      0.58608764D-04
  496  0.00615427      0.61271794D-04
  497  0.00622778      0.64053481D-04
  498  0.00630216      0.66958975D-04
  499  0.00637743      0.69993642D-04
  500  0.00645360      0.73163070D-04
  501  0.00653068      0.76473081D-04
  502  0.00660868      0.79929739D-04
  503  0.00668762      0.83539358D-04
  504  0.00676749      0.87308516D-04
  505  0.00684832      0.91244059D-04
  506  0.00693012      0.95353119D-04
  507  0.00701289      0.99643119D-04
  508  0.00709665      0.10412178D-03
  509  0.00718141      0.10879716D-03
  510  0.00726718      0.11367762D-03
  511  0.00735398      0.11877187D-03
  512  0.00744181      0.12408899D-03
  513  0.00753070      0.12963840D-03
  514  0.00762064      0.13542991D-03
  515  0.00771166      0.14147374D-03
  516  0.00780377      0.14778051D-03
  517  0.00789697      0.15436126D-03
  518  0.00799129      0.16122748D-03
  519  0.00808674      0.16839111D-03
  520  0.00818332      0.17586456D-03
  521  0.00828106      0.18366074D-03
  522  0.00837997      0.19179309D-03
  523  0.00848006      0.20027553D-03
  524  0.00858134      0.20912256D-03
  525  0.00868384      0.21834925D-03
  526  0.00878755      0.22797123D-03
  527  0.00889251      0.23800477D-03
  528  0.00899872      0.24846674D-03
  529  0.00910620      0.25937469D-03
  530  0.00921496      0.27074682D-03
  531  0.00932502      0.28260203D-03
  532  0.00943640      0.29495995D-03
  533  0.00954910      0.30784096D-03
  534  0.00966315      0.32126620D-03
  535  0.00977857      0.33525761D-03
  536  0.00989536      0.34983797D-03
  537  0.01001355      0.36503088D-03
  538  0.01013315      0.38086085D-03
  539  0.01025418      0.39735329D-03
  540  0.01037665      0.41453455D-03
  541  0.01050059      0.43243194D-03
  542  0.01062600      0.45107378D-03
  543  0.01075292      0.47048941D-03
  544  0.01088135      0.49070927D-03
  545  0.01101131      0.51176485D-03
  546  0.01114283      0.53368881D-03
  547  0.01127591      0.55651496D-03
  548  0.01141059      0.58027831D-03
  549  0.01154688      0.60501513D-03
  550  0.01168479      0.63076295D-03
  551  0.01182435      0.65756062D-03
  552  0.01196558      0.68544833D-03
  553  0.01210849      0.71446767D-03
  554  0.01225311      0.74466169D-03
  555  0.01239946      0.77607486D-03
  556  0.01254756      0.80875321D-03
  557  0.01269742      0.84274429D-03
  558  0.01284908      0.87809727D-03
  559  0.01300254      0.91486295D-03
  560  0.01315784      0.95309382D-03
  561  0.01331499      0.99284409D-03
  562  0.01347403      0.10341697D-02
  563  0.01363496      0.10771286D-02
  564  0.01379781      0.11217803D-02
  565  0.01396261      0.11681864D-02
  566  0.01412937      0.12164104D-02
  567  0.01429813      0.12665179D-02
  568  0.01446890      0.13185764D-02
  569  0.01464172      0.13726555D-02
  570  0.01481659      0.14288271D-02
  571  0.01499356      0.14871650D-02
  572  0.01517264      0.15477455D-02
  573  0.01535386      0.16106470D-02
  574  0.01553724      0.16759503D-02
  575  0.01572281      0.17437385D-02
  576  0.01591060      0.18140971D-02
  577  0.01610063      0.18871141D-02
  578  0.01629294      0.19628799D-02
  579  0.01648753      0.20414874D-02
  580  0.01668446      0.21230322D-02
  581  0.01688373      0.22076125D-02
  582  0.01708539      0.22953289D-02
  583  0.01728945      0.23862849D-02
  584  0.01749595      0.24805866D-02
  585  0.01770492      0.25783429D-02
  586  0.01791638      0.26796654D-02
  587  0.01813037      0.27846685D-02
  588  0.01834692      0.28934693D-02
  589  0.01856605      0.30061879D-02
  590  0.01878780      0.31229471D-02
  591  0.01901219      0.32438727D-02
  592  0.01923927      0.33690932D-02
  593  0.01946906      0.34987401D-02
  594  0.01970159      0.36329476D-02
  595  0.01993690      0.37718528D-02
  596  0.02017502      0.39155959D-02
  597  0.02041599      0.40643195D-02
  598  0.02065983      0.42181693D-02
  599  0.02090659      0.43772938D-02
  600  0.02115629      0.45418441D-02
  601  0.02140898      0.47119740D-02
  602  0.02166468      0.48878401D-02
  603  0.02192344      0.50696016D-02
  604  0.02218529      0.52574199D-02
  605  0.02245026      0.54514594D-02
  606  0.02271840      0.56518866D-02
  607  0.02298975      0.58588701D-02
  608  0.02326433      0.60725810D-02
  609  0.02354219      0.62931924D-02
  610  0.02382337      0.65208792D-02
  611  0.02410792      0.67558185D-02
  612  0.02439585      0.69981886D-02
  613  0.02468723      0.72481696D-02
  614  0.02498209      0.75059429D-02
  615  0.02528047      0.77716910D-02
  616  0.02558241      0.80455976D-02
  617  0.02588796      0.83278468D-02
  618  0.02619716      0.86186234D-02
  619  0.02651006      0.89181125D-02
  620  0.02682669      0.92264992D-02
  621  0.02714710      0.95439683D-02
  622  0.02747133      0.98707041D-02
  623  0.02779945      0.10206890D-01
  624  0.02813148      0.10552708D-01
  625  0.02846747      0.10908339D-01
  626  0.02880748      0.11273962D-01
  627  0.02915155      0.11649753D-01
  628  0.02949973      0.12035886D-01
  629  0.02985206      0.12432532D-01
  630  0.03020861      0.12839857D-01
  631  0.03056941      0.13258025D-01
  632  0.03093453      0.13687194D-01
  633  0.03130400      0.14127517D-01
  634  0.03167789      0.14579142D-01
  635  0.03205624      0.15042211D-01
  636  0.03243911      0.15516858D-01
  637  0.03282656      0.16003211D-01
  638  0.03321863      0.16501390D-01
  639  0.03361539      0.17011505D-01
  640  0.03401688      0.17533657D-01
  641  0.03442317      0.18067939D-01
  642  0.03483431      0.18614432D-01
  643  0.03525036      0.19173203D-01
  644  0.03567138      0.19744311D-01
  645  0.03609743      0.20327800D-01
  646  0.03652857      0.20923699D-01
  647  0.03696486      0.21532024D-01
  648  0.03740636      0.22152775D-01
  649  0.03785313      0.22785936D-01
  650  0.03830524      0.23431472D-01
  651  0.03876275      0.24089333D-01
  652  0.03922572      0.24759446D-01
  653  0.03969422      0.25441720D-01
  654  0.04016832      0.26136044D-01
  655  0.04064808      0.26842284D-01
  656  0.04113357      0.27560281D-01
  657  0.04162486      0.28289856D-01
  658  0.04212202      0.29030802D-01
  659  0.04262512      0.29782887D-01
  660  0.04313422      0.30545854D-01
  661  0.04364940      0.31319414D-01
  662  0.04417074      0.32103253D-01
  663  0.04469831      0.32897025D-01
  664  0.04523217      0.33700354D-01
  665  0.04577241      0.34512833D-01
  666  0.04631911      0.35334021D-01
  667  0.04687233      0.36163444D-01
  668  0.04743216      0.37000593D-01
  669  0.04799868      0.37844924D-01
  670  0.04857196      0.38695858D-01
  671  0.04915210      0.39552776D-01
  672  0.04973916      0.40415026D-01
  673  0.05033323      0.41281912D-01
  674  0.05093440      0.42152705D-01
  675  0.05154274      0.43026631D-01
  676  0.05215836      0.43902881D-01
  677  0.05278132      0.44780600D-01
  678  0.05341173      0.45658897D-01
  679  0.05404967      0.46536838D-01
  680  0.05469522      0.47413448D-01
  681  0.05534849      0.48287709D-01
  682  0.05600956      0.49158564D-01
  683  0.05667852      0.50024914D-01
  684  0.05735548      0.50885619D-01
  685  0.05804052      0.51739498D-01
  686  0.05873374      0.52585331D-01
  687  0.05943524      0.53421858D-01
  688  0.06014512      0.54247780D-01
  689  0.06086348      0.55061761D-01
  690  0.06159042      0.55862428D-01
  691  0.06232604      0.56648373D-01
  692  0.06307044      0.57418156D-01
  693  0.06382374      0.58170301D-01
  694  0.06458604      0.58903304D-01
  695  0.06535743      0.59615634D-01
  696  0.06613805      0.60305731D-01
  697  0.06692798      0.60972014D-01
  698  0.06772736      0.61612878D-01
  699  0.06853627      0.62226704D-01
  700  0.06935485      0.62811853D-01
  701  0.07018321      0.63366679D-01
  702  0.07102146      0.63889524D-01
  703  0.07186973      0.64378726D-01
  704  0.07272812      0.64832625D-01
  705  0.07359677      0.65249562D-01
  706  0.07447579      0.65627887D-01
  707  0.07536531      0.65965962D-01
  708  0.07626545      0.66262168D-01
  709  0.07717635      0.66514907D-01
  710  0.07809812      0.66722612D-01
  711  0.07903091      0.66883746D-01
  712  0.07997483      0.66996814D-01
  713  0.08093003      0.67060365D-01
  714  0.08189664      0.67073002D-01
  715  0.08287479      0.67033382D-01
  716  0.08386463      0.66940230D-01
  717  0.08486629      0.66792341D-01
  718  0.08587991      0.66588588D-01
  719  0.08690564      0.66327929D-01
  720  0.08794362      0.66009415D-01
  721  0.08899399      0.65632196D-01
  722  0.09005692      0.65195528D-01
  723  0.09113253      0.64698781D-01
  724  0.09222100      0.64141448D-01
  725  0.09332246      0.63523149D-01
  726  0.09443708      0.62843642D-01
  727  0.09556502      0.62102827D-01
  728  0.09670642      0.61300755D-01
  729  0.09786146      0.60437635D-01
  730  0.09903029      0.59513841D-01
  731  0.10021309      0.58529919D-01
  732  0.10141001      0.57486592D-01
  733  0.10262122      0.56384770D-01
  734  0.10384690      0.55225551D-01
  735  0.10508723      0.54010231D-01
  736  0.10634236      0.52740309D-01
  737  0.10761249      0.51417488D-01
  738  0.10889778      0.50043686D-01
  739  0.11019843      0.48621033D-01
  740  0.11151462      0.47151881D-01
  741  0.11284652      0.45638802D-01
  742  0.11419433      0.44084593D-01
  743  0.11555824      0.42492278D-01
  744  0.11693844      0.40865107D-01
  745  0.11833512      0.39206557D-01
  746  0.11974849      0.37520334D-01
  747  0.12117873      0.35810365D-01
  748  0.12262606      0.34080806D-01
  749  0.12409068      0.32336029D-01
  750  0.12557278      0.30580623D-01
  751  0.12707259      0.28819388D-01
  752  0.12859032      0.27057331D-01
  753  0.13012617      0.25299654D-01
  754  0.13168036      0.23551752D-01
  755  0.13325312      0.21819199D-01
  756  0.13484466      0.20107741D-01
  757  0.13645521      0.18423283D-01
  758  0.13808500      0.16771878D-01
  759  0.13973425      0.15159712D-01
  760  0.14140320      0.13593090D-01
  761  0.14309209      0.12078423D-01
  762  0.14480115      0.10622206D-01
  763  0.14653062      0.92310050D-02
  764  0.14828074      0.79114362D-02
  765  0.15005177      0.66701466D-02
  766  0.15184395      0.55137930D-02
  767  0.15365754      0.44490209D-02
  768  0.15549278      0.34824419D-02
  769  0.15734995      0.26206098D-02
  770  0.15922930      0.18699978D-02
  771  0.16113109      0.12369726D-02
  772  0.16305560      0.72776985D-03
  773  0.16500310      0.34846841D-03
  774  0.16697386      0.10496386D-03
  775  0.16896815      0.29423139D-05
  776  0.17098626      0.47853628D-04
  777  0.17302848      0.24488472D-03
  778  0.17509509      0.59893280D-03
  779  0.17718638      0.11145788D-02
  780  0.17930265      0.17960612D-02
  781  0.18144420      0.26472497D-02
  782  0.18361132      0.36716203D-02
  783  0.18580433      0.48722305D-02
  784  0.18802353      0.62516951D-02
  785  0.19026924      0.78121636D-02
  786  0.19254177      0.95552979D-02
  787  0.19484144      0.11482252D-01
  788  0.19716858      0.13593653D-01
  789  0.19952351      0.15889582D-01
  790  0.20190657      0.18369559D-01
  791  0.20431809      0.21032530D-01
  792  0.20675841      0.23876851D-01
  793  0.20922789      0.26900279D-01
  794  0.21172685      0.30099966D-01
  795  0.21425566      0.33472450D-01
  796  0.21681468      0.37013652D-01
  797  0.21940426      0.40718875D-01
  798  0.22202477      0.44582805D-01
  799  0.22467658      0.48599517D-01
  800  0.22736006      0.52762478D-01
  801  0.23007559      0.57064556D-01
  802  0.23282356      0.61498038D-01
  803  0.23560435      0.66054636D-01
  804  0.23841835      0.70725514D-01
  805  0.24126596      0.75501299D-01
  806  0.24414758      0.80372112D-01
  807  0.24706361      0.85327587D-01
  808  0.25001448      0.90356906D-01
  809  0.25300059      0.95448826D-01
  810  0.25602237      0.10059171D+00
  811  0.25908024      0.10577357D+00
  812  0.26217463      0.11098211D+00
  813  0.26530597      0.11620474D+00
  814  0.26847472      0.12142864D+00
  815  0.27168132      0.12664081D+00
  816  0.27492621      0.13182811D+00
  817  0.27820986      0.13697728D+00
  818  0.28153273      0.14207504D+00
  819  0.28489529      0.14710808D+00
  820  0.28829801      0.15206317D+00
  821  0.29174137      0.15692716D+00
  822  0.29522585      0.16168706D+00
  823  0.29875196      0.16633008D+00
  824  0.30232018      0.17084368D+00
  825  0.30593101      0.17521564D+00
  826  0.30958498      0.17943405D+00
  827  0.31328258      0.18348745D+00
  828  0.31702435      0.18736478D+00
  829  0.32081081      0.19105549D+00
  830  0.32464250      0.19454957D+00
  831  0.32851995      0.19783756D+00
  832  0.33244371      0.20091063D+00
  833  0.33641433      0.20376058D+00
  834  0.34043238      0.20637991D+00
  835  0.34449842      0.20876182D+00
  836  0.34861303      0.21090023D+00
  837  0.35277677      0.21278985D+00
  838  0.35699025      0.21442614D+00
  839  0.36125406      0.21580539D+00
  840  0.36556878      0.21692465D+00
  841  0.36993505      0.21778184D+00
  842  0.37435346      0.21837567D+00
  843  0.37882464      0.21870569D+00
  844  0.38334923      0.21877226D+00
  845  0.38792786      0.21857659D+00
  846  0.39256117      0.21812065D+00
  847  0.39724983      0.21740724D+00
  848  0.40199448      0.21643992D+00
  849  0.40679580      0.21522303D+00
  850  0.41165447      0.21376161D+00
  851  0.41657117      0.21206144D+00
  852  0.42154659      0.21012896D+00
  853  0.42658144      0.20797126D+00
  854  0.43167642      0.20559604D+00
  855  0.43683226      0.20301158D+00
  856  0.44204967      0.20022667D+00
  857  0.44732941      0.19725062D+00
  858  0.45267220      0.19409318D+00
  859  0.45807880      0.19076448D+00
  860  0.46354998      0.18727503D+00
  861  0.46908651      0.18363565D+00
  862  0.47468916      0.17985741D+00
  863  0.48035873      0.17595159D+00
  864  0.48609601      0.17192966D+00
  865  0.49190182      0.16780318D+00
  866  0.49777698      0.16358378D+00
  867  0.50372230      0.15928312D+00
  868  0.50973864      0.15491283D+00
  869  0.51582683      0.15048447D+00
  870  0.52198774      0.14600948D+00
  871  0.52822223      0.14149914D+00
  872  0.53453118      0.13696452D+00
  873  0.54091549      0.13241646D+00
  874  0.54737605      0.12786553D+00
  875  0.55391377      0.12332197D+00
  876  0.56052958      0.11879568D+00
  877  0.56722441      0.11429619D+00
  878  0.57399920      0.10983261D+00
  879  0.58085490      0.10541363D+00
  880  0.58779249      0.10104750D+00
  881  0.59481293      0.96741978D-01
  882  0.60191723      0.92504355D-01
  883  0.60910638      0.88341410D-01
  884  0.61638140      0.84259413D-01
  885  0.62374330      0.80264119D-01
  886  0.63119314      0.76360757D-01
  887  0.63873195      0.72554032D-01
  888  0.64636081      0.68848124D-01
  889  0.65408078      0.65246695D-01
  890  0.66189296      0.61752890D-01
  891  0.66979844      0.58369351D-01
  892  0.67779835      0.55098224D-01
  893  0.68589381      0.51941173D-01
  894  0.69408595      0.48899396D-01
  895  0.70237594      0.45973642D-01
  896  0.71076495      0.43164229D-01
  897  0.71925415      0.40471065D-01
  898  0.72784474      0.37893668D-01
  899  0.73653793      0.35431188D-01
  900  0.74533496      0.33082436D-01
  901  0.75423706      0.30845898D-01
  902  0.76324548      0.28719770D-01
  903  0.77236149      0.26701976D-01
  904  0.78158638      0.24790197D-01
  905  0.79092146      0.22981891D-01
  906  0.80036803      0.21274325D-01
  907  0.80992743      0.19664593D-01
  908  0.81960100      0.18149643D-01
  909  0.82939011      0.16726300D-01
  910  0.83929614      0.15391287D-01
  911  0.84932048      0.14141251D-01
  912  0.85946455      0.12972776D-01
  913  0.86972979      0.11882411D-01
  914  0.88011762      0.10866684D-01
  915  0.89062953      0.99221192D-02
  916  0.90126699      0.90452560D-02
  917  0.91203150      0.82326620D-02
  918  0.92292457      0.74809472D-02
  919  0.93394776      0.67867772D-02
  920  0.94510260      0.61468841D-02
  921  0.95639067      0.55580765D-02
  922  0.96781356      0.50172489D-02
  923  0.97937288      0.45213893D-02
  924  0.99107027      0.40675855D-02
  925  1.00290737      0.36530307D-02
  926  1.01488584      0.32750284D-02
  927  1.02700739      0.29309952D-02
  928  1.03927371      0.26184635D-02
  929  1.05168654      0.23350830D-02
  930  1.06424762      0.20786217D-02
  931  1.07695873      0.18469655D-02
  932  1.08982166      0.16381176D-02
  933  1.10283821      0.14501971D-02
  934  1.11601024      0.12814371D-02
  935  1.12933959      0.11301819D-02
  936  1.14282814      0.99488448D-03
  937  1.15647780      0.87410296D-03
  938  1.17029048      0.76649694D-03
  939  1.18426814      0.67082362D-03
  940  1.19841274      0.58593364D-03
  941  1.21272629      0.51076686D-03
  942  1.22721079      0.44434784D-03
  943  1.24186829      0.38578145D-03
  944  1.25670086      0.33424832D-03
  945  1.27171058      0.28900035D-03
  946  1.28689957      0.24935625D-03
  947  1.30226998      0.21469717D-03
  948  1.31782397      0.18446241D-03
  949  1.33356374      0.15814524D-03
  950  1.34949149      0.13528890D-03
  951  1.36560948      0.11548271D-03
  952  1.38191998      0.98358401D-04
  953  1.39842529      0.83586545D-04
  954  1.41512773      0.70873254D-04
  955  1.43202967      0.59957015D-04
  956  1.44913348      0.50605729D-04
  957  1.46644157      0.42613944D-04
  958  1.48395638      0.35800272D-04
  959  1.50168039      0.30004994D-04
  960  1.51961608      0.25087844D-04
  961  1.53776600      0.20925968D-04
  962  1.55613270      0.17412048D-04
  963  1.57471876      0.14452596D-04
  964  1.59352681      0.11966387D-04
  965  1.61255950      0.98830439D-05
  966  1.63181951      0.81417565D-05
  967  1.65130955      0.66901260D-05
  968  1.67103238      0.54831263D-05
  969  1.69099078      0.44821749D-05
  970  1.71118755      0.36543038D-05
  971  1.73162555      0.29714224D-05
  972  1.75230766      0.24096638D-05
  973  1.77323679      0.19488086D-05
  974  1.79441589      0.15717764D-05
  975  1.81584794      0.12641810D-05
  976  1.83753598      0.10139408D-05
  977  1.85948305      0.81093968D-06
  978  1.88169226      0.64673269D-06
  979  1.90416672      0.51429096D-06
  980  1.92690962      0.40778213D-06
  981  1.94992415      0.32238139D-06
  982  1.97321356      0.25410974D-06
  983  1.99678113      0.19969593D-06
  984  2.02063019      0.15645899D-06
  985  2.04476409      0.12220864D-06
  986  2.06918625      0.95161205D-07
  987  2.09390009      0.73868789D-07
  988  2.11890912      0.57159880D-07
  989  2.14421684      0.44089688D-07
  990  2.16982683      0.33898781D-07
  991  2.19574271      0.25978752D-07
  992  2.22196811      0.19843819D-07
  993  2.24850675      0.15107429D-07
  994  2.27536235      0.11463031D-07
  995  2.30253872      0.86683658D-08
  996  2.33003967      0.65326419D-08
  997  2.35786908      0.49061319D-08
  998  2.38603088      0.36717497D-08
  999  2.41452904      0.27382619D-08
 1000  2.44336758      0.20348360D-08
 1001  2.47255056      0.15066786D-08
 1002  2.50208209      0.11115596D-08
 1003  2.53196633      0.81705229D-09
 1004  2.56220751      0.59835067D-09
 1005  2.59280988      0.43655030D-09
 1006  2.62377776      0.31729921D-09
 1007  2.65511551      0.22974359D-09
 1008  2.68682755      0.16570702D-09
 1009  2.71891835      0.11905421D-09
 1010  2.75139243      0.85199710D-10
 1011  2.78425438      0.60730104D-10
 1012  2.81750882      0.43114703D-10
 1013  2.85116045      0.30484918D-10
 1014  2.88521400      0.21466713D-10
 1015  2.91967428      0.15053913D-10
 1016  2.95454615      0.10512808D-10
 1017  2.98983451      0.73106412D-11
 1018  3.02554435      0.50622189D-11
 1019  3.06168070      0.34902436D-11
 1020  3.09824866      0.23959592D-11
 1021  3.13525337      0.16375340D-11
 1022  3.17270006      0.11142028D-11
 1023  3.21059400      0.75468903D-12
 1024  3.24894053      0.50883701D-12
 1025  3.28774507      0.34148371D-12
 1026  3.32701308      0.22802285D-12
 1027  3.36675010      0.15153955D-12
