 ir        r              f(r)*r^2
    1  0.00001725      0.59522364D-23
    2  0.00001746      0.63916929D-23
    3  0.00001766      0.68635943D-23
    4  0.00001787      0.73703359D-23
    5  0.00001809      0.79144898D-23
    6  0.00001830      0.84988181D-23
    7  0.00001852      0.91262869D-23
    8  0.00001874      0.98000810D-23
    9  0.00001897      0.10523621D-22
   10  0.00001919      0.11300578D-22
   11  0.00001942      0.12134898D-22
   12  0.00001966      0.13030814D-22
   13  0.00001989      0.13992874D-22
   14  0.00002013      0.15025961D-22
   15  0.00002037      0.16135320D-22
   16  0.00002061      0.17326581D-22
   17  0.00002086      0.18605790D-22
   18  0.00002111      0.19979440D-22
   19  0.00002136      0.21454505D-22
   20  0.00002161      0.23038470D-22
   21  0.00002187      0.24739375D-22
   22  0.00002213      0.26565855D-22
   23  0.00002240      0.28527178D-22
   24  0.00002267      0.30633301D-22
   25  0.00002294      0.32894913D-22
   26  0.00002321      0.35323494D-22
   27  0.00002349      0.37931370D-22
   28  0.00002377      0.40731776D-22
   29  0.00002405      0.43738928D-22
   30  0.00002434      0.46968088D-22
   31  0.00002463      0.50435646D-22
   32  0.00002492      0.54159201D-22
   33  0.00002522      0.58157653D-22
   34  0.00002552      0.62451295D-22
   35  0.00002583      0.67061919D-22
   36  0.00002614      0.72012927D-22
   37  0.00002645      0.77329448D-22
   38  0.00002676      0.83038464D-22
   39  0.00002708      0.89168951D-22
   40  0.00002741      0.95752024D-22
   41  0.00002773      0.10282109D-21
   42  0.00002807      0.11041204D-21
   43  0.00002840      0.11856339D-21
   44  0.00002874      0.12731651D-21
   45  0.00002908      0.13671582D-21
   46  0.00002943      0.14680904D-21
   47  0.00002978      0.15764738D-21
   48  0.00003014      0.16928585D-21
   49  0.00003050      0.18178353D-21
   50  0.00003086      0.19520383D-21
   51  0.00003123      0.20961487D-21
   52  0.00003160      0.22508979D-21
   53  0.00003198      0.24170712D-21
   54  0.00003236      0.25955120D-21
   55  0.00003275      0.27871259D-21
   56  0.00003314      0.29928852D-21
   57  0.00003354      0.32138344D-21
   58  0.00003394      0.34510945D-21
   59  0.00003434      0.37058699D-21
   60  0.00003475      0.39794534D-21
   61  0.00003517      0.42732334D-21
   62  0.00003559      0.45887008D-21
   63  0.00003601      0.49274566D-21
   64  0.00003644      0.52912200D-21
   65  0.00003688      0.56818369D-21
   66  0.00003732      0.61012897D-21
   67  0.00003777      0.65517070D-21
   68  0.00003822      0.70353745D-21
   69  0.00003867      0.75547468D-21
   70  0.00003913      0.81124594D-21
   71  0.00003960      0.87113425D-21
   72  0.00004008      0.93544353D-21
   73  0.00004055      0.10045001D-20
   74  0.00004104      0.10786545D-20
   75  0.00004153      0.11582828D-20
   76  0.00004202      0.12437893D-20
   77  0.00004253      0.13356079D-20
   78  0.00004303      0.14342043D-20
   79  0.00004355      0.15400791D-20
   80  0.00004407      0.16537693D-20
   81  0.00004459      0.17758520D-20
   82  0.00004513      0.19069466D-20
   83  0.00004567      0.20477183D-20
   84  0.00004621      0.21988815D-20
   85  0.00004676      0.23612032D-20
   86  0.00004732      0.25355069D-20
   87  0.00004789      0.27226773D-20
   88  0.00004846      0.29236640D-20
   89  0.00004904      0.31394868D-20
   90  0.00004962      0.33712408D-20
   91  0.00005022      0.36201020D-20
   92  0.00005082      0.38873331D-20
   93  0.00005142      0.41742899D-20
   94  0.00005204      0.44824286D-20
   95  0.00005266      0.48133126D-20
   96  0.00005329      0.51686206D-20
   97  0.00005392      0.55501556D-20
   98  0.00005457      0.59598532D-20
   99  0.00005522      0.63997923D-20
  100  0.00005588      0.68722049D-20
  101  0.00005655      0.73794878D-20
  102  0.00005722      0.79242150D-20
  103  0.00005791      0.85091500D-20
  104  0.00005860      0.91372605D-20
  105  0.00005930      0.98117333D-20
  106  0.00006001      0.10535990D-19
  107  0.00006072      0.11313706D-19
  108  0.00006145      0.12148826D-19
  109  0.00006218      0.13045587D-19
  110  0.00006292      0.14008539D-19
  111  0.00006368      0.15042566D-19
  112  0.00006444      0.16152916D-19
  113  0.00006521      0.17345220D-19
  114  0.00006598      0.18625527D-19
  115  0.00006677      0.20000333D-19
  116  0.00006757      0.21476612D-19
  117  0.00006838      0.23061853D-19
  118  0.00006919      0.24764098D-19
  119  0.00007002      0.26591982D-19
  120  0.00007086      0.28554777D-19
  121  0.00007170      0.30662441D-19
  122  0.00007256      0.32925664D-19
  123  0.00007343      0.35355929D-19
  124  0.00007430      0.37965561D-19
  125  0.00007519      0.40767800D-19
  126  0.00007609      0.43776859D-19
  127  0.00007700      0.47008001D-19
  128  0.00007792      0.50477617D-19
  129  0.00007885      0.54203305D-19
  130  0.00007979      0.58203963D-19
  131  0.00008074      0.62499883D-19
  132  0.00008171      0.67112856D-19
  133  0.00008268      0.72066278D-19
  134  0.00008367      0.77385275D-19
  135  0.00008467      0.83096822D-19
  136  0.00008568      0.89229891D-19
  137  0.00008670      0.95815585D-19
  138  0.00008774      0.10288731D-18
  139  0.00008879      0.11048093D-18
  140  0.00008985      0.11863495D-18
  141  0.00009092      0.12739073D-18
  142  0.00009201      0.13679269D-18
  143  0.00009311      0.14688849D-18
  144  0.00009422      0.15772934D-18
  145  0.00009534      0.16937021D-18
  146  0.00009648      0.18187015D-18
  147  0.00009763      0.19529254D-18
  148  0.00009880      0.20970545D-18
  149  0.00009998      0.22518197D-18
  150  0.00010117      0.24180057D-18
  151  0.00010238      0.25964555D-18
  152  0.00010361      0.27880737D-18
  153  0.00010484      0.29938321D-18
  154  0.00010610      0.32147741D-18
  155  0.00010736      0.34520199D-18
  156  0.00010865      0.37067726D-18
  157  0.00010994      0.39803238D-18
  158  0.00011126      0.42740606D-18
  159  0.00011258      0.45894724D-18
  160  0.00011393      0.49281583D-18
  161  0.00011529      0.52918356D-18
  162  0.00011667      0.56823482D-18
  163  0.00011806      0.61016760D-18
  164  0.00011947      0.65519449D-18
  165  0.00012090      0.70354378D-18
  166  0.00012234      0.75546059D-18
  167  0.00012380      0.81120812D-18
  168  0.00012528      0.87106899D-18
  169  0.00012678      0.93534666D-18
  170  0.00012829      0.10043670D-17
  171  0.00012982      0.10784799D-17
  172  0.00013137      0.11580610D-17
  173  0.00013294      0.12435137D-17
  174  0.00013453      0.13352713D-17
  175  0.00013614      0.14337989D-17
  176  0.00013776      0.15395958D-17
  177  0.00013941      0.16531983D-17
  178  0.00014108      0.17751822D-17
  179  0.00014276      0.19061659D-17
  180  0.00014447      0.20468132D-17
  181  0.00014619      0.21978369D-17
  182  0.00014794      0.23600026D-17
  183  0.00014970      0.25341320D-17
  184  0.00015149      0.27211078D-17
  185  0.00015330      0.29218774D-17
  186  0.00015513      0.31374583D-17
  187  0.00015698      0.33689431D-17
  188  0.00015886      0.36175049D-17
  189  0.00016076      0.38844031D-17
  190  0.00016268      0.41709905D-17
  191  0.00016462      0.44787190D-17
  192  0.00016659      0.48091481D-17
  193  0.00016858      0.51639521D-17
  194  0.00017059      0.55449287D-17
  195  0.00017263      0.59540084D-17
  196  0.00017469      0.63932637D-17
  197  0.00017678      0.68649202D-17
  198  0.00017889      0.73713675D-17
  199  0.00018102      0.79151716D-17
  200  0.00018319      0.84990873D-17
  201  0.00018537      0.91260729D-17
  202  0.00018759      0.97993046D-17
  203  0.00018983      0.10522193D-16
  204  0.00019209      0.11298400D-16
  205  0.00019439      0.12131857D-16
  206  0.00019671      0.13026787D-16
  207  0.00019906      0.13987722D-16
  208  0.00020144      0.15019529D-16
  209  0.00020384      0.16127436D-16
  210  0.00020628      0.17317052D-16
  211  0.00020874      0.18594404D-16
  212  0.00021124      0.19965960D-16
  213  0.00021376      0.21438666D-16
  214  0.00021631      0.23019982D-16
  215  0.00021890      0.24717913D-16
  216  0.00022151      0.26541060D-16
  217  0.00022416      0.28498654D-16
  218  0.00022683      0.30600607D-16
  219  0.00022954      0.32857564D-16
  220  0.00023228      0.35280950D-16
  221  0.00023506      0.37883037D-16
  222  0.00023786      0.40676999D-16
  223  0.00024071      0.43676981D-16
  224  0.00024358      0.46898172D-16
  225  0.00024649      0.50356877D-16
  226  0.00024943      0.54070607D-16
  227  0.00025241      0.58058161D-16
  228  0.00025543      0.62339724D-16
  229  0.00025848      0.66936968D-16
  230  0.00026157      0.71873162D-16
  231  0.00026469      0.77173291D-16
  232  0.00026785      0.82864180D-16
  233  0.00027105      0.88974631D-16
  234  0.00027429      0.95535568D-16
  235  0.00027756      0.10258019D-15
  236  0.00028088      0.11014416D-15
  237  0.00028423      0.11826573D-15
  238  0.00028763      0.12698602D-15
  239  0.00029106      0.13634914D-15
  240  0.00029454      0.14640246D-15
  241  0.00029806      0.15719686D-15
  242  0.00030162      0.16878694D-15
  243  0.00030522      0.18123134D-15
  244  0.00030887      0.19459301D-15
  245  0.00031256      0.20893955D-15
  246  0.00031629      0.22434352D-15
  247  0.00032007      0.24088284D-15
  248  0.00032389      0.25864116D-15
  249  0.00032776      0.27770830D-15
  250  0.00033167      0.29818070D-15
  251  0.00033563      0.32016189D-15
  252  0.00033964      0.34376302D-15
  253  0.00034370      0.36910345D-15
  254  0.00034780      0.39631130D-15
  255  0.00035196      0.42552416D-15
  256  0.00035616      0.45688971D-15
  257  0.00036042      0.49056654D-15
  258  0.00036472      0.52672491D-15
  259  0.00036908      0.56554760D-15
  260  0.00037348      0.60723086D-15
  261  0.00037795      0.65198540D-15
  262  0.00038246      0.70003743D-15
  263  0.00038703      0.75162981D-15
  264  0.00039165      0.80702329D-15
  265  0.00039633      0.86649781D-15
  266  0.00040106      0.93035392D-15
  267  0.00040585      0.99891429D-15
  268  0.00041070      0.10725254D-14
  269  0.00041560      0.11515590D-14
  270  0.00042057      0.12364146D-14
  271  0.00042559      0.13275208D-14
  272  0.00043067      0.14253379D-14
  273  0.00043582      0.15303599D-14
  274  0.00044102      0.16431173D-14
  275  0.00044629      0.17641797D-14
  276  0.00045162      0.18941584D-14
  277  0.00045702      0.20337099D-14
  278  0.00046247      0.21835388D-14
  279  0.00046800      0.23444018D-14
  280  0.00047359      0.25171111D-14
  281  0.00047924      0.27025386D-14
  282  0.00048497      0.29016205D-14
  283  0.00049076      0.31153617D-14
  284  0.00049662      0.33448413D-14
  285  0.00050255      0.35912174D-14
  286  0.00050856      0.38557336D-14
  287  0.00051463      0.41397248D-14
  288  0.00052078      0.44446242D-14
  289  0.00052700      0.47719703D-14
  290  0.00053329      0.51234147D-14
  291  0.00053966      0.55007306D-14
  292  0.00054611      0.59058216D-14
  293  0.00055263      0.63407311D-14
  294  0.00055923      0.68076528D-14
  295  0.00056591      0.73089419D-14
  296  0.00057267      0.78471265D-14
  297  0.00057951      0.84249206D-14
  298  0.00058643      0.90452378D-14
  299  0.00059343      0.97112057D-14
  300  0.00060052      0.10426182D-13
  301  0.00060769      0.11193771D-13
  302  0.00061495      0.12017843D-13
  303  0.00062230      0.12902550D-13
  304  0.00062973      0.13852352D-13
  305  0.00063725      0.14872036D-13
  306  0.00064486      0.15966739D-13
  307  0.00065256      0.17141978D-13
  308  0.00066036      0.18403674D-13
  309  0.00066824      0.19758182D-13
  310  0.00067623      0.21212326D-13
  311  0.00068430      0.22773431D-13
  312  0.00069247      0.24449358D-13
  313  0.00070075      0.26248546D-13
  314  0.00070912      0.28180057D-13
  315  0.00071758      0.30253614D-13
  316  0.00072616      0.32479657D-13
  317  0.00073483      0.34869391D-13
  318  0.00074361      0.37434845D-13
  319  0.00075249      0.40188930D-13
  320  0.00076147      0.43145505D-13
  321  0.00077057      0.46319448D-13
  322  0.00077977      0.49726727D-13
  323  0.00078909      0.53384483D-13
  324  0.00079851      0.57311115D-13
  325  0.00080805      0.61526373D-13
  326  0.00081770      0.66051454D-13
  327  0.00082747      0.70909114D-13
  328  0.00083735      0.76123776D-13
  329  0.00084735      0.81721655D-13
  330  0.00085747      0.87730891D-13
  331  0.00086771      0.94181686D-13
  332  0.00087807      0.10110646D-12
  333  0.00088856      0.10854000D-12
  334  0.00089918      0.11651967D-12
  335  0.00090991      0.12508555D-12
  336  0.00092078      0.13428066D-12
  337  0.00093178      0.14415119D-12
  338  0.00094291      0.15474670D-12
  339  0.00095417      0.16612039D-12
  340  0.00096557      0.17832937D-12
  341  0.00097710      0.19143492D-12
  342  0.00098877      0.20550281D-12
  343  0.00100058      0.22060365D-12
  344  0.00101253      0.23681320D-12
  345  0.00102462      0.25421278D-12
  346  0.00103686      0.27288969D-12
  347  0.00104925      0.29293758D-12
  348  0.00106178      0.31445700D-12
  349  0.00107446      0.33755584D-12
  350  0.00108729      0.36234991D-12
  351  0.00110028      0.38896349D-12
  352  0.00111342      0.41752995D-12
  353  0.00112672      0.44819244D-12
  354  0.00114018      0.48110459D-12
  355  0.00115379      0.51643127D-12
  356  0.00116757      0.55434942D-12
  357  0.00118152      0.59504891D-12
  358  0.00119563      0.63873353D-12
  359  0.00120991      0.68562198D-12
  360  0.00122436      0.73594893D-12
  361  0.00123899      0.78996626D-12
  362  0.00125378      0.84794423D-12
  363  0.00126876      0.91017290D-12
  364  0.00128391      0.97696352D-12
  365  0.00129925      0.10486501D-11
  366  0.00131477      0.11255911D-11
  367  0.00133047      0.12081711D-11
  368  0.00134636      0.12968029D-11
  369  0.00136244      0.13919294D-11
  370  0.00137871      0.14940259D-11
  371  0.00139518      0.16036024D-11
  372  0.00141184      0.17212061D-11
  373  0.00142871      0.18474244D-11
  374  0.00144577      0.19828872D-11
  375  0.00146304      0.21282708D-11
  376  0.00148051      0.22843008D-11
  377  0.00149819      0.24517555D-11
  378  0.00151609      0.26314703D-11
  379  0.00153420      0.28243414D-11
  380  0.00155252      0.30313307D-11
  381  0.00157106      0.32534699D-11
  382  0.00158983      0.34918662D-11
  383  0.00160882      0.37477075D-11
  384  0.00162803      0.40222683D-11
  385  0.00164748      0.43169162D-11
  386  0.00166715      0.46331183D-11
  387  0.00168707      0.49724489D-11
  388  0.00170722      0.53365969D-11
  389  0.00172761      0.57273742D-11
  390  0.00174824      0.61467249D-11
  391  0.00176912      0.65967347D-11
  392  0.00179025      0.70796413D-11
  393  0.00181163      0.75978452D-11
  394  0.00183327      0.81539219D-11
  395  0.00185517      0.87506343D-11
  396  0.00187732      0.93909465D-11
  397  0.00189975      0.10078038D-10
  398  0.00192244      0.10815321D-10
  399  0.00194540      0.11606454D-10
  400  0.00196863      0.12455363D-10
  401  0.00199215      0.13366259D-10
  402  0.00201594      0.14343659D-10
  403  0.00204002      0.15392410D-10
  404  0.00206438      0.16517710D-10
  405  0.00208904      0.17725134D-10
  406  0.00211399      0.19020664D-10
  407  0.00213924      0.20410715D-10
  408  0.00216479      0.21902169D-10
  409  0.00219065      0.23502409D-10
  410  0.00221681      0.25219350D-10
  411  0.00224329      0.27061486D-10
  412  0.00227008      0.29037926D-10
  413  0.00229719      0.31158438D-10
  414  0.00232463      0.33433502D-10
  415  0.00235240      0.35874356D-10
  416  0.00238049      0.38493054D-10
  417  0.00240892      0.41302522D-10
  418  0.00243770      0.44316627D-10
  419  0.00246681      0.47550237D-10
  420  0.00249627      0.51019299D-10
  421  0.00252609      0.54740915D-10
  422  0.00255626      0.58733426D-10
  423  0.00258679      0.63016501D-10
  424  0.00261769      0.67611231D-10
  425  0.00264895      0.72540236D-10
  426  0.00268059      0.77827772D-10
  427  0.00271261      0.83499848D-10
  428  0.00274501      0.89584356D-10
  429  0.00277779      0.96111204D-10
  430  0.00281097      0.10311246D-09
  431  0.00284454      0.11062251D-09
  432  0.00287852      0.11867823D-09
  433  0.00291290      0.12731916D-09
  434  0.00294769      0.13658767D-09
  435  0.00298290      0.14652923D-09
  436  0.00301852      0.15719255D-09
  437  0.00305457      0.16862989D-09
  438  0.00309106      0.18089726D-09
  439  0.00312798      0.19405471D-09
  440  0.00316534      0.20816662D-09
  441  0.00320314      0.22330202D-09
  442  0.00324140      0.23953490D-09
  443  0.00328011      0.25694457D-09
  444  0.00331929      0.27561609D-09
  445  0.00335894      0.29564059D-09
  446  0.00339905      0.31711580D-09
  447  0.00343965      0.34014647D-09
  448  0.00348073      0.36484486D-09
  449  0.00352231      0.39133134D-09
  450  0.00356438      0.41973489D-09
  451  0.00360695      0.45019379D-09
  452  0.00365003      0.48285622D-09
  453  0.00369362      0.51788104D-09
  454  0.00373774      0.55543847D-09
  455  0.00378238      0.59571096D-09
  456  0.00382756      0.63889405D-09
  457  0.00387327      0.68519731D-09
  458  0.00391954      0.73484530D-09
  459  0.00396635      0.78807869D-09
  460  0.00401372      0.84515538D-09
  461  0.00406166      0.90635174D-09
  462  0.00411017      0.97196393D-09
  463  0.00415926      0.10423093D-08
  464  0.00420894      0.11177278D-08
  465  0.00425921      0.11985838D-08
  466  0.00431008      0.12852677D-08
  467  0.00436156      0.13781977D-08
  468  0.00441365      0.14778220D-08
  469  0.00446637      0.15846206D-08
  470  0.00451971      0.16991079D-08
  471  0.00457370      0.18218349D-08
  472  0.00462832      0.19533920D-08
  473  0.00468360      0.20944114D-08
  474  0.00473954      0.22455707D-08
  475  0.00479615      0.24075954D-08
  476  0.00485344      0.25812627D-08
  477  0.00491140      0.27674054D-08
  478  0.00497006      0.29669150D-08
  479  0.00502943      0.31807467D-08
  480  0.00508950      0.34099235D-08
  481  0.00515028      0.36555409D-08
  482  0.00521180      0.39187722D-08
  483  0.00527405      0.42008741D-08
  484  0.00533704      0.45031920D-08
  485  0.00540078      0.48271671D-08
  486  0.00546529      0.51743422D-08
  487  0.00553056      0.55463698D-08
  488  0.00559662      0.59450188D-08
  489  0.00566346      0.63721836D-08
  490  0.00573111      0.68298923D-08
  491  0.00579956      0.73203163D-08
  492  0.00586883      0.78457803D-08
  493  0.00593892      0.84087730D-08
  494  0.00600986      0.90119587D-08
  495  0.00608164      0.96581895D-08
  496  0.00615427      0.10350518D-07
  497  0.00622778      0.11092213D-07
  498  0.00630216      0.11886771D-07
  499  0.00637743      0.12737937D-07
  500  0.00645360      0.13649718D-07
  501  0.00653068      0.14626401D-07
  502  0.00660868      0.15672577D-07
  503  0.00668762      0.16793156D-07
  504  0.00676749      0.17993395D-07
  505  0.00684832      0.19278917D-07
  506  0.00693012      0.20655739D-07
  507  0.00701289      0.22130302D-07
  508  0.00709665      0.23709494D-07
  509  0.00718141      0.25400685D-07
  510  0.00726718      0.27211760D-07
  511  0.00735398      0.29151155D-07
  512  0.00744181      0.31227895D-07
  513  0.00753070      0.33451630D-07
  514  0.00762064      0.35832687D-07
  515  0.00771166      0.38382109D-07
  516  0.00780377      0.41111706D-07
  517  0.00789697      0.44034112D-07
  518  0.00799129      0.47162836D-07
  519  0.00808674      0.50512323D-07
  520  0.00818332      0.54098024D-07
  521  0.00828106      0.57936455D-07
  522  0.00837997      0.62045280D-07
  523  0.00848006      0.66443381D-07
  524  0.00858134      0.71150949D-07
  525  0.00868384      0.76189566D-07
  526  0.00878755      0.81582305D-07
  527  0.00889251      0.87353829D-07
  528  0.00899872      0.93530501D-07
  529  0.00910620      0.10014050D-06
  530  0.00921496      0.10721393D-06
  531  0.00932502      0.11478299D-06
  532  0.00943640      0.12288207D-06
  533  0.00954910      0.13154791D-06
  534  0.00966315      0.14081979D-06
  535  0.00977857      0.15073967D-06
  536  0.00989536      0.16135238D-06
  537  0.01001355      0.17270581D-06
  538  0.01013315      0.18485111D-06
  539  0.01025418      0.19784296D-06
  540  0.01037665      0.21173971D-06
  541  0.01050059      0.22660371D-06
  542  0.01062600      0.24250157D-06
  543  0.01075292      0.25950437D-06
  544  0.01088135      0.27768808D-06
  545  0.01101131      0.29713376D-06
  546  0.01114283      0.31792801D-06
  547  0.01127591      0.34016324D-06
  548  0.01141059      0.36393814D-06
  549  0.01154688      0.38935805D-06
  550  0.01168479      0.41653540D-06
  551  0.01182435      0.44559023D-06
  552  0.01196558      0.47665060D-06
  553  0.01210849      0.50985322D-06
  554  0.01225311      0.54534396D-06
  555  0.01239946      0.58327846D-06
  556  0.01254756      0.62382279D-06
  557  0.01269742      0.66715412D-06
  558  0.01284908      0.71346146D-06
  559  0.01300254      0.76294643D-06
  560  0.01315784      0.81582406D-06
  561  0.01331499      0.87232372D-06
  562  0.01347403      0.93268999D-06
  563  0.01363496      0.99718370D-06
  564  0.01379781      0.10660830D-05
  565  0.01396261      0.11396843D-05
  566  0.01412937      0.12183039D-05
  567  0.01429813      0.13022786D-05
  568  0.01446890      0.13919676D-05
  569  0.01464172      0.14877539D-05
  570  0.01481659      0.15900453D-05
  571  0.01499356      0.16992766D-05
  572  0.01517264      0.18159112D-05
  573  0.01535386      0.19404424D-05
  574  0.01553724      0.20733963D-05
  575  0.01572281      0.22153327D-05
  576  0.01591060      0.23668484D-05
  577  0.01610063      0.25285786D-05
  578  0.01629294      0.27012000D-05
  579  0.01648753      0.28854331D-05
  580  0.01668446      0.30820448D-05
  581  0.01688373      0.32918519D-05
  582  0.01708539      0.35157236D-05
  583  0.01728945      0.37545851D-05
  584  0.01749595      0.40094212D-05
  585  0.01770492      0.42812796D-05
  586  0.01791638      0.45712755D-05
  587  0.01813037      0.48805949D-05
  588  0.01834692      0.52104998D-05
  589  0.01856605      0.55623325D-05
  590  0.01878780      0.59375206D-05
  591  0.01901219      0.63375821D-05
  592  0.01923927      0.67641313D-05
  593  0.01946906      0.72188846D-05
  594  0.01970159      0.77036663D-05
  595  0.01993690      0.82204158D-05
  596  0.02017502      0.87711942D-05
  597  0.02041599      0.93581918D-05
  598  0.02065983      0.99837358D-05
  599  0.02090659      0.10650299D-04
  600  0.02115629      0.11360507D-04
  601  0.02140898      0.12117150D-04
  602  0.02166468      0.12923191D-04
  603  0.02192344      0.13781776D-04
  604  0.02218529      0.14696244D-04
  605  0.02245026      0.15670140D-04
  606  0.02271840      0.16707230D-04
  607  0.02298975      0.17811505D-04
  608  0.02326433      0.18987204D-04
  609  0.02354219      0.20238824D-04
  610  0.02382337      0.21571135D-04
  611  0.02410792      0.22989195D-04
  612  0.02439585      0.24498370D-04
  613  0.02468723      0.26104350D-04
  614  0.02498209      0.27813164D-04
  615  0.02528047      0.29631207D-04
  616  0.02558241      0.31565256D-04
  617  0.02588796      0.33622489D-04
  618  0.02619716      0.35810516D-04
  619  0.02651006      0.38137396D-04
  620  0.02682669      0.40611665D-04
  621  0.02714710      0.43242362D-04
  622  0.02747133      0.46039060D-04
  623  0.02779945      0.49011891D-04
  624  0.02813148      0.52171580D-04
  625  0.02846747      0.55529478D-04
  626  0.02880748      0.59097593D-04
  627  0.02915155      0.62888631D-04
  628  0.02949973      0.66916030D-04
  629  0.02985206      0.71193999D-04
  630  0.03020861      0.75737563D-04
  631  0.03056941      0.80562607D-04
  632  0.03093453      0.85685916D-04
  633  0.03130400      0.91125230D-04
  634  0.03167789      0.96899290D-04
  635  0.03205624      0.10302789D-03
  636  0.03243911      0.10953194D-03
  637  0.03282656      0.11643352D-03
  638  0.03321863      0.12375591D-03
  639  0.03361539      0.13152373D-03
  640  0.03401688      0.13976292D-03
  641  0.03442317      0.14850086D-03
  642  0.03483431      0.15776643D-03
  643  0.03525036      0.16759007D-03
  644  0.03567138      0.17800390D-03
  645  0.03609743      0.18904175D-03
  646  0.03652857      0.20073929D-03
  647  0.03696486      0.21313407D-03
  648  0.03740636      0.22626568D-03
  649  0.03785313      0.24017579D-03
  650  0.03830524      0.25490827D-03
  651  0.03876275      0.27050930D-03
  652  0.03922572      0.28702747D-03
  653  0.03969422      0.30451389D-03
  654  0.04016832      0.32302234D-03
  655  0.04064808      0.34260934D-03
  656  0.04113357      0.36333433D-03
  657  0.04162486      0.38525975D-03
  658  0.04212202      0.40845121D-03
  659  0.04262512      0.43297764D-03
  660  0.04313422      0.45891141D-03
  661  0.04364940      0.48632847D-03
  662  0.04417074      0.51530856D-03
  663  0.04469831      0.54593531D-03
  664  0.04523217      0.57829647D-03
  665  0.04577241      0.61248400D-03
  666  0.04631911      0.64859434D-03
  667  0.04687233      0.68672852D-03
  668  0.04743216      0.72699238D-03
  669  0.04799868      0.76949676D-03
  670  0.04857196      0.81435770D-03
  671  0.04915210      0.86169664D-03
  672  0.04973916      0.91164062D-03
  673  0.05033323      0.96432252D-03
  674  0.05093440      0.10198813D-02
  675  0.05154274      0.10784620D-02
  676  0.05215836      0.11402164D-02
  677  0.05278132      0.12053029D-02
  678  0.05341173      0.12738869D-02
  679  0.05404967      0.13461410D-02
  680  0.05469522      0.14222451D-02
  681  0.05534849      0.15023871D-02
  682  0.05600956      0.15867626D-02
  683  0.05667852      0.16755756D-02
  684  0.05735548      0.17690384D-02
  685  0.05804052      0.18673722D-02
  686  0.05873374      0.19708071D-02
  687  0.05943524      0.20795825D-02
  688  0.06014512      0.21939473D-02
  689  0.06086348      0.23141601D-02
  690  0.06159042      0.24404897D-02
  691  0.06232604      0.25732152D-02
  692  0.06307044      0.27126262D-02
  693  0.06382374      0.28590232D-02
  694  0.06458604      0.30127177D-02
  695  0.06535743      0.31740325D-02
  696  0.06613805      0.33433022D-02
  697  0.06692798      0.35208729D-02
  698  0.06772736      0.37071031D-02
  699  0.06853627      0.39023631D-02
  700  0.06935485      0.41070361D-02
  701  0.07018321      0.43215176D-02
  702  0.07102146      0.45462163D-02
  703  0.07186973      0.47815535D-02
  704  0.07272812      0.50279641D-02
  705  0.07359677      0.52858958D-02
  706  0.07447579      0.55558103D-02
  707  0.07536531      0.58381822D-02
  708  0.07626545      0.61335001D-02
  709  0.07717635      0.64422660D-02
  710  0.07809812      0.67649956D-02
  711  0.07903091      0.71022183D-02
  712  0.07997483      0.74544769D-02
  713  0.08093003      0.78223279D-02
  714  0.08189664      0.82063411D-02
  715  0.08287479      0.86070996D-02
  716  0.08386463      0.90251995D-02
  717  0.08486629      0.94612496D-02
  718  0.08587991      0.99158717D-02
  719  0.08690564      0.10389699D-01
  720  0.08794362      0.10883378D-01
  721  0.08899399      0.11397565D-01
  722  0.09005692      0.11932929D-01
  723  0.09113253      0.12490147D-01
  724  0.09222100      0.13069908D-01
  725  0.09332246      0.13672910D-01
  726  0.09443708      0.14299858D-01
  727  0.09556502      0.14951466D-01
  728  0.09670642      0.15628454D-01
  729  0.09786146      0.16331549D-01
  730  0.09903029      0.17061481D-01
  731  0.10021309      0.17818986D-01
  732  0.10141001      0.18604802D-01
  733  0.10262122      0.19419666D-01
  734  0.10384690      0.20264318D-01
  735  0.10508723      0.21139497D-01
  736  0.10634236      0.22045936D-01
  737  0.10761249      0.22984366D-01
  738  0.10889778      0.23955512D-01
  739  0.11019843      0.24960090D-01
  740  0.11151462      0.25998808D-01
  741  0.11284652      0.27072360D-01
  742  0.11419433      0.28181430D-01
  743  0.11555824      0.29326682D-01
  744  0.11693844      0.30508766D-01
  745  0.11833512      0.31728309D-01
  746  0.11974849      0.32985917D-01
  747  0.12117873      0.34282171D-01
  748  0.12262606      0.35617624D-01
  749  0.12409068      0.36992800D-01
  750  0.12557278      0.38408188D-01
  751  0.12707259      0.39864244D-01
  752  0.12859032      0.41361384D-01
  753  0.13012617      0.42899984D-01
  754  0.13168036      0.44480374D-01
  755  0.13325312      0.46102840D-01
  756  0.13484466      0.47767614D-01
  757  0.13645521      0.49474878D-01
  758  0.13808500      0.51224757D-01
  759  0.13973425      0.53017315D-01
  760  0.14140320      0.54852555D-01
  761  0.14309209      0.56730414D-01
  762  0.14480115      0.58650761D-01
  763  0.14653062      0.60613391D-01
  764  0.14828074      0.62618027D-01
  765  0.15005177      0.64664312D-01
  766  0.15184395      0.66751809D-01
  767  0.15365754      0.68879997D-01
  768  0.15549278      0.71048268D-01
  769  0.15734995      0.73255925D-01
  770  0.15922930      0.75502180D-01
  771  0.16113109      0.77786150D-01
  772  0.16305560      0.80106854D-01
  773  0.16500310      0.82463214D-01
  774  0.16697386      0.84854049D-01
  775  0.16896815      0.87278077D-01
  776  0.17098626      0.89733911D-01
  777  0.17302848      0.92220058D-01
  778  0.17509509      0.94734916D-01
  779  0.17718638      0.97276779D-01
  780  0.17930265      0.99843827D-01
  781  0.18144420      0.10243414D+00
  782  0.18361132      0.10504567D+00
  783  0.18580433      0.10767628D+00
  784  0.18802353      0.11032371D+00
  785  0.19026924      0.11298561D+00
  786  0.19254177      0.11565950D+00
  787  0.19484144      0.11834281D+00
  788  0.19716858      0.12103286D+00
  789  0.19952351      0.12372687D+00
  790  0.20190657      0.12642196D+00
  791  0.20431809      0.12911515D+00
  792  0.20675841      0.13180339D+00
  793  0.20922789      0.13448352D+00
  794  0.21172685      0.13715229D+00
  795  0.21425566      0.13980639D+00
  796  0.21681468      0.14244242D+00
  797  0.21940426      0.14505692D+00
  798  0.22202477      0.14764636D+00
  799  0.22467658      0.15020716D+00
  800  0.22736006      0.15273568D+00
  801  0.23007559      0.15522824D+00
  802  0.23282356      0.15768113D+00
  803  0.23560435      0.16009060D+00
  804  0.23841835      0.16245290D+00
  805  0.24126596      0.16476424D+00
  806  0.24414758      0.16702086D+00
  807  0.24706361      0.16921897D+00
  808  0.25001448      0.17135483D+00
  809  0.25300059      0.17342470D+00
  810  0.25602237      0.17542489D+00
  811  0.25908024      0.17735176D+00
  812  0.26217463      0.17920170D+00
  813  0.26530597      0.18097119D+00
  814  0.26847472      0.18265679D+00
  815  0.27168132      0.18425512D+00
  816  0.27492621      0.18576292D+00
  817  0.27820986      0.18717702D+00
  818  0.28153273      0.18849439D+00
  819  0.28489529      0.18971210D+00
  820  0.28829801      0.19082739D+00
  821  0.29174137      0.19183762D+00
  822  0.29522585      0.19274030D+00
  823  0.29875196      0.19353314D+00
  824  0.30232018      0.19421399D+00
  825  0.30593101      0.19478091D+00
  826  0.30958498      0.19523211D+00
  827  0.31328258      0.19556604D+00
  828  0.31702435      0.19578134D+00
  829  0.32081081      0.19587683D+00
  830  0.32464250      0.19585159D+00
  831  0.32851995      0.19570488D+00
  832  0.33244371      0.19543622D+00
  833  0.33641433      0.19504534D+00
  834  0.34043238      0.19453218D+00
  835  0.34449842      0.19389696D+00
  836  0.34861303      0.19314009D+00
  837  0.35277677      0.19226223D+00
  838  0.35699025      0.19126428D+00
  839  0.36125406      0.19014737D+00
  840  0.36556878      0.18891286D+00
  841  0.36993505      0.18756233D+00
  842  0.37435346      0.18609761D+00
  843  0.37882464      0.18452073D+00
  844  0.38334923      0.18283395D+00
  845  0.38792786      0.18103974D+00
  846  0.39256117      0.17914077D+00
  847  0.39724983      0.17713991D+00
  848  0.40199448      0.17504025D+00
  849  0.40679580      0.17284502D+00
  850  0.41165447      0.17055765D+00
  851  0.41657117      0.16818175D+00
  852  0.42154659      0.16572107D+00
  853  0.42658144      0.16317951D+00
  854  0.43167642      0.16056111D+00
  855  0.43683226      0.15787004D+00
  856  0.44204967      0.15511058D+00
  857  0.44732941      0.15228712D+00
  858  0.45267220      0.14940414D+00
  859  0.45807880      0.14646620D+00
  860  0.46354998      0.14347792D+00
  861  0.46908651      0.14044399D+00
  862  0.47468916      0.13736914D+00
  863  0.48035873      0.13425812D+00
  864  0.48609601      0.13111571D+00
  865  0.49190182      0.12794669D+00
  866  0.49777698      0.12475583D+00
  867  0.50372230      0.12154788D+00
  868  0.50973864      0.11832757D+00
  869  0.51582683      0.11509958D+00
  870  0.52198774      0.11186851D+00
  871  0.52822223      0.10863893D+00
  872  0.53453118      0.10541531D+00
  873  0.54091549      0.10220203D+00
  874  0.54737605      0.99003375D-01
  875  0.55391377      0.95823509D-01
  876  0.56052958      0.92666481D-01
  877  0.56722441      0.89536209D-01
  878  0.57399920      0.86436472D-01
  879  0.58085490      0.83370899D-01
  880  0.58779249      0.80342964D-01
  881  0.59481293      0.77355979D-01
  882  0.60191723      0.74413087D-01
  883  0.60910638      0.71517256D-01
  884  0.61638140      0.68671274D-01
  885  0.62374330      0.65877745D-01
  886  0.63119314      0.63139086D-01
  887  0.63873195      0.60457524D-01
  888  0.64636081      0.57835090D-01
  889  0.65408078      0.55273626D-01
  890  0.66189296      0.52774775D-01
  891  0.66979844      0.50339989D-01
  892  0.67779835      0.47970526D-01
  893  0.68589381      0.45667451D-01
  894  0.69408595      0.43431640D-01
  895  0.70237594      0.41263786D-01
  896  0.71076495      0.39164395D-01
  897  0.71925415      0.37133798D-01
  898  0.72784474      0.35172154D-01
  899  0.73653793      0.33279451D-01
  900  0.74533496      0.31455520D-01
  901  0.75423706      0.29700033D-01
  902  0.76324548      0.28012518D-01
  903  0.77236149      0.26392359D-01
  904  0.78158638      0.24838811D-01
  905  0.79092146      0.23351001D-01
  906  0.80036803      0.21927939D-01
  907  0.80992743      0.20568527D-01
  908  0.81960100      0.19271568D-01
  909  0.82939011      0.18035770D-01
  910  0.83929614      0.16859760D-01
  911  0.84932048      0.15742089D-01
  912  0.85946455      0.14681239D-01
  913  0.86972979      0.13675636D-01
  914  0.88011762      0.12723655D-01
  915  0.89062953      0.11823626D-01
  916  0.90126699      0.10973847D-01
  917  0.91203150      0.10172586D-01
  918  0.92292457      0.94180912D-02
  919  0.93394776      0.87085982D-02
  920  0.94510260      0.80423351D-02
  921  0.95639067      0.74175297D-02
  922  0.96781356      0.68324155D-02
  923  0.97937288      0.62852371D-02
  924  0.99107027      0.57742559D-02
  925  1.00290737      0.52977546D-02
  926  1.01488584      0.48540422D-02
  927  1.02700739      0.44414581D-02
  928  1.03927371      0.40583759D-02
  929  1.05168654      0.37032067D-02
  930  1.06424762      0.33744027D-02
  931  1.07695873      0.30704595D-02
  932  1.08982166      0.27899186D-02
  933  1.10283821      0.25313694D-02
  934  1.11601024      0.22934509D-02
  935  1.12933959      0.20748531D-02
  936  1.14282814      0.18743178D-02
  937  1.15647780      0.16906397D-02
  938  1.17029048      0.15226662D-02
  939  1.18426814      0.13692981D-02
  940  1.19841274      0.12294894D-02
  941  1.21272629      0.11022466D-02
  942  1.22721079      0.98662841D-03
  943  1.24186829      0.88174491D-03
  944  1.25670086      0.78675654D-03
  945  1.27171058      0.70087295D-03
  946  1.28689957      0.62335180D-03
  947  1.30226998      0.55349727D-03
  948  1.31782397      0.49065856D-03
  949  1.33356374      0.43422833D-03
  950  1.34949149      0.38364095D-03
  951  1.36560948      0.33837081D-03
  952  1.38191998      0.29793049D-03
  953  1.39842529      0.26186901D-03
  954  1.41512773      0.22976993D-03
  955  1.43202967      0.20124961D-03
  956  1.44913348      0.17595530D-03
  957  1.46644157      0.15356341D-03
  958  1.48395638      0.13377773D-03
  959  1.50168039      0.11632768D-03
  960  1.51961608      0.10096662D-03
  961  1.53776600      0.87470273D-04
  962  1.55613270      0.75635078D-04
  963  1.57471876      0.65276720D-04
  964  1.59352681      0.56228663D-04
  965  1.61255950      0.48340771D-04
  966  1.63181951      0.41477988D-04
  967  1.65130955      0.35519098D-04
  968  1.67103238      0.30355548D-04
  969  1.69099078      0.25890344D-04
  970  1.71118755      0.22037013D-04
  971  1.73162555      0.18718642D-04
  972  1.75230766      0.15866974D-04
  973  1.77323679      0.13421571D-04
  974  1.79441589      0.11329047D-04
  975  1.81584794      0.95423501D-05
  976  1.83753598      0.80201114D-05
  977  1.85948305      0.67260418D-05
  978  1.88169226      0.56283846D-05
  979  1.90416672      0.46994160D-05
  980  1.92690962      0.39149905D-05
  981  1.94992415      0.32541301D-05
  982  1.97321356      0.26986535D-05
  983  1.99678113      0.22328414D-05
  984  2.02063019      0.18431369D-05
  985  2.04476409      0.15178772D-05
  986  2.06918625      0.12470540D-05
  987  2.09390009      0.10221006D-05
  988  2.11890912      0.83570287D-06
  989  2.14421684      0.68163203D-06
  990  2.16982683      0.55459743D-06
  991  2.19574271      0.45011688D-06
  992  2.22196811      0.36440309D-06
  993  2.24850675      0.29426443D-06
  994  2.27536235      0.23701836D-06
  995  2.30253872      0.19041633D-06
  996  2.33003967      0.15257864D-06
  997  2.35786908      0.12193825D-06
  998  2.38603088      0.97192336D-07
  999  2.41452904      0.77260781D-07
 1000  2.44336758      0.61250584D-07
 1001  2.47255056      0.48425536D-07
 1002  2.50208209      0.38180414D-07
 1003  2.53196633      0.30019102D-07
 1004  2.56220751      0.23536097D-07
 1005  2.59280988      0.18400924D-07
 1006  2.62377776      0.14345048D-07
 1007  2.65511551      0.11150907D-07
 1008  2.68682755      0.86427674D-08
 1009  2.71891835      0.66791086D-08
 1010  2.75139243      0.51463075D-08
 1011  2.78425438      0.39534201D-08
 1012  2.81750882      0.30278793D-08
 1013  2.85116045      0.23119623D-08
 1014  2.88521400      0.17598984D-08
 1015  2.91967428      0.13355092D-08
 1016  2.95454615      0.10102900D-08
 1017  2.98983451      0.76185450D-09
 1018  3.02554435      0.57267864D-09
 1019  3.06168070      0.42908962D-09
 1020  3.09824866      0.32045465D-09
 1021  3.13525337      0.23853294D-09
 1022  3.17270006      0.17695902D-09
 1023  3.21059400      0.13082954D-09
 1024  3.24894053      0.96389793D-10
 1025  3.28774507      0.70765742D-10
 1026  3.32701308      0.51749904D-10
 1027  3.36675010      0.37708307D-10
