 ir        r               f(r)
    1  0.00001725      0.51306445D+05
    2  0.00001746      0.51305557D+05
    3  0.00001766      0.51304659D+05
    4  0.00001787      0.51303750D+05
    5  0.00001809      0.51302830D+05
    6  0.00001830      0.51301899D+05
    7  0.00001852      0.51300956D+05
    8  0.00001874      0.51300003D+05
    9  0.00001897      0.51299038D+05
   10  0.00001919      0.51298062D+05
   11  0.00001942      0.51297074D+05
   12  0.00001966      0.51296075D+05
   13  0.00001989      0.51295063D+05
   14  0.00002013      0.51294039D+05
   15  0.00002037      0.51293004D+05
   16  0.00002061      0.51291955D+05
   17  0.00002086      0.51290895D+05
   18  0.00002111      0.51289821D+05
   19  0.00002136      0.51288735D+05
   20  0.00002161      0.51287636D+05
   21  0.00002187      0.51286524D+05
   22  0.00002213      0.51285399D+05
   23  0.00002240      0.51284260D+05
   24  0.00002267      0.51283107D+05
   25  0.00002294      0.51281941D+05
   26  0.00002321      0.51280761D+05
   27  0.00002349      0.51279567D+05
   28  0.00002377      0.51278359D+05
   29  0.00002405      0.51277136D+05
   30  0.00002434      0.51275899D+05
   31  0.00002463      0.51274647D+05
   32  0.00002492      0.51273380D+05
   33  0.00002522      0.51272097D+05
   34  0.00002552      0.51270800D+05
   35  0.00002583      0.51269487D+05
   36  0.00002614      0.51268159D+05
   37  0.00002645      0.51266814D+05
   38  0.00002676      0.51265454D+05
   39  0.00002708      0.51264078D+05
   40  0.00002741      0.51262685D+05
   41  0.00002773      0.51261275D+05
   42  0.00002807      0.51259849D+05
   43  0.00002840      0.51258405D+05
   44  0.00002874      0.51256945D+05
   45  0.00002908      0.51255467D+05
   46  0.00002943      0.51253971D+05
   47  0.00002978      0.51252458D+05
   48  0.00003014      0.51250926D+05
   49  0.00003050      0.51249377D+05
   50  0.00003086      0.51247809D+05
   51  0.00003123      0.51246222D+05
   52  0.00003160      0.51244616D+05
   53  0.00003198      0.51242991D+05
   54  0.00003236      0.51241347D+05
   55  0.00003275      0.51239683D+05
   56  0.00003314      0.51238000D+05
   57  0.00003354      0.51236296D+05
   58  0.00003394      0.51234572D+05
   59  0.00003434      0.51232828D+05
   60  0.00003475      0.51231063D+05
   61  0.00003517      0.51229276D+05
   62  0.00003559      0.51227469D+05
   63  0.00003601      0.51225640D+05
   64  0.00003644      0.51223789D+05
   65  0.00003688      0.51221916D+05
   66  0.00003732      0.51220021D+05
   67  0.00003777      0.51218103D+05
   68  0.00003822      0.51216163D+05
   69  0.00003867      0.51214199D+05
   70  0.00003913      0.51212212D+05
   71  0.00003960      0.51210201D+05
   72  0.00004008      0.51208167D+05
   73  0.00004055      0.51206108D+05
   74  0.00004104      0.51204025D+05
   75  0.00004153      0.51201916D+05
   76  0.00004202      0.51199783D+05
   77  0.00004253      0.51197625D+05
   78  0.00004303      0.51195440D+05
   79  0.00004355      0.51193230D+05
   80  0.00004407      0.51190993D+05
   81  0.00004459      0.51188730D+05
   82  0.00004513      0.51186440D+05
   83  0.00004567      0.51184123D+05
   84  0.00004621      0.51181778D+05
   85  0.00004676      0.51179405D+05
   86  0.00004732      0.51177004D+05
   87  0.00004789      0.51174574D+05
   88  0.00004846      0.51172115D+05
   89  0.00004904      0.51169628D+05
   90  0.00004962      0.51167110D+05
   91  0.00005022      0.51164563D+05
   92  0.00005082      0.51161985D+05
   93  0.00005142      0.51159377D+05
   94  0.00005204      0.51156738D+05
   95  0.00005266      0.51154067D+05
   96  0.00005329      0.51151365D+05
   97  0.00005392      0.51148630D+05
   98  0.00005457      0.51145863D+05
   99  0.00005522      0.51143063D+05
  100  0.00005588      0.51140230D+05
  101  0.00005655      0.51137363D+05
  102  0.00005722      0.51134462D+05
  103  0.00005791      0.51131526D+05
  104  0.00005860      0.51128556D+05
  105  0.00005930      0.51125550D+05
  106  0.00006001      0.51122509D+05
  107  0.00006072      0.51119431D+05
  108  0.00006145      0.51116317D+05
  109  0.00006218      0.51113166D+05
  110  0.00006292      0.51109977D+05
  111  0.00006368      0.51106751D+05
  112  0.00006444      0.51103486D+05
  113  0.00006521      0.51100183D+05
  114  0.00006598      0.51096840D+05
  115  0.00006677      0.51093457D+05
  116  0.00006757      0.51090035D+05
  117  0.00006838      0.51086571D+05
  118  0.00006919      0.51083067D+05
  119  0.00007002      0.51079521D+05
  120  0.00007086      0.51075933D+05
  121  0.00007170      0.51072302D+05
  122  0.00007256      0.51068628D+05
  123  0.00007343      0.51064911D+05
  124  0.00007430      0.51061149D+05
  125  0.00007519      0.51057343D+05
  126  0.00007609      0.51053492D+05
  127  0.00007700      0.51049594D+05
  128  0.00007792      0.51045651D+05
  129  0.00007885      0.51041661D+05
  130  0.00007979      0.51037623D+05
  131  0.00008074      0.51033538D+05
  132  0.00008171      0.51029404D+05
  133  0.00008268      0.51025221D+05
  134  0.00008367      0.51020989D+05
  135  0.00008467      0.51016706D+05
  136  0.00008568      0.51012373D+05
  137  0.00008670      0.51007988D+05
  138  0.00008774      0.51003551D+05
  139  0.00008879      0.50999062D+05
  140  0.00008985      0.50994519D+05
  141  0.00009092      0.50989923D+05
  142  0.00009201      0.50985272D+05
  143  0.00009311      0.50980566D+05
  144  0.00009422      0.50975804D+05
  145  0.00009534      0.50970986D+05
  146  0.00009648      0.50966110D+05
  147  0.00009763      0.50961177D+05
  148  0.00009880      0.50956186D+05
  149  0.00009998      0.50951135D+05
  150  0.00010117      0.50946025D+05
  151  0.00010238      0.50940854D+05
  152  0.00010361      0.50935621D+05
  153  0.00010484      0.50930327D+05
  154  0.00010610      0.50924970D+05
  155  0.00010736      0.50919550D+05
  156  0.00010865      0.50914066D+05
  157  0.00010994      0.50908517D+05
  158  0.00011126      0.50902902D+05
  159  0.00011258      0.50897220D+05
  160  0.00011393      0.50891472D+05
  161  0.00011529      0.50885655D+05
  162  0.00011667      0.50879770D+05
  163  0.00011806      0.50873815D+05
  164  0.00011947      0.50867790D+05
  165  0.00012090      0.50861693D+05
  166  0.00012234      0.50855524D+05
  167  0.00012380      0.50849283D+05
  168  0.00012528      0.50842967D+05
  169  0.00012678      0.50836577D+05
  170  0.00012829      0.50830112D+05
  171  0.00012982      0.50823570D+05
  172  0.00013137      0.50816951D+05
  173  0.00013294      0.50810254D+05
  174  0.00013453      0.50803477D+05
  175  0.00013614      0.50796621D+05
  176  0.00013776      0.50789683D+05
  177  0.00013941      0.50782664D+05
  178  0.00014108      0.50775562D+05
  179  0.00014276      0.50768376D+05
  180  0.00014447      0.50761105D+05
  181  0.00014619      0.50753749D+05
  182  0.00014794      0.50746306D+05
  183  0.00014970      0.50738774D+05
  184  0.00015149      0.50731155D+05
  185  0.00015330      0.50723445D+05
  186  0.00015513      0.50715644D+05
  187  0.00015698      0.50707752D+05
  188  0.00015886      0.50699766D+05
  189  0.00016076      0.50691687D+05
  190  0.00016268      0.50683512D+05
  191  0.00016462      0.50675241D+05
  192  0.00016659      0.50666872D+05
  193  0.00016858      0.50658405D+05
  194  0.00017059      0.50649838D+05
  195  0.00017263      0.50641171D+05
  196  0.00017469      0.50632401D+05
  197  0.00017678      0.50623528D+05
  198  0.00017889      0.50614551D+05
  199  0.00018102      0.50605468D+05
  200  0.00018319      0.50596279D+05
  201  0.00018537      0.50586981D+05
  202  0.00018759      0.50577574D+05
  203  0.00018983      0.50568056D+05
  204  0.00019209      0.50558427D+05
  205  0.00019439      0.50548685D+05
  206  0.00019671      0.50538828D+05
  207  0.00019906      0.50528855D+05
  208  0.00020144      0.50518765D+05
  209  0.00020384      0.50508557D+05
  210  0.00020628      0.50498229D+05
  211  0.00020874      0.50487779D+05
  212  0.00021124      0.50477207D+05
  213  0.00021376      0.50466511D+05
  214  0.00021631      0.50455690D+05
  215  0.00021890      0.50444742D+05
  216  0.00022151      0.50433665D+05
  217  0.00022416      0.50422459D+05
  218  0.00022683      0.50411121D+05
  219  0.00022954      0.50399651D+05
  220  0.00023228      0.50388046D+05
  221  0.00023506      0.50376305D+05
  222  0.00023786      0.50364427D+05
  223  0.00024071      0.50352410D+05
  224  0.00024358      0.50340252D+05
  225  0.00024649      0.50327952D+05
  226  0.00024943      0.50315508D+05
  227  0.00025241      0.50302919D+05
  228  0.00025543      0.50290182D+05
  229  0.00025848      0.50277297D+05
  230  0.00026157      0.50264261D+05
  231  0.00026469      0.50251073D+05
  232  0.00026785      0.50237731D+05
  233  0.00027105      0.50224233D+05
  234  0.00027429      0.50210578D+05
  235  0.00027756      0.50196763D+05
  236  0.00028088      0.50182787D+05
  237  0.00028423      0.50168649D+05
  238  0.00028763      0.50154345D+05
  239  0.00029106      0.50139875D+05
  240  0.00029454      0.50125236D+05
  241  0.00029806      0.50110427D+05
  242  0.00030162      0.50095445D+05
  243  0.00030522      0.50080289D+05
  244  0.00030887      0.50064957D+05
  245  0.00031256      0.50049446D+05
  246  0.00031629      0.50033755D+05
  247  0.00032007      0.50017882D+05
  248  0.00032389      0.50001824D+05
  249  0.00032776      0.49985580D+05
  250  0.00033167      0.49969147D+05
  251  0.00033563      0.49952523D+05
  252  0.00033964      0.49935706D+05
  253  0.00034370      0.49918694D+05
  254  0.00034780      0.49901485D+05
  255  0.00035196      0.49884077D+05
  256  0.00035616      0.49866467D+05
  257  0.00036042      0.49848652D+05
  258  0.00036472      0.49830632D+05
  259  0.00036908      0.49812403D+05
  260  0.00037348      0.49793963D+05
  261  0.00037795      0.49775309D+05
  262  0.00038246      0.49756440D+05
  263  0.00038703      0.49737353D+05
  264  0.00039165      0.49718046D+05
  265  0.00039633      0.49698516D+05
  266  0.00040106      0.49678760D+05
  267  0.00040585      0.49658776D+05
  268  0.00041070      0.49638561D+05
  269  0.00041560      0.49618114D+05
  270  0.00042057      0.49597431D+05
  271  0.00042559      0.49576510D+05
  272  0.00043067      0.49555348D+05
  273  0.00043582      0.49533942D+05
  274  0.00044102      0.49512290D+05
  275  0.00044629      0.49490390D+05
  276  0.00045162      0.49468237D+05
  277  0.00045702      0.49445830D+05
  278  0.00046247      0.49423166D+05
  279  0.00046800      0.49400242D+05
  280  0.00047359      0.49377055D+05
  281  0.00047924      0.49353601D+05
  282  0.00048497      0.49329880D+05
  283  0.00049076      0.49305886D+05
  284  0.00049662      0.49281618D+05
  285  0.00050255      0.49257072D+05
  286  0.00050856      0.49232246D+05
  287  0.00051463      0.49207135D+05
  288  0.00052078      0.49181738D+05
  289  0.00052700      0.49156051D+05
  290  0.00053329      0.49130071D+05
  291  0.00053966      0.49103795D+05
  292  0.00054611      0.49077219D+05
  293  0.00055263      0.49050340D+05
  294  0.00055923      0.49023155D+05
  295  0.00056591      0.48995662D+05
  296  0.00057267      0.48967855D+05
  297  0.00057951      0.48939732D+05
  298  0.00058643      0.48911290D+05
  299  0.00059343      0.48882525D+05
  300  0.00060052      0.48853434D+05
  301  0.00060769      0.48824013D+05
  302  0.00061495      0.48794259D+05
  303  0.00062230      0.48764168D+05
  304  0.00062973      0.48733737D+05
  305  0.00063725      0.48702961D+05
  306  0.00064486      0.48671838D+05
  307  0.00065256      0.48640363D+05
  308  0.00066036      0.48608533D+05
  309  0.00066824      0.48576344D+05
  310  0.00067623      0.48543793D+05
  311  0.00068430      0.48510875D+05
  312  0.00069247      0.48477586D+05
  313  0.00070075      0.48443924D+05
  314  0.00070912      0.48409883D+05
  315  0.00071758      0.48375460D+05
  316  0.00072616      0.48340651D+05
  317  0.00073483      0.48305452D+05
  318  0.00074361      0.48269858D+05
  319  0.00075249      0.48233866D+05
  320  0.00076147      0.48197472D+05
  321  0.00077057      0.48160671D+05
  322  0.00077977      0.48123459D+05
  323  0.00078909      0.48085832D+05
  324  0.00079851      0.48047786D+05
  325  0.00080805      0.48009316D+05
  326  0.00081770      0.47970418D+05
  327  0.00082747      0.47931088D+05
  328  0.00083735      0.47891320D+05
  329  0.00084735      0.47851112D+05
  330  0.00085747      0.47810458D+05
  331  0.00086771      0.47769353D+05
  332  0.00087807      0.47727794D+05
  333  0.00088856      0.47685775D+05
  334  0.00089918      0.47643292D+05
  335  0.00090991      0.47600341D+05
  336  0.00092078      0.47556916D+05
  337  0.00093178      0.47513012D+05
  338  0.00094291      0.47468626D+05
  339  0.00095417      0.47423752D+05
  340  0.00096557      0.47378385D+05
  341  0.00097710      0.47332521D+05
  342  0.00098877      0.47286155D+05
  343  0.00100058      0.47239281D+05
  344  0.00101253      0.47191894D+05
  345  0.00102462      0.47143991D+05
  346  0.00103686      0.47095564D+05
  347  0.00104925      0.47046611D+05
  348  0.00106178      0.46997124D+05
  349  0.00107446      0.46947100D+05
  350  0.00108729      0.46896532D+05
  351  0.00110028      0.46845416D+05
  352  0.00111342      0.46793747D+05
  353  0.00112672      0.46741519D+05
  354  0.00114018      0.46688726D+05
  355  0.00115379      0.46635364D+05
  356  0.00116757      0.46581427D+05
  357  0.00118152      0.46526909D+05
  358  0.00119563      0.46471806D+05
  359  0.00120991      0.46416110D+05
  360  0.00122436      0.46359818D+05
  361  0.00123899      0.46302924D+05
  362  0.00125378      0.46245421D+05
  363  0.00126876      0.46187304D+05
  364  0.00128391      0.46128568D+05
  365  0.00129925      0.46069207D+05
  366  0.00131477      0.46009215D+05
  367  0.00133047      0.45948586D+05
  368  0.00134636      0.45887314D+05
  369  0.00136244      0.45825395D+05
  370  0.00137871      0.45762821D+05
  371  0.00139518      0.45699587D+05
  372  0.00141184      0.45635687D+05
  373  0.00142871      0.45571115D+05
  374  0.00144577      0.45505866D+05
  375  0.00146304      0.45439933D+05
  376  0.00148051      0.45373309D+05
  377  0.00149819      0.45305990D+05
  378  0.00151609      0.45237969D+05
  379  0.00153420      0.45169240D+05
  380  0.00155252      0.45099797D+05
  381  0.00157106      0.45029634D+05
  382  0.00158983      0.44958744D+05
  383  0.00160882      0.44887121D+05
  384  0.00162803      0.44814760D+05
  385  0.00164748      0.44741654D+05
  386  0.00166715      0.44667797D+05
  387  0.00168707      0.44593182D+05
  388  0.00170722      0.44517803D+05
  389  0.00172761      0.44441655D+05
  390  0.00174824      0.44364730D+05
  391  0.00176912      0.44287022D+05
  392  0.00179025      0.44208526D+05
  393  0.00181163      0.44129234D+05
  394  0.00183327      0.44049141D+05
  395  0.00185517      0.43968240D+05
  396  0.00187732      0.43886524D+05
  397  0.00189975      0.43803988D+05
  398  0.00192244      0.43720625D+05
  399  0.00194540      0.43636428D+05
  400  0.00196863      0.43551392D+05
  401  0.00199215      0.43465510D+05
  402  0.00201594      0.43378775D+05
  403  0.00204002      0.43291181D+05
  404  0.00206438      0.43202722D+05
  405  0.00208904      0.43113391D+05
  406  0.00211399      0.43023183D+05
  407  0.00213924      0.42932090D+05
  408  0.00216479      0.42840107D+05
  409  0.00219065      0.42747226D+05
  410  0.00221681      0.42653443D+05
  411  0.00224329      0.42558749D+05
  412  0.00227008      0.42463140D+05
  413  0.00229719      0.42366609D+05
  414  0.00232463      0.42269150D+05
  415  0.00235240      0.42170756D+05
  416  0.00238049      0.42071421D+05
  417  0.00240892      0.41971139D+05
  418  0.00243770      0.41869904D+05
  419  0.00246681      0.41767710D+05
  420  0.00249627      0.41664551D+05
  421  0.00252609      0.41560421D+05
  422  0.00255626      0.41455313D+05
  423  0.00258679      0.41349222D+05
  424  0.00261769      0.41242142D+05
  425  0.00264895      0.41134067D+05
  426  0.00268059      0.41024992D+05
  427  0.00271261      0.40914909D+05
  428  0.00274501      0.40803815D+05
  429  0.00277779      0.40691703D+05
  430  0.00281097      0.40578567D+05
  431  0.00284454      0.40464402D+05
  432  0.00287852      0.40349202D+05
  433  0.00291290      0.40232962D+05
  434  0.00294769      0.40115678D+05
  435  0.00298290      0.39997342D+05
  436  0.00301852      0.39877951D+05
  437  0.00305457      0.39757500D+05
  438  0.00309106      0.39635982D+05
  439  0.00312798      0.39513394D+05
  440  0.00316534      0.39389730D+05
  441  0.00320314      0.39264986D+05
  442  0.00324140      0.39139156D+05
  443  0.00328011      0.39012238D+05
  444  0.00331929      0.38884225D+05
  445  0.00335894      0.38755114D+05
  446  0.00339905      0.38624900D+05
  447  0.00343965      0.38493580D+05
  448  0.00348073      0.38361149D+05
  449  0.00352231      0.38227603D+05
  450  0.00356438      0.38092940D+05
  451  0.00360695      0.37957154D+05
  452  0.00365003      0.37820243D+05
  453  0.00369362      0.37682204D+05
  454  0.00373774      0.37543032D+05
  455  0.00378238      0.37402726D+05
  456  0.00382756      0.37261281D+05
  457  0.00387327      0.37118697D+05
  458  0.00391954      0.36974969D+05
  459  0.00396635      0.36830095D+05
  460  0.00401372      0.36684074D+05
  461  0.00406166      0.36536903D+05
  462  0.00411017      0.36388581D+05
  463  0.00415926      0.36239104D+05
  464  0.00420894      0.36088473D+05
  465  0.00425921      0.35936686D+05
  466  0.00431008      0.35783741D+05
  467  0.00436156      0.35629639D+05
  468  0.00441365      0.35474377D+05
  469  0.00446637      0.35317955D+05
  470  0.00451971      0.35160374D+05
  471  0.00457370      0.35001633D+05
  472  0.00462832      0.34841732D+05
  473  0.00468360      0.34680672D+05
  474  0.00473954      0.34518454D+05
  475  0.00479615      0.34355078D+05
  476  0.00485344      0.34190545D+05
  477  0.00491140      0.34024857D+05
  478  0.00497006      0.33858016D+05
  479  0.00502943      0.33690023D+05
  480  0.00508950      0.33520880D+05
  481  0.00515028      0.33350591D+05
  482  0.00521180      0.33179158D+05
  483  0.00527405      0.33006583D+05
  484  0.00533704      0.32832871D+05
  485  0.00540078      0.32658025D+05
  486  0.00546529      0.32482048D+05
  487  0.00553056      0.32304946D+05
  488  0.00559662      0.32126722D+05
  489  0.00566346      0.31947381D+05
  490  0.00573111      0.31766929D+05
  491  0.00579956      0.31585372D+05
  492  0.00586883      0.31402714D+05
  493  0.00593892      0.31218963D+05
  494  0.00600986      0.31034125D+05
  495  0.00608164      0.30848207D+05
  496  0.00615427      0.30661215D+05
  497  0.00622778      0.30473159D+05
  498  0.00630216      0.30284045D+05
  499  0.00637743      0.30093882D+05
  500  0.00645360      0.29902679D+05
  501  0.00653068      0.29710445D+05
  502  0.00660868      0.29517190D+05
  503  0.00668762      0.29322923D+05
  504  0.00676749      0.29127655D+05
  505  0.00684832      0.28931397D+05
  506  0.00693012      0.28734159D+05
  507  0.00701289      0.28535954D+05
  508  0.00709665      0.28336793D+05
  509  0.00718141      0.28136688D+05
  510  0.00726718      0.27935653D+05
  511  0.00735398      0.27733701D+05
  512  0.00744181      0.27530845D+05
  513  0.00753070      0.27327099D+05
  514  0.00762064      0.27122479D+05
  515  0.00771166      0.26916999D+05
  516  0.00780377      0.26710674D+05
  517  0.00789697      0.26503521D+05
  518  0.00799129      0.26295556D+05
  519  0.00808674      0.26086796D+05
  520  0.00818332      0.25877257D+05
  521  0.00828106      0.25666958D+05
  522  0.00837997      0.25455918D+05
  523  0.00848006      0.25244154D+05
  524  0.00858134      0.25031686D+05
  525  0.00868384      0.24818533D+05
  526  0.00878755      0.24604716D+05
  527  0.00889251      0.24390255D+05
  528  0.00899872      0.24175172D+05
  529  0.00910620      0.23959487D+05
  530  0.00921496      0.23743223D+05
  531  0.00932502      0.23526402D+05
  532  0.00943640      0.23309048D+05
  533  0.00954910      0.23091183D+05
  534  0.00966315      0.22872832D+05
  535  0.00977857      0.22654019D+05
  536  0.00989536      0.22434768D+05
  537  0.01001355      0.22215106D+05
  538  0.01013315      0.21995058D+05
  539  0.01025418      0.21774650D+05
  540  0.01037665      0.21553909D+05
  541  0.01050059      0.21332861D+05
  542  0.01062600      0.21111536D+05
  543  0.01075292      0.20889960D+05
  544  0.01088135      0.20668163D+05
  545  0.01101131      0.20446173D+05
  546  0.01114283      0.20224020D+05
  547  0.01127591      0.20001733D+05
  548  0.01141059      0.19779342D+05
  549  0.01154688      0.19556879D+05
  550  0.01168479      0.19334375D+05
  551  0.01182435      0.19111861D+05
  552  0.01196558      0.18889368D+05
  553  0.01210849      0.18666929D+05
  554  0.01225311      0.18444577D+05
  555  0.01239946      0.18222344D+05
  556  0.01254756      0.18000265D+05
  557  0.01269742      0.17778372D+05
  558  0.01284908      0.17556700D+05
  559  0.01300254      0.17335282D+05
  560  0.01315784      0.17114154D+05
  561  0.01331499      0.16893351D+05
  562  0.01347403      0.16672907D+05
  563  0.01363496      0.16452859D+05
  564  0.01379781      0.16233241D+05
  565  0.01396261      0.16014090D+05
  566  0.01412937      0.15795442D+05
  567  0.01429813      0.15577334D+05
  568  0.01446890      0.15359802D+05
  569  0.01464172      0.15142882D+05
  570  0.01481659      0.14926612D+05
  571  0.01499356      0.14711029D+05
  572  0.01517264      0.14496170D+05
  573  0.01535386      0.14282072D+05
  574  0.01553724      0.14068772D+05
  575  0.01572281      0.13856308D+05
  576  0.01591060      0.13644718D+05
  577  0.01610063      0.13434038D+05
  578  0.01629294      0.13224307D+05
  579  0.01648753      0.13015561D+05
  580  0.01668446      0.12807839D+05
  581  0.01688373      0.12601176D+05
  582  0.01708539      0.12395611D+05
  583  0.01728945      0.12191181D+05
  584  0.01749595      0.11987923D+05
  585  0.01770492      0.11785872D+05
  586  0.01791638      0.11585067D+05
  587  0.01813037      0.11385543D+05
  588  0.01834692      0.11187336D+05
  589  0.01856605      0.10990482D+05
  590  0.01878780      0.10795017D+05
  591  0.01901219      0.10600976D+05
  592  0.01923927      0.10408394D+05
  593  0.01946906      0.10217306D+05
  594  0.01970159      0.10027744D+05
  595  0.01993690      0.98397441D+04
  596  0.02017502      0.96533380D+04
  597  0.02041599      0.94685589D+04
  598  0.02065983      0.92854388D+04
  599  0.02090659      0.91040095D+04
  600  0.02115629      0.89243020D+04
  601  0.02140898      0.87463467D+04
  602  0.02166468      0.85701736D+04
  603  0.02192344      0.83958117D+04
  604  0.02218529      0.82232895D+04
  605  0.02245026      0.80526350D+04
  606  0.02271840      0.78838750D+04
  607  0.02298975      0.77170358D+04
  608  0.02326433      0.75521431D+04
  609  0.02354219      0.73892214D+04
  610  0.02382337      0.72282945D+04
  611  0.02410792      0.70693855D+04
  612  0.02439585      0.69125163D+04
  613  0.02468723      0.67577083D+04
  614  0.02498209      0.66049814D+04
  615  0.02528047      0.64543550D+04
  616  0.02558241      0.63058474D+04
  617  0.02588796      0.61594757D+04
  618  0.02619716      0.60152563D+04
  619  0.02651006      0.58732041D+04
  620  0.02682669      0.57333334D+04
  621  0.02714710      0.55956571D+04
  622  0.02747133      0.54601870D+04
  623  0.02779945      0.53269340D+04
  624  0.02813148      0.51959077D+04
  625  0.02846747      0.50671165D+04
  626  0.02880748      0.49405677D+04
  627  0.02915155      0.48162673D+04
  628  0.02949973      0.46942204D+04
  629  0.02985206      0.45744305D+04
  630  0.03020861      0.44569002D+04
  631  0.03056941      0.43416308D+04
  632  0.03093453      0.42286222D+04
  633  0.03130400      0.41178732D+04
  634  0.03167789      0.40093815D+04
  635  0.03205624      0.39031432D+04
  636  0.03243911      0.37991536D+04
  637  0.03282656      0.36974063D+04
  638  0.03321863      0.35978940D+04
  639  0.03361539      0.35006080D+04
  640  0.03401688      0.34055385D+04
  641  0.03442317      0.33126743D+04
  642  0.03483431      0.32220031D+04
  643  0.03525036      0.31335114D+04
  644  0.03567138      0.30471844D+04
  645  0.03609743      0.29630062D+04
  646  0.03652857      0.28809597D+04
  647  0.03696486      0.28010266D+04
  648  0.03740636      0.27231877D+04
  649  0.03785313      0.26474224D+04
  650  0.03830524      0.25737091D+04
  651  0.03876275      0.25020251D+04
  652  0.03922572      0.24323467D+04
  653  0.03969422      0.23646493D+04
  654  0.04016832      0.22989070D+04
  655  0.04064808      0.22350932D+04
  656  0.04113357      0.21731801D+04
  657  0.04162486      0.21131393D+04
  658  0.04212202      0.20549414D+04
  659  0.04262512      0.19985561D+04
  660  0.04313422      0.19439522D+04
  661  0.04364940      0.18910980D+04
  662  0.04417074      0.18399610D+04
  663  0.04469831      0.17905078D+04
  664  0.04523217      0.17427045D+04
  665  0.04577241      0.16965167D+04
  666  0.04631911      0.16519093D+04
  667  0.04687233      0.16088465D+04
  668  0.04743216      0.15672925D+04
  669  0.04799868      0.15272106D+04
  670  0.04857196      0.14885639D+04
  671  0.04915210      0.14513152D+04
  672  0.04973916      0.14154270D+04
  673  0.05033323      0.13808613D+04
  674  0.05093440      0.13475803D+04
  675  0.05154274      0.13155458D+04
  676  0.05215836      0.12847195D+04
  677  0.05278132      0.12550631D+04
  678  0.05341173      0.12265382D+04
  679  0.05404967      0.11991066D+04
  680  0.05469522      0.11727300D+04
  681  0.05534849      0.11473704D+04
  682  0.05600956      0.11229899D+04
  683  0.05667852      0.10995507D+04
  684  0.05735548      0.10770156D+04
  685  0.05804052      0.10553473D+04
  686  0.05873374      0.10345092D+04
  687  0.05943524      0.10144650D+04
  688  0.06014512      0.99517879D+03
  689  0.06086348      0.97661518D+03
  690  0.06159042      0.95873934D+03
  691  0.06232604      0.94151698D+03
  692  0.06307044      0.92491445D+03
  693  0.06382374      0.90889871D+03
  694  0.06458604      0.89343743D+03
  695  0.06535743      0.87849897D+03
  696  0.06613805      0.86405248D+03
  697  0.06692798      0.85006783D+03
  698  0.06772736      0.83651575D+03
  699  0.06853627      0.82336778D+03
  700  0.06935485      0.81059632D+03
  701  0.07018321      0.79817466D+03
  702  0.07102146      0.78607700D+03
  703  0.07186973      0.77427845D+03
  704  0.07272812      0.76275507D+03
  705  0.07359677      0.75148390D+03
  706  0.07447579      0.74044292D+03
  707  0.07536531      0.72961111D+03
  708  0.07626545      0.71896844D+03
  709  0.07717635      0.70849589D+03
  710  0.07809812      0.69817542D+03
  711  0.07903091      0.68799002D+03
  712  0.07997483      0.67792369D+03
  713  0.08093003      0.66796143D+03
  714  0.08189664      0.65808924D+03
  715  0.08287479      0.64829413D+03
  716  0.08386463      0.63856410D+03
  717  0.08486629      0.62888812D+03
  718  0.08587991      0.61925615D+03
  719  0.08690564      0.60965908D+03
  720  0.08794362      0.60008877D+03
  721  0.08899399      0.59053799D+03
  722  0.09005692      0.58100041D+03
  723  0.09113253      0.57147060D+03
  724  0.09222100      0.56194398D+03
  725  0.09332246      0.55241682D+03
  726  0.09443708      0.54288619D+03
  727  0.09556502      0.53334995D+03
  728  0.09670642      0.52380672D+03
  729  0.09786146      0.51425585D+03
  730  0.09903029      0.50469738D+03
  731  0.10021309      0.49513203D+03
  732  0.10141001      0.48556114D+03
  733  0.10262122      0.47598665D+03
  734  0.10384690      0.46641109D+03
  735  0.10508723      0.45683747D+03
  736  0.10634236      0.44726935D+03
  737  0.10761249      0.43771072D+03
  738  0.10889778      0.42816599D+03
  739  0.11019843      0.41863997D+03
  740  0.11151462      0.40913781D+03
  741  0.11284652      0.39966497D+03
  742  0.11419433      0.39022719D+03
  743  0.11555824      0.38083045D+03
  744  0.11693844      0.37148093D+03
  745  0.11833512      0.36218498D+03
  746  0.11974849      0.35294907D+03
  747  0.12117873      0.34377979D+03
  748  0.12262606      0.33468376D+03
  749  0.12409068      0.32566766D+03
  750  0.12557278      0.31673813D+03
  751  0.12707259      0.30790181D+03
  752  0.12859032      0.29916525D+03
  753  0.13012617      0.29053491D+03
  754  0.13168036      0.28201713D+03
  755  0.13325312      0.27361809D+03
  756  0.13484466      0.26534380D+03
  757  0.13645521      0.25720005D+03
  758  0.13808500      0.24919244D+03
  759  0.13973425      0.24132628D+03
  760  0.14140320      0.23360665D+03
  761  0.14309209      0.22603831D+03
  762  0.14480115      0.21862574D+03
  763  0.14653062      0.21137310D+03
  764  0.14828074      0.20428421D+03
  765  0.15005177      0.19736255D+03
  766  0.15184395      0.19061125D+03
  767  0.15365754      0.18403307D+03
  768  0.15549278      0.17763040D+03
  769  0.15734995      0.17140526D+03
  770  0.15922930      0.16535929D+03
  771  0.16113109      0.15949374D+03
  772  0.16305560      0.15380948D+03
  773  0.16500310      0.14830703D+03
  774  0.16697386      0.14298647D+03
  775  0.16896815      0.13784758D+03
  776  0.17098626      0.13288971D+03
  777  0.17302848      0.12811188D+03
  778  0.17509509      0.12351276D+03
  779  0.17718638      0.11909066D+03
  780  0.17930265      0.11484357D+03
  781  0.18144420      0.11076916D+03
  782  0.18361132      0.10686478D+03
  783  0.18580433      0.10312751D+03
  784  0.18802353      0.99554137D+02
  785  0.19026924      0.96141186D+02
  786  0.19254177      0.92884941D+02
  787  0.19484144      0.89781458D+02
  788  0.19716858      0.86826582D+02
  789  0.19952351      0.84015967D+02
  790  0.20190657      0.81345093D+02
  791  0.20431809      0.78809287D+02
  792  0.20675841      0.76403741D+02
  793  0.20922789      0.74123532D+02
  794  0.21172685      0.71963639D+02
  795  0.21425566      0.69918968D+02
  796  0.21681468      0.67984363D+02
  797  0.21940426      0.66154633D+02
  798  0.22202477      0.64424564D+02
  799  0.22467658      0.62788943D+02
  800  0.22736006      0.61242571D+02
  801  0.23007559      0.59780282D+02
  802  0.23282356      0.58396961D+02
  803  0.23560435      0.57087558D+02
  804  0.23841835      0.55847102D+02
  805  0.24126596      0.54670721D+02
  806  0.24414758      0.53553648D+02
  807  0.24706361      0.52491240D+02
  808  0.25001448      0.51478987D+02
  809  0.25300059      0.50512523D+02
  810  0.25602237      0.49587636D+02
  811  0.25908024      0.48700277D+02
  812  0.26217463      0.47846569D+02
  813  0.26530597      0.47022813D+02
  814  0.26847472      0.46225492D+02
  815  0.27168132      0.45451279D+02
  816  0.27492621      0.44697042D+02
  817  0.27820986      0.43959840D+02
  818  0.28153273      0.43236934D+02
  819  0.28489529      0.42525779D+02
  820  0.28829801      0.41824033D+02
  821  0.29174137      0.41129548D+02
  822  0.29522585      0.40440375D+02
  823  0.29875196      0.39754754D+02
  824  0.30232018      0.39071120D+02
  825  0.30593101      0.38388090D+02
  826  0.30958498      0.37704464D+02
  827  0.31328258      0.37019217D+02
  828  0.31702435      0.36331494D+02
  829  0.32081081      0.35640603D+02
  830  0.32464250      0.34946008D+02
  831  0.32851995      0.34247322D+02
  832  0.33244371      0.33544299D+02
  833  0.33641433      0.32836825D+02
  834  0.34043238      0.32124911D+02
  835  0.34449842      0.31408683D+02
  836  0.34861303      0.30688376D+02
  837  0.35277677      0.29964321D+02
  838  0.35699025      0.29236940D+02
  839  0.36125406      0.28506734D+02
  840  0.36556878      0.27774279D+02
  841  0.36993505      0.27040211D+02
  842  0.37435346      0.26305221D+02
  843  0.37882464      0.25570049D+02
  844  0.38334923      0.24835470D+02
  845  0.38792786      0.24102292D+02
  846  0.39256117      0.23371344D+02
  847  0.39724983      0.22643471D+02
  848  0.40199448      0.21919528D+02
  849  0.40679580      0.21200370D+02
  850  0.41165447      0.20486849D+02
  851  0.41657117      0.19779809D+02
  852  0.42154659      0.19080075D+02
  853  0.42658144      0.18388454D+02
  854  0.43167642      0.17705730D+02
  855  0.43683226      0.17032655D+02
  856  0.44204967      0.16369951D+02
  857  0.44732941      0.15718303D+02
  858  0.45267220      0.15078357D+02
  859  0.45807880      0.14450720D+02
  860  0.46354998      0.13835953D+02
  861  0.46908651      0.13234574D+02
  862  0.47468916      0.12647055D+02
  863  0.48035873      0.12073820D+02
  864  0.48609601      0.11515245D+02
  865  0.49190182      0.10971660D+02
  866  0.49777698      0.10443344D+02
  867  0.50372230      0.99305312D+01
  868  0.50973864      0.94334061D+01
  869  0.51582683      0.89521084D+01
  870  0.52198774      0.84867320D+01
  871  0.52822223      0.80373268D+01
  872  0.53453118      0.76039001D+01
  873  0.54091549      0.71864180D+01
  874  0.54737605      0.67848074D+01
  875  0.55391377      0.63989576D+01
  876  0.56052958      0.60287227D+01
  877  0.56722441      0.56739232D+01
  878  0.57399920      0.53343484D+01
  879  0.58085490      0.50097586D+01
  880  0.58779249      0.46998873D+01
  881  0.59481293      0.44044433D+01
  882  0.60191723      0.41231133D+01
  883  0.60910638      0.38555638D+01
  884  0.61638140      0.36014436D+01
  885  0.62374330      0.33603859D+01
  886  0.63119314      0.31320106D+01
  887  0.63873195      0.29159263D+01
  888  0.64636081      0.27117321D+01
  889  0.65408078      0.25190202D+01
  890  0.66189296      0.23373772D+01
  891  0.66979844      0.21663865D+01
  892  0.67779835      0.20056294D+01
  893  0.68589381      0.18546872D+01
  894  0.69408595      0.17131427D+01
  895  0.70237594      0.15805813D+01
  896  0.71076495      0.14565928D+01
  897  0.71925415      0.13407724D+01
  898  0.72784474      0.12327216D+01
  899  0.73653793      0.11320498D+01
  900  0.74533496      0.10383745D+01
  901  0.75423706      0.95132289D+00
  902  0.76324548      0.87053185D+00
  903  0.77236149      0.79564901D+00
  904  0.78158638      0.72633311D+00
  905  0.79092146      0.66225443D+00
  906  0.80036803      0.60309518D+00
  907  0.80992743      0.54854971D+00
  908  0.81960100      0.49832471D+00
  909  0.82939011      0.45213932D+00
  910  0.83929614      0.40972517D+00
  911  0.84932048      0.37082634D+00
  912  0.85946455      0.33519927D+00
  913  0.86972979      0.30261268D+00
  914  0.88011762      0.27284730D+00
  915  0.89062953      0.24569573D+00
  916  0.90126699      0.22096214D+00
  917  0.91203150      0.19846196D+00
  918  0.92292457      0.17802158D+00
  919  0.93394776      0.15947800D+00
  920  0.94510260      0.14267847D+00
  921  0.95639067      0.12748009D+00
  922  0.96781356      0.11374943D+00
  923  0.97937288      0.10136213D+00
  924  0.99107027      0.90202482D-01
  925  1.00290737      0.80163031D-01
  926  1.01488584      0.71144153D-01
  927  1.02700739      0.63053656D-01
  928  1.03927371      0.55806374D-01
  929  1.05168654      0.49323770D-01
  930  1.06424762      0.43533548D-01
  931  1.07695873      0.38369272D-01
  932  1.08982166      0.33770000D-01
  933  1.10283821      0.29679928D-01
  934  1.11601024      0.26048044D-01
  935  1.12933959      0.22827797D-01
  936  1.14282814      0.19976785D-01
  937  1.15647780      0.17456449D-01
  938  1.17029048      0.15231788D-01
  939  1.18426814      0.13271083D-01
  940  1.19841274      0.11545644D-01
  941  1.21272629      0.10029561D-01
  942  1.22721079      0.86994800D-02
  943  1.24186829      0.75343844D-02
  944  1.25670086      0.65153952D-02
  945  1.27171058      0.56255835D-02
  946  1.28689957      0.48497951D-02
  947  1.30226998      0.41744889D-02
  948  1.31782397      0.35875856D-02
  949  1.33356374      0.30783297D-02
  950  1.34949149      0.26371607D-02
  951  1.36560948      0.22555957D-02
  952  1.38191998      0.19261209D-02
  953  1.39842529      0.16420931D-02
  954  1.41512773      0.13976491D-02
  955  1.43202967      0.11876231D-02
  956  1.44913348      0.10074724D-02
  957  1.46644157      0.85320892D-03
  958  1.48395638      0.72133822D-03
  959  1.50168039      0.60880363D-03
  960  1.51961608      0.51293638D-03
  961  1.53776600      0.43141066D-03
  962  1.55613270      0.36220319D-03
  963  1.57471876      0.30355717D-03
  964  1.59352681      0.25394996D-03
  965  1.61255950      0.21206437D-03
  966  1.63181951      0.17676304D-03
  967  1.65130955      0.14706575D-03
  968  1.67103238      0.12212932D-03
  969  1.69099078      0.10122982D-03
  970  1.71118755      0.83746908D-04
  971  1.73162555      0.69150029D-04
  972  1.75230766      0.56986316D-04
  973  1.77323679      0.46869962D-04
  974  1.79441589      0.38472948D-04
  975  1.81584794      0.31516941D-04
  976  1.83753598      0.25766243D-04
  977  1.85948305      0.21021668D-04
  978  1.88169226      0.17115230D-04
  979  1.90416672      0.13905546D-04
  980  1.92690962      0.11273877D-04
  981  1.94992415      0.91207058D-05
  982  1.97321356      0.73628070D-05
  983  1.99678113      0.59307269D-05
  984  2.02063019      0.47666316D-05
  985  2.04476409      0.38224681D-05
  986  2.06918625      0.30583989D-05
  987  2.09390009      0.24414711D-05
  988  2.11890912      0.19444884D-05
  989  2.14421684      0.15450566D-05
  990  2.16982683      0.12247786D-05
  991  2.19574271      0.96857591D-06
  992  2.22196811      0.76411950D-06
  993  2.24850675      0.60135230D-06
  994  2.27536235      0.47209041D-06
  995  2.30253872      0.36969044D-06
  996  2.33003967      0.28877283D-06
  997  2.35786908      0.22499230D-06
  998  2.38603088      0.17484784D-06
  999  2.41452904      0.13552586D-06
 1000  2.44336758      0.10477103D-06
 1001  2.47255056      0.80780272D-07
 1002  2.50208209      0.62115820D-07
 1003  2.53196633      0.47634290D-07
 1004  2.56220751      0.36428847D-07
 1005  2.59280988      0.27782228D-07
 1006  2.62377776      0.21128674D-07
 1007  2.65511551      0.16023174D-07
 1008  2.68682755      0.12116677D-07
 1009  2.71891835      0.91361826D-08
 1010  2.75139243      0.68687819D-08
 1011  2.78425438      0.51489167D-08
 1012  2.81750882      0.38482261D-08
 1013  2.85116045      0.28674849D-08
 1014  2.88521400      0.21302211D-08
 1015  2.91967428      0.15776771D-08
 1016  2.95454615      0.11648446D-08
 1017  2.98983451      0.85735438D-09
 1018  3.02554435      0.62904342D-09
 1019  3.06168070      0.46005850D-09
 1020  3.09824866      0.33538248D-09
 1021  3.13525337      0.24369325D-09
 1022  3.17270006      0.17648226D-09
 1023  3.21059400      0.12737338D-09
 1024  3.24894053      0.91613368D-10
 1025  3.28774507      0.65662263D-10
 1026  3.32701308      0.46878813D-10
 1027  3.36675010      0.33349323D-10
 1028  3.40696173      0.00000000D+00
 1029  3.44765363      0.00000000D+00
 1030  3.48883155      0.00000000D+00
 1031  3.53050129      0.00000000D+00
 1032  3.57266872      0.00000000D+00
 1033  3.61533979      0.00000000D+00
 1034  3.65852051      0.00000000D+00
 1035  3.70221697      0.00000000D+00
 1036  3.74643533      0.00000000D+00
 1037  3.79118182      0.00000000D+00
 1038  3.83646276      0.00000000D+00
 1039  3.88228451      0.00000000D+00
 1040  3.92865356      0.00000000D+00
 1041  3.97557642      0.00000000D+00
 1042  4.02305972      0.00000000D+00
 1043  4.07111014      0.00000000D+00
 1044  4.11973447      0.00000000D+00
 1045  4.16893956      0.00000000D+00
 1046  4.21873233      0.00000000D+00
 1047  4.26911983      0.00000000D+00
 1048  4.32010913      0.00000000D+00
 1049  4.37170744      0.00000000D+00
 1050  4.42392203      0.00000000D+00
 1051  4.47676026      0.00000000D+00
 1052  4.53022957      0.00000000D+00
 1053  4.58433751      0.00000000D+00
 1054  4.63909170      0.00000000D+00
 1055  4.69449985      0.00000000D+00
 1056  4.75056979      0.00000000D+00
 1057  4.80730942      0.00000000D+00
 1058  4.86472673      0.00000000D+00
 1059  4.92282982      0.00000000D+00
 1060  4.98162687      0.00000000D+00
 1061  5.04112619      0.00000000D+00
 1062  5.10133615      0.00000000D+00
 1063  5.16226524      0.00000000D+00
 1064  5.22392205      0.00000000D+00
 1065  5.28631528      0.00000000D+00
 1066  5.34945372      0.00000000D+00
 1067  5.41334627      0.00000000D+00
 1068  5.47800193      0.00000000D+00
 1069  5.54342982      0.00000000D+00
 1070  5.60963917      0.00000000D+00
 1071  5.67663931      0.00000000D+00
 1072  5.74443968      0.00000000D+00
 1073  5.81304984      0.00000000D+00
 1074  5.88247946      0.00000000D+00
 1075  5.95273834      0.00000000D+00
 1076  6.02383637      0.00000000D+00
 1077  6.09578357      0.00000000D+00
 1078  6.16859010      0.00000000D+00
 1079  6.24226620      0.00000000D+00
 1080  6.31682228      0.00000000D+00
 1081  6.39226884      0.00000000D+00
 1082  6.46861651      0.00000000D+00
 1083  6.54587606      0.00000000D+00
 1084  6.62405838      0.00000000D+00
 1085  6.70317448      0.00000000D+00
 1086  6.78323553      0.00000000D+00
 1087  6.86425282      0.00000000D+00
 1088  6.94623775      0.00000000D+00
 1089  7.02920188      0.00000000D+00
 1090  7.11315693      0.00000000D+00
 1091  7.19811471      0.00000000D+00
 1092  7.28408720      0.00000000D+00
 1093  7.37108653      0.00000000D+00
 1094  7.45912495      0.00000000D+00
 1095  7.54821489      0.00000000D+00
 1096  7.63836889      0.00000000D+00
 1097  7.72959968      0.00000000D+00
 1098  7.82192009      0.00000000D+00
 1099  7.91534317      0.00000000D+00
 1100  8.00988206      0.00000000D+00
 1101  8.10555010      0.00000000D+00
