System Description            : Mo, BCC structure                               
Number of Atoms in Unit Cell  : 2                                               
Number of Atomic Species      : 1                                               
Number of Atoms in Each Type  : 2(Mo)                                           
Energy Offset                 : -7946                                           
=======================================================================================
    Iter     Energy      3PV     Efermi   Rms_rho    Rms_pot   Mix  Alg  Alpha 
---------------------------------------------------------------------------------------
**       1  -0.602331   0.51582  0.79549  0.520E-03  0.125E-01  pot  B    1.000
**       2  -0.602331   0.51582  0.79549  0.511E-03  0.125E-01  pot  S   0.1000
         3  -0.596383  -0.32080  0.79792  0.526E-03  0.686E-02  pot  S   0.1000
         4  -0.598213  -0.26095  0.80035  0.345E-04  0.569E-02  pot  S   0.1000
         5  -0.599519  -0.20687  0.80121  0.295E-04  0.470E-02  pot  S   0.1000
         6  -0.600408  -0.16123  0.80224  0.242E-04  0.390E-02  pot  S   0.1000
         7  -0.601019  -0.12011  0.80320  0.201E-04  0.323E-02  pot  S   0.1000
         8  -0.601437  -0.08395  0.80408  0.167E-04  0.267E-02  pot  S   0.1000
         9  -0.601723  -0.05249  0.80480  0.139E-04  0.222E-02  pot  S   0.1000
        10  -0.601920  -0.02552  0.80534  0.116E-04  0.184E-02  pot  S   0.1000
        11  -0.602056  -0.00263  0.80574  0.973E-05  0.152E-02  pot  S   0.1000
        12  -0.602150   0.01673  0.80604  0.818E-05  0.126E-02  pot  S   0.1000
        13  -0.602214   0.03307  0.80626  0.688E-05  0.104E-02  pot  S   0.1000
        14  -0.602258   0.04690  0.80642  0.578E-05  0.863E-03  pot  S   0.1000
        15  -0.602288   0.05864  0.80654  0.483E-05  0.713E-03  pot  S   0.1000
        16  -0.602308   0.06858  0.80662  0.402E-05  0.590E-03  pot  S   0.1000
        17  -0.602320   0.07699  0.80669  0.335E-05  0.488E-03  pot  S   0.1000
        18  -0.602329   0.08407  0.80674  0.278E-05  0.404E-03  pot  S   0.1000
        19  -0.602334   0.08999  0.80677  0.230E-05  0.334E-03  pot  S   0.1000
        20  -0.602337   0.09491  0.80680  0.191E-05  0.277E-03  pot  S   0.1000
        21  -0.602339   0.09897  0.80682  0.158E-05  0.230E-03  pot  S   0.1000
        22  -0.602339   0.10230  0.80683  0.131E-05  0.190E-03  pot  S   0.1000
        23  -0.602339   0.10500  0.80684  0.109E-05  0.158E-03  pot  S   0.1000
        24  -0.602339   0.10719  0.80685  0.904E-06  0.131E-03  pot  S   0.1000
        25  -0.602338   0.10894  0.80685  0.750E-06  0.109E-03  pot  S   0.1000
        26  -0.602337   0.11033  0.80685  0.623E-06  0.904E-04  pot  S   0.1000
        27  -0.602337   0.11142  0.80686  0.518E-06  0.751E-04  pot  S   0.1000
        28  -0.602336   0.11227  0.80686  0.431E-06  0.625E-04  pot  S   0.1000
        29  -0.602335   0.11292  0.80686  0.359E-06  0.520E-04  pot  S   0.1000
        30  -0.602334   0.11342  0.80686  0.299E-06  0.433E-04  pot  S   0.1000
        31  -0.602333   0.11378  0.80686  0.250E-06  0.361E-04  pot  S   0.1000
        32  -0.602333   0.11405  0.80686  0.208E-06  0.301E-04  pot  S   0.1000
        33  -0.602332   0.11424  0.80686  0.174E-06  0.252E-04  pot  S   0.1000
        34  -0.602331   0.11437  0.80686  0.146E-06  0.210E-04  pot  S   0.1000
        35  -0.602331   0.11445  0.80686  0.122E-06  0.176E-04  pot  S   0.1000
        36  -0.602330   0.11449  0.80686  0.103E-06  0.147E-04  pot  S   0.1000
        37  -0.602330   0.11451  0.80686  0.866E-07  0.124E-04  pot  S   0.1000
        38  -0.602329   0.11451  0.80686  0.729E-07  0.104E-04  pot  S   0.1000
        39  -0.602329   0.11449  0.80686  0.615E-07  0.874E-05  pot  S   0.1000
        40  -0.602329   0.11446  0.80686  0.520E-07  0.737E-05  pot  S   0.1000
        41  -0.602328   0.11443  0.80686  0.440E-07  0.622E-05  pot  S   0.1000
        42  -0.602328   0.11439  0.80686  0.373E-07  0.526E-05  pot  S   0.1000
        43  -0.602328   0.11435  0.80686  0.317E-07  0.446E-05  pot  S   0.1000
        44  -0.602328   0.11432  0.80685  0.269E-07  0.379E-05  pot  S   0.1000
        45  -0.602327   0.11428  0.80685  0.229E-07  0.323E-05  pot  S   0.1000
        46  -0.602327   0.11424  0.80685  0.196E-07  0.276E-05  pot  S   0.1000
        47  -0.602327   0.11421  0.80685  0.167E-07  0.237E-05  pot  S   0.1000
        48  -0.602327   0.11417  0.80685  0.143E-07  0.203E-05  pot  S   0.1000
        49  -0.602327   0.11414  0.80685  0.122E-07  0.175E-05  pot  S   0.1000
        50  -0.602327   0.11412  0.80685  0.105E-07  0.152E-05  pot  S   0.1000
        51  -0.602326   0.11409  0.80685  0.902E-08  0.131E-05  pot  S   0.1000
        52  -0.602326   0.11407  0.80685  0.775E-08  0.114E-05  pot  S   0.1000
        53  -0.602326   0.11405  0.80685  0.667E-08  0.997E-06  pot  S   0.1000
        54  -0.602326   0.11403  0.80685  0.575E-08  0.872E-06  pot  S   0.1000
        55  -0.602326   0.11401  0.80685  0.496E-08  0.765E-06  pot  S   0.1000
        56  -0.602326   0.11400  0.80685  0.428E-08  0.673E-06  pot  S   0.1000
        57  -0.602326   0.11399  0.80685  0.370E-08  0.593E-06  pot  S   0.1000
        58  -0.602326   0.11397  0.80685  0.320E-08  0.524E-06  pot  S   0.1000
        59  -0.602326   0.11396  0.80685  0.278E-08  0.466E-06  pot  S   0.1000
        60  -0.602326   0.11396  0.80685  0.241E-08  0.411E-06  pot  S   0.1000
        61  -0.602326   0.11395  0.80685  0.209E-08  0.365E-06  pot  S   0.1000
        62  -0.602326   0.11394  0.80685  0.181E-08  0.341E-06  pot  S   0.1000
        63  -0.602326   0.11393  0.80685  0.157E-08  0.289E-06  pot  S   0.1000
        64  -0.602326   0.11393  0.80685  0.137E-08  0.257E-06  pot  S   0.1000
        65  -0.602326   0.11392  0.80685  0.120E-08  0.229E-06  pot  S   0.1000
        66  -0.602326   0.11392  0.80685  0.105E-08  0.205E-06  pot  S   0.1000
        67  -0.602326   0.11392  0.80685  0.917E-09  0.184E-06  pot  S   0.1000
        68  -0.602326   0.11391  0.80685  0.805E-09  0.164E-06  pot  S   0.1000
        69  -0.602326   0.11391  0.80685  0.705E-09  0.147E-06  pot  S   0.1000
        70  -0.602326   0.11391  0.80685  0.620E-09  0.140E-06  pot  S   0.1000
        71  -0.602326   0.11391  0.80685  0.547E-09  0.118E-06  pot  S   0.1000
        72  -0.602325   0.11391  0.80685  0.477E-09  0.107E-06  pot  S   0.1000
        73  -0.602325   0.11390  0.80685  0.422E-09  0.966E-07  pot  S   0.1000
        74  -0.602325   0.11390  0.80685  0.369E-09  0.857E-07  pot  S   0.1000
        75  -0.602325   0.11390  0.80685  0.325E-09  0.775E-07  pot  S   0.1000
        76  -0.602325   0.11390  0.80685  0.286E-09  0.688E-07  pot  S   0.1000
        77  -0.602325   0.11390  0.80685  0.253E-09  0.627E-07  pot  S   0.1000
        78  -0.602325   0.11390  0.80685  0.222E-09  0.564E-07  pot  S   0.1000
        79  -0.602325   0.11390  0.80685  0.197E-09  0.508E-07  pot  S   0.1000
        80  -0.602325   0.11390  0.80685  0.174E-09  0.497E-07  pot  S   0.1000
        81  -0.602325   0.11390  0.80685  0.156E-09  0.447E-07  pot  S   0.1000
        82  -0.602325   0.11390  0.80685  0.138E-09  0.374E-07  pot  S   0.1000
        83  -0.602325   0.11390  0.80685  0.121E-09  0.374E-07  pot  S   0.1000
        84  -0.602325   0.11390  0.80685  0.108E-09  0.310E-07  pot  S   0.1000
        85  -0.602325   0.11390  0.80685  0.947E-10  0.336E-07  pot  S   0.1000
        86  -0.602325   0.11390  0.80685  0.846E-10  0.302E-07  pot  S   0.1000
        87  -0.602325   0.11390  0.80685  0.761E-10  0.222E-07  pot  S   0.1000
        88  -0.602325   0.11390  0.80685  0.670E-10  0.236E-07  pot  S   0.1000
        89  -0.602325   0.11390  0.80685  0.591E-10  0.552E-07  pot  S   0.1000
        90  -0.602325   0.11390  0.80685  0.540E-10  0.497E-07  pot  S   0.1000
        91  -0.602325   0.11390  0.80685  0.472E-10  0.230E-07  pot  S   0.1000
        92  -0.602325   0.11390  0.80685  0.420E-10  0.209E-07  pot  S   0.1000
        93  -0.602325   0.11390  0.80685  0.373E-10  0.133E-07  pot  S   0.1000
        94  -0.602325   0.11389  0.80685  0.336E-10  0.198E-07  pot  S   0.1000
        95  -0.602325   0.11389  0.80685  0.297E-10  0.156E-07  pot  S   0.1000
        96  -0.602325   0.11389  0.80685  0.264E-10  0.168E-07  pot  S   0.1000
        97  -0.602325   0.11389  0.80685  0.240E-10  0.530E-07  pot  S   0.1000
        98  -0.602325   0.11389  0.80685  0.321E-10  0.183E-07  pot  S   0.1000
        99  -0.602325   0.11389  0.80685  0.203E-10  0.496E-07  pot  S   0.1000
       100  -0.602325   0.11389  0.80685  0.264E-10  0.208E-07  pot  S   0.1000
       101  -0.602325   0.11389  0.80685  0.173E-10  0.975E-08  pot  S   0.1000
**     102  -0.610331  -0.34904  0.81364  0.733E-03  0.602E-02  pot  B   0.1000
       103  -0.613641   0.45151  0.81080  0.336E-03  0.441E-02  pot  B   0.1000
       104  -0.614445   0.36311  0.81066  0.262E-04  0.363E-02  pot  B   0.1000
       105  -0.616294  -0.01175  0.81025  0.111E-03  0.303E-03  pot  B   0.1000
       106  -0.616328  -0.00899  0.81009  0.130E-05  0.271E-03  pot  B   0.1000
       107  -0.616292  -0.00915  0.81011  0.930E-05  0.114E-04  pot  B   0.1000
       108  -0.616307  -0.00732  0.81012  0.445E-06  0.120E-04  pot  B   0.1000
       109  -0.616311  -0.00659  0.81011  0.155E-06  0.808E-05  pot  B   0.1000
       110  -0.616337  -0.00471  0.81009  0.394E-06  0.398E-05  pot  B   0.1000
       111  -0.615963  -0.00111  0.81015  0.268E-05  0.138E-04  pot  B   0.1000
       112  -0.616469  -0.00720  0.81009  0.332E-05  0.383E-05  pot  B   0.1000
       113  -0.616108  -0.00267  0.81012  0.164E-05  0.711E-05  pot  B   0.1000
       114  -0.616381  -0.00616  0.81009  0.109E-05  0.110E-05  pot  B   0.1000
       115  -0.616465  -0.00716  0.81006  0.319E-06  0.322E-05  pot  B   0.1000
       116  -0.616552  -0.00828  0.81004  0.415E-06  0.540E-05  pot  B   0.1000
       117  -0.616497  -0.00759  0.81004  0.180E-06  0.393E-05  pot  B   0.1000
       118  -0.616419  -0.00664  0.81005  0.406E-06  0.265E-05  pot  B   0.1000
       119  -0.616408  -0.00641  0.81006  0.478E-06  0.233E-05  pot  B   0.1000
       120  -0.616450  -0.00696  0.81005  0.410E-06  0.278E-05  pot  B   0.1000
       121  -0.616554  -0.00817  0.81003  0.166E-05  0.124E-04  pot  B   0.1000
       122  -0.616398  -0.00617  0.81005  0.152E-05  0.279E-05  pot  B   0.1000
       123  -0.616463  -0.00705  0.81005  0.964E-06  0.488E-05  pot  B   0.1000
       124  -0.615820   0.00081  0.81016  0.366E-05  0.162E-04  pot  B   0.1000
       125  -0.616381  -0.00605  0.81011  0.284E-05  0.419E-05  pot  B   0.1000
       126  -0.616324  -0.00531  0.81009  0.826E-06  0.104E-05  pot  B   0.1000
       127  -0.616351  -0.00567  0.81008  0.158E-06  0.965E-06  pot  B   0.1000
       128  -0.616376  -0.00596  0.81008  0.157E-06  0.156E-05  pot  B   0.1000
       129  -0.616438  -0.00671  0.81006  0.193E-06  0.252E-05  pot  B   0.1000
       130  -0.616474  -0.00716  0.81005  0.134E-06  0.318E-05  pot  B   0.1000
       131  -0.616391  -0.00610  0.81006  0.753E-06  0.317E-05  pot  B   0.1000
       132  -0.616433  -0.00661  0.81005  0.316E-06  0.514E-05  pot  B   0.1000
       133  -0.616460  -0.00697  0.81005  0.237E-06  0.443E-05  pot  B   0.1000
       134  -0.616324  -0.00529  0.81007  0.105E-05  0.238E-05  pot  B   0.1000
       135  -0.616372  -0.00591  0.81007  0.681E-06  0.274E-05  pot  B   0.1000
       136  -0.616071  -0.00219  0.81012  0.378E-05  0.187E-04  pot  B   0.1000
       137  -0.616102  -0.00263  0.81014  0.293E-06  0.168E-04  pot  B   0.1000
       138  -0.616162  -0.00339  0.81014  0.152E-05  0.106E-04  pot  B   0.1000
       139  -0.616130  -0.00303  0.81014  0.372E-06  0.115E-04  pot  B   0.1000
       140  -0.616063  -0.00219  0.81016  0.920E-06  0.138E-04  pot  B   0.1000
       141  -0.616093  -0.00258  0.81016  0.110E-05  0.933E-05  pot  B   0.1000
       142  -0.615972  -0.00102  0.81018  0.370E-05  0.292E-04  pot  B   0.1000
       143  -0.616107  -0.00272  0.81017  0.200E-05  0.195E-04  pot  B   0.1000
       144  -0.616055  -0.00212  0.81017  0.277E-05  0.777E-05  pot  B   0.1000
       145  -0.616149  -0.00328  0.81015  0.371E-06  0.656E-05  pot  B   0.1000
       146  -0.616024  -0.00179  0.81017  0.193E-05  0.117E-04  pot  B   0.1000
       147  -0.616291  -0.00513  0.81013  0.109E-05  0.775E-05  pot  B   0.1000
       148  -0.616260  -0.00471  0.81012  0.474E-06  0.529E-05  pot  B   0.1000
       149  -0.615922  -0.00054  0.81017  0.308E-05  0.193E-04  pot  B   0.1000
       150  -0.615976  -0.00122  0.81019  0.144E-05  0.241E-04  pot  B   0.1000
       151  -0.616056  -0.00229  0.81018  0.311E-05  0.986E-05  pot  B   0.1000
**     152  -0.616056  -0.00229  0.81018  0.612E-03  0.986E-05  pot  S   0.1000
       153  -0.616305  -0.01067  0.81016  0.174E-05  0.272E-04  pot  S   0.1000
       154  -0.616305  -0.00942  0.81015  0.836E-06  0.133E-04  pot  S   0.1000
       155  -0.616304  -0.00846  0.81014  0.142E-06  0.109E-04  pot  S   0.1000
       156  -0.616304  -0.00772  0.81013  0.103E-06  0.886E-05  pot  S   0.1000
       157  -0.616304  -0.00716  0.81012  0.815E-07  0.723E-05  pot  S   0.1000
       158  -0.616304  -0.00673  0.81012  0.638E-07  0.593E-05  pot  S   0.1000
       159  -0.616304  -0.00641  0.81011  0.500E-07  0.489E-05  pot  S   0.1000
       160  -0.616304  -0.00616  0.81011  0.392E-07  0.406E-05  pot  S   0.1000
       161  -0.616303  -0.00598  0.81011  0.307E-07  0.339E-05  pot  S   0.1000
       162  -0.616303  -0.00584  0.81011  0.241E-07  0.285E-05  pot  S   0.1000
       163  -0.616303  -0.00574  0.81010  0.189E-07  0.241E-05  pot  S   0.1000
       164  -0.616303  -0.00566  0.81010  0.149E-07  0.206E-05  pot  S   0.1000
       165  -0.616303  -0.00561  0.81010  0.117E-07  0.177E-05  pot  S   0.1000
       166  -0.616303  -0.00557  0.81010  0.925E-08  0.153E-05  pot  S   0.1000
       167  -0.616303  -0.00554  0.81010  0.736E-08  0.133E-05  pot  S   0.1000
       168  -0.616303  -0.00552  0.81010  0.578E-08  0.116E-05  pot  S   0.1000
       169  -0.616303  -0.00550  0.81010  0.464E-08  0.102E-05  pot  S   0.1000
       170  -0.616303  -0.00550  0.81010  0.372E-08  0.901E-06  pot  S   0.1000
       171  -0.616303  -0.00549  0.81010  0.299E-08  0.797E-06  pot  S   0.1000
       172  -0.616303  -0.00549  0.81010  0.242E-08  0.708E-06  pot  S   0.1000
       173  -0.616303  -0.00548  0.81010  0.197E-08  0.631E-06  pot  S   0.1000
       174  -0.616303  -0.00548  0.81010  0.161E-08  0.563E-06  pot  S   0.1000
       175  -0.616303  -0.00548  0.81010  0.133E-08  0.503E-06  pot  S   0.1000
       176  -0.616303  -0.00548  0.81010  0.110E-08  0.450E-06  pot  S   0.1000
       177  -0.616303  -0.00549  0.81010  0.920E-09  0.404E-06  pot  S   0.1000
       178  -0.616303  -0.00549  0.81010  0.772E-09  0.362E-06  pot  S   0.1000
       179  -0.616303  -0.00549  0.81010  0.652E-09  0.325E-06  pot  S   0.1000
       180  -0.616303  -0.00549  0.81010  0.553E-09  0.292E-06  pot  S   0.1000
       181  -0.616303  -0.00549  0.81010  0.472E-09  0.262E-06  pot  S   0.1000
       182  -0.616303  -0.00549  0.81010  0.404E-09  0.236E-06  pot  S   0.1000
       183  -0.616303  -0.00549  0.81010  0.347E-09  0.212E-06  pot  S   0.1000
       184  -0.616303  -0.00549  0.81010  0.299E-09  0.191E-06  pot  S   0.1000
       185  -0.616303  -0.00549  0.81010  0.258E-09  0.172E-06  pot  S   0.1000
       186  -0.616303  -0.00549  0.81010  0.224E-09  0.154E-06  pot  S   0.1000
       187  -0.616303  -0.00550  0.81010  0.194E-09  0.139E-06  pot  S   0.1000
       188  -0.616303  -0.00550  0.81010  0.169E-09  0.125E-06  pot  S   0.1000
       189  -0.616303  -0.00550  0.81010  0.147E-09  0.113E-06  pot  S   0.1000
       190  -0.616303  -0.00550  0.81010  0.128E-09  0.101E-06  pot  S   0.1000
       191  -0.616303  -0.00550  0.81010  0.112E-09  0.912E-07  pot  S   0.1000
       192  -0.616303  -0.00550  0.81010  0.983E-10  0.821E-07  pot  S   0.1000
       193  -0.616303  -0.00550  0.81010  0.861E-10  0.739E-07  pot  S   0.1000
       194  -0.616303  -0.00550  0.81010  0.755E-10  0.670E-07  pot  S   0.1000
       195  -0.616303  -0.00550  0.81010  0.664E-10  0.599E-07  pot  S   0.1000
       196  -0.616303  -0.00550  0.81010  0.582E-10  0.540E-07  pot  S   0.1000
       197  -0.616303  -0.00550  0.81010  0.513E-10  0.486E-07  pot  S   0.1000
       198  -0.616303  -0.00550  0.81010  0.451E-10  0.438E-07  pot  S   0.1000
       199  -0.616303  -0.00550  0.81010  0.398E-10  0.394E-07  pot  S   0.1000
       200  -0.616303  -0.00550  0.81010  0.351E-10  0.355E-07  pot  S   0.1000
       201  -0.616303  -0.00550  0.81010  0.310E-10  0.319E-07  pot  S   0.1000
       202  -0.616303  -0.00550  0.81010  0.273E-10  0.300E-07  pot  S   0.1000
       203  -0.616303  -0.00550  0.81010  0.242E-10  0.270E-07  pot  S   0.1000
       204  -0.616303  -0.00550  0.81010  0.214E-10  0.234E-07  pot  S   0.1000
       205  -0.616303  -0.00550  0.81010  0.189E-10  0.222E-07  pot  S   0.1000
       206  -0.616303  -0.00550  0.81010  0.168E-10  0.191E-07  pot  S   0.1000
       207  -0.616303  -0.00550  0.81010  0.148E-10  0.172E-07  pot  S   0.1000
       208  -0.616303  -0.00550  0.81010  0.124E-10  0.169E-07  pot  S   0.1000
       209  -0.616303  -0.00550  0.81010  0.111E-10  0.152E-07  pot  S   0.1000
       210  -0.616303  -0.00550  0.81010  0.986E-11  0.133E-07  pot  S   0.1000
       211  -0.616303  -0.00550  0.81010  0.872E-11  0.116E-07  pot  S   0.1000
       212  -0.616303  -0.00550  0.81010  0.824E-11  0.105E-07  pot  S   0.1000
       213  -0.616303  -0.00550  0.81010  0.687E-11  0.113E-07  pot  S   0.1000
       214  -0.616303  -0.00550  0.81010  0.663E-11  0.887E-08  pot  S   0.1000
