 ir        r              f(r)*r^2
    1  0.00001131      0.87128525D-08
    2  0.00001145      0.89272878D-08
    3  0.00001159      0.91469995D-08
    4  0.00001173      0.93721171D-08
    5  0.00001187      0.96027738D-08
    6  0.00001202      0.98391057D-08
    7  0.00001216      0.10081252D-07
    8  0.00001231      0.10329357D-07
    9  0.00001246      0.10583566D-07
   10  0.00001262      0.10844029D-07
   11  0.00001277      0.11110901D-07
   12  0.00001293      0.11384338D-07
   13  0.00001308      0.11664503D-07
   14  0.00001324      0.11951561D-07
   15  0.00001341      0.12245681D-07
   16  0.00001357      0.12547037D-07
   17  0.00001374      0.12855807D-07
   18  0.00001390      0.13172174D-07
   19  0.00001407      0.13496323D-07
   20  0.00001425      0.13828447D-07
   21  0.00001442      0.14168741D-07
   22  0.00001460      0.14517407D-07
   23  0.00001478      0.14874650D-07
   24  0.00001496      0.15240682D-07
   25  0.00001514      0.15615718D-07
   26  0.00001533      0.15999979D-07
   27  0.00001551      0.16393693D-07
   28  0.00001570      0.16797092D-07
   29  0.00001589      0.17210414D-07
   30  0.00001609      0.17633903D-07
   31  0.00001629      0.18067809D-07
   32  0.00001649      0.18512388D-07
   33  0.00001669      0.18967902D-07
   34  0.00001689      0.19434621D-07
   35  0.00001710      0.19912820D-07
   36  0.00001731      0.20402780D-07
   37  0.00001752      0.20904792D-07
   38  0.00001773      0.21419151D-07
   39  0.00001795      0.21946161D-07
   40  0.00001817      0.22486133D-07
   41  0.00001839      0.23039385D-07
   42  0.00001862      0.23606245D-07
   43  0.00001885      0.24187045D-07
   44  0.00001908      0.24782130D-07
   45  0.00001931      0.25391850D-07
   46  0.00001955      0.26016564D-07
   47  0.00001978      0.26656642D-07
   48  0.00002003      0.27312461D-07
   49  0.00002027      0.27984407D-07
   50  0.00002052      0.28672878D-07
   51  0.00002077      0.29378279D-07
   52  0.00002103      0.30101026D-07
   53  0.00002128      0.30841546D-07
   54  0.00002154      0.31600275D-07
   55  0.00002181      0.32377661D-07
   56  0.00002207      0.33174162D-07
   57  0.00002234      0.33990248D-07
   58  0.00002262      0.34826400D-07
   59  0.00002289      0.35683111D-07
   60  0.00002317      0.36560886D-07
   61  0.00002346      0.37460243D-07
   62  0.00002374      0.38381712D-07
   63  0.00002404      0.39325836D-07
   64  0.00002433      0.40293172D-07
   65  0.00002463      0.41284290D-07
   66  0.00002493      0.42299775D-07
   67  0.00002523      0.43340224D-07
   68  0.00002554      0.44406251D-07
   69  0.00002585      0.45498484D-07
   70  0.00002617      0.46617567D-07
   71  0.00002649      0.47764160D-07
   72  0.00002682      0.48938938D-07
   73  0.00002714      0.50142594D-07
   74  0.00002748      0.51375836D-07
   75  0.00002781      0.52639391D-07
   76  0.00002815      0.53934004D-07
   77  0.00002850      0.55260438D-07
   78  0.00002885      0.56619473D-07
   79  0.00002920      0.58011910D-07
   80  0.00002956      0.59438570D-07
   81  0.00002992      0.60900293D-07
   82  0.00003028      0.62397939D-07
   83  0.00003065      0.63932392D-07
   84  0.00003103      0.65504553D-07
   85  0.00003141      0.67115350D-07
   86  0.00003179      0.68765730D-07
   87  0.00003218      0.70456666D-07
   88  0.00003258      0.72189152D-07
   89  0.00003297      0.73964209D-07
   90  0.00003338      0.75782883D-07
   91  0.00003379      0.77646242D-07
   92  0.00003420      0.79555384D-07
   93  0.00003462      0.81511434D-07
   94  0.00003504      0.83515541D-07
   95  0.00003547      0.85568885D-07
   96  0.00003591      0.87672676D-07
   97  0.00003634      0.89828149D-07
   98  0.00003679      0.92036575D-07
   99  0.00003724      0.94299251D-07
  100  0.00003770      0.96617510D-07
  101  0.00003816      0.98992714D-07
  102  0.00003862      0.10142626D-06
  103  0.00003910      0.10391958D-06
  104  0.00003957      0.10647414D-06
  105  0.00004006      0.10909145D-06
  106  0.00004055      0.11177304D-06
  107  0.00004105      0.11452048D-06
  108  0.00004155      0.11733540D-06
  109  0.00004206      0.12021945D-06
  110  0.00004257      0.12317432D-06
  111  0.00004309      0.12620175D-06
  112  0.00004362      0.12930353D-06
  113  0.00004415      0.13248146D-06
  114  0.00004469      0.13573743D-06
  115  0.00004524      0.13907334D-06
  116  0.00004579      0.14249115D-06
  117  0.00004635      0.14599288D-06
  118  0.00004692      0.14958058D-06
  119  0.00004749      0.15325635D-06
  120  0.00004808      0.15702235D-06
  121  0.00004866      0.16088081D-06
  122  0.00004926      0.16483397D-06
  123  0.00004986      0.16888417D-06
  124  0.00005047      0.17303378D-06
  125  0.00005109      0.17728524D-06
  126  0.00005172      0.18164105D-06
  127  0.00005235      0.18610375D-06
  128  0.00005299      0.19067597D-06
  129  0.00005364      0.19536039D-06
  130  0.00005429      0.20015977D-06
  131  0.00005496      0.20507691D-06
  132  0.00005563      0.21011470D-06
  133  0.00005631      0.21527610D-06
  134  0.00005700      0.22056413D-06
  135  0.00005770      0.22598190D-06
  136  0.00005840      0.23153258D-06
  137  0.00005912      0.23721942D-06
  138  0.00005984      0.24304577D-06
  139  0.00006057      0.24901503D-06
  140  0.00006132      0.25513070D-06
  141  0.00006207      0.26139638D-06
  142  0.00006283      0.26781572D-06
  143  0.00006359      0.27439249D-06
  144  0.00006437      0.28113055D-06
  145  0.00006516      0.28803384D-06
  146  0.00006596      0.29510640D-06
  147  0.00006676      0.30235238D-06
  148  0.00006758      0.30977602D-06
  149  0.00006841      0.31738166D-06
  150  0.00006925      0.32517376D-06
  151  0.00007009      0.33315688D-06
  152  0.00007095      0.34133568D-06
  153  0.00007182      0.34971497D-06
  154  0.00007270      0.35829963D-06
  155  0.00007359      0.36709470D-06
  156  0.00007449      0.37610530D-06
  157  0.00007540      0.38533673D-06
  158  0.00007632      0.39479436D-06
  159  0.00007726      0.40448374D-06
  160  0.00007820      0.41441053D-06
  161  0.00007916      0.42458052D-06
  162  0.00008013      0.43499967D-06
  163  0.00008111      0.44567405D-06
  164  0.00008210      0.45660992D-06
  165  0.00008310      0.46781364D-06
  166  0.00008412      0.47929177D-06
  167  0.00008515      0.49105102D-06
  168  0.00008619      0.50309823D-06
  169  0.00008725      0.51544046D-06
  170  0.00008832      0.52808490D-06
  171  0.00008940      0.54103892D-06
  172  0.00009049      0.55431010D-06
  173  0.00009160      0.56790616D-06
  174  0.00009272      0.58183504D-06
  175  0.00009385      0.59610487D-06
  176  0.00009500      0.61072395D-06
  177  0.00009616      0.62570082D-06
  178  0.00009734      0.64104421D-06
  179  0.00009853      0.65676304D-06
  180  0.00009974      0.67286649D-06
  181  0.00010096      0.68936393D-06
  182  0.00010219      0.70626496D-06
  183  0.00010344      0.72357944D-06
  184  0.00010471      0.74131743D-06
  185  0.00010599      0.75948927D-06
  186  0.00010729      0.77810552D-06
  187  0.00010860      0.79717702D-06
  188  0.00010993      0.81671487D-06
  189  0.00011127      0.83673041D-06
  190  0.00011264      0.85723530D-06
  191  0.00011401      0.87824144D-06
  192  0.00011541      0.89976106D-06
  193  0.00011682      0.92180664D-06
  194  0.00011825      0.94439101D-06
  195  0.00011970      0.96752726D-06
  196  0.00012116      0.99122885D-06
  197  0.00012265      0.10155095D-05
  198  0.00012415      0.10403834D-05
  199  0.00012567      0.10658648D-05
  200  0.00012720      0.10919687D-05
  201  0.00012876      0.11187101D-05
  202  0.00013034      0.11461045D-05
  203  0.00013193      0.11741678D-05
  204  0.00013354      0.12029163D-05
  205  0.00013518      0.12323666D-05
  206  0.00013683      0.12625359D-05
  207  0.00013851      0.12934415D-05
  208  0.00014020      0.13251013D-05
  209  0.00014192      0.13575337D-05
  210  0.00014365      0.13907574D-05
  211  0.00014541      0.14247917D-05
  212  0.00014719      0.14596563D-05
  213  0.00014899      0.14953712D-05
  214  0.00015082      0.15319571D-05
  215  0.00015266      0.15694353D-05
  216  0.00015453      0.16078272D-05
  217  0.00015642      0.16471551D-05
  218  0.00015833      0.16874417D-05
  219  0.00016027      0.17287102D-05
  220  0.00016223      0.17709844D-05
  221  0.00016422      0.18142888D-05
  222  0.00016623      0.18586482D-05
  223  0.00016826      0.19040883D-05
  224  0.00017032      0.19506352D-05
  225  0.00017241      0.19983157D-05
  226  0.00017452      0.20471573D-05
  227  0.00017665      0.20971881D-05
  228  0.00017881      0.21484369D-05
  229  0.00018100      0.22009332D-05
  230  0.00018322      0.22547070D-05
  231  0.00018546      0.23097894D-05
  232  0.00018773      0.23662120D-05
  233  0.00019002      0.24240072D-05
  234  0.00019235      0.24832082D-05
  235  0.00019470      0.25438489D-05
  236  0.00019709      0.26059641D-05
  237  0.00019950      0.26695895D-05
  238  0.00020194      0.27347615D-05
  239  0.00020441      0.28015174D-05
  240  0.00020691      0.28698956D-05
  241  0.00020944      0.29399351D-05
  242  0.00021201      0.30116761D-05
  243  0.00021460      0.30851595D-05
  244  0.00021723      0.31604274D-05
  245  0.00021988      0.32375229D-05
  246  0.00022257      0.33164899D-05
  247  0.00022530      0.33973735D-05
  248  0.00022805      0.34802200D-05
  249  0.00023085      0.35650766D-05
  250  0.00023367      0.36519916D-05
  251  0.00023653      0.37410147D-05
  252  0.00023942      0.38321965D-05
  253  0.00024235      0.39255891D-05
  254  0.00024532      0.40212455D-05
  255  0.00024832      0.41192201D-05
  256  0.00025136      0.42195688D-05
  257  0.00025444      0.43223484D-05
  258  0.00025755      0.44276175D-05
  259  0.00026070      0.45354358D-05
  260  0.00026389      0.46458644D-05
  261  0.00026712      0.47589661D-05
  262  0.00027039      0.48748049D-05
  263  0.00027370      0.49934465D-05
  264  0.00027705      0.51149580D-05
  265  0.00028044      0.52394083D-05
  266  0.00028387      0.53668677D-05
  267  0.00028734      0.54974084D-05
  268  0.00029086      0.56311039D-05
  269  0.00029442      0.57680300D-05
  270  0.00029802      0.59082638D-05
  271  0.00030167      0.60518844D-05
  272  0.00030536      0.61989728D-05
  273  0.00030910      0.63496119D-05
  274  0.00031288      0.65038865D-05
  275  0.00031671      0.66618833D-05
  276  0.00032058      0.68236913D-05
  277  0.00032450      0.69894013D-05
  278  0.00032848      0.71591065D-05
  279  0.00033249      0.73329020D-05
  280  0.00033656      0.75108853D-05
  281  0.00034068      0.76931562D-05
  282  0.00034485      0.78798167D-05
  283  0.00034907      0.80709714D-05
  284  0.00035334      0.82667271D-05
  285  0.00035767      0.84671933D-05
  286  0.00036204      0.86724819D-05
  287  0.00036647      0.88827075D-05
  288  0.00037096      0.90979872D-05
  289  0.00037550      0.93184412D-05
  290  0.00038009      0.95441921D-05
  291  0.00038474      0.97753655D-05
  292  0.00038945      0.10012090D-04
  293  0.00039422      0.10254497D-04
  294  0.00039904      0.10502721D-04
  295  0.00040392      0.10756900D-04
  296  0.00040887      0.11017175D-04
  297  0.00041387      0.11283689D-04
  298  0.00041893      0.11556591D-04
  299  0.00042406      0.11836030D-04
  300  0.00042925      0.12122163D-04
  301  0.00043450      0.12415145D-04
  302  0.00043982      0.12715139D-04
  303  0.00044520      0.13022310D-04
  304  0.00045065      0.13336828D-04
  305  0.00045616      0.13658864D-04
  306  0.00046174      0.13988597D-04
  307  0.00046740      0.14326206D-04
  308  0.00047311      0.14671877D-04
  309  0.00047890      0.15025799D-04
  310  0.00048476      0.15388167D-04
  311  0.00049070      0.15759177D-04
  312  0.00049670      0.16139033D-04
  313  0.00050278      0.16527942D-04
  314  0.00050893      0.16926116D-04
  315  0.00051516      0.17333771D-04
  316  0.00052146      0.17751129D-04
  317  0.00052784      0.18178418D-04
  318  0.00053430      0.18615868D-04
  319  0.00054084      0.19063717D-04
  320  0.00054746      0.19522207D-04
  321  0.00055416      0.19991586D-04
  322  0.00056094      0.20472108D-04
  323  0.00056780      0.20964032D-04
  324  0.00057475      0.21467623D-04
  325  0.00058178      0.21983153D-04
  326  0.00058890      0.22510897D-04
  327  0.00059611      0.23051140D-04
  328  0.00060340      0.23604171D-04
  329  0.00061079      0.24170286D-04
  330  0.00061826      0.24749789D-04
  331  0.00062583      0.25342988D-04
  332  0.00063349      0.25950201D-04
  333  0.00064124      0.26571750D-04
  334  0.00064908      0.27207966D-04
  335  0.00065703      0.27859187D-04
  336  0.00066507      0.28525759D-04
  337  0.00067321      0.29208035D-04
  338  0.00068144      0.29906375D-04
  339  0.00068978      0.30621149D-04
  340  0.00069822      0.31352733D-04
  341  0.00070677      0.32101513D-04
  342  0.00071542      0.32867883D-04
  343  0.00072417      0.33652244D-04
  344  0.00073303      0.34455009D-04
  345  0.00074200      0.35276596D-04
  346  0.00075108      0.36117436D-04
  347  0.00076027      0.36977967D-04
  348  0.00076957      0.37858637D-04
  349  0.00077899      0.38759904D-04
  350  0.00078852      0.39682235D-04
  351  0.00079817      0.40626110D-04
  352  0.00080794      0.41592016D-04
  353  0.00081783      0.42580451D-04
  354  0.00082783      0.43591925D-04
  355  0.00083796      0.44626958D-04
  356  0.00084822      0.45686083D-04
  357  0.00085860      0.46769841D-04
  358  0.00086910      0.47878787D-04
  359  0.00087974      0.49013487D-04
  360  0.00089050      0.50174520D-04
  361  0.00090140      0.51362475D-04
  362  0.00091243      0.52577956D-04
  363  0.00092360      0.53821579D-04
  364  0.00093490      0.55093971D-04
  365  0.00094634      0.56395775D-04
  366  0.00095792      0.57727645D-04
  367  0.00096964      0.59090251D-04
  368  0.00098151      0.60484276D-04
  369  0.00099352      0.61910415D-04
  370  0.00100567      0.63369381D-04
  371  0.00101798      0.64861900D-04
  372  0.00103044      0.66388713D-04
  373  0.00104305      0.67950575D-04
  374  0.00105581      0.69548259D-04
  375  0.00106873      0.71182552D-04
  376  0.00108181      0.72854259D-04
  377  0.00109505      0.74564197D-04
  378  0.00110845      0.76313206D-04
  379  0.00112201      0.78102136D-04
  380  0.00113574      0.79931860D-04
  381  0.00114964      0.81803266D-04
  382  0.00116370      0.83717258D-04
  383  0.00117794      0.85674761D-04
  384  0.00119236      0.87676718D-04
  385  0.00120695      0.89724088D-04
  386  0.00122172      0.91817853D-04
  387  0.00123667      0.93959011D-04
  388  0.00125180      0.96148580D-04
  389  0.00126712      0.98387601D-04
  390  0.00128262      0.10067713D-03
  391  0.00129832      0.10301825D-03
  392  0.00131421      0.10541205D-03
  393  0.00133029      0.10785967D-03
  394  0.00134657      0.11036224D-03
  395  0.00136304      0.11292093D-03
  396  0.00137972      0.11553692D-03
  397  0.00139661      0.11821142D-03
  398  0.00141370      0.12094567D-03
  399  0.00143100      0.12374091D-03
  400  0.00144851      0.12659844D-03
  401  0.00146623      0.12951954D-03
  402  0.00148417      0.13250555D-03
  403  0.00150234      0.13555782D-03
  404  0.00152072      0.13867771D-03
  405  0.00153933      0.14186664D-03
  406  0.00155816      0.14512602D-03
  407  0.00157723      0.14845731D-03
  408  0.00159653      0.15186198D-03
  409  0.00161607      0.15534154D-03
  410  0.00163584      0.15889752D-03
  411  0.00165586      0.16253146D-03
  412  0.00167612      0.16624497D-03
  413  0.00169663      0.17003964D-03
  414  0.00171740      0.17391712D-03
  415  0.00173841      0.17787907D-03
  416  0.00175968      0.18192718D-03
  417  0.00178122      0.18606319D-03
  418  0.00180301      0.19028884D-03
  419  0.00182508      0.19460592D-03
  420  0.00184741      0.19901624D-03
  421  0.00187001      0.20352163D-03
  422  0.00189290      0.20812397D-03
  423  0.00191606      0.21282516D-03
  424  0.00193951      0.21762713D-03
  425  0.00196324      0.22253184D-03
  426  0.00198726      0.22754128D-03
  427  0.00201158      0.23265748D-03
  428  0.00203620      0.23788249D-03
  429  0.00206111      0.24321840D-03
  430  0.00208634      0.24866732D-03
  431  0.00211187      0.25423140D-03
  432  0.00213771      0.25991282D-03
  433  0.00216387      0.26571380D-03
  434  0.00219034      0.27163657D-03
  435  0.00221715      0.27768341D-03
  436  0.00224428      0.28385664D-03
  437  0.00227174      0.29015858D-03
  438  0.00229954      0.29659161D-03
  439  0.00232768      0.30315813D-03
  440  0.00235616      0.30986059D-03
  441  0.00238499      0.31670144D-03
  442  0.00241418      0.32368318D-03
  443  0.00244372      0.33080834D-03
  444  0.00247362      0.33807949D-03
  445  0.00250389      0.34549921D-03
  446  0.00253453      0.35307013D-03
  447  0.00256555      0.36079491D-03
  448  0.00259694      0.36867623D-03
  449  0.00262872      0.37671680D-03
  450  0.00266089      0.38491937D-03
  451  0.00269345      0.39328671D-03
  452  0.00272641      0.40182162D-03
  453  0.00275977      0.41052695D-03
  454  0.00279354      0.41940553D-03
  455  0.00282772      0.42846027D-03
  456  0.00286233      0.43769407D-03
  457  0.00289735      0.44710987D-03
  458  0.00293281      0.45671064D-03
  459  0.00296869      0.46649937D-03
  460  0.00300502      0.47647906D-03
  461  0.00304179      0.48665276D-03
  462  0.00307901      0.49702352D-03
  463  0.00311669      0.50759441D-03
  464  0.00315483      0.51836854D-03
  465  0.00319343      0.52934902D-03
  466  0.00323251      0.54053898D-03
  467  0.00327207      0.55194157D-03
  468  0.00331211      0.56355996D-03
  469  0.00335264      0.57539733D-03
  470  0.00339366      0.58745685D-03
  471  0.00343519      0.59974174D-03
  472  0.00347723      0.61225520D-03
  473  0.00351978      0.62500043D-03
  474  0.00356285      0.63798067D-03
  475  0.00360644      0.65119913D-03
  476  0.00365057      0.66465903D-03
  477  0.00369525      0.67836360D-03
  478  0.00374046      0.69231605D-03
  479  0.00378624      0.70651959D-03
  480  0.00383257      0.72097743D-03
  481  0.00387946      0.73569275D-03
  482  0.00392694      0.75066874D-03
  483  0.00397499      0.76590856D-03
  484  0.00402363      0.78141535D-03
  485  0.00407287      0.79719222D-03
  486  0.00412271      0.81324228D-03
  487  0.00417315      0.82956859D-03
  488  0.00422422      0.84617417D-03
  489  0.00427591      0.86306204D-03
  490  0.00432824      0.88023514D-03
  491  0.00438120      0.89769639D-03
  492  0.00443481      0.91544865D-03
  493  0.00448908      0.93349475D-03
  494  0.00454401      0.95183744D-03
  495  0.00459961      0.97047941D-03
  496  0.00465590      0.98942331D-03
  497  0.00471287      0.10086717D-02
  498  0.00477054      0.10282271D-02
  499  0.00482892      0.10480918D-02
  500  0.00488801      0.10682683D-02
  501  0.00494782      0.10887587D-02
  502  0.00500837      0.11095653D-02
  503  0.00506965      0.11306899D-02
  504  0.00513169      0.11521347D-02
  505  0.00519449      0.11739013D-02
  506  0.00525805      0.11959915D-02
  507  0.00532239      0.12184068D-02
  508  0.00538752      0.12411487D-02
  509  0.00545345      0.12642185D-02
  510  0.00552018      0.12876174D-02
  511  0.00558773      0.13113463D-02
  512  0.00565610      0.13354061D-02
  513  0.00572532      0.13597974D-02
  514  0.00579538      0.13845208D-02
  515  0.00586629      0.14095765D-02
  516  0.00593808      0.14349646D-02
  517  0.00601074      0.14606851D-02
  518  0.00608429      0.14867377D-02
  519  0.00615874      0.15131218D-02
  520  0.00623411      0.15398367D-02
  521  0.00631039      0.15668815D-02
  522  0.00638761      0.15942548D-02
  523  0.00646577      0.16219551D-02
  524  0.00654490      0.16499809D-02
  525  0.00662498      0.16783299D-02
  526  0.00670605      0.17069999D-02
  527  0.00678811      0.17359882D-02
  528  0.00687118      0.17652921D-02
  529  0.00695526      0.17949081D-02
  530  0.00704037      0.18248328D-02
  531  0.00712652      0.18550622D-02
  532  0.00721373      0.18855921D-02
  533  0.00730200      0.19164178D-02
  534  0.00739135      0.19475345D-02
  535  0.00748180      0.19789366D-02
  536  0.00757335      0.20106184D-02
  537  0.00766602      0.20425737D-02
  538  0.00775983      0.20747960D-02
  539  0.00785479      0.21072781D-02
  540  0.00795090      0.21400127D-02
  541  0.00804820      0.21729917D-02
  542  0.00814668      0.22062068D-02
  543  0.00824637      0.22396490D-02
  544  0.00834728      0.22733091D-02
  545  0.00844942      0.23071771D-02
  546  0.00855282      0.23412425D-02
  547  0.00865748      0.23754946D-02
  548  0.00876342      0.24099217D-02
  549  0.00887065      0.24445120D-02
  550  0.00897920      0.24792527D-02
  551  0.00908908      0.25141307D-02
  552  0.00920030      0.25491324D-02
  553  0.00931288      0.25842432D-02
  554  0.00942684      0.26194483D-02
  555  0.00954219      0.26547320D-02
  556  0.00965896      0.26900782D-02
  557  0.00977715      0.27254700D-02
  558  0.00989679      0.27608899D-02
  559  0.01001790      0.27963197D-02
  560  0.01014049      0.28317406D-02
  561  0.01026457      0.28671330D-02
  562  0.01039018      0.29024768D-02
  563  0.01051732      0.29377510D-02
  564  0.01064602      0.29729341D-02
  565  0.01077629      0.30080037D-02
  566  0.01090816      0.30429369D-02
  567  0.01104164      0.30777099D-02
  568  0.01117675      0.31122982D-02
  569  0.01131352      0.31466768D-02
  570  0.01145196      0.31808196D-02
  571  0.01159210      0.32147000D-02
  572  0.01173395      0.32482908D-02
  573  0.01187753      0.32815638D-02
  574  0.01202288      0.33144902D-02
  575  0.01217000      0.33470405D-02
  576  0.01231892      0.33791845D-02
  577  0.01246966      0.34108912D-02
  578  0.01262225      0.34421291D-02
  579  0.01277671      0.34728656D-02
  580  0.01293305      0.35030679D-02
  581  0.01309131      0.35327023D-02
  582  0.01325151      0.35617343D-02
  583  0.01341366      0.35901292D-02
  584  0.01357780      0.36178511D-02
  585  0.01374395      0.36448640D-02
  586  0.01391213      0.36711311D-02
  587  0.01408237      0.36966150D-02
  588  0.01425470      0.37212779D-02
  589  0.01442913      0.37450814D-02
  590  0.01460569      0.37679867D-02
  591  0.01478442      0.37899545D-02
  592  0.01496533      0.38109451D-02
  593  0.01514846      0.38309185D-02
  594  0.01533383      0.38498344D-02
  595  0.01552147      0.38676521D-02
  596  0.01571140      0.38843308D-02
  597  0.01590366      0.38998293D-02
  598  0.01609826      0.39141066D-02
  599  0.01629526      0.39271214D-02
  600  0.01649466      0.39388324D-02
  601  0.01669650      0.39491984D-02
  602  0.01690081      0.39581782D-02
  603  0.01710762      0.39657311D-02
  604  0.01731696      0.39718163D-02
  605  0.01752887      0.39763934D-02
  606  0.01774336      0.39794226D-02
  607  0.01796049      0.39808643D-02
  608  0.01818026      0.39806798D-02
  609  0.01840273      0.39788308D-02
  610  0.01862792      0.39752799D-02
  611  0.01885587      0.39699904D-02
  612  0.01908660      0.39629269D-02
  613  0.01932016      0.39540546D-02
  614  0.01955658      0.39433401D-02
  615  0.01979589      0.39307515D-02
  616  0.02003813      0.39162578D-02
  617  0.02028333      0.38998300D-02
  618  0.02053153      0.38814404D-02
  619  0.02078277      0.38610632D-02
  620  0.02103708      0.38386745D-02
  621  0.02129451      0.38142523D-02
  622  0.02155509      0.37877770D-02
  623  0.02181885      0.37592310D-02
  624  0.02208584      0.37285993D-02
  625  0.02235610      0.36958695D-02
  626  0.02262967      0.36610318D-02
  627  0.02290658      0.36240794D-02
  628  0.02318689      0.35850084D-02
  629  0.02347062      0.35438183D-02
  630  0.02375783      0.35005116D-02
  631  0.02404854      0.34550945D-02
  632  0.02434282      0.34075769D-02
  633  0.02464070      0.33579723D-02
  634  0.02494222      0.33062982D-02
  635  0.02524743      0.32525764D-02
  636  0.02555638      0.31968327D-02
  637  0.02586911      0.31390975D-02
  638  0.02618566      0.30794057D-02
  639  0.02650609      0.30177971D-02
  640  0.02683044      0.29543160D-02
  641  0.02715876      0.28890121D-02
  642  0.02749110      0.28219401D-02
  643  0.02782750      0.27531601D-02
  644  0.02816802      0.26827376D-02
  645  0.02851270      0.26107436D-02
  646  0.02886161      0.25372549D-02
  647  0.02921478      0.24623541D-02
  648  0.02957227      0.23861297D-02
  649  0.02993414      0.23086763D-02
  650  0.03030044      0.22300945D-02
  651  0.03067122      0.21504912D-02
  652  0.03104654      0.20699796D-02
  653  0.03142645      0.19886791D-02
  654  0.03181101      0.19067157D-02
  655  0.03220027      0.18242217D-02
  656  0.03259430      0.17413358D-02
  657  0.03299315      0.16582033D-02
  658  0.03339688      0.15749757D-02
  659  0.03380555      0.14918113D-02
  660  0.03421922      0.14088743D-02
  661  0.03463795      0.13263357D-02
  662  0.03506181      0.12443724D-02
  663  0.03549085      0.11631675D-02
  664  0.03592515      0.10829101D-02
  665  0.03636475      0.10037953D-02
  666  0.03680974      0.92602370D-03
  667  0.03726017      0.84980145D-03
  668  0.03771612      0.77533999D-03
  669  0.03817764      0.70285576D-03
  670  0.03864481      0.63256994D-03
  671  0.03911770      0.56470818D-03
  672  0.03959638      0.49950020D-03
  673  0.04008091      0.43717952D-03
  674  0.04057137      0.37798299D-03
  675  0.04106783      0.32215039D-03
  676  0.04157037      0.26992401D-03
  677  0.04207906      0.22154813D-03
  678  0.04259397      0.17726853D-03
  679  0.04311518      0.13733188D-03
  680  0.04364277      0.10198526D-03
  681  0.04417682      0.71475458D-04
  682  0.04471740      0.46048356D-04
  683  0.04526460      0.25948255D-04
  684  0.04581849      0.11417157D-04
  685  0.04637916      0.26940200D-05
  686  0.04694669      0.13988122D-07
  687  0.04752117      0.36075835D-05
  688  0.04810268      0.13699873D-04
  689  0.04869130      0.30509608D-04
  690  0.04928712      0.54248328D-04
  691  0.04989024      0.85119454D-04
  692  0.05050073      0.12331734D-03
  693  0.05111870      0.16902632D-03
  694  0.05174423      0.22241972D-03
  695  0.05237741      0.28365886D-03
  696  0.05301834      0.35289203D-03
  697  0.05366712      0.43025348D-03
  698  0.05432383      0.51586238D-03
  699  0.05498858      0.60982175D-03
  700  0.05566146      0.71221743D-03
  701  0.05634258      0.82311707D-03
  702  0.05703203      0.94256900D-03
  703  0.05772992      0.10706013D-02
  704  0.05843635      0.12072207D-02
  705  0.05915142      0.13524116D-02
  706  0.05987524      0.15061351D-02
  707  0.06060792      0.16683280D-02
  708  0.06134957      0.18389021D-02
  709  0.06210029      0.20177429D-02
  710  0.06286020      0.22047093D-02
  711  0.06362940      0.23996321D-02
  712  0.06440802      0.26023141D-02
  713  0.06519617      0.28125287D-02
  714  0.06599396      0.30300200D-02
  715  0.06680151      0.32545015D-02
  716  0.06761895      0.34856563D-02
  717  0.06844639      0.37231364D-02
  718  0.06928395      0.39665627D-02
  719  0.07013176      0.42155244D-02
  720  0.07098995      0.44695796D-02
  721  0.07185864      0.47282548D-02
  722  0.07273796      0.49910453D-02
  723  0.07362803      0.52574155D-02
  724  0.07452900      0.55267996D-02
  725  0.07544100      0.57986016D-02
  726  0.07636415      0.60721968D-02
  727  0.07729860      0.63469321D-02
  728  0.07824449      0.66221271D-02
  729  0.07920195      0.68970757D-02
  730  0.08017113      0.71710471D-02
  731  0.08115216      0.74432875D-02
  732  0.08214521      0.77130218D-02
  733  0.08315040      0.79794554D-02
  734  0.08416789      0.82417763D-02
  735  0.08519784      0.84991575D-02
  736  0.08624038      0.87507591D-02
  737  0.08729569      0.89957314D-02
  738  0.08836390      0.92332170D-02
  739  0.08944519      0.94623543D-02
  740  0.09053972      0.96822803D-02
  741  0.09164763      0.98921340D-02
  742  0.09276910      0.10091060D-01
  743  0.09390430      0.10278211D-01
  744  0.09505338      0.10452754D-01
  745  0.09621653      0.10613871D-01
  746  0.09739391      0.10760766D-01
  747  0.09858570      0.10892667D-01
  748  0.09979207      0.11008829D-01
  749  0.10101320      0.11108543D-01
  750  0.10224928      0.11191137D-01
  751  0.10350048      0.11255979D-01
  752  0.10476699      0.11302486D-01
  753  0.10604900      0.11330122D-01
  754  0.10734670      0.11338411D-01
  755  0.10866028      0.11326931D-01
  756  0.10998993      0.11295329D-01
  757  0.11133585      0.11243318D-01
  758  0.11269825      0.11170683D-01
  759  0.11407731      0.11077285D-01
  760  0.11547325      0.10963068D-01
  761  0.11688627      0.10828057D-01
  762  0.11831658      0.10672365D-01
  763  0.11976440      0.10496198D-01
  764  0.12122993      0.10299853D-01
  765  0.12271339      0.10083724D-01
  766  0.12421501      0.98483050D-02
  767  0.12573500      0.95941891D-02
  768  0.12727359      0.93220723D-02
  769  0.12883101      0.90327539D-02
  770  0.13040748      0.87271373D-02
  771  0.13200325      0.84062303D-02
  772  0.13361855      0.80711444D-02
  773  0.13525361      0.77230947D-02
  774  0.13690868      0.73633981D-02
  775  0.13858400      0.69934713D-02
  776  0.14027982      0.66148285D-02
  777  0.14199639      0.62290783D-02
  778  0.14373397      0.58379197D-02
  779  0.14549281      0.54431380D-02
  780  0.14727317      0.50465994D-02
  781  0.14907532      0.46502460D-02
  782  0.15089953      0.42560884D-02
  783  0.15274605      0.38661999D-02
  784  0.15461517      0.34827080D-02
  785  0.15650716      0.31077865D-02
  786  0.15842230      0.27436469D-02
  787  0.16036088      0.23925283D-02
  788  0.16232318      0.20566880D-02
  789  0.16430950      0.17383906D-02
  790  0.16632012      0.14398971D-02
  791  0.16835534      0.11634533D-02
  792  0.17041547      0.91127767D-03
  793  0.17250080      0.68554940D-03
  794  0.17461166      0.48839546D-03
  795  0.17674834      0.32187780D-03
  796  0.17891117      0.18798027D-03
  797  0.18110047      0.88595325D-04
  798  0.18331655      0.25510817D-04
  799  0.18555976      0.39668104D-06
  800  0.18783041      0.14791795D-04
  801  0.19012885      0.70090998D-04
  802  0.19245542      0.16753238D-03
  803  0.19481045      0.30818495D-03
  804  0.19719430      0.49293670D-03
  805  0.19960733      0.72248328D-03
  806  0.20204988      0.99731725D-03
  807  0.20452232      0.13177181D-02
  808  0.20702501      0.16837430D-02
  809  0.20955833      0.20952188D-02
  810  0.21212265      0.25517343D-02
  811  0.21471835      0.30526345D-02
  812  0.21734581      0.35970155D-02
  813  0.22000542      0.41837205D-02
  814  0.22269758      0.48113378D-02
  815  0.22542268      0.54781997D-02
  816  0.22818113      0.61823826D-02
  817  0.23097333      0.69217096D-02
  818  0.23379970      0.76937536D-02
  819  0.23666065      0.84958428D-02
  820  0.23955662      0.93250675D-02
  821  0.24248802      0.10178289D-01
  822  0.24545529      0.11052148D-01
  823  0.24845887      0.11943079D-01
  824  0.25149921      0.12847325D-01
  825  0.25457675      0.13760946D-01
  826  0.25769195      0.14679846D-01
  827  0.26084527      0.15599781D-01
  828  0.26403717      0.16516388D-01
  829  0.26726814      0.17425201D-01
  830  0.27053864      0.18321675D-01
  831  0.27384916      0.19201213D-01
  832  0.27720019      0.20059186D-01
  833  0.28059223      0.20890964D-01
  834  0.28402578      0.21691941D-01
  835  0.28750134      0.22457563D-01
  836  0.29101943      0.23183357D-01
  837  0.29458057      0.23864960D-01
  838  0.29818528      0.24498149D-01
  839  0.30183411      0.25078868D-01
  840  0.30552759      0.25603261D-01
  841  0.30926626      0.26067695D-01
  842  0.31305069      0.26468796D-01
  843  0.31688142      0.26803471D-01
  844  0.32075903      0.27068935D-01
  845  0.32468408      0.27262740D-01
  846  0.32865717      0.27382797D-01
  847  0.33267888      0.27427400D-01
  848  0.33674979      0.27395246D-01
  849  0.34087053      0.27285454D-01
  850  0.34504168      0.27097585D-01
  851  0.34926388      0.26831652D-01
  852  0.35353775      0.26488139D-01
  853  0.35786391      0.26068006D-01
  854  0.36224301      0.25572696D-01
  855  0.36667570      0.25004146D-01
  856  0.37116263      0.24364781D-01
  857  0.37570446      0.23657518D-01
  858  0.38030188      0.22885758D-01
  859  0.38495555      0.22053381D-01
  860  0.38966616      0.21164736D-01
  861  0.39443442      0.20224626D-01
  862  0.39926103      0.19238291D-01
  863  0.40414670      0.18211389D-01
  864  0.40909215      0.17149973D-01
  865  0.41409812      0.16060464D-01
  866  0.41916535      0.14949625D-01
  867  0.42429458      0.13824527D-01
  868  0.42948658      0.12692516D-01
  869  0.43474211      0.11561176D-01
  870  0.44006196      0.10438291D-01
  871  0.44544690      0.93318035D-02
  872  0.45089773      0.82497719D-02
  873  0.45641527      0.72003262D-02
  874  0.46200032      0.61916220D-02
  875  0.46765372      0.52317939D-02
  876  0.47337629      0.43289076D-02
  877  0.47916889      0.34909117D-02
  878  0.48503238      0.27255889D-02
  879  0.49096761      0.20405080D-02
  880  0.49697547      0.14429751D-02
  881  0.50305685      0.93998695D-03
  882  0.50921265      0.53818386D-03
  883  0.51544377      0.24380501D-03
  884  0.52175114      0.62644945D-04
  885  0.52813570      0.12116962D-07
  886  0.53459838      0.60689800D-04
  887  0.54114014      0.24889953D-03
  888  0.54776195      0.56826744D-03
  889  0.55446479      0.10217938D-02
  890  0.56124966      0.16118258D-02
  891  0.56811754      0.23400343D-02
  892  0.57506947      0.32073940D-02
  893  0.58210647      0.42141680D-02
  894  0.58922958      0.53598967D-02
  895  0.59643985      0.66433902D-02
  896  0.60373835      0.80627261D-02
  897  0.61112617      0.96152515D-02
  898  0.61860438      0.11297589D-01
  899  0.62617411      0.13105648D-01
  900  0.63383646      0.15034640D-01
  901  0.64159258      0.17079099D-01
  902  0.64944361      0.19232904D-01
  903  0.65739070      0.21489308D-01
  904  0.66543505      0.23840973D-01
  905  0.67357783      0.26280003D-01
  906  0.68182025      0.28797982D-01
  907  0.69016354      0.31386023D-01
  908  0.69860891      0.34034808D-01
  909  0.70715764      0.36734641D-01
  910  0.71581097      0.39475498D-01
  911  0.72457019      0.42247077D-01
  912  0.73343660      0.45038861D-01
  913  0.74241150      0.47840166D-01
  914  0.75149622      0.50640203D-01
  915  0.76069212      0.53428139D-01
  916  0.77000054      0.56193148D-01
  917  0.77942286      0.58924479D-01
  918  0.78896049      0.61611507D-01
  919  0.79861482      0.64243792D-01
  920  0.80838730      0.66811141D-01
  921  0.81827935      0.69303653D-01
  922  0.82829246      0.71711780D-01
  923  0.83842809      0.74026376D-01
  924  0.84868775      0.76238741D-01
  925  0.85907295      0.78340669D-01
  926  0.86958524      0.80324491D-01
  927  0.88022616      0.82183112D-01
  928  0.89099729      0.83910042D-01
  929  0.90190023      0.85499433D-01
  930  0.91293658      0.86946100D-01
  931  0.92410799      0.88245543D-01
  932  0.93541609      0.89393967D-01
  933  0.94686257      0.90388292D-01
  934  0.95844912      0.91226161D-01
  935  0.97017745      0.91905942D-01
  936  0.98204930      0.92426729D-01
  937  0.99406642      0.92788335D-01
  938  1.00623059      0.92991277D-01
  939  1.01854361      0.93036765D-01
  940  1.03100730      0.92926683D-01
  941  1.04362351      0.92663561D-01
  942  1.05639410      0.92250553D-01
  943  1.06932096      0.91691401D-01
  944  1.08240601      0.90990406D-01
  945  1.09565117      0.90152390D-01
  946  1.10905841      0.89182653D-01
  947  1.12262972      0.88086937D-01
  948  1.13636709      0.86871382D-01
  949  1.15027256      0.85542478D-01
  950  1.16434819      0.84107022D-01
  951  1.17859606      0.82572075D-01
  952  1.19301828      0.80944909D-01
  953  1.20761698      0.79232967D-01
  954  1.22239433      0.77443813D-01
  955  1.23735250      0.75585091D-01
  956  1.25249370      0.73664476D-01
  957  1.26782019      0.71689637D-01
  958  1.28333423      0.69668191D-01
  959  1.29903811      0.67607667D-01
  960  1.31493415      0.65515471D-01
  961  1.33102471      0.63398846D-01
  962  1.34731216      0.61264844D-01
  963  1.36379892      0.59120295D-01
  964  1.38048743      0.56971783D-01
  965  1.39738015      0.54825617D-01
  966  1.41447958      0.52687813D-01
  967  1.43178825      0.50564077D-01
  968  1.44930873      0.48459786D-01
  969  1.46704360      0.46379978D-01
  970  1.48499549      0.44329342D-01
  971  1.50316705      0.42312210D-01
  972  1.52156097      0.40332554D-01
  973  1.54017998      0.38393982D-01
  974  1.55902682      0.36499742D-01
  975  1.57810429      0.34652721D-01
  976  1.59741520      0.32855452D-01
  977  1.61696242      0.31110122D-01
  978  1.63674883      0.29418579D-01
  979  1.65677736      0.27782343D-01
  980  1.67705098      0.26202617D-01
  981  1.69757269      0.24680302D-01
  982  1.71834551      0.23216011D-01
  983  1.73937252      0.21810082D-01
  984  1.76065684      0.20462598D-01
  985  1.78220161      0.19173399D-01
  986  1.80401001      0.17942103D-01
  987  1.82608529      0.16768121D-01
  988  1.84843069      0.15650676D-01
  989  1.87104953      0.14588818D-01
  990  1.89394515      0.13581444D-01
  991  1.91712093      0.12627314D-01
  992  1.94058032      0.11725069D-01
  993  1.96432677      0.10873244D-01
  994  1.98836380      0.10070286D-01
  995  2.01269497      0.93145686D-02
  996  2.03732388      0.86044069D-02
  997  2.06225416      0.79380700D-02
  998  2.08748951      0.73137943D-02
  999  2.11303365      0.67297953D-02
 1000  2.13889038      0.61842788D-02
 1001  2.16506351      0.56754509D-02
 1002  2.19155691      0.52022682D-02
 1003  2.21837451      0.47634593D-02
 1004  2.24552027      0.43569630D-02
 1005  2.27299820      0.39808082D-02
 1006  2.30081238      0.36331121D-02
 1007  2.32896691      0.33120786D-02
 1008  2.35746597      0.30159964D-02
 1009  2.38631376      0.27432370D-02
 1010  2.41551455      0.24922528D-02
 1011  2.44507267      0.22615747D-02
 1012  2.47499248      0.20498100D-02
 1013  2.50527842      0.18556403D-02
 1014  2.53593496      0.16778191D-02
 1015  2.56696663      0.15151691D-02
 1016  2.59837804      0.13665805D-02
 1017  2.63017381      0.12310077D-02
 1018  2.66235867      0.11074678D-02
 1019  2.69493737      0.99503739D-03
 1020  2.72791472      0.89285059D-03
 1021  2.76129561      0.80009639D-03
 1022  2.79508497      0.71601631D-03
