 ir        r              f(r)*r^2
    1  0.00001131      0.29324640D-05
    2  0.00001145      0.30046360D-05
    3  0.00001159      0.30785838D-05
    4  0.00001173      0.31543511D-05
    5  0.00001187      0.32319827D-05
    6  0.00001202      0.33115243D-05
    7  0.00001216      0.33930231D-05
    8  0.00001231      0.34765270D-05
    9  0.00001246      0.35620855D-05
   10  0.00001262      0.36497490D-05
   11  0.00001277      0.37395694D-05
   12  0.00001293      0.38315996D-05
   13  0.00001308      0.39258941D-05
   14  0.00001324      0.40225085D-05
   15  0.00001341      0.41214998D-05
   16  0.00001357      0.42229265D-05
   17  0.00001374      0.43268485D-05
   18  0.00001390      0.44333272D-05
   19  0.00001407      0.45424254D-05
   20  0.00001425      0.46542075D-05
   21  0.00001442      0.47687396D-05
   22  0.00001460      0.48860893D-05
   23  0.00001478      0.50063258D-05
   24  0.00001496      0.51295202D-05
   25  0.00001514      0.52557450D-05
   26  0.00001533      0.53850750D-05
   27  0.00001551      0.55175864D-05
   28  0.00001570      0.56533574D-05
   29  0.00001589      0.57924682D-05
   30  0.00001609      0.59350009D-05
   31  0.00001629      0.60810396D-05
   32  0.00001649      0.62306706D-05
   33  0.00001669      0.63839820D-05
   34  0.00001689      0.65410645D-05
   35  0.00001710      0.67020107D-05
   36  0.00001731      0.68669157D-05
   37  0.00001752      0.70358766D-05
   38  0.00001773      0.72089932D-05
   39  0.00001795      0.73863678D-05
   40  0.00001817      0.75681049D-05
   41  0.00001839      0.77543117D-05
   42  0.00001862      0.79450983D-05
   43  0.00001885      0.81405770D-05
   44  0.00001908      0.83408632D-05
   45  0.00001931      0.85460752D-05
   46  0.00001955      0.87563340D-05
   47  0.00001978      0.89717635D-05
   48  0.00002003      0.91924910D-05
   49  0.00002027      0.94186465D-05
   50  0.00002052      0.96503636D-05
   51  0.00002077      0.98877788D-05
   52  0.00002103      0.10131032D-04
   53  0.00002128      0.10380267D-04
   54  0.00002154      0.10635631D-04
   55  0.00002181      0.10897274D-04
   56  0.00002207      0.11165351D-04
   57  0.00002234      0.11440019D-04
   58  0.00002262      0.11721440D-04
   59  0.00002289      0.12009782D-04
   60  0.00002317      0.12305213D-04
   61  0.00002346      0.12607907D-04
   62  0.00002374      0.12918044D-04
   63  0.00002404      0.13235806D-04
   64  0.00002433      0.13561380D-04
   65  0.00002463      0.13894958D-04
   66  0.00002493      0.14236738D-04
   67  0.00002523      0.14586919D-04
   68  0.00002554      0.14945710D-04
   69  0.00002585      0.15313320D-04
   70  0.00002617      0.15689968D-04
   71  0.00002649      0.16075874D-04
   72  0.00002682      0.16471266D-04
   73  0.00002714      0.16876378D-04
   74  0.00002748      0.17291448D-04
   75  0.00002781      0.17716720D-04
   76  0.00002815      0.18152445D-04
   77  0.00002850      0.18598880D-04
   78  0.00002885      0.19056287D-04
   79  0.00002920      0.19524937D-04
   80  0.00002956      0.20005105D-04
   81  0.00002992      0.20497074D-04
   82  0.00003028      0.21001133D-04
   83  0.00003065      0.21517581D-04
   84  0.00003103      0.22046720D-04
   85  0.00003141      0.22588862D-04
   86  0.00003179      0.23144327D-04
   87  0.00003218      0.23713442D-04
   88  0.00003258      0.24296541D-04
   89  0.00003297      0.24893969D-04
   90  0.00003338      0.25506076D-04
   91  0.00003379      0.26133223D-04
   92  0.00003420      0.26775779D-04
   93  0.00003462      0.27434123D-04
   94  0.00003504      0.28108641D-04
   95  0.00003547      0.28799731D-04
   96  0.00003591      0.29507799D-04
   97  0.00003634      0.30233263D-04
   98  0.00003679      0.30976548D-04
   99  0.00003724      0.31738093D-04
  100  0.00003770      0.32518345D-04
  101  0.00003816      0.33317762D-04
  102  0.00003862      0.34136817D-04
  103  0.00003910      0.34975989D-04
  104  0.00003957      0.35835773D-04
  105  0.00004006      0.36716674D-04
  106  0.00004055      0.37619211D-04
  107  0.00004105      0.38543913D-04
  108  0.00004155      0.39491326D-04
  109  0.00004206      0.40462004D-04
  110  0.00004257      0.41456520D-04
  111  0.00004309      0.42475458D-04
  112  0.00004362      0.43519416D-04
  113  0.00004415      0.44589008D-04
  114  0.00004469      0.45684863D-04
  115  0.00004524      0.46807625D-04
  116  0.00004579      0.47957953D-04
  117  0.00004635      0.49136523D-04
  118  0.00004692      0.50344027D-04
  119  0.00004749      0.51581175D-04
  120  0.00004808      0.52848694D-04
  121  0.00004866      0.54147327D-04
  122  0.00004926      0.55477837D-04
  123  0.00004986      0.56841007D-04
  124  0.00005047      0.58237635D-04
  125  0.00005109      0.59668542D-04
  126  0.00005172      0.61134567D-04
  127  0.00005235      0.62636572D-04
  128  0.00005299      0.64175438D-04
  129  0.00005364      0.65752067D-04
  130  0.00005429      0.67367386D-04
  131  0.00005496      0.69022341D-04
  132  0.00005563      0.70717903D-04
  133  0.00005631      0.72455068D-04
  134  0.00005700      0.74234854D-04
  135  0.00005770      0.76058304D-04
  136  0.00005840      0.77926489D-04
  137  0.00005912      0.79840503D-04
  138  0.00005984      0.81801468D-04
  139  0.00006057      0.83810535D-04
  140  0.00006132      0.85868880D-04
  141  0.00006207      0.87977710D-04
  142  0.00006283      0.90138260D-04
  143  0.00006359      0.92351798D-04
  144  0.00006437      0.94619618D-04
  145  0.00006516      0.96943050D-04
  146  0.00006596      0.99323455D-04
  147  0.00006676      0.10176223D-03
  148  0.00006758      0.10426079D-03
  149  0.00006841      0.10682062D-03
  150  0.00006925      0.10944320D-03
  151  0.00007009      0.11213007D-03
  152  0.00007095      0.11488280D-03
  153  0.00007182      0.11770301D-03
  154  0.00007270      0.12059235D-03
  155  0.00007359      0.12355249D-03
  156  0.00007449      0.12658519D-03
  157  0.00007540      0.12969220D-03
  158  0.00007632      0.13287536D-03
  159  0.00007726      0.13613650D-03
  160  0.00007820      0.13947756D-03
  161  0.00007916      0.14290047D-03
  162  0.00008013      0.14640724D-03
  163  0.00008111      0.14999991D-03
  164  0.00008210      0.15368059D-03
  165  0.00008310      0.15745143D-03
  166  0.00008412      0.16131462D-03
  167  0.00008515      0.16527242D-03
  168  0.00008619      0.16932716D-03
  169  0.00008725      0.17348118D-03
  170  0.00008832      0.17773692D-03
  171  0.00008940      0.18209686D-03
  172  0.00009049      0.18656354D-03
  173  0.00009160      0.19113957D-03
  174  0.00009272      0.19582762D-03
  175  0.00009385      0.20063042D-03
  176  0.00009500      0.20555077D-03
  177  0.00009616      0.21059154D-03
  178  0.00009734      0.21575567D-03
  179  0.00009853      0.22104617D-03
  180  0.00009974      0.22646612D-03
  181  0.00010096      0.23201867D-03
  182  0.00010219      0.23770707D-03
  183  0.00010344      0.24353462D-03
  184  0.00010471      0.24950472D-03
  185  0.00010599      0.25562083D-03
  186  0.00010729      0.26188653D-03
  187  0.00010860      0.26830545D-03
  188  0.00010993      0.27488133D-03
  189  0.00011127      0.28161799D-03
  190  0.00011264      0.28851935D-03
  191  0.00011401      0.29558942D-03
  192  0.00011541      0.30283232D-03
  193  0.00011682      0.31025224D-03
  194  0.00011825      0.31785351D-03
  195  0.00011970      0.32564053D-03
  196  0.00012116      0.33361782D-03
  197  0.00012265      0.34179002D-03
  198  0.00012415      0.35016188D-03
  199  0.00012567      0.35873824D-03
  200  0.00012720      0.36752408D-03
  201  0.00012876      0.37652450D-03
  202  0.00013034      0.38574472D-03
  203  0.00013193      0.39519008D-03
  204  0.00013354      0.40486606D-03
  205  0.00013518      0.41477826D-03
  206  0.00013683      0.42493242D-03
  207  0.00013851      0.43533442D-03
  208  0.00014020      0.44599030D-03
  209  0.00014192      0.45690620D-03
  210  0.00014365      0.46808845D-03
  211  0.00014541      0.47954352D-03
  212  0.00014719      0.49127803D-03
  213  0.00014899      0.50329876D-03
  214  0.00015082      0.51561267D-03
  215  0.00015266      0.52822686D-03
  216  0.00015453      0.54114863D-03
  217  0.00015642      0.55438543D-03
  218  0.00015833      0.56794491D-03
  219  0.00016027      0.58183489D-03
  220  0.00016223      0.59606338D-03
  221  0.00016422      0.61063859D-03
  222  0.00016623      0.62556893D-03
  223  0.00016826      0.64086299D-03
  224  0.00017032      0.65652960D-03
  225  0.00017241      0.67257776D-03
  226  0.00017452      0.68901674D-03
  227  0.00017665      0.70585598D-03
  228  0.00017881      0.72310517D-03
  229  0.00018100      0.74077425D-03
  230  0.00018322      0.75887336D-03
  231  0.00018546      0.77741291D-03
  232  0.00018773      0.79640355D-03
  233  0.00019002      0.81585619D-03
  234  0.00019235      0.83578201D-03
  235  0.00019470      0.85619243D-03
  236  0.00019709      0.87709916D-03
  237  0.00019950      0.89851420D-03
  238  0.00020194      0.92044983D-03
  239  0.00020441      0.94291860D-03
  240  0.00020691      0.96593341D-03
  241  0.00020944      0.98950741D-03
  242  0.00021201      0.10136541D-02
  243  0.00021460      0.10383873D-02
  244  0.00021723      0.10637212D-02
  245  0.00021988      0.10896702D-02
  246  0.00022257      0.11162492D-02
  247  0.00022530      0.11434733D-02
  248  0.00022805      0.11713581D-02
  249  0.00023085      0.11999195D-02
  250  0.00023367      0.12291738D-02
  251  0.00023653      0.12591376D-02
  252  0.00023942      0.12898281D-02
  253  0.00024235      0.13212628D-02
  254  0.00024532      0.13534594D-02
  255  0.00024832      0.13864364D-02
  256  0.00025136      0.14202125D-02
  257  0.00025444      0.14548070D-02
  258  0.00025755      0.14902393D-02
  259  0.00026070      0.15265298D-02
  260  0.00026389      0.15636989D-02
  261  0.00026712      0.16017678D-02
  262  0.00027039      0.16407581D-02
  263  0.00027370      0.16806918D-02
  264  0.00027705      0.17215916D-02
  265  0.00028044      0.17634807D-02
  266  0.00028387      0.18063826D-02
  267  0.00028734      0.18503218D-02
  268  0.00029086      0.18953230D-02
  269  0.00029442      0.19414116D-02
  270  0.00029802      0.19886137D-02
  271  0.00030167      0.20369559D-02
  272  0.00030536      0.20864655D-02
  273  0.00030910      0.21371703D-02
  274  0.00031288      0.21890989D-02
  275  0.00031671      0.22422805D-02
  276  0.00032058      0.22967451D-02
  277  0.00032450      0.23525233D-02
  278  0.00032848      0.24096463D-02
  279  0.00033249      0.24681464D-02
  280  0.00033656      0.25280562D-02
  281  0.00034068      0.25894094D-02
  282  0.00034485      0.26522403D-02
  283  0.00034907      0.27165842D-02
  284  0.00035334      0.27824770D-02
  285  0.00035767      0.28499556D-02
  286  0.00036204      0.29190576D-02
  287  0.00036647      0.29898217D-02
  288  0.00037096      0.30622873D-02
  289  0.00037550      0.31364948D-02
  290  0.00038009      0.32124857D-02
  291  0.00038474      0.32903020D-02
  292  0.00038945      0.33699872D-02
  293  0.00039422      0.34515856D-02
  294  0.00039904      0.35351424D-02
  295  0.00040392      0.36207040D-02
  296  0.00040887      0.37083178D-02
  297  0.00041387      0.37980325D-02
  298  0.00041893      0.38898976D-02
  299  0.00042406      0.39839639D-02
  300  0.00042925      0.40802835D-02
  301  0.00043450      0.41789095D-02
  302  0.00043982      0.42798964D-02
  303  0.00044520      0.43832997D-02
  304  0.00045065      0.44891764D-02
  305  0.00045616      0.45975848D-02
  306  0.00046174      0.47085845D-02
  307  0.00046740      0.48222363D-02
  308  0.00047311      0.49386028D-02
  309  0.00047890      0.50577475D-02
  310  0.00048476      0.51797359D-02
  311  0.00049070      0.53046345D-02
  312  0.00049670      0.54325117D-02
  313  0.00050278      0.55634372D-02
  314  0.00050893      0.56974826D-02
  315  0.00051516      0.58347207D-02
  316  0.00052146      0.59752263D-02
  317  0.00052784      0.61190758D-02
  318  0.00053430      0.62663472D-02
  319  0.00054084      0.64171206D-02
  320  0.00054746      0.65714775D-02
  321  0.00055416      0.67295015D-02
  322  0.00056094      0.68912781D-02
  323  0.00056780      0.70568947D-02
  324  0.00057475      0.72264404D-02
  325  0.00058178      0.74000068D-02
  326  0.00058890      0.75776872D-02
  327  0.00059611      0.77595770D-02
  328  0.00060340      0.79457740D-02
  329  0.00061079      0.81363779D-02
  330  0.00061826      0.83314909D-02
  331  0.00062583      0.85312172D-02
  332  0.00063349      0.87356635D-02
  333  0.00064124      0.89449389D-02
  334  0.00064908      0.91591548D-02
  335  0.00065703      0.93784252D-02
  336  0.00066507      0.96028666D-02
  337  0.00067321      0.98325980D-02
  338  0.00068144      0.10067741D-01
  339  0.00068978      0.10308420D-01
  340  0.00069822      0.10554763D-01
  341  0.00070677      0.10806898D-01
  342  0.00071542      0.11064960D-01
  343  0.00072417      0.11329083D-01
  344  0.00073303      0.11599407D-01
  345  0.00074200      0.11876073D-01
  346  0.00075108      0.12159225D-01
  347  0.00076027      0.12449013D-01
  348  0.00076957      0.12745586D-01
  349  0.00077899      0.13049100D-01
  350  0.00078852      0.13359713D-01
  351  0.00079817      0.13677585D-01
  352  0.00080794      0.14002881D-01
  353  0.00081783      0.14335770D-01
  354  0.00082783      0.14676424D-01
  355  0.00083796      0.15025018D-01
  356  0.00084822      0.15381732D-01
  357  0.00085860      0.15746749D-01
  358  0.00086910      0.16120256D-01
  359  0.00087974      0.16502445D-01
  360  0.00089050      0.16893510D-01
  361  0.00090140      0.17293650D-01
  362  0.00091243      0.17703071D-01
  363  0.00092360      0.18121979D-01
  364  0.00093490      0.18550586D-01
  365  0.00094634      0.18989111D-01
  366  0.00095792      0.19437773D-01
  367  0.00096964      0.19896800D-01
  368  0.00098151      0.20366421D-01
  369  0.00099352      0.20846872D-01
  370  0.00100567      0.21338394D-01
  371  0.00101798      0.21841232D-01
  372  0.00103044      0.22355637D-01
  373  0.00104305      0.22881865D-01
  374  0.00105581      0.23420176D-01
  375  0.00106873      0.23970837D-01
  376  0.00108181      0.24534119D-01
  377  0.00109505      0.25110300D-01
  378  0.00110845      0.25699664D-01
  379  0.00112201      0.26302498D-01
  380  0.00113574      0.26919098D-01
  381  0.00114964      0.27549764D-01
  382  0.00116370      0.28194803D-01
  383  0.00117794      0.28854528D-01
  384  0.00119236      0.29529257D-01
  385  0.00120695      0.30219317D-01
  386  0.00122172      0.30925039D-01
  387  0.00123667      0.31646762D-01
  388  0.00125180      0.32384831D-01
  389  0.00126712      0.33139599D-01
  390  0.00128262      0.33911423D-01
  391  0.00129832      0.34700671D-01
  392  0.00131421      0.35507715D-01
  393  0.00133029      0.36332936D-01
  394  0.00134657      0.37176721D-01
  395  0.00136304      0.38039466D-01
  396  0.00137972      0.38921574D-01
  397  0.00139661      0.39823455D-01
  398  0.00141370      0.40745528D-01
  399  0.00143100      0.41688218D-01
  400  0.00144851      0.42651961D-01
  401  0.00146623      0.43637199D-01
  402  0.00148417      0.44644383D-01
  403  0.00150234      0.45673971D-01
  404  0.00152072      0.46726433D-01
  405  0.00153933      0.47802243D-01
  406  0.00155816      0.48901889D-01
  407  0.00157723      0.50025862D-01
  408  0.00159653      0.51174668D-01
  409  0.00161607      0.52348817D-01
  410  0.00163584      0.53548831D-01
  411  0.00165586      0.54775242D-01
  412  0.00167612      0.56028589D-01
  413  0.00169663      0.57309422D-01
  414  0.00171740      0.58618301D-01
  415  0.00173841      0.59955794D-01
  416  0.00175968      0.61322483D-01
  417  0.00178122      0.62718954D-01
  418  0.00180301      0.64145809D-01
  419  0.00182508      0.65603656D-01
  420  0.00184741      0.67093116D-01
  421  0.00187001      0.68614819D-01
  422  0.00189290      0.70169406D-01
  423  0.00191606      0.71757529D-01
  424  0.00193951      0.73379850D-01
  425  0.00196324      0.75037043D-01
  426  0.00198726      0.76729793D-01
  427  0.00201158      0.78458793D-01
  428  0.00203620      0.80224751D-01
  429  0.00206111      0.82028384D-01
  430  0.00208634      0.83870422D-01
  431  0.00211187      0.85751605D-01
  432  0.00213771      0.87672683D-01
  433  0.00216387      0.89634422D-01
  434  0.00219034      0.91637595D-01
  435  0.00221715      0.93682989D-01
  436  0.00224428      0.95771402D-01
  437  0.00227174      0.97903644D-01
  438  0.00229954      0.10008054D+00
  439  0.00232768      0.10230291D+00
  440  0.00235616      0.10457162D+00
  441  0.00238499      0.10688751D+00
  442  0.00241418      0.10925146D+00
  443  0.00244372      0.11166435D+00
  444  0.00247362      0.11412706D+00
  445  0.00250389      0.11664051D+00
  446  0.00253453      0.11920561D+00
  447  0.00256555      0.12182329D+00
  448  0.00259694      0.12449449D+00
  449  0.00262872      0.12722016D+00
  450  0.00266089      0.13000127D+00
  451  0.00269345      0.13283879D+00
  452  0.00272641      0.13573371D+00
  453  0.00275977      0.13868702D+00
  454  0.00279354      0.14169975D+00
  455  0.00282772      0.14477290D+00
  456  0.00286233      0.14790752D+00
  457  0.00289735      0.15110464D+00
  458  0.00293281      0.15436532D+00
  459  0.00296869      0.15769062D+00
  460  0.00300502      0.16108163D+00
  461  0.00304179      0.16453943D+00
  462  0.00307901      0.16806511D+00
  463  0.00311669      0.17165978D+00
  464  0.00315483      0.17532457D+00
  465  0.00319343      0.17906058D+00
  466  0.00323251      0.18286897D+00
  467  0.00327207      0.18675087D+00
  468  0.00331211      0.19070743D+00
  469  0.00335264      0.19473983D+00
  470  0.00339366      0.19884921D+00
  471  0.00343519      0.20303678D+00
  472  0.00347723      0.20730369D+00
  473  0.00351978      0.21165116D+00
  474  0.00356285      0.21608037D+00
  475  0.00360644      0.22059252D+00
  476  0.00365057      0.22518883D+00
  477  0.00369525      0.22987050D+00
  478  0.00374046      0.23463876D+00
  479  0.00378624      0.23949482D+00
  480  0.00383257      0.24443991D+00
  481  0.00387946      0.24947526D+00
  482  0.00392694      0.25460209D+00
  483  0.00397499      0.25982163D+00
  484  0.00402363      0.26513512D+00
  485  0.00407287      0.27054377D+00
  486  0.00412271      0.27604883D+00
  487  0.00417315      0.28165152D+00
  488  0.00422422      0.28735306D+00
  489  0.00427591      0.29315467D+00
  490  0.00432824      0.29905757D+00
  491  0.00438120      0.30506298D+00
  492  0.00443481      0.31117208D+00
  493  0.00448908      0.31738609D+00
  494  0.00454401      0.32370618D+00
  495  0.00459961      0.33013355D+00
  496  0.00465590      0.33666935D+00
  497  0.00471287      0.34331474D+00
  498  0.00477054      0.35007087D+00
  499  0.00482892      0.35693886D+00
  500  0.00488801      0.36391983D+00
  501  0.00494782      0.37101487D+00
  502  0.00500837      0.37822506D+00
  503  0.00506965      0.38555146D+00
  504  0.00513169      0.39299511D+00
  505  0.00519449      0.40055701D+00
  506  0.00525805      0.40823816D+00
  507  0.00532239      0.41603953D+00
  508  0.00538752      0.42396204D+00
  509  0.00545345      0.43200660D+00
  510  0.00552018      0.44017409D+00
  511  0.00558773      0.44846535D+00
  512  0.00565610      0.45688119D+00
  513  0.00572532      0.46542238D+00
  514  0.00579538      0.47408965D+00
  515  0.00586629      0.48288369D+00
  516  0.00593808      0.49180515D+00
  517  0.00601074      0.50085464D+00
  518  0.00608429      0.51003271D+00
  519  0.00615874      0.51933988D+00
  520  0.00623411      0.52877659D+00
  521  0.00631039      0.53834325D+00
  522  0.00638761      0.54804022D+00
  523  0.00646577      0.55786778D+00
  524  0.00654490      0.56782616D+00
  525  0.00662498      0.57791552D+00
  526  0.00670605      0.58813597D+00
  527  0.00678811      0.59848753D+00
  528  0.00687118      0.60897018D+00
  529  0.00695526      0.61958380D+00
  530  0.00704037      0.63032819D+00
  531  0.00712652      0.64120311D+00
  532  0.00721373      0.65220818D+00
  533  0.00730200      0.66334300D+00
  534  0.00739135      0.67460702D+00
  535  0.00748180      0.68599966D+00
  536  0.00757335      0.69752020D+00
  537  0.00766602      0.70916785D+00
  538  0.00775983      0.72094171D+00
  539  0.00785479      0.73284079D+00
  540  0.00795090      0.74486398D+00
  541  0.00804820      0.75701009D+00
  542  0.00814668      0.76927777D+00
  543  0.00824637      0.78166562D+00
  544  0.00834728      0.79417207D+00
  545  0.00844942      0.80679546D+00
  546  0.00855282      0.81953400D+00
  547  0.00865748      0.83238577D+00
  548  0.00876342      0.84534874D+00
  549  0.00887065      0.85842072D+00
  550  0.00897920      0.87159940D+00
  551  0.00908908      0.88488236D+00
  552  0.00920030      0.89826698D+00
  553  0.00931288      0.91175056D+00
  554  0.00942684      0.92533021D+00
  555  0.00954219      0.93900292D+00
  556  0.00965896      0.95276550D+00
  557  0.00977715      0.96661465D+00
  558  0.00989679      0.98054686D+00
  559  0.01001790      0.99455850D+00
  560  0.01014049      0.10086458D+01
  561  0.01026457      0.10228047D+01
  562  0.01039018      0.10370312D+01
  563  0.01051732      0.10513209D+01
  564  0.01064602      0.10656694D+01
  565  0.01077629      0.10800720D+01
  566  0.01090816      0.10945239D+01
  567  0.01104164      0.11090201D+01
  568  0.01117675      0.11235555D+01
  569  0.01131352      0.11381247D+01
  570  0.01145196      0.11527222D+01
  571  0.01159210      0.11673424D+01
  572  0.01173395      0.11819792D+01
  573  0.01187753      0.11966267D+01
  574  0.01202288      0.12112786D+01
  575  0.01217000      0.12259284D+01
  576  0.01231892      0.12405697D+01
  577  0.01246966      0.12551955D+01
  578  0.01262225      0.12697989D+01
  579  0.01277671      0.12843728D+01
  580  0.01293305      0.12989099D+01
  581  0.01309131      0.13134025D+01
  582  0.01325151      0.13278431D+01
  583  0.01341366      0.13422238D+01
  584  0.01357780      0.13565364D+01
  585  0.01374395      0.13707730D+01
  586  0.01391213      0.13849250D+01
  587  0.01408237      0.13989839D+01
  588  0.01425470      0.14129411D+01
  589  0.01442913      0.14267876D+01
  590  0.01460569      0.14405145D+01
  591  0.01478442      0.14541127D+01
  592  0.01496533      0.14675727D+01
  593  0.01514846      0.14808853D+01
  594  0.01533383      0.14940408D+01
  595  0.01552147      0.15070295D+01
  596  0.01571140      0.15198416D+01
  597  0.01590366      0.15324672D+01
  598  0.01609826      0.15448963D+01
  599  0.01629526      0.15571187D+01
  600  0.01649466      0.15691242D+01
  601  0.01669650      0.15809025D+01
  602  0.01690081      0.15924432D+01
  603  0.01710762      0.16037359D+01
  604  0.01731696      0.16147702D+01
  605  0.01752887      0.16255353D+01
  606  0.01774336      0.16360209D+01
  607  0.01796049      0.16462163D+01
  608  0.01818026      0.16561109D+01
  609  0.01840273      0.16656942D+01
  610  0.01862792      0.16749555D+01
  611  0.01885587      0.16838843D+01
  612  0.01908660      0.16924701D+01
  613  0.01932016      0.17007025D+01
  614  0.01955658      0.17085710D+01
  615  0.01979589      0.17160654D+01
  616  0.02003813      0.17231755D+01
  617  0.02028333      0.17298911D+01
  618  0.02053153      0.17362024D+01
  619  0.02078277      0.17420995D+01
  620  0.02103708      0.17475727D+01
  621  0.02129451      0.17526126D+01
  622  0.02155509      0.17572099D+01
  623  0.02181885      0.17613555D+01
  624  0.02208584      0.17650406D+01
  625  0.02235610      0.17682565D+01
  626  0.02262967      0.17709951D+01
  627  0.02290658      0.17732481D+01
  628  0.02318689      0.17750078D+01
  629  0.02347062      0.17762668D+01
  630  0.02375783      0.17770179D+01
  631  0.02404854      0.17772545D+01
  632  0.02434282      0.17769701D+01
  633  0.02464070      0.17761586D+01
  634  0.02494222      0.17748145D+01
  635  0.02524743      0.17729327D+01
  636  0.02555638      0.17705082D+01
  637  0.02586911      0.17675369D+01
  638  0.02618566      0.17640149D+01
  639  0.02650609      0.17599388D+01
  640  0.02683044      0.17553059D+01
  641  0.02715876      0.17501137D+01
  642  0.02749110      0.17443605D+01
  643  0.02782750      0.17380449D+01
  644  0.02816802      0.17311664D+01
  645  0.02851270      0.17237248D+01
  646  0.02886161      0.17157205D+01
  647  0.02921478      0.17071546D+01
  648  0.02957227      0.16980287D+01
  649  0.02993414      0.16883451D+01
  650  0.03030044      0.16781066D+01
  651  0.03067122      0.16673168D+01
  652  0.03104654      0.16559798D+01
  653  0.03142645      0.16441005D+01
  654  0.03181101      0.16316842D+01
  655  0.03220027      0.16187370D+01
  656  0.03259430      0.16052656D+01
  657  0.03299315      0.15912775D+01
  658  0.03339688      0.15767807D+01
  659  0.03380555      0.15617839D+01
  660  0.03421922      0.15462964D+01
  661  0.03463795      0.15303281D+01
  662  0.03506181      0.15138897D+01
  663  0.03549085      0.14969925D+01
  664  0.03592515      0.14796482D+01
  665  0.03636475      0.14618694D+01
  666  0.03680974      0.14436691D+01
  667  0.03726017      0.14250610D+01
  668  0.03771612      0.14060592D+01
  669  0.03817764      0.13866786D+01
  670  0.03864481      0.13669345D+01
  671  0.03911770      0.13468427D+01
  672  0.03959638      0.13264194D+01
  673  0.04008091      0.13056815D+01
  674  0.04057137      0.12846463D+01
  675  0.04106783      0.12633314D+01
  676  0.04157037      0.12417548D+01
  677  0.04207906      0.12199350D+01
  678  0.04259397      0.11978907D+01
  679  0.04311518      0.11756411D+01
  680  0.04364277      0.11532055D+01
  681  0.04417682      0.11306036D+01
  682  0.04471740      0.11078550D+01
  683  0.04526460      0.10849800D+01
  684  0.04581849      0.10619985D+01
  685  0.04637916      0.10389308D+01
  686  0.04694669      0.10157974D+01
  687  0.04752117      0.99261855D+00
  688  0.04810268      0.96941461D+00
  689  0.04869130      0.94620592D+00
  690  0.04928712      0.92301273D+00
  691  0.04989024      0.89985518D+00
  692  0.05050073      0.87675324D+00
  693  0.05111870      0.85372668D+00
  694  0.05174423      0.83079507D+00
  695  0.05237741      0.80797769D+00
  696  0.05301834      0.78529350D+00
  697  0.05366712      0.76276115D+00
  698  0.05432383      0.74039889D+00
  699  0.05498858      0.71822456D+00
  700  0.05566146      0.69625555D+00
  701  0.05634258      0.67450877D+00
  702  0.05703203      0.65300061D+00
  703  0.05772992      0.63174693D+00
  704  0.05843635      0.61076301D+00
  705  0.05915142      0.59006350D+00
  706  0.05987524      0.56966248D+00
  707  0.06060792      0.54957332D+00
  708  0.06134957      0.52980876D+00
  709  0.06210029      0.51038080D+00
  710  0.06286020      0.49130076D+00
  711  0.06362940      0.47257922D+00
  712  0.06440802      0.45422601D+00
  713  0.06519617      0.43625018D+00
  714  0.06599396      0.41866006D+00
  715  0.06680151      0.40146315D+00
  716  0.06761895      0.38466619D+00
  717  0.06844639      0.36827515D+00
  718  0.06928395      0.35229517D+00
  719  0.07013176      0.33673064D+00
  720  0.07098995      0.32158514D+00
  721  0.07185864      0.30686150D+00
  722  0.07273796      0.29256174D+00
  723  0.07362803      0.27868714D+00
  724  0.07452900      0.26523825D+00
  725  0.07544100      0.25221484D+00
  726  0.07636415      0.23961601D+00
  727  0.07729860      0.22744013D+00
  728  0.07824449      0.21568489D+00
  729  0.07920195      0.20434734D+00
  730  0.08017113      0.19342387D+00
  731  0.08115216      0.18291028D+00
  732  0.08214521      0.17280178D+00
  733  0.08315040      0.16309303D+00
  734  0.08416789      0.15377815D+00
  735  0.08519784      0.14485078D+00
  736  0.08624038      0.13630407D+00
  737  0.08729569      0.12813077D+00
  738  0.08836390      0.12032319D+00
  739  0.08944519      0.11287331D+00
  740  0.09053972      0.10577274D+00
  741  0.09164763      0.99012808D-01
  742  0.09276910      0.92584569D-01
  743  0.09390430      0.86478839D-01
  744  0.09505338      0.80686236D-01
  745  0.09621653      0.75197204D-01
  746  0.09739391      0.70002052D-01
  747  0.09858570      0.65090984D-01
  748  0.09979207      0.60454128D-01
  749  0.10101320      0.56081568D-01
  750  0.10224928      0.51963372D-01
  751  0.10350048      0.48089621D-01
  752  0.10476699      0.44450436D-01
  753  0.10604900      0.41036003D-01
  754  0.10734670      0.37836597D-01
  755  0.10866028      0.34842608D-01
  756  0.10998993      0.32044557D-01
  757  0.11133585      0.29433124D-01
  758  0.11269825      0.26999159D-01
  759  0.11407731      0.24733704D-01
  760  0.11547325      0.22628007D-01
  761  0.11688627      0.20673536D-01
  762  0.11831658      0.18861992D-01
  763  0.11976440      0.17185319D-01
  764  0.12122993      0.15635714D-01
  765  0.12271339      0.14205637D-01
  766  0.12421501      0.12887814D-01
  767  0.12573500      0.11675242D-01
  768  0.12727359      0.10561197D-01
  769  0.12883101      0.95392327D-02
  770  0.13040748      0.86031811D-02
  771  0.13200325      0.77471552D-02
  772  0.13361855      0.69655457D-02
  773  0.13525361      0.62530195D-02
  774  0.13690868      0.56045158D-02
  775  0.13858400      0.50152427D-02
  776  0.14027982      0.44806713D-02
  777  0.14199639      0.39965308D-02
  778  0.14373397      0.35588013D-02
  779  0.14549281      0.31637070D-02
  780  0.14727317      0.28077088D-02
  781  0.14907532      0.24874961D-02
  782  0.15089953      0.21999786D-02
  783  0.15274605      0.19422772D-02
  784  0.15461517      0.17117157D-02
  785  0.15650716      0.15058113D-02
  786  0.15842230      0.13222654D-02
  787  0.16036088      0.11589549D-02
  788  0.16232318      0.10139224D-02
  789  0.16430950      0.88536747D-03
  790  0.16632012      0.77163752D-03
  791  0.16835534      0.67121892D-03
  792  0.17041547      0.58272836D-03
  793  0.17250080      0.50490438D-03
  794  0.17461166      0.43659920D-03
  795  0.17674834      0.37677079D-03
  796  0.17891117      0.32447523D-03
  797  0.18110047      0.27885943D-03
  798  0.18331655      0.23915412D-03
  799  0.18555976      0.20466725D-03
  800  0.18783041      0.17477761D-03
  801  0.19012885      0.14892895D-03
  802  0.19245542      0.12662433D-03
  803  0.19481045      0.10742082D-03
  804  0.19719430      0.90924652D-04
  805  0.19960733      0.76786527D-04
  806  0.20204988      0.64697403D-04
  807  0.20452232      0.54384509D-04
  808  0.20702501      0.45607691D-04
  809  0.20955833      0.38156037D-04
  810  0.21212265      0.31844793D-04
  811  0.21471835      0.26512525D-04
  812  0.21734581      0.22018545D-04
  813  0.22000542      0.18240563D-04
  814  0.22269758      0.15072559D-04
  815  0.22542268      0.12422867D-04
  816  0.22818113      0.10212439D-04
  817  0.23097333      0.83732977D-05
  818  0.23379970      0.68471435D-05
  819  0.23666065      0.55841162D-05
  820  0.23955662      0.45416921D-05
  821  0.24248802      0.36837070D-05
  822  0.24545529      0.29794933D-05
  823  0.24845887      0.24031190D-05
  824  0.25149921      0.19327207D-05
  825  0.25457675      0.15499195D-05
  826  0.25769195      0.12393115D-05
  827  0.26084527      0.98802514D-06
  828  0.26403717      0.78533766D-06
  829  0.26726814      0.62234371D-06
  830  0.27053864      0.49167030D-06
  831  0.27384916      0.38723233D-06
  832  0.27720019      0.30402352D-06
  833  0.28059223      0.23793836D-06
  834  0.28402578      0.18562099D-06
  835  0.28750134      0.14433724D-06
  836  0.29101943      0.11186691D-06
  837  0.29458057      0.86413137D-07
  838  0.29818528      0.66526646D-07
  839  0.30183411      0.51042482D-07
  840  0.30552759      0.39027492D-07
  841  0.30926626      0.29736809D-07
  842  0.31305069      0.22577972D-07
  843  0.31688142      0.17081424D-07
  844  0.32075903      0.12876367D-07
  845  0.32468408      0.96710601D-08
  846  0.32865717      0.72368128D-08
  847  0.33267888      0.53950317D-08
  848  0.33674979      0.40067727D-08
  849  0.34087053      0.29643527D-08
  850  0.34504168      0.21846389D-08
  851  0.34926388      0.16037033D-08
  852  0.35353775      0.11725805D-08
  853  0.35786391      0.85391571D-09
  854  0.36224301      0.61932738D-09
  855  0.36667570      0.44733971D-09
  856  0.37116263      0.32176975D-09
  857  0.37570446      0.23047404D-09
  858  0.38030188      0.16437889D-09
  859  0.38495555      0.11673343D-09
  860  0.38966616      0.82536725D-10
  861  0.39443442      0.58100439D-10
  862  0.39926103      0.40716356D-10
  863  0.40414670      0.28404851D-10
  864  0.40909215      0.19725445D-10
  865  0.41409812      0.13634778D-10
  866  0.41916535      0.93806344D-11
  867  0.42429458      0.64232519D-11
  868  0.42948658      0.43771523D-11
  869  0.43474211      0.29683658D-11
  870  0.44006196      0.20031201D-11
  871  0.44544690      0.13450389D-11
  872  0.45089773      0.89861799D-12
  873  0.45641527      0.59731256D-12
  874  0.46200032      0.39499170D-12
  875  0.46765372      0.25984077D-12
  876  0.47337629      0.17003271D-12
  877  0.47916889      0.11067159D-12
  878  0.48503238      0.71645776D-13
  879  0.49096761      0.46128341D-13
  880  0.49697547      0.29535185D-13
  881  0.50305685      0.18805196D-13
  882  0.50921265      0.11905675D-13
  883  0.51544377      0.74944549D-14
  884  0.52175114      0.46903846D-14
  885  0.52813570      0.29183205D-14
  886  0.53459838      0.18050521D-14
  887  0.54114014      0.11098364D-14
  888  0.54776195      0.67830949D-15
  889  0.55446479      0.41209635D-15
  890  0.56124966      0.24888241D-15
  891  0.56811754      0.14943557D-15
  892  0.57506947      0.89251728D-16
  893  0.58210647      0.53039563D-16
  894  0.58922958      0.31341377D-16
  895  0.59643985      0.18604213D-16
  896  0.60373835      0.10827026D-16
  897  0.61112617      0.62085911D-17
  898  0.61860438      0.35360759D-17
  899  0.62617411      0.20001315D-17
  900  0.63383646      0.11234853D-17
  901  0.64159258      0.00000000D+00
  902  0.64944361      0.00000000D+00
  903  0.65739070      0.00000000D+00
  904  0.66543505      0.00000000D+00
  905  0.67357783      0.00000000D+00
  906  0.68182025      0.00000000D+00
  907  0.69016354      0.00000000D+00
  908  0.69860891      0.00000000D+00
  909  0.70715764      0.00000000D+00
  910  0.71581097      0.00000000D+00
  911  0.72457019      0.00000000D+00
  912  0.73343660      0.00000000D+00
  913  0.74241150      0.00000000D+00
  914  0.75149622      0.00000000D+00
  915  0.76069212      0.00000000D+00
  916  0.77000054      0.00000000D+00
  917  0.77942286      0.00000000D+00
  918  0.78896049      0.00000000D+00
  919  0.79861482      0.00000000D+00
  920  0.80838730      0.00000000D+00
  921  0.81827935      0.00000000D+00
  922  0.82829246      0.00000000D+00
  923  0.83842809      0.00000000D+00
  924  0.84868775      0.00000000D+00
  925  0.85907295      0.00000000D+00
  926  0.86958524      0.00000000D+00
  927  0.88022616      0.00000000D+00
  928  0.89099729      0.00000000D+00
  929  0.90190023      0.00000000D+00
  930  0.91293658      0.00000000D+00
  931  0.92410799      0.00000000D+00
  932  0.93541609      0.00000000D+00
  933  0.94686257      0.00000000D+00
  934  0.95844912      0.00000000D+00
  935  0.97017745      0.00000000D+00
  936  0.98204930      0.00000000D+00
  937  0.99406642      0.00000000D+00
  938  1.00623059      0.00000000D+00
  939  1.01854361      0.00000000D+00
  940  1.03100730      0.00000000D+00
  941  1.04362351      0.00000000D+00
  942  1.05639410      0.00000000D+00
  943  1.06932096      0.00000000D+00
  944  1.08240601      0.00000000D+00
  945  1.09565117      0.00000000D+00
  946  1.10905841      0.00000000D+00
  947  1.12262972      0.00000000D+00
  948  1.13636709      0.00000000D+00
  949  1.15027256      0.00000000D+00
  950  1.16434819      0.00000000D+00
  951  1.17859606      0.00000000D+00
  952  1.19301828      0.00000000D+00
  953  1.20761698      0.00000000D+00
  954  1.22239433      0.00000000D+00
  955  1.23735250      0.00000000D+00
  956  1.25249370      0.00000000D+00
  957  1.26782019      0.00000000D+00
  958  1.28333423      0.00000000D+00
  959  1.29903811      0.00000000D+00
  960  1.31493415      0.00000000D+00
  961  1.33102471      0.00000000D+00
  962  1.34731216      0.00000000D+00
  963  1.36379892      0.00000000D+00
  964  1.38048743      0.00000000D+00
  965  1.39738015      0.00000000D+00
  966  1.41447958      0.00000000D+00
  967  1.43178825      0.00000000D+00
  968  1.44930873      0.00000000D+00
  969  1.46704360      0.00000000D+00
  970  1.48499549      0.00000000D+00
  971  1.50316705      0.00000000D+00
  972  1.52156097      0.00000000D+00
  973  1.54017998      0.00000000D+00
  974  1.55902682      0.00000000D+00
  975  1.57810429      0.00000000D+00
  976  1.59741520      0.00000000D+00
  977  1.61696242      0.00000000D+00
  978  1.63674883      0.00000000D+00
  979  1.65677736      0.00000000D+00
  980  1.67705098      0.00000000D+00
  981  1.69757269      0.00000000D+00
  982  1.71834551      0.00000000D+00
  983  1.73937252      0.00000000D+00
  984  1.76065684      0.00000000D+00
  985  1.78220161      0.00000000D+00
  986  1.80401001      0.00000000D+00
  987  1.82608529      0.00000000D+00
  988  1.84843069      0.00000000D+00
  989  1.87104953      0.00000000D+00
  990  1.89394515      0.00000000D+00
  991  1.91712093      0.00000000D+00
  992  1.94058032      0.00000000D+00
  993  1.96432677      0.00000000D+00
  994  1.98836380      0.00000000D+00
  995  2.01269497      0.00000000D+00
  996  2.03732388      0.00000000D+00
  997  2.06225416      0.00000000D+00
  998  2.08748951      0.00000000D+00
  999  2.11303365      0.00000000D+00
 1000  2.13889038      0.00000000D+00
 1001  2.16506351      0.00000000D+00
 1002  2.19155691      0.00000000D+00
 1003  2.21837451      0.00000000D+00
 1004  2.24552027      0.00000000D+00
 1005  2.27299820      0.00000000D+00
 1006  2.30081238      0.00000000D+00
 1007  2.32896691      0.00000000D+00
 1008  2.35746597      0.00000000D+00
 1009  2.38631376      0.00000000D+00
 1010  2.41551455      0.00000000D+00
 1011  2.44507267      0.00000000D+00
 1012  2.47499248      0.00000000D+00
 1013  2.50527842      0.00000000D+00
 1014  2.53593496      0.00000000D+00
 1015  2.56696663      0.00000000D+00
 1016  2.59837804      0.00000000D+00
 1017  2.63017381      0.00000000D+00
 1018  2.66235867      0.00000000D+00
 1019  2.69493737      0.00000000D+00
 1020  2.72791472      0.00000000D+00
 1021  2.76129561      0.00000000D+00
 1022  2.79508497      0.00000000D+00
