 ir        r              f(r)*r^2
    1  0.00001131      0.47177511D-24
    2  0.00001145      0.50748829D-24
    3  0.00001159      0.54590491D-24
    4  0.00001173      0.58722962D-24
    5  0.00001187      0.63168256D-24
    6  0.00001202      0.67950053D-24
    7  0.00001216      0.73093825D-24
    8  0.00001231      0.78626973D-24
    9  0.00001246      0.84578972D-24
   10  0.00001262      0.90981528D-24
   11  0.00001277      0.97868747D-24
   12  0.00001293      0.10527732D-23
   13  0.00001308      0.11324670D-23
   14  0.00001324      0.12181935D-23
   15  0.00001341      0.13104094D-23
   16  0.00001357      0.14096058D-23
   17  0.00001374      0.15163112D-23
   18  0.00001390      0.16310940D-23
   19  0.00001407      0.17545655D-23
   20  0.00001425      0.18873836D-23
   21  0.00001442      0.20302557D-23
   22  0.00001460      0.21839428D-23
   23  0.00001478      0.23492637D-23
   24  0.00001496      0.25270990D-23
   25  0.00001514      0.27183959D-23
   26  0.00001533      0.29241735D-23
   27  0.00001551      0.31455278D-23
   28  0.00001570      0.33836380D-23
   29  0.00001589      0.36397725D-23
   30  0.00001609      0.39152956D-23
   31  0.00001629      0.42116749D-23
   32  0.00001649      0.45304891D-23
   33  0.00001669      0.48734366D-23
   34  0.00001689      0.52423440D-23
   35  0.00001710      0.56391764D-23
   36  0.00001731      0.60660476D-23
   37  0.00001752      0.65252314D-23
   38  0.00001773      0.70191737D-23
   39  0.00001795      0.75505055D-23
   40  0.00001817      0.81220571D-23
   41  0.00001839      0.87368728D-23
   42  0.00001862      0.93982275D-23
   43  0.00001885      0.10109644D-22
   44  0.00001908      0.10874912D-22
   45  0.00001931      0.11698107D-22
   46  0.00001955      0.12583614D-22
   47  0.00001978      0.13536150D-22
   48  0.00002003      0.14560788D-22
   49  0.00002027      0.15662987D-22
   50  0.00002052      0.16848617D-22
   51  0.00002077      0.18123992D-22
   52  0.00002103      0.19495908D-22
   53  0.00002128      0.20971670D-22
   54  0.00002154      0.22559139D-22
   55  0.00002181      0.24266771D-22
   56  0.00002207      0.26103661D-22
   57  0.00002234      0.28079594D-22
   58  0.00002262      0.30205093D-22
   59  0.00002289      0.32491480D-22
   60  0.00002317      0.34950932D-22
   61  0.00002346      0.37596550D-22
   62  0.00002374      0.40442424D-22
   63  0.00002404      0.43503713D-22
   64  0.00002433      0.46796721D-22
   65  0.00002463      0.50338989D-22
   66  0.00002493      0.54149381D-22
   67  0.00002523      0.58248195D-22
   68  0.00002554      0.62657259D-22
   69  0.00002585      0.67400058D-22
   70  0.00002617      0.72501852D-22
   71  0.00002649      0.77989814D-22
   72  0.00002682      0.83893173D-22
   73  0.00002714      0.90243371D-22
   74  0.00002748      0.97074229D-22
   75  0.00002781      0.10442213D-21
   76  0.00002815      0.11232620D-21
   77  0.00002850      0.12082855D-21
   78  0.00002885      0.12997446D-21
   79  0.00002920      0.13981263D-21
   80  0.00002956      0.15039546D-21
   81  0.00002992      0.16177932D-21
   82  0.00003028      0.17402484D-21
   83  0.00003065      0.18719723D-21
   84  0.00003103      0.20136664D-21
   85  0.00003141      0.21660855D-21
   86  0.00003179      0.23300412D-21
   87  0.00003218      0.25064067D-21
   88  0.00003258      0.26961213D-21
   89  0.00003297      0.29001954D-21
   90  0.00003338      0.31197158D-21
   91  0.00003379      0.33558516D-21
   92  0.00003420      0.36098603D-21
   93  0.00003462      0.38830948D-21
   94  0.00003504      0.41770100D-21
   95  0.00003547      0.44931714D-21
   96  0.00003591      0.48332625D-21
   97  0.00003634      0.51990946D-21
   98  0.00003679      0.55926158D-21
   99  0.00003724      0.60159220D-21
  100  0.00003770      0.64712672D-21
  101  0.00003816      0.69610764D-21
  102  0.00003862      0.74879580D-21
  103  0.00003910      0.80547179D-21
  104  0.00003957      0.86643741D-21
  105  0.00004006      0.93201732D-21
  106  0.00004055      0.10025608D-20
  107  0.00004105      0.10784434D-20
  108  0.00004155      0.11600693D-20
  109  0.00004206      0.12478731D-20
  110  0.00004257      0.13423224D-20
  111  0.00004309      0.14439202D-20
  112  0.00004362      0.15532074D-20
  113  0.00004415      0.16707660D-20
  114  0.00004469      0.17972221D-20
  115  0.00004524      0.19332489D-20
  116  0.00004579      0.20795709D-20
  117  0.00004635      0.22369671D-20
  118  0.00004692      0.24062756D-20
  119  0.00004749      0.25883981D-20
  120  0.00004808      0.27843042D-20
  121  0.00004866      0.29950371D-20
  122  0.00004926      0.32217189D-20
  123  0.00004986      0.34655566D-20
  124  0.00005047      0.37278485D-20
  125  0.00005109      0.40099912D-20
  126  0.00005172      0.43134870D-20
  127  0.00005235      0.46399519D-20
  128  0.00005299      0.49911241D-20
  129  0.00005364      0.53688734D-20
  130  0.00005429      0.57752111D-20
  131  0.00005496      0.62123006D-20
  132  0.00005563      0.66824692D-20
  133  0.00005631      0.71882201D-20
  134  0.00005700      0.77322461D-20
  135  0.00005770      0.83174436D-20
  136  0.00005840      0.89469283D-20
  137  0.00005912      0.96240517D-20
  138  0.00005984      0.10352419D-19
  139  0.00006057      0.11135907D-19
  140  0.00006132      0.11978688D-19
  141  0.00006207      0.12885249D-19
  142  0.00006283      0.13860416D-19
  143  0.00006359      0.14909381D-19
  144  0.00006437      0.16037727D-19
  145  0.00006516      0.17251463D-19
  146  0.00006596      0.18557049D-19
  147  0.00006676      0.19961435D-19
  148  0.00006758      0.21472100D-19
  149  0.00006841      0.23097083D-19
  150  0.00006925      0.24845036D-19
  151  0.00007009      0.26725265D-19
  152  0.00007095      0.28747777D-19
  153  0.00007182      0.30923339D-19
  154  0.00007270      0.33263533D-19
  155  0.00007359      0.35780816D-19
  156  0.00007449      0.38488587D-19
  157  0.00007540      0.41401261D-19
  158  0.00007632      0.44534341D-19
  159  0.00007726      0.47904505D-19
  160  0.00007820      0.51529691D-19
  161  0.00007916      0.55429196D-19
  162  0.00008013      0.59623777D-19
  163  0.00008111      0.64135759D-19
  164  0.00008210      0.68989159D-19
  165  0.00008310      0.74209809D-19
  166  0.00008412      0.79825497D-19
  167  0.00008515      0.85866111D-19
  168  0.00008619      0.92363802D-19
  169  0.00008725      0.99353154D-19
  170  0.00008832      0.10687136D-18
  171  0.00008940      0.11495845D-18
  172  0.00009049      0.12365745D-18
  173  0.00009160      0.13301465D-18
  174  0.00009272      0.14307987D-18
  175  0.00009385      0.15390666D-18
  176  0.00009500      0.16555265D-18
  177  0.00009616      0.17807981D-18
  178  0.00009734      0.19155481D-18
  179  0.00009853      0.20604935D-18
  180  0.00009974      0.22164058D-18
  181  0.00010096      0.23841145D-18
  182  0.00010219      0.25645122D-18
  183  0.00010344      0.27585588D-18
  184  0.00010471      0.29672869D-18
  185  0.00010599      0.31918071D-18
  186  0.00010729      0.34333142D-18
  187  0.00010860      0.36930932D-18
  188  0.00010993      0.39725264D-18
  189  0.00011127      0.42731006D-18
  190  0.00011264      0.45964151D-18
  191  0.00011401      0.49441901D-18
  192  0.00011541      0.53182761D-18
  193  0.00011682      0.57206633D-18
  194  0.00011825      0.61534926D-18
  195  0.00011970      0.66190669D-18
  196  0.00012116      0.71198631D-18
  197  0.00012265      0.76585455D-18
  198  0.00012415      0.82379800D-18
  199  0.00012567      0.88612490D-18
  200  0.00012720      0.95316684D-18
  201  0.00012876      0.10252805D-17
  202  0.00013034      0.11028494D-17
  203  0.00013193      0.11862862D-17
  204  0.00013354      0.12760349D-17
  205  0.00013518      0.13725727D-17
  206  0.00013683      0.14764132D-17
  207  0.00013851      0.15881088D-17
  208  0.00014020      0.17082535D-17
  209  0.00014192      0.18374865D-17
  210  0.00014365      0.19764950D-17
  211  0.00014541      0.21260184D-17
  212  0.00014719      0.22868521D-17
  213  0.00014899      0.24598513D-17
  214  0.00015082      0.26459362D-17
  215  0.00015266      0.28460964D-17
  216  0.00015453      0.30613965D-17
  217  0.00015642      0.32929813D-17
  218  0.00015833      0.35420826D-17
  219  0.00016027      0.38100248D-17
  220  0.00016223      0.40982330D-17
  221  0.00016422      0.44082396D-17
  222  0.00016623      0.47416931D-17
  223  0.00016826      0.51003666D-17
  224  0.00017032      0.54861672D-17
  225  0.00017241      0.59011463D-17
  226  0.00017452      0.63475103D-17
  227  0.00017665      0.68276325D-17
  228  0.00017881      0.73440655D-17
  229  0.00018100      0.78995549D-17
  230  0.00018322      0.84970539D-17
  231  0.00018546      0.91397391D-17
  232  0.00018773      0.98310271D-17
  233  0.00019002      0.10574593D-16
  234  0.00019235      0.11374389D-16
  235  0.00019470      0.12234666D-16
  236  0.00019709      0.13159999D-16
  237  0.00019950      0.14155304D-16
  238  0.00020194      0.15225873D-16
  239  0.00020441      0.16377396D-16
  240  0.00020691      0.17615993D-16
  241  0.00020944      0.18948247D-16
  242  0.00021201      0.20381238D-16
  243  0.00021460      0.21922582D-16
  244  0.00021723      0.23580470D-16
  245  0.00021988      0.25363713D-16
  246  0.00022257      0.27281787D-16
  247  0.00022530      0.29344883D-16
  248  0.00022805      0.31563965D-16
  249  0.00023085      0.33950823D-16
  250  0.00023367      0.36518141D-16
  251  0.00023653      0.39279557D-16
  252  0.00023942      0.42249744D-16
  253  0.00024235      0.45444481D-16
  254  0.00024532      0.48880741D-16
  255  0.00024832      0.52576779D-16
  256  0.00025136      0.56552228D-16
  257  0.00025444      0.60828207D-16
  258  0.00025755      0.65427429D-16
  259  0.00026070      0.70374323D-16
  260  0.00026389      0.75695164D-16
  261  0.00026712      0.81418213D-16
  262  0.00027039      0.87573865D-16
  263  0.00027370      0.94194812D-16
  264  0.00027705      0.10131622D-15
  265  0.00028044      0.10897589D-15
  266  0.00028387      0.11721452D-15
  267  0.00028734      0.12607584D-15
  268  0.00029086      0.13560691D-15
  269  0.00029442      0.14585833D-15
  270  0.00029802      0.15688454D-15
  271  0.00030167      0.16874406D-15
  272  0.00030536      0.18149987D-15
  273  0.00030910      0.19521967D-15
  274  0.00031288      0.20997631D-15
  275  0.00031671      0.22584810D-15
  276  0.00032058      0.24291930D-15
  277  0.00032450      0.26128052D-15
  278  0.00032848      0.28102921D-15
  279  0.00033249      0.30227017D-15
  280  0.00033656      0.32511614D-15
  281  0.00034068      0.34968835D-15
  282  0.00034485      0.37611719D-15
  283  0.00034907      0.40454289D-15
  284  0.00035334      0.43511630D-15
  285  0.00035767      0.46799961D-15
  286  0.00036204      0.50336728D-15
  287  0.00036647      0.54140696D-15
  288  0.00037096      0.58232042D-15
  289  0.00037550      0.62632470D-15
  290  0.00038009      0.67365321D-15
  291  0.00038474      0.72455699D-15
  292  0.00038945      0.77930600D-15
  293  0.00039422      0.83819062D-15
  294  0.00039904      0.90152310D-15
  295  0.00040392      0.96963930D-15
  296  0.00040887      0.10429004D-14
  297  0.00041387      0.11216948D-14
  298  0.00041893      0.12064404D-14
  299  0.00042406      0.12975863D-14
  300  0.00042925      0.13956159D-14
  301  0.00043450      0.15010486D-14
  302  0.00043982      0.16144434D-14
  303  0.00044520      0.17364014D-14
  304  0.00045065      0.18675688D-14
  305  0.00045616      0.20086409D-14
  306  0.00046174      0.21603652D-14
  307  0.00046740      0.23235456D-14
  308  0.00047311      0.24990468D-14
  309  0.00047890      0.26877987D-14
  310  0.00048476      0.28908012D-14
  311  0.00049070      0.31091297D-14
  312  0.00049670      0.33439408D-14
  313  0.00050278      0.35964781D-14
  314  0.00050893      0.38680792D-14
  315  0.00051516      0.41601826D-14
  316  0.00052146      0.44743349D-14
  317  0.00052784      0.48121999D-14
  318  0.00053430      0.51755663D-14
  319  0.00054084      0.55663580D-14
  320  0.00054746      0.59866439D-14
  321  0.00055416      0.64386487D-14
  322  0.00056094      0.69247651D-14
  323  0.00056780      0.74475658D-14
  324  0.00057475      0.80098178D-14
  325  0.00058178      0.86144963D-14
  326  0.00058890      0.92648011D-14
  327  0.00059611      0.99641729D-14
  328  0.00060340      0.10716312D-13
  329  0.00061079      0.11525197D-13
  330  0.00061826      0.12395106D-13
  331  0.00062583      0.13330641D-13
  332  0.00063349      0.14336750D-13
  333  0.00064124      0.15418753D-13
  334  0.00064908      0.16582371D-13
  335  0.00065703      0.17833758D-13
  336  0.00066507      0.19179527D-13
  337  0.00067321      0.20626795D-13
  338  0.00068144      0.22183210D-13
  339  0.00068978      0.23856999D-13
  340  0.00069822      0.25657007D-13
  341  0.00070677      0.27592746D-13
  342  0.00071542      0.29674444D-13
  343  0.00072417      0.31913098D-13
  344  0.00073303      0.34320535D-13
  345  0.00074200      0.36909470D-13
  346  0.00075108      0.39693578D-13
  347  0.00076027      0.42687560D-13
  348  0.00076957      0.45907227D-13
  349  0.00077899      0.49369577D-13
  350  0.00078852      0.53092888D-13
  351  0.00079817      0.57096815D-13
  352  0.00080794      0.61402491D-13
  353  0.00081783      0.66032637D-13
  354  0.00082783      0.71011687D-13
  355  0.00083796      0.76365910D-13
  356  0.00084822      0.82123554D-13
  357  0.00085860      0.88314988D-13
  358  0.00086910      0.94972869D-13
  359  0.00087974      0.10213231D-12
  360  0.00089050      0.10983105D-12
  361  0.00090140      0.11810970D-12
  362  0.00091243      0.12701188D-12
  363  0.00092360      0.13658453D-12
  364  0.00093490      0.14687809D-12
  365  0.00094634      0.15794681D-12
  366  0.00095792      0.16984900D-12
  367  0.00096964      0.18264736D-12
  368  0.00098151      0.19640932D-12
  369  0.00099352      0.21120734D-12
  370  0.00100567      0.22711936D-12
  371  0.00101798      0.24422915D-12
  372  0.00103044      0.26262678D-12
  373  0.00104305      0.28240910D-12
  374  0.00105581      0.30368021D-12
  375  0.00106873      0.32655204D-12
  376  0.00108181      0.35114493D-12
  377  0.00109505      0.37758824D-12
  378  0.00110845      0.40602106D-12
  379  0.00112201      0.43659290D-12
  380  0.00113574      0.46946452D-12
  381  0.00114964      0.50480872D-12
  382  0.00116370      0.54281128D-12
  383  0.00117794      0.58367192D-12
  384  0.00119236      0.62760532D-12
  385  0.00120695      0.67484232D-12
  386  0.00122172      0.72563101D-12
  387  0.00123667      0.78023814D-12
  388  0.00125180      0.83895044D-12
  389  0.00126712      0.90207613D-12
  390  0.00128262      0.96994657D-12
  391  0.00129832      0.10429179D-11
  392  0.00131421      0.11213731D-11
  393  0.00133029      0.12057237D-11
  394  0.00134657      0.12964121D-11
  395  0.00136304      0.13939138D-11
  396  0.00137972      0.14987402D-11
  397  0.00139661      0.16114406D-11
  398  0.00141370      0.17326058D-11
  399  0.00143100      0.18628706D-11
  400  0.00144851      0.20029175D-11
  401  0.00146623      0.21534800D-11
  402  0.00148417      0.23153466D-11
  403  0.00150234      0.24893646D-11
  404  0.00152072      0.26764451D-11
  405  0.00153933      0.28775669D-11
  406  0.00155816      0.30937826D-11
  407  0.00157723      0.33262229D-11
  408  0.00159653      0.35761037D-11
  409  0.00161607      0.38447313D-11
  410  0.00163584      0.41335101D-11
  411  0.00165586      0.44439492D-11
  412  0.00167612      0.47776707D-11
  413  0.00169663      0.51364178D-11
  414  0.00171740      0.55220641D-11
  415  0.00173841      0.59366231D-11
  416  0.00175968      0.63822587D-11
  417  0.00178122      0.68612966D-11
  418  0.00180301      0.73762359D-11
  419  0.00182508      0.79297626D-11
  420  0.00184741      0.85247630D-11
  421  0.00187001      0.91643390D-11
  422  0.00189290      0.98518239D-11
  423  0.00191606      0.10590800D-10
  424  0.00193951      0.11385116D-10
  425  0.00196324      0.12238909D-10
  426  0.00198726      0.13156623D-10
  427  0.00201158      0.14143035D-10
  428  0.00203620      0.15203277D-10
  429  0.00206111      0.16342864D-10
  430  0.00208634      0.17567723D-10
  431  0.00211187      0.18884219D-10
  432  0.00213771      0.20299196D-10
  433  0.00216387      0.21820005D-10
  434  0.00219034      0.23454543D-10
  435  0.00221715      0.25211298D-10
  436  0.00224428      0.27099388D-10
  437  0.00227174      0.29128611D-10
  438  0.00229954      0.31309491D-10
  439  0.00232768      0.33653338D-10
  440  0.00235616      0.36172301D-10
  441  0.00238499      0.38879434D-10
  442  0.00241418      0.41788759D-10
  443  0.00244372      0.44915343D-10
  444  0.00247362      0.48275371D-10
  445  0.00250389      0.51886230D-10
  446  0.00253453      0.55766598D-10
  447  0.00256555      0.59936541D-10
  448  0.00259694      0.64417614D-10
  449  0.00262872      0.69232972D-10
  450  0.00266089      0.74407487D-10
  451  0.00269345      0.79967877D-10
  452  0.00272641      0.85942841D-10
  453  0.00275977      0.92363205D-10
  454  0.00279354      0.99262082D-10
  455  0.00282772      0.10667504D-09
  456  0.00286233      0.11464027D-09
  457  0.00289735      0.12319880D-09
  458  0.00293281      0.13239471D-09
  459  0.00296869      0.14227533D-09
  460  0.00300502      0.15289147D-09
  461  0.00304179      0.16429774D-09
  462  0.00307901      0.17655277D-09
  463  0.00311669      0.18971951D-09
  464  0.00315483      0.20386559D-09
  465  0.00319343      0.21906362D-09
  466  0.00323251      0.23539158D-09
  467  0.00327207      0.25293321D-09
  468  0.00331211      0.27177843D-09
  469  0.00335264      0.29202379D-09
  470  0.00339366      0.31377298D-09
  471  0.00343519      0.33713731D-09
  472  0.00347723      0.36223634D-09
  473  0.00351978      0.38919841D-09
  474  0.00356285      0.41816131D-09
  475  0.00360644      0.44927302D-09
  476  0.00365057      0.48269237D-09
  477  0.00369525      0.51858991D-09
  478  0.00374046      0.55714873D-09
  479  0.00378624      0.59856540D-09
  480  0.00383257      0.64305093D-09
  481  0.00387946      0.69083185D-09
  482  0.00392694      0.74215133D-09
  483  0.00397499      0.79727040D-09
  484  0.00402363      0.85646926D-09
  485  0.00407287      0.92004867D-09
  486  0.00412271      0.98833148D-09
  487  0.00417315      0.10616642D-08
  488  0.00422422      0.11404187D-08
  489  0.00427591      0.12249942D-08
  490  0.00432824      0.13158191D-08
  491  0.00438120      0.14133532D-08
  492  0.00443481      0.15180898D-08
  493  0.00448908      0.16305586D-08
  494  0.00454401      0.17513278D-08
  495  0.00459961      0.18810071D-08
  496  0.00465590      0.20202510D-08
  497  0.00471287      0.21697616D-08
  498  0.00477054      0.23302923D-08
  499  0.00482892      0.25026515D-08
  500  0.00488801      0.26877065D-08
  501  0.00494782      0.28863879D-08
  502  0.00500837      0.30996941D-08
  503  0.00506965      0.33286962D-08
  504  0.00513169      0.35745433D-08
  505  0.00519449      0.38384681D-08
  506  0.00525805      0.41217929D-08
  507  0.00532239      0.44259363D-08
  508  0.00538752      0.47524197D-08
  509  0.00545345      0.51028753D-08
  510  0.00552018      0.54790535D-08
  511  0.00558773      0.58828317D-08
  512  0.00565610      0.63162237D-08
  513  0.00572532      0.67813888D-08
  514  0.00579538      0.72806432D-08
  515  0.00586629      0.78164702D-08
  516  0.00593808      0.83915333D-08
  517  0.00601074      0.90086883D-08
  518  0.00608429      0.96709972D-08
  519  0.00615874      0.10381744D-07
  520  0.00623411      0.11144448D-07
  521  0.00631039      0.11962884D-07
  522  0.00638761      0.12841099D-07
  523  0.00646577      0.13783430D-07
  524  0.00654490      0.14794528D-07
  525  0.00662498      0.15879378D-07
  526  0.00670605      0.17043323D-07
  527  0.00678811      0.18292090D-07
  528  0.00687118      0.19631820D-07
  529  0.00695526      0.21069090D-07
  530  0.00704037      0.22610952D-07
  531  0.00712652      0.24264964D-07
  532  0.00721373      0.26039223D-07
  533  0.00730200      0.27942408D-07
  534  0.00739135      0.29983815D-07
  535  0.00748180      0.32173410D-07
  536  0.00757335      0.34521866D-07
  537  0.00766602      0.37040621D-07
  538  0.00775983      0.39741926D-07
  539  0.00785479      0.42638908D-07
  540  0.00795090      0.45745627D-07
  541  0.00804820      0.49077143D-07
  542  0.00814668      0.52649590D-07
  543  0.00824637      0.56480244D-07
  544  0.00834728      0.60587611D-07
  545  0.00844942      0.64991508D-07
  546  0.00855282      0.69713158D-07
  547  0.00865748      0.74775285D-07
  548  0.00876342      0.80202222D-07
  549  0.00887065      0.86020023D-07
  550  0.00897920      0.92256581D-07
  551  0.00908908      0.98941760D-07
  552  0.00920030      0.10610753D-06
  553  0.00931288      0.11378810D-06
  554  0.00942684      0.12202012D-06
  555  0.00954219      0.13084278D-06
  556  0.00965896      0.14029804D-06
  557  0.00977715      0.15043081D-06
  558  0.00989679      0.16128914D-06
  559  0.01001790      0.17292446D-06
  560  0.01014049      0.18539178D-06
  561  0.01026457      0.19874997D-06
  562  0.01039018      0.21306201D-06
  563  0.01051732      0.22839527D-06
  564  0.01064602      0.24482182D-06
  565  0.01077629      0.26241876D-06
  566  0.01090816      0.28126852D-06
  567  0.01104164      0.30145929D-06
  568  0.01117675      0.32308537D-06
  569  0.01131352      0.34624760D-06
  570  0.01145196      0.37105379D-06
  571  0.01159210      0.39761924D-06
  572  0.01173395      0.42606719D-06
  573  0.01187753      0.45652938D-06
  574  0.01202288      0.48914666D-06
  575  0.01217000      0.52406957D-06
  576  0.01231892      0.56145897D-06
  577  0.01246966      0.60148682D-06
  578  0.01262225      0.64433685D-06
  579  0.01277671      0.69020537D-06
  580  0.01293305      0.73930214D-06
  581  0.01309131      0.79185125D-06
  582  0.01325151      0.84809209D-06
  583  0.01341366      0.90828035D-06
  584  0.01357780      0.97268915D-06
  585  0.01374395      0.10416102D-05
  586  0.01391213      0.11153548D-05
  587  0.01408237      0.11942558D-05
  588  0.01425470      0.12786681D-05
  589  0.01442913      0.13689709D-05
  590  0.01460569      0.14655688D-05
  591  0.01478442      0.15688939D-05
  592  0.01496533      0.16794071D-05
  593  0.01514846      0.17976004D-05
  594  0.01533383      0.19239990D-05
  595  0.01552147      0.20591630D-05
  596  0.01571140      0.22036900D-05
  597  0.01590366      0.23582176D-05
  598  0.01609826      0.25234259D-05
  599  0.01629526      0.27000401D-05
  600  0.01649466      0.28888340D-05
  601  0.01669650      0.30906321D-05
  602  0.01690081      0.33063141D-05
  603  0.01710762      0.35368174D-05
  604  0.01731696      0.37831416D-05
  605  0.01752887      0.40463519D-05
  606  0.01774336      0.43275836D-05
  607  0.01796049      0.46280466D-05
  608  0.01818026      0.49490298D-05
  609  0.01840273      0.52919068D-05
  610  0.01862792      0.56581403D-05
  611  0.01885587      0.60492887D-05
  612  0.01908660      0.64670115D-05
  613  0.01932016      0.69130758D-05
  614  0.01955658      0.73893632D-05
  615  0.01979589      0.78978769D-05
  616  0.02003813      0.84407490D-05
  617  0.02028333      0.90202491D-05
  618  0.02053153      0.96387922D-05
  619  0.02078277      0.10298948D-04
  620  0.02103708      0.11003451D-04
  621  0.02129451      0.11755209D-04
  622  0.02155509      0.12557315D-04
  623  0.02181885      0.13413060D-04
  624  0.02208584      0.14325941D-04
  625  0.02235610      0.15299678D-04
  626  0.02262967      0.16338223D-04
  627  0.02290658      0.17445779D-04
  628  0.02318689      0.18626811D-04
  629  0.02347062      0.19886063D-04
  630  0.02375783      0.21228578D-04
  631  0.02404854      0.22659708D-04
  632  0.02434282      0.24185141D-04
  633  0.02464070      0.25810915D-04
  634  0.02494222      0.27543441D-04
  635  0.02524743      0.29389527D-04
  636  0.02555638      0.31356394D-04
  637  0.02586911      0.33451710D-04
  638  0.02618566      0.35683608D-04
  639  0.02650609      0.38060716D-04
  640  0.02683044      0.40592187D-04
  641  0.02715876      0.43287727D-04
  642  0.02749110      0.46157625D-04
  643  0.02782750      0.49212791D-04
  644  0.02816802      0.52464788D-04
  645  0.02851270      0.55925870D-04
  646  0.02886161      0.59609019D-04
  647  0.02921478      0.63527988D-04
  648  0.02957227      0.67697342D-04
  649  0.02993414      0.72132507D-04
  650  0.03030044      0.76849810D-04
  651  0.03067122      0.81866538D-04
  652  0.03104654      0.87200982D-04
  653  0.03142645      0.92872497D-04
  654  0.03181101      0.98901557D-04
  655  0.03220027      0.10530982D-03
  656  0.03259430      0.11212017D-03
  657  0.03299315      0.11935683D-03
  658  0.03339688      0.12704538D-03
  659  0.03380555      0.13521285D-03
  660  0.03421922      0.14388780D-03
  661  0.03463795      0.15310042D-03
  662  0.03506181      0.16288255D-03
  663  0.03549085      0.17326783D-03
  664  0.03592515      0.18429177D-03
  665  0.03636475      0.19599182D-03
  666  0.03680974      0.20840752D-03
  667  0.03726017      0.22158055D-03
  668  0.03771612      0.23555487D-03
  669  0.03817764      0.25037682D-03
  670  0.03864481      0.26609525D-03
  671  0.03911770      0.28276161D-03
  672  0.03959638      0.30043012D-03
  673  0.04008091      0.31915786D-03
  674  0.04057137      0.33900494D-03
  675  0.04106783      0.36003463D-03
  676  0.04157037      0.38231349D-03
  677  0.04207906      0.40591153D-03
  678  0.04259397      0.43090241D-03
  679  0.04311518      0.45736354D-03
  680  0.04364277      0.48537629D-03
  681  0.04417682      0.51502616D-03
  682  0.04471740      0.54640295D-03
  683  0.04526460      0.57960095D-03
  684  0.04581849      0.61471915D-03
  685  0.04637916      0.65186144D-03
  686  0.04694669      0.69113677D-03
  687  0.04752117      0.73265944D-03
  688  0.04810268      0.77654924D-03
  689  0.04869130      0.82293173D-03
  690  0.04928712      0.87193845D-03
  691  0.04989024      0.92370716D-03
  692  0.05050073      0.97838207D-03
  693  0.05111870      0.10361141D-02
  694  0.05174423      0.10970612D-02
  695  0.05237741      0.11613883D-02
  696  0.05301834      0.12292682D-02
  697  0.05366712      0.13008812D-02
  698  0.05432383      0.13764157D-02
  699  0.05498858      0.14560683D-02
  700  0.05566146      0.15400443D-02
  701  0.05634258      0.16285580D-02
  702  0.05703203      0.17218326D-02
  703  0.05772992      0.18201010D-02
  704  0.05843635      0.19236057D-02
  705  0.05915142      0.20325993D-02
  706  0.05987524      0.21473448D-02
  707  0.06060792      0.22681157D-02
  708  0.06134957      0.23951968D-02
  709  0.06210029      0.25288837D-02
  710  0.06286020      0.26694837D-02
  711  0.06362940      0.28173161D-02
  712  0.06440802      0.29727121D-02
  713  0.06519617      0.31360154D-02
  714  0.06599396      0.33075823D-02
  715  0.06680151      0.34877820D-02
  716  0.06761895      0.36769971D-02
  717  0.06844639      0.38756235D-02
  718  0.06928395      0.40840706D-02
  719  0.07013176      0.43027621D-02
  720  0.07098995      0.45321354D-02
  721  0.07185864      0.47726425D-02
  722  0.07273796      0.50247497D-02
  723  0.07362803      0.52889380D-02
  724  0.07452900      0.55657031D-02
  725  0.07544100      0.58555556D-02
  726  0.07636415      0.61590210D-02
  727  0.07729860      0.64766399D-02
  728  0.07824449      0.68089676D-02
  729  0.07920195      0.71565746D-02
  730  0.08017113      0.75200465D-02
  731  0.08115216      0.78999833D-02
  732  0.08214521      0.82970002D-02
  733  0.08315040      0.87117265D-02
  734  0.08416789      0.91448060D-02
  735  0.08519784      0.95968966D-02
  736  0.08624038      0.10068670D-01
  737  0.08729569      0.10560811D-01
  738  0.08836390      0.11074017D-01
  739  0.08944519      0.11608998D-01
  740  0.09053972      0.12166477D-01
  741  0.09164763      0.12747187D-01
  742  0.09276910      0.13351871D-01
  743  0.09390430      0.13981283D-01
  744  0.09505338      0.14636185D-01
  745  0.09621653      0.15317347D-01
  746  0.09739391      0.16025547D-01
  747  0.09858570      0.16761568D-01
  748  0.09979207      0.17526197D-01
  749  0.10101320      0.18320226D-01
  750  0.10224928      0.19144447D-01
  751  0.10350048      0.19999655D-01
  752  0.10476699      0.20886643D-01
  753  0.10604900      0.21806199D-01
  754  0.10734670      0.22759112D-01
  755  0.10866028      0.23746159D-01
  756  0.10998993      0.24768112D-01
  757  0.11133585      0.25825734D-01
  758  0.11269825      0.26919772D-01
  759  0.11407731      0.28050961D-01
  760  0.11547325      0.29220018D-01
  761  0.11688627      0.30427642D-01
  762  0.11831658      0.31674507D-01
  763  0.11976440      0.32961267D-01
  764  0.12122993      0.34288543D-01
  765  0.12271339      0.35656931D-01
  766  0.12421501      0.37066990D-01
  767  0.12573500      0.38519245D-01
  768  0.12727359      0.40014181D-01
  769  0.12883101      0.41552241D-01
  770  0.13040748      0.43133821D-01
  771  0.13200325      0.44759269D-01
  772  0.13361855      0.46428881D-01
  773  0.13525361      0.48142896D-01
  774  0.13690868      0.49901495D-01
  775  0.13858400      0.51704796D-01
  776  0.14027982      0.53552849D-01
  777  0.14199639      0.55445637D-01
  778  0.14373397      0.57383068D-01
  779  0.14549281      0.59364973D-01
  780  0.14727317      0.61391105D-01
  781  0.14907532      0.63461130D-01
  782  0.15089953      0.65574629D-01
  783  0.15274605      0.67731093D-01
  784  0.15461517      0.69929918D-01
  785  0.15650716      0.72170405D-01
  786  0.15842230      0.74451753D-01
  787  0.16036088      0.76773061D-01
  788  0.16232318      0.79133321D-01
  789  0.16430950      0.81531418D-01
  790  0.16632012      0.83966125D-01
  791  0.16835534      0.86436105D-01
  792  0.17041547      0.88939906D-01
  793  0.17250080      0.91475959D-01
  794  0.17461166      0.94042578D-01
  795  0.17674834      0.96637960D-01
  796  0.17891117      0.99260179D-01
  797  0.18110047      0.10190719D+00
  798  0.18331655      0.10457683D+00
  799  0.18555976      0.10726682D+00
  800  0.18783041      0.10997475D+00
  801  0.19012885      0.11269809D+00
  802  0.19245542      0.11543421D+00
  803  0.19481045      0.11818034D+00
  804  0.19719430      0.12093363D+00
  805  0.19960733      0.12369107D+00
  806  0.20204988      0.12644959D+00
  807  0.20452232      0.12920599D+00
  808  0.20702501      0.13195696D+00
  809  0.20955833      0.13469911D+00
  810  0.21212265      0.13742896D+00
  811  0.21471835      0.14014293D+00
  812  0.21734581      0.14283735D+00
  813  0.22000542      0.14550852D+00
  814  0.22269758      0.14815261D+00
  815  0.22542268      0.15076577D+00
  816  0.22818113      0.15334408D+00
  817  0.23097333      0.15588359D+00
  818  0.23379970      0.15838029D+00
  819  0.23666065      0.16083016D+00
  820  0.23955662      0.16322915D+00
  821  0.24248802      0.16557321D+00
  822  0.24545529      0.16785829D+00
  823  0.24845887      0.17008034D+00
  824  0.25149921      0.17223534D+00
  825  0.25457675      0.17431930D+00
  826  0.25769195      0.17632829D+00
  827  0.26084527      0.17825840D+00
  828  0.26403717      0.18010584D+00
  829  0.26726814      0.18186684D+00
  830  0.27053864      0.18353776D+00
  831  0.27384916      0.18511506D+00
  832  0.27720019      0.18659529D+00
  833  0.28059223      0.18797514D+00
  834  0.28402578      0.18925145D+00
  835  0.28750134      0.19042118D+00
  836  0.29101943      0.19148147D+00
  837  0.29458057      0.19242962D+00
  838  0.29818528      0.19326311D+00
  839  0.30183411      0.19397961D+00
  840  0.30552759      0.19457699D+00
  841  0.30926626      0.19505332D+00
  842  0.31305069      0.19540690D+00
  843  0.31688142      0.19563623D+00
  844  0.32075903      0.19574007D+00
  845  0.32468408      0.19571738D+00
  846  0.32865717      0.19556740D+00
  847  0.33267888      0.19528959D+00
  848  0.33674979      0.19488366D+00
  849  0.34087053      0.19434958D+00
  850  0.34504168      0.19368759D+00
  851  0.34926388      0.19289816D+00
  852  0.35353775      0.19198204D+00
  853  0.35786391      0.19094021D+00
  854  0.36224301      0.18977395D+00
  855  0.36667570      0.18848476D+00
  856  0.37116263      0.18707439D+00
  857  0.37570446      0.18554485D+00
  858  0.38030188      0.18389840D+00
  859  0.38495555      0.18213753D+00
  860  0.38966616      0.18026495D+00
  861  0.39443442      0.17828362D+00
  862  0.39926103      0.17619669D+00
  863  0.40414670      0.17400753D+00
  864  0.40909215      0.17171972D+00
  865  0.41409812      0.16933702D+00
  866  0.41916535      0.16686336D+00
  867  0.42429458      0.16430286D+00
  868  0.42948658      0.16165978D+00
  869  0.43474211      0.15893853D+00
  870  0.44006196      0.15614366D+00
  871  0.44544690      0.15327982D+00
  872  0.45089773      0.15035180D+00
  873  0.45641527      0.14736444D+00
  874  0.46200032      0.14432271D+00
  875  0.46765372      0.14123160D+00
  876  0.47337629      0.13809617D+00
  877  0.47916889      0.13492153D+00
  878  0.48503238      0.13171279D+00
  879  0.49096761      0.12847510D+00
  880  0.49697547      0.12521356D+00
  881  0.50305685      0.12193329D+00
  882  0.50921265      0.11863936D+00
  883  0.51544377      0.11533680D+00
  884  0.52175114      0.11203057D+00
  885  0.52813570      0.10872557D+00
  886  0.53459838      0.10542660D+00
  887  0.54114014      0.10213836D+00
  888  0.54776195      0.98865463D-01
  889  0.55446479      0.95612368D-01
  890  0.56124966      0.92383417D-01
  891  0.56811754      0.89182805D-01
  892  0.57506947      0.86014574D-01
  893  0.58210647      0.82882599D-01
  894  0.58922958      0.79790587D-01
  895  0.59643985      0.76742062D-01
  896  0.60373835      0.73740363D-01
  897  0.61112617      0.70788636D-01
  898  0.61860438      0.67889826D-01
  899  0.62617411      0.65046677D-01
  900  0.63383646      0.62261724D-01
  901  0.64159258      0.59537294D-01
  902  0.64944361      0.56875499D-01
  903  0.65739070      0.54278240D-01
  904  0.66543505      0.51747203D-01
  905  0.67357783      0.49283860D-01
  906  0.68182025      0.46889474D-01
  907  0.69016354      0.44565096D-01
  908  0.69860891      0.42311570D-01
  909  0.70715764      0.40129540D-01
  910  0.71581097      0.38019451D-01
  911  0.72457019      0.35981554D-01
  912  0.73343660      0.34015915D-01
  913  0.74241150      0.32122419D-01
  914  0.75149622      0.30300779D-01
  915  0.76069212      0.28550541D-01
  916  0.77000054      0.26871096D-01
  917  0.77942286      0.25261686D-01
  918  0.78896049      0.23721410D-01
  919  0.79861482      0.22249240D-01
  920  0.80838730      0.20844025D-01
  921  0.81827935      0.19504500D-01
  922  0.82829246      0.18229299D-01
  923  0.83842809      0.17016962D-01
  924  0.84868775      0.15865944D-01
  925  0.85907295      0.14774628D-01
  926  0.86958524      0.13741329D-01
  927  0.88022616      0.12764306D-01
  928  0.89099729      0.11841772D-01
  929  0.90190023      0.10971899D-01
  930  0.91293658      0.10152831D-01
  931  0.92410799      0.93826890D-02
  932  0.93541609      0.86595790D-02
  933  0.94686257      0.79816004D-02
  934  0.95844912      0.73468529D-02
  935  0.97017745      0.67534429D-02
  936  0.98204930      0.61994903D-02
  937  0.99406642      0.56831337D-02
  938  1.00623059      0.52025368D-02
  939  1.01854361      0.47558928D-02
  940  1.03100730      0.43414292D-02
  941  1.04362351      0.39574123D-02
  942  1.05639410      0.36021509D-02
  943  1.06932096      0.32739992D-02
  944  1.08240601      0.29713604D-02
  945  1.09565117      0.26926890D-02
  946  1.10905841      0.24364925D-02
  947  1.12262972      0.22013339D-02
  948  1.13636709      0.19858323D-02
  949  1.15027256      0.17886644D-02
  950  1.16434819      0.16085649D-02
  951  1.17859606      0.14443269D-02
  952  1.19301828      0.12948018D-02
  953  1.20761698      0.11588991D-02
  954  1.22239433      0.10355859D-02
  955  1.23735250      0.92388590D-03
  956  1.25249370      0.82287868D-03
  957  1.26782019      0.73169821D-03
  958  1.28333423      0.64953166D-03
  959  1.29903811      0.57561773D-03
  960  1.31493415      0.50924507D-03
  961  1.33102471      0.44975045D-03
  962  1.34731216      0.39651689D-03
  963  1.36379892      0.34897174D-03
  964  1.38048743      0.30658465D-03
  965  1.39738015      0.26886557D-03
  966  1.41447958      0.23536269D-03
  967  1.43178825      0.20566037D-03
  968  1.44930873      0.17937713D-03
  969  1.46704360      0.15616361D-03
  970  1.48499549      0.13570057D-03
  971  1.50316705      0.11769697D-03
  972  1.52156097      0.10188807D-03
  973  1.54017998      0.88033606D-04
  974  1.55902682      0.75915991D-04
  975  1.57810429      0.65338651D-04
  976  1.59741520      0.56124390D-04
  977  1.61696242      0.48113848D-04
  978  1.63674883      0.41164028D-04
  979  1.65677736      0.35146918D-04
  980  1.67705098      0.29948185D-04
  981  1.69757269      0.25465945D-04
  982  1.71834551      0.21609629D-04
  983  1.73937252      0.18298905D-04
  984  1.76065684      0.15462696D-04
  985  1.78220161      0.13038262D-04
  986  1.80401001      0.10970349D-04
  987  1.82608529      0.92104197D-05
  988  1.84843069      0.77159330D-05
  989  1.87104953      0.64496976D-05
  990  1.89394515      0.53792769D-05
  991  1.91712093      0.44764510D-05
  992  1.94058032      0.37167284D-05
  993  1.96432677      0.30789068D-05
  994  1.98836380      0.25446764D-05
  995  2.01269497      0.20982655D-05
  996  2.03732388      0.17261230D-05
  997  2.06225416      0.14166348D-05
  998  2.08748951      0.11598729D-05
  999  2.11303365      0.94737222D-06
 1000  2.13889038      0.77193373D-06
 1001  2.16506351      0.62745108D-06
 1002  2.19155691      0.50875833D-06
 1003  2.21837451      0.41149664D-06
 1004  2.24552027      0.33199795D-06
 1005  2.27299820      0.26718377D-06
 1006  2.30081238      0.21447736D-06
 1007  2.32896691      0.17172777D-06
 1008  2.35746597      0.13714446D-06
 1009  2.38631376      0.10924092D-06
 1010  2.41551455      0.86786497D-07
 1011  2.44507267      0.68765213D-07
 1012  2.47499248      0.54340634D-07
 1013  2.50527842      0.42826107D-07
 1014  2.53593496      0.33659538D-07
 1015  2.56696663      0.26382103D-07
 1016  2.59837804      0.20620377D-07
 1017  2.63017381      0.16071350D-07
 1018  2.66235867      0.12489541D-07
 1019  2.69493737      0.96775688D-08
 1020  2.72791472      0.74763406D-08
 1021  2.76129561      0.57566625D-08
 1022  2.79508497      0.44191169D-08
