 ir        r               f(r)
    1  0.00001131      0.51467960D+05
    2  0.00001145      0.51467362D+05
    3  0.00001159      0.51466756D+05
    4  0.00001173      0.51466143D+05
    5  0.00001187      0.51465523D+05
    6  0.00001202      0.51464895D+05
    7  0.00001216      0.51464259D+05
    8  0.00001231      0.51463616D+05
    9  0.00001246      0.51462964D+05
   10  0.00001262      0.51462305D+05
   11  0.00001277      0.51461638D+05
   12  0.00001293      0.51460962D+05
   13  0.00001308      0.51460279D+05
   14  0.00001324      0.51459587D+05
   15  0.00001341      0.51458886D+05
   16  0.00001357      0.51458177D+05
   17  0.00001374      0.51457459D+05
   18  0.00001390      0.51456733D+05
   19  0.00001407      0.51455997D+05
   20  0.00001425      0.51455253D+05
   21  0.00001442      0.51454499D+05
   22  0.00001460      0.51453737D+05
   23  0.00001478      0.51452965D+05
   24  0.00001496      0.51452183D+05
   25  0.00001514      0.51451392D+05
   26  0.00001533      0.51450591D+05
   27  0.00001551      0.51449781D+05
   28  0.00001570      0.51448961D+05
   29  0.00001589      0.51448130D+05
   30  0.00001609      0.51447290D+05
   31  0.00001629      0.51446439D+05
   32  0.00001649      0.51445577D+05
   33  0.00001669      0.51444706D+05
   34  0.00001689      0.51443823D+05
   35  0.00001710      0.51442930D+05
   36  0.00001731      0.51442026D+05
   37  0.00001752      0.51441111D+05
   38  0.00001773      0.51440185D+05
   39  0.00001795      0.51439247D+05
   40  0.00001817      0.51438298D+05
   41  0.00001839      0.51437337D+05
   42  0.00001862      0.51436365D+05
   43  0.00001885      0.51435380D+05
   44  0.00001908      0.51434384D+05
   45  0.00001931      0.51433376D+05
   46  0.00001955      0.51432355D+05
   47  0.00001978      0.51431321D+05
   48  0.00002003      0.51430275D+05
   49  0.00002027      0.51429217D+05
   50  0.00002052      0.51428145D+05
   51  0.00002077      0.51427060D+05
   52  0.00002103      0.51425962D+05
   53  0.00002128      0.51424851D+05
   54  0.00002154      0.51423726D+05
   55  0.00002181      0.51422587D+05
   56  0.00002207      0.51421435D+05
   57  0.00002234      0.51420268D+05
   58  0.00002262      0.51419087D+05
   59  0.00002289      0.51417892D+05
   60  0.00002317      0.51416682D+05
   61  0.00002346      0.51415457D+05
   62  0.00002374      0.51414217D+05
   63  0.00002404      0.51412962D+05
   64  0.00002433      0.51411692D+05
   65  0.00002463      0.51410407D+05
   66  0.00002493      0.51409105D+05
   67  0.00002523      0.51407788D+05
   68  0.00002554      0.51406455D+05
   69  0.00002585      0.51405105D+05
   70  0.00002617      0.51403739D+05
   71  0.00002649      0.51402356D+05
   72  0.00002682      0.51400956D+05
   73  0.00002714      0.51399540D+05
   74  0.00002748      0.51398106D+05
   75  0.00002781      0.51396654D+05
   76  0.00002815      0.51395185D+05
   77  0.00002850      0.51393697D+05
   78  0.00002885      0.51392192D+05
   79  0.00002920      0.51390668D+05
   80  0.00002956      0.51389126D+05
   81  0.00002992      0.51387565D+05
   82  0.00003028      0.51385985D+05
   83  0.00003065      0.51384385D+05
   84  0.00003103      0.51382766D+05
   85  0.00003141      0.51381127D+05
   86  0.00003179      0.51379468D+05
   87  0.00003218      0.51377789D+05
   88  0.00003258      0.51376090D+05
   89  0.00003297      0.51374369D+05
   90  0.00003338      0.51372628D+05
   91  0.00003379      0.51370866D+05
   92  0.00003420      0.51369082D+05
   93  0.00003462      0.51367276D+05
   94  0.00003504      0.51365448D+05
   95  0.00003547      0.51363598D+05
   96  0.00003591      0.51361725D+05
   97  0.00003634      0.51359830D+05
   98  0.00003679      0.51357911D+05
   99  0.00003724      0.51355969D+05
  100  0.00003770      0.51354003D+05
  101  0.00003816      0.51352013D+05
  102  0.00003862      0.51349999D+05
  103  0.00003910      0.51347961D+05
  104  0.00003957      0.51345897D+05
  105  0.00004006      0.51343809D+05
  106  0.00004055      0.51341695D+05
  107  0.00004105      0.51339555D+05
  108  0.00004155      0.51337389D+05
  109  0.00004206      0.51335197D+05
  110  0.00004257      0.51332978D+05
  111  0.00004309      0.51330731D+05
  112  0.00004362      0.51328458D+05
  113  0.00004415      0.51326157D+05
  114  0.00004469      0.51323827D+05
  115  0.00004524      0.51321470D+05
  116  0.00004579      0.51319083D+05
  117  0.00004635      0.51316668D+05
  118  0.00004692      0.51314223D+05
  119  0.00004749      0.51311748D+05
  120  0.00004808      0.51309243D+05
  121  0.00004866      0.51306707D+05
  122  0.00004926      0.51304141D+05
  123  0.00004986      0.51301544D+05
  124  0.00005047      0.51298914D+05
  125  0.00005109      0.51296253D+05
  126  0.00005172      0.51293559D+05
  127  0.00005235      0.51290833D+05
  128  0.00005299      0.51288073D+05
  129  0.00005364      0.51285279D+05
  130  0.00005429      0.51282452D+05
  131  0.00005496      0.51279590D+05
  132  0.00005563      0.51276693D+05
  133  0.00005631      0.51273761D+05
  134  0.00005700      0.51270794D+05
  135  0.00005770      0.51267790D+05
  136  0.00005840      0.51264749D+05
  137  0.00005912      0.51261672D+05
  138  0.00005984      0.51258557D+05
  139  0.00006057      0.51255404D+05
  140  0.00006132      0.51252213D+05
  141  0.00006207      0.51248983D+05
  142  0.00006283      0.51245714D+05
  143  0.00006359      0.51242404D+05
  144  0.00006437      0.51239055D+05
  145  0.00006516      0.51235665D+05
  146  0.00006596      0.51232233D+05
  147  0.00006676      0.51228760D+05
  148  0.00006758      0.51225244D+05
  149  0.00006841      0.51221686D+05
  150  0.00006925      0.51218085D+05
  151  0.00007009      0.51214439D+05
  152  0.00007095      0.51210750D+05
  153  0.00007182      0.51207015D+05
  154  0.00007270      0.51203235D+05
  155  0.00007359      0.51199409D+05
  156  0.00007449      0.51195536D+05
  157  0.00007540      0.51191617D+05
  158  0.00007632      0.51187650D+05
  159  0.00007726      0.51183634D+05
  160  0.00007820      0.51179570D+05
  161  0.00007916      0.51175456D+05
  162  0.00008013      0.51171292D+05
  163  0.00008111      0.51167078D+05
  164  0.00008210      0.51162813D+05
  165  0.00008310      0.51158495D+05
  166  0.00008412      0.51154125D+05
  167  0.00008515      0.51149703D+05
  168  0.00008619      0.51145226D+05
  169  0.00008725      0.51140695D+05
  170  0.00008832      0.51136109D+05
  171  0.00008940      0.51131467D+05
  172  0.00009049      0.51126769D+05
  173  0.00009160      0.51122014D+05
  174  0.00009272      0.51117201D+05
  175  0.00009385      0.51112329D+05
  176  0.00009500      0.51107399D+05
  177  0.00009616      0.51102409D+05
  178  0.00009734      0.51097358D+05
  179  0.00009853      0.51092246D+05
  180  0.00009974      0.51087071D+05
  181  0.00010096      0.51081834D+05
  182  0.00010219      0.51076534D+05
  183  0.00010344      0.51071169D+05
  184  0.00010471      0.51065739D+05
  185  0.00010599      0.51060243D+05
  186  0.00010729      0.51054681D+05
  187  0.00010860      0.51049051D+05
  188  0.00010993      0.51043353D+05
  189  0.00011127      0.51037586D+05
  190  0.00011264      0.51031749D+05
  191  0.00011401      0.51025841D+05
  192  0.00011541      0.51019861D+05
  193  0.00011682      0.51013809D+05
  194  0.00011825      0.51007684D+05
  195  0.00011970      0.51001485D+05
  196  0.00012116      0.50995210D+05
  197  0.00012265      0.50988860D+05
  198  0.00012415      0.50982432D+05
  199  0.00012567      0.50975927D+05
  200  0.00012720      0.50969343D+05
  201  0.00012876      0.50962679D+05
  202  0.00013034      0.50955935D+05
  203  0.00013193      0.50949109D+05
  204  0.00013354      0.50942200D+05
  205  0.00013518      0.50935208D+05
  206  0.00013683      0.50928132D+05
  207  0.00013851      0.50920969D+05
  208  0.00014020      0.50913720D+05
  209  0.00014192      0.50906384D+05
  210  0.00014365      0.50898958D+05
  211  0.00014541      0.50891443D+05
  212  0.00014719      0.50883838D+05
  213  0.00014899      0.50876140D+05
  214  0.00015082      0.50868349D+05
  215  0.00015266      0.50860464D+05
  216  0.00015453      0.50852484D+05
  217  0.00015642      0.50844407D+05
  218  0.00015833      0.50836233D+05
  219  0.00016027      0.50827961D+05
  220  0.00016223      0.50819588D+05
  221  0.00016422      0.50811114D+05
  222  0.00016623      0.50802539D+05
  223  0.00016826      0.50793859D+05
  224  0.00017032      0.50785075D+05
  225  0.00017241      0.50776185D+05
  226  0.00017452      0.50767188D+05
  227  0.00017665      0.50758082D+05
  228  0.00017881      0.50748867D+05
  229  0.00018100      0.50739541D+05
  230  0.00018322      0.50730102D+05
  231  0.00018546      0.50720549D+05
  232  0.00018773      0.50710882D+05
  233  0.00019002      0.50701098D+05
  234  0.00019235      0.50691196D+05
  235  0.00019470      0.50681175D+05
  236  0.00019709      0.50671033D+05
  237  0.00019950      0.50660770D+05
  238  0.00020194      0.50650383D+05
  239  0.00020441      0.50639871D+05
  240  0.00020691      0.50629232D+05
  241  0.00020944      0.50618466D+05
  242  0.00021201      0.50607570D+05
  243  0.00021460      0.50596543D+05
  244  0.00021723      0.50585384D+05
  245  0.00021988      0.50574091D+05
  246  0.00022257      0.50562662D+05
  247  0.00022530      0.50551096D+05
  248  0.00022805      0.50539391D+05
  249  0.00023085      0.50527546D+05
  250  0.00023367      0.50515559D+05
  251  0.00023653      0.50503427D+05
  252  0.00023942      0.50491151D+05
  253  0.00024235      0.50478727D+05
  254  0.00024532      0.50466154D+05
  255  0.00024832      0.50453431D+05
  256  0.00025136      0.50440555D+05
  257  0.00025444      0.50427525D+05
  258  0.00025755      0.50414339D+05
  259  0.00026070      0.50400995D+05
  260  0.00026389      0.50387491D+05
  261  0.00026712      0.50373826D+05
  262  0.00027039      0.50359998D+05
  263  0.00027370      0.50346004D+05
  264  0.00027705      0.50331842D+05
  265  0.00028044      0.50317512D+05
  266  0.00028387      0.50303011D+05
  267  0.00028734      0.50288336D+05
  268  0.00029086      0.50273486D+05
  269  0.00029442      0.50258459D+05
  270  0.00029802      0.50243252D+05
  271  0.00030167      0.50227864D+05
  272  0.00030536      0.50212293D+05
  273  0.00030910      0.50196536D+05
  274  0.00031288      0.50180591D+05
  275  0.00031671      0.50164456D+05
  276  0.00032058      0.50148129D+05
  277  0.00032450      0.50131608D+05
  278  0.00032848      0.50114890D+05
  279  0.00033249      0.50097974D+05
  280  0.00033656      0.50080856D+05
  281  0.00034068      0.50063535D+05
  282  0.00034485      0.50046007D+05
  283  0.00034907      0.50028272D+05
  284  0.00035334      0.50010326D+05
  285  0.00035767      0.49992167D+05
  286  0.00036204      0.49973792D+05
  287  0.00036647      0.49955200D+05
  288  0.00037096      0.49936387D+05
  289  0.00037550      0.49917351D+05
  290  0.00038009      0.49898090D+05
  291  0.00038474      0.49878600D+05
  292  0.00038945      0.49858880D+05
  293  0.00039422      0.49838926D+05
  294  0.00039904      0.49818736D+05
  295  0.00040392      0.49798308D+05
  296  0.00040887      0.49777638D+05
  297  0.00041387      0.49756724D+05
  298  0.00041893      0.49735564D+05
  299  0.00042406      0.49714153D+05
  300  0.00042925      0.49692490D+05
  301  0.00043450      0.49670571D+05
  302  0.00043982      0.49648394D+05
  303  0.00044520      0.49625956D+05
  304  0.00045065      0.49603253D+05
  305  0.00045616      0.49580284D+05
  306  0.00046174      0.49557044D+05
  307  0.00046740      0.49533531D+05
  308  0.00047311      0.49509741D+05
  309  0.00047890      0.49485672D+05
  310  0.00048476      0.49461321D+05
  311  0.00049070      0.49436683D+05
  312  0.00049670      0.49411757D+05
  313  0.00050278      0.49386539D+05
  314  0.00050893      0.49361025D+05
  315  0.00051516      0.49335212D+05
  316  0.00052146      0.49309098D+05
  317  0.00052784      0.49282678D+05
  318  0.00053430      0.49255949D+05
  319  0.00054084      0.49228907D+05
  320  0.00054746      0.49201551D+05
  321  0.00055416      0.49173874D+05
  322  0.00056094      0.49145875D+05
  323  0.00056780      0.49117550D+05
  324  0.00057475      0.49088895D+05
  325  0.00058178      0.49059906D+05
  326  0.00058890      0.49030580D+05
  327  0.00059611      0.49000913D+05
  328  0.00060340      0.48970901D+05
  329  0.00061079      0.48940541D+05
  330  0.00061826      0.48909829D+05
  331  0.00062583      0.48878760D+05
  332  0.00063349      0.48847332D+05
  333  0.00064124      0.48815539D+05
  334  0.00064908      0.48783379D+05
  335  0.00065703      0.48750846D+05
  336  0.00066507      0.48717938D+05
  337  0.00067321      0.48684650D+05
  338  0.00068144      0.48650977D+05
  339  0.00068978      0.48616917D+05
  340  0.00069822      0.48582464D+05
  341  0.00070677      0.48547614D+05
  342  0.00071542      0.48512363D+05
  343  0.00072417      0.48476707D+05
  344  0.00073303      0.48440642D+05
  345  0.00074200      0.48404163D+05
  346  0.00075108      0.48367265D+05
  347  0.00076027      0.48329945D+05
  348  0.00076957      0.48292197D+05
  349  0.00077899      0.48254017D+05
  350  0.00078852      0.48215402D+05
  351  0.00079817      0.48176345D+05
  352  0.00080794      0.48136842D+05
  353  0.00081783      0.48096890D+05
  354  0.00082783      0.48056482D+05
  355  0.00083796      0.48015615D+05
  356  0.00084822      0.47974282D+05
  357  0.00085860      0.47932481D+05
  358  0.00086910      0.47890205D+05
  359  0.00087974      0.47847450D+05
  360  0.00089050      0.47804211D+05
  361  0.00090140      0.47760483D+05
  362  0.00091243      0.47716260D+05
  363  0.00092360      0.47671538D+05
  364  0.00093490      0.47626312D+05
  365  0.00094634      0.47580576D+05
  366  0.00095792      0.47534325D+05
  367  0.00096964      0.47487555D+05
  368  0.00098151      0.47440259D+05
  369  0.00099352      0.47392432D+05
  370  0.00100567      0.47344069D+05
  371  0.00101798      0.47295166D+05
  372  0.00103044      0.47245715D+05
  373  0.00104305      0.47195712D+05
  374  0.00105581      0.47145151D+05
  375  0.00106873      0.47094027D+05
  376  0.00108181      0.47042334D+05
  377  0.00109505      0.46990066D+05
  378  0.00110845      0.46937218D+05
  379  0.00112201      0.46883784D+05
  380  0.00113574      0.46829759D+05
  381  0.00114964      0.46775136D+05
  382  0.00116370      0.46719910D+05
  383  0.00117794      0.46664074D+05
  384  0.00119236      0.46607624D+05
  385  0.00120695      0.46550552D+05
  386  0.00122172      0.46492854D+05
  387  0.00123667      0.46434523D+05
  388  0.00125180      0.46375553D+05
  389  0.00126712      0.46315937D+05
  390  0.00128262      0.46255671D+05
  391  0.00129832      0.46194747D+05
  392  0.00131421      0.46133160D+05
  393  0.00133029      0.46070903D+05
  394  0.00134657      0.46007970D+05
  395  0.00136304      0.45944355D+05
  396  0.00137972      0.45880052D+05
  397  0.00139661      0.45815053D+05
  398  0.00141370      0.45749354D+05
  399  0.00143100      0.45682946D+05
  400  0.00144851      0.45615825D+05
  401  0.00146623      0.45547984D+05
  402  0.00148417      0.45479415D+05
  403  0.00150234      0.45410113D+05
  404  0.00152072      0.45340070D+05
  405  0.00153933      0.45269281D+05
  406  0.00155816      0.45197739D+05
  407  0.00157723      0.45125438D+05
  408  0.00159653      0.45052369D+05
  409  0.00161607      0.44978528D+05
  410  0.00163584      0.44903907D+05
  411  0.00165586      0.44828499D+05
  412  0.00167612      0.44752298D+05
  413  0.00169663      0.44675297D+05
  414  0.00171740      0.44597490D+05
  415  0.00173841      0.44518869D+05
  416  0.00175968      0.44439427D+05
  417  0.00178122      0.44359159D+05
  418  0.00180301      0.44278057D+05
  419  0.00182508      0.44196113D+05
  420  0.00184741      0.44113323D+05
  421  0.00187001      0.44029678D+05
  422  0.00189290      0.43945172D+05
  423  0.00191606      0.43859797D+05
  424  0.00193951      0.43773548D+05
  425  0.00196324      0.43686417D+05
  426  0.00198726      0.43598397D+05
  427  0.00201158      0.43509481D+05
  428  0.00203620      0.43419663D+05
  429  0.00206111      0.43328936D+05
  430  0.00208634      0.43237293D+05
  431  0.00211187      0.43144726D+05
  432  0.00213771      0.43051230D+05
  433  0.00216387      0.42956797D+05
  434  0.00219034      0.42861421D+05
  435  0.00221715      0.42765094D+05
  436  0.00224428      0.42667810D+05
  437  0.00227174      0.42569562D+05
  438  0.00229954      0.42470344D+05
  439  0.00232768      0.42370148D+05
  440  0.00235616      0.42268968D+05
  441  0.00238499      0.42166798D+05
  442  0.00241418      0.42063630D+05
  443  0.00244372      0.41959458D+05
  444  0.00247362      0.41854276D+05
  445  0.00250389      0.41748077D+05
  446  0.00253453      0.41640854D+05
  447  0.00256555      0.41532601D+05
  448  0.00259694      0.41423312D+05
  449  0.00262872      0.41312980D+05
  450  0.00266089      0.41201599D+05
  451  0.00269345      0.41089163D+05
  452  0.00272641      0.40975665D+05
  453  0.00275977      0.40861100D+05
  454  0.00279354      0.40745460D+05
  455  0.00282772      0.40628742D+05
  456  0.00286233      0.40510937D+05
  457  0.00289735      0.40392041D+05
  458  0.00293281      0.40272048D+05
  459  0.00296869      0.40150952D+05
  460  0.00300502      0.40028747D+05
  461  0.00304179      0.39905428D+05
  462  0.00307901      0.39780990D+05
  463  0.00311669      0.39655426D+05
  464  0.00315483      0.39528733D+05
  465  0.00319343      0.39400904D+05
  466  0.00323251      0.39271935D+05
  467  0.00327207      0.39141820D+05
  468  0.00331211      0.39010556D+05
  469  0.00335264      0.38878136D+05
  470  0.00339366      0.38744558D+05
  471  0.00343519      0.38609815D+05
  472  0.00347723      0.38473904D+05
  473  0.00351978      0.38336821D+05
  474  0.00356285      0.38198562D+05
  475  0.00360644      0.38059122D+05
  476  0.00365057      0.37918499D+05
  477  0.00369525      0.37776688D+05
  478  0.00374046      0.37633685D+05
  479  0.00378624      0.37489489D+05
  480  0.00383257      0.37344095D+05
  481  0.00387946      0.37197501D+05
  482  0.00392694      0.37049703D+05
  483  0.00397499      0.36900700D+05
  484  0.00402363      0.36750489D+05
  485  0.00407287      0.36599068D+05
  486  0.00412271      0.36446434D+05
  487  0.00417315      0.36292587D+05
  488  0.00422422      0.36137524D+05
  489  0.00427591      0.35981243D+05
  490  0.00432824      0.35823745D+05
  491  0.00438120      0.35665028D+05
  492  0.00443481      0.35505091D+05
  493  0.00448908      0.35343935D+05
  494  0.00454401      0.35181557D+05
  495  0.00459961      0.35017960D+05
  496  0.00465590      0.34853143D+05
  497  0.00471287      0.34687106D+05
  498  0.00477054      0.34519851D+05
  499  0.00482892      0.34351378D+05
  500  0.00488801      0.34181689D+05
  501  0.00494782      0.34010786D+05
  502  0.00500837      0.33838671D+05
  503  0.00506965      0.33665345D+05
  504  0.00513169      0.33490812D+05
  505  0.00519449      0.33315074D+05
  506  0.00525805      0.33138134D+05
  507  0.00532239      0.32959997D+05
  508  0.00538752      0.32780665D+05
  509  0.00545345      0.32600144D+05
  510  0.00552018      0.32418436D+05
  511  0.00558773      0.32235549D+05
  512  0.00565610      0.32051486D+05
  513  0.00572532      0.31866253D+05
  514  0.00579538      0.31679856D+05
  515  0.00586629      0.31492301D+05
  516  0.00593808      0.31303596D+05
  517  0.00601074      0.31113747D+05
  518  0.00608429      0.30922761D+05
  519  0.00615874      0.30730647D+05
  520  0.00623411      0.30537413D+05
  521  0.00631039      0.30343067D+05
  522  0.00638761      0.30147619D+05
  523  0.00646577      0.29951077D+05
  524  0.00654490      0.29753453D+05
  525  0.00662498      0.29554756D+05
  526  0.00670605      0.29354996D+05
  527  0.00678811      0.29154187D+05
  528  0.00687118      0.28952338D+05
  529  0.00695526      0.28749462D+05
  530  0.00704037      0.28545572D+05
  531  0.00712652      0.28340681D+05
  532  0.00721373      0.28134802D+05
  533  0.00730200      0.27927950D+05
  534  0.00739135      0.27720138D+05
  535  0.00748180      0.27511382D+05
  536  0.00757335      0.27301697D+05
  537  0.00766602      0.27091099D+05
  538  0.00775983      0.26879605D+05
  539  0.00785479      0.26667232D+05
  540  0.00795090      0.26453996D+05
  541  0.00804820      0.26239916D+05
  542  0.00814668      0.26025010D+05
  543  0.00824637      0.25809298D+05
  544  0.00834728      0.25592798D+05
  545  0.00844942      0.25375531D+05
  546  0.00855282      0.25157518D+05
  547  0.00865748      0.24938778D+05
  548  0.00876342      0.24719335D+05
  549  0.00887065      0.24499209D+05
  550  0.00897920      0.24278423D+05
  551  0.00908908      0.24057002D+05
  552  0.00920030      0.23834967D+05
  553  0.00931288      0.23612344D+05
  554  0.00942684      0.23389157D+05
  555  0.00954219      0.23165431D+05
  556  0.00965896      0.22941192D+05
  557  0.00977715      0.22716467D+05
  558  0.00989679      0.22491282D+05
  559  0.01001790      0.22265664D+05
  560  0.01014049      0.22039641D+05
  561  0.01026457      0.21813242D+05
  562  0.01039018      0.21586496D+05
  563  0.01051732      0.21359431D+05
  564  0.01064602      0.21132078D+05
  565  0.01077629      0.20904467D+05
  566  0.01090816      0.20676629D+05
  567  0.01104164      0.20448595D+05
  568  0.01117675      0.20220396D+05
  569  0.01131352      0.19992067D+05
  570  0.01145196      0.19763638D+05
  571  0.01159210      0.19535143D+05
  572  0.01173395      0.19306616D+05
  573  0.01187753      0.19078091D+05
  574  0.01202288      0.18849602D+05
  575  0.01217000      0.18621184D+05
  576  0.01231892      0.18392873D+05
  577  0.01246966      0.18164705D+05
  578  0.01262225      0.17936715D+05
  579  0.01277671      0.17708940D+05
  580  0.01293305      0.17481417D+05
  581  0.01309131      0.17254183D+05
  582  0.01325151      0.17027275D+05
  583  0.01341366      0.16800732D+05
  584  0.01357780      0.16574592D+05
  585  0.01374395      0.16348892D+05
  586  0.01391213      0.16123672D+05
  587  0.01408237      0.15898971D+05
  588  0.01425470      0.15674827D+05
  589  0.01442913      0.15451281D+05
  590  0.01460569      0.15228371D+05
  591  0.01478442      0.15006139D+05
  592  0.01496533      0.14784622D+05
  593  0.01514846      0.14563862D+05
  594  0.01533383      0.14343899D+05
  595  0.01552147      0.14124773D+05
  596  0.01571140      0.13906524D+05
  597  0.01590366      0.13689193D+05
  598  0.01609826      0.13472820D+05
  599  0.01629526      0.13257446D+05
  600  0.01649466      0.13043110D+05
  601  0.01669650      0.12829854D+05
  602  0.01690081      0.12617717D+05
  603  0.01710762      0.12406739D+05
  604  0.01731696      0.12196961D+05
  605  0.01752887      0.11988422D+05
  606  0.01774336      0.11781162D+05
  607  0.01796049      0.11575220D+05
  608  0.01818026      0.11370636D+05
  609  0.01840273      0.11167448D+05
  610  0.01862792      0.10965695D+05
  611  0.01885587      0.10765415D+05
  612  0.01908660      0.10566647D+05
  613  0.01932016      0.10369426D+05
  614  0.01955658      0.10173792D+05
  615  0.01979589      0.99797789D+04
  616  0.02003813      0.97874245D+04
  617  0.02028333      0.95967639D+04
  618  0.02053153      0.94078321D+04
  619  0.02078277      0.92206635D+04
  620  0.02103708      0.90352919D+04
  621  0.02129451      0.88517505D+04
  622  0.02155509      0.86700718D+04
  623  0.02181885      0.84902875D+04
  624  0.02208584      0.83124287D+04
  625  0.02235610      0.81365256D+04
  626  0.02262967      0.79626077D+04
  627  0.02290658      0.77907036D+04
  628  0.02318689      0.76208411D+04
  629  0.02347062      0.74530470D+04
  630  0.02375783      0.72873471D+04
  631  0.02404854      0.71237666D+04
  632  0.02434282      0.69623294D+04
  633  0.02464070      0.68030584D+04
  634  0.02494222      0.66459756D+04
  635  0.02524743      0.64911020D+04
  636  0.02555638      0.63384572D+04
  637  0.02586911      0.61880599D+04
  638  0.02618566      0.60399278D+04
  639  0.02650609      0.58940771D+04
  640  0.02683044      0.57505230D+04
  641  0.02715876      0.56092795D+04
  642  0.02749110      0.54703594D+04
  643  0.02782750      0.53337741D+04
  644  0.02816802      0.51995339D+04
  645  0.02851270      0.50676477D+04
  646  0.02886161      0.49381232D+04
  647  0.02921478      0.48109668D+04
  648  0.02957227      0.46861834D+04
  649  0.02993414      0.45637767D+04
  650  0.03030044      0.44437490D+04
  651  0.03067122      0.43261014D+04
  652  0.03104654      0.42108334D+04
  653  0.03142645      0.40979433D+04
  654  0.03181101      0.39874279D+04
  655  0.03220027      0.38792828D+04
  656  0.03259430      0.37735020D+04
  657  0.03299315      0.36700783D+04
  658  0.03339688      0.35690031D+04
  659  0.03380555      0.34702664D+04
  660  0.03421922      0.33738567D+04
  661  0.03463795      0.32797615D+04
  662  0.03506181      0.31879666D+04
  663  0.03549085      0.30984567D+04
  664  0.03592515      0.30112150D+04
  665  0.03636475      0.29262235D+04
  666  0.03680974      0.28434630D+04
  667  0.03726017      0.27629129D+04
  668  0.03771612      0.26845514D+04
  669  0.03817764      0.26083554D+04
  670  0.03864481      0.25343008D+04
  671  0.03911770      0.24623622D+04
  672  0.03959638      0.23925130D+04
  673  0.04008091      0.23247256D+04
  674  0.04057137      0.22589713D+04
  675  0.04106783      0.21952203D+04
  676  0.04157037      0.21334418D+04
  677  0.04207906      0.20736042D+04
  678  0.04259397      0.20156746D+04
  679  0.04311518      0.19596196D+04
  680  0.04364277      0.19054047D+04
  681  0.04417682      0.18529947D+04
  682  0.04471740      0.18023535D+04
  683  0.04526460      0.17534446D+04
  684  0.04581849      0.17062303D+04
  685  0.04637916      0.16606729D+04
  686  0.04694669      0.16167336D+04
  687  0.04752117      0.15743733D+04
  688  0.04810268      0.15335525D+04
  689  0.04869130      0.14942311D+04
  690  0.04928712      0.14563689D+04
  691  0.04989024      0.14199249D+04
  692  0.05050073      0.13848584D+04
  693  0.05111870      0.13511282D+04
  694  0.05174423      0.13186928D+04
  695  0.05237741      0.12875110D+04
  696  0.05301834      0.12575411D+04
  697  0.05366712      0.12287419D+04
  698  0.05432383      0.12010718D+04
  699  0.05498858      0.11744897D+04
  700  0.05566146      0.11489543D+04
  701  0.05634258      0.11244248D+04
  702  0.05703203      0.11008607D+04
  703  0.05772992      0.10782216D+04
  704  0.05843635      0.10564677D+04
  705  0.05915142      0.10355594D+04
  706  0.05987524      0.10154579D+04
  707  0.06060792      0.99612471D+03
  708  0.06134957      0.97752190D+03
  709  0.06210029      0.95961227D+03
  710  0.06286020      0.94235922D+03
  711  0.06362940      0.92572688D+03
  712  0.06440802      0.90968015D+03
  713  0.06519617      0.89418468D+03
  714  0.06599396      0.87920698D+03
  715  0.06680151      0.86471440D+03
  716  0.06761895      0.85067520D+03
  717  0.06844639      0.83705856D+03
  718  0.06928395      0.82383462D+03
  719  0.07013176      0.81097451D+03
  720  0.07098995      0.79845037D+03
  721  0.07185864      0.78623535D+03
  722  0.07273796      0.77430369D+03
  723  0.07362803      0.76263066D+03
  724  0.07452900      0.75119265D+03
  725  0.07544100      0.73996712D+03
  726  0.07636415      0.72893267D+03
  727  0.07729860      0.71806900D+03
  728  0.07824449      0.70735692D+03
  729  0.07920195      0.69677840D+03
  730  0.08017113      0.68631650D+03
  731  0.08115216      0.67595545D+03
  732  0.08214521      0.66568055D+03
  733  0.08315040      0.65547825D+03
  734  0.08416789      0.64533608D+03
  735  0.08519784      0.63524270D+03
  736  0.08624038      0.62518780D+03
  737  0.08729569      0.61516218D+03
  738  0.08836390      0.60515765D+03
  739  0.08944519      0.59516705D+03
  740  0.09053972      0.58518425D+03
  741  0.09164763      0.57520406D+03
  742  0.09276910      0.56522226D+03
  743  0.09390430      0.55523555D+03
  744  0.09505338      0.54524151D+03
  745  0.09621653      0.53523859D+03
  746  0.09739391      0.52522608D+03
  747  0.09858570      0.51520403D+03
  748  0.09979207      0.50517328D+03
  749  0.10101320      0.49513536D+03
  750  0.10224928      0.48509249D+03
  751  0.10350048      0.47504755D+03
  752  0.10476699      0.46500398D+03
  753  0.10604900      0.45496582D+03
  754  0.10734670      0.44493761D+03
  755  0.10866028      0.43492436D+03
  756  0.10998993      0.42493152D+03
  757  0.11133585      0.41496494D+03
  758  0.11269825      0.40503081D+03
  759  0.11407731      0.39513563D+03
  760  0.11547325      0.38528615D+03
  761  0.11688627      0.37548936D+03
  762  0.11831658      0.36575242D+03
  763  0.11976440      0.35608263D+03
  764  0.12122993      0.34648738D+03
  765  0.12271339      0.33697414D+03
  766  0.12421501      0.32755039D+03
  767  0.12573500      0.31822356D+03
  768  0.12727359      0.30900108D+03
  769  0.12883101      0.29989024D+03
  770  0.13040748      0.29089824D+03
  771  0.13200325      0.28203210D+03
  772  0.13361855      0.27329866D+03
  773  0.13525361      0.26470455D+03
  774  0.13690868      0.25625613D+03
  775  0.13858400      0.24795950D+03
  776  0.14027982      0.23982046D+03
  777  0.14199639      0.23184450D+03
  778  0.14373397      0.22403675D+03
  779  0.14549281      0.21640199D+03
  780  0.14727317      0.20894461D+03
  781  0.14907532      0.20166863D+03
  782  0.15089953      0.19457764D+03
  783  0.15274605      0.18767482D+03
  784  0.15461517      0.18096293D+03
  785  0.15650716      0.17444429D+03
  786  0.15842230      0.16812078D+03
  787  0.16036088      0.16199385D+03
  788  0.16232318      0.15606449D+03
  789  0.16430950      0.15033327D+03
  790  0.16632012      0.14480030D+03
  791  0.16835534      0.13946526D+03
  792  0.17041547      0.13432742D+03
  793  0.17250080      0.12938561D+03
  794  0.17461166      0.12463825D+03
  795  0.17674834      0.12008337D+03
  796  0.17891117      0.11571862D+03
  797  0.18110047      0.11154127D+03
  798  0.18331655      0.10754822D+03
  799  0.18555976      0.10373605D+03
  800  0.18783041      0.10010102D+03
  801  0.19012885      0.96639083D+02
  802  0.19245542      0.93345900D+02
  803  0.19481045      0.90216883D+02
  804  0.19719430      0.87247200D+02
  805  0.19960733      0.84431800D+02
  806  0.20204988      0.81765440D+02
  807  0.20452232      0.79242701D+02
  808  0.20702501      0.76858018D+02
  809  0.20955833      0.74605698D+02
  810  0.21212265      0.72479948D+02
  811  0.21471835      0.70474893D+02
  812  0.21734581      0.68584604D+02
  813  0.22000542      0.66803118D+02
  814  0.22269758      0.65124462D+02
  815  0.22542268      0.63542672D+02
  816  0.22818113      0.62051820D+02
  817  0.23097333      0.60646026D+02
  818  0.23379970      0.59319486D+02
  819  0.23666065      0.58066488D+02
  820  0.23955662      0.56881428D+02
  821  0.24248802      0.55758829D+02
  822  0.24545529      0.54693358D+02
  823  0.24845887      0.53679839D+02
  824  0.25149921      0.52713267D+02
  825  0.25457675      0.51788823D+02
  826  0.25769195      0.50901881D+02
  827  0.26084527      0.50048021D+02
  828  0.26403717      0.49223039D+02
  829  0.26726814      0.48422952D+02
  830  0.27053864      0.47644003D+02
  831  0.27384916      0.46882673D+02
  832  0.27720019      0.46135674D+02
  833  0.28059223      0.45399963D+02
  834  0.28402578      0.44672734D+02
  835  0.28750134      0.43951422D+02
  836  0.29101943      0.43233704D+02
  837  0.29458057      0.42517493D+02
  838  0.29818528      0.41800935D+02
  839  0.30183411      0.41082408D+02
  840  0.30552759      0.40360515D+02
  841  0.30926626      0.39634074D+02
  842  0.31305069      0.38902119D+02
  843  0.31688142      0.38163886D+02
  844  0.32075903      0.37418806D+02
  845  0.32468408      0.36666498D+02
  846  0.32865717      0.35906756D+02
  847  0.33267888      0.35139542D+02
  848  0.33674979      0.34364974D+02
  849  0.34087053      0.33583317D+02
  850  0.34504168      0.32794969D+02
  851  0.34926388      0.32000450D+02
  852  0.35353775      0.31200396D+02
  853  0.35786391      0.30395539D+02
  854  0.36224301      0.29586704D+02
  855  0.36667570      0.28774792D+02
  856  0.37116263      0.27960771D+02
  857  0.37570446      0.27145666D+02
  858  0.38030188      0.26330545D+02
  859  0.38495555      0.25516515D+02
  860  0.38966616      0.24704704D+02
  861  0.39443442      0.23896257D+02
  862  0.39926103      0.23092325D+02
  863  0.40414670      0.22294058D+02
  864  0.40909215      0.21502593D+02
  865  0.41409812      0.20719051D+02
  866  0.41916535      0.19944526D+02
  867  0.42429458      0.19180079D+02
  868  0.42948658      0.18426736D+02
  869  0.43474211      0.17685477D+02
  870  0.44006196      0.16957234D+02
  871  0.44544690      0.16242887D+02
  872  0.45089773      0.15543259D+02
  873  0.45641527      0.14859114D+02
  874  0.46200032      0.14191151D+02
  875  0.46765372      0.13540008D+02
  876  0.47337629      0.12906255D+02
  877  0.47916889      0.12290396D+02
  878  0.48503238      0.11692865D+02
  879  0.49096761      0.11114030D+02
  880  0.49697547      0.10554191D+02
  881  0.50305685      0.10013582D+02
  882  0.50921265      0.94923678D+01
  883  0.51544377      0.89906521D+01
  884  0.52175114      0.85084743D+01
  885  0.52813570      0.80458131D+01
  886  0.53459838      0.76025891D+01
  887  0.54114014      0.71786666D+01
  888  0.54776195      0.67738571D+01
  889  0.55446479      0.63879217D+01
  890  0.56124966      0.60205744D+01
  891  0.56811754      0.56714855D+01
  892  0.57506947      0.53402844D+01
  893  0.58210647      0.50265636D+01
  894  0.58922958      0.47298816D+01
  895  0.59643985      0.44497668D+01
  896  0.60373835      0.41857208D+01
  897  0.61112617      0.39372218D+01
  898  0.61860438      0.37037280D+01
  899  0.62617411      0.34846811D+01
  900  0.63383646      0.32795094D+01
  901  0.64159258      0.30876313D+01
  902  0.64944361      0.29084578D+01
  903  0.65739070      0.27413961D+01
  904  0.66543505      0.25858520D+01
  905  0.67357783      0.24412326D+01
  906  0.68182025      0.23069491D+01
  907  0.69016354      0.21824190D+01
  908  0.69860891      0.20670680D+01
  909  0.70715764      0.19603327D+01
  910  0.71581097      0.18616618D+01
  911  0.72457019      0.17705181D+01
  912  0.73343660      0.16863802D+01
  913  0.74241150      0.16087431D+01
  914  0.75149622      0.15371202D+01
  915  0.76069212      0.14710438D+01
  916  0.77000054      0.14100660D+01
  917  0.77942286      0.13537596D+01
  918  0.78896049      0.13017180D+01
  919  0.79861482      0.12535562D+01
  920  0.80838730      0.12089108D+01
  921  0.81827935      0.11674398D+01
  922  0.82829246      0.11288231D+01
  923  0.83842809      0.10927617D+01
  924  0.84868775      0.10589778D+01
  925  0.85907295      0.10272146D+01
  926  0.86958524      0.99723532D+00
  927  0.88022616      0.96882305D+00
  928  0.89099729      0.94178000D+00
  929  0.90190023      0.91592682D+00
  930  0.91293658      0.89110185D+00
  931  0.92410799      0.86716036D+00
  932  0.93541609      0.84397373D+00
  933  0.94686257      0.82142855D+00
  934  0.95844912      0.79942578D+00
  935  0.97017745      0.77787987D+00
  936  0.98204930      0.75671782D+00
  937  0.99406642      0.73587829D+00
  938  1.00623059      0.71531072D+00
  939  1.01854361      0.69497442D+00
  940  1.03100730      0.67483771D+00
  941  1.04362351      0.65487706D+00
  942  1.05639410      0.63507627D+00
  943  1.06932096      0.61542565D+00
  944  1.08240601      0.59592125D+00
  945  1.09565117      0.57656417D+00
  946  1.10905841      0.55735980D+00
  947  1.12262972      0.53831718D+00
  948  1.13636709      0.51944841D+00
  949  1.15027256      0.50076802D+00
  950  1.16434819      0.48229246D+00
  951  1.17859606      0.46403960D+00
  952  1.19301828      0.44602828D+00
  953  1.20761698      0.42827788D+00
  954  1.22239433      0.41080797D+00
  955  1.23735250      0.39363795D+00
  956  1.25249370      0.37678679D+00
  957  1.26782019      0.36027275D+00
  958  1.28333423      0.34411315D+00
  959  1.29903811      0.32832422D+00
  960  1.31493415      0.31292092D+00
  961  1.33102471      0.29791681D+00
  962  1.34731216      0.28332398D+00
  963  1.36379892      0.26915294D+00
  964  1.38048743      0.25541263D+00
  965  1.39738015      0.24211034D+00
  966  1.41447958      0.22925175D+00
  967  1.43178825      0.21684092D+00
  968  1.44930873      0.20488031D+00
  969  1.46704360      0.19337086D+00
  970  1.48499549      0.18231202D+00
  971  1.50316705      0.17170181D+00
  972  1.52156097      0.16153692D+00
  973  1.54017998      0.15181277D+00
  974  1.55902682      0.14252358D+00
  975  1.57810429      0.13366252D+00
  976  1.59741520      0.12522174D+00
  977  1.61696242      0.11719250D+00
  978  1.63674883      0.10956525D+00
  979  1.65677736      0.10232974D+00
  980  1.67705098      0.95475086D-01
  981  1.69757269      0.88989896D-01
  982  1.71834551      0.82862330D-01
  983  1.73937252      0.77080197D-01
  984  1.76065684      0.71631035D-01
  985  1.78220161      0.66502188D-01
  986  1.80401001      0.61680877D-01
  987  1.82608529      0.57154269D-01
  988  1.84843069      0.52909539D-01
  989  1.87104953      0.48933929D-01
  990  1.89394515      0.45214801D-01
  991  1.91712093      0.41739683D-01
  992  1.94058032      0.38496313D-01
  993  1.96432677      0.35472681D-01
  994  1.98836380      0.32657055D-01
  995  2.01269497      0.30038016D-01
  996  2.03732388      0.27604479D-01
  997  2.06225416      0.25345717D-01
  998  2.08748951      0.23251375D-01
  999  2.11303365      0.21311482D-01
 1000  2.13889038      0.19516465D-01
 1001  2.16506351      0.17857148D-01
 1002  2.19155691      0.16327072D-01
 1003  2.21837451      0.14919328D-01
 1004  2.24552027      0.13624864D-01
 1005  2.27299820      0.12435238D-01
 1006  2.30081238      0.11342589D-01
 1007  2.32896691      0.10339592D-01
 1008  2.35746597      0.94194322D-02
 1009  2.38631376      0.85757689D-02
 1010  2.41551455      0.78027067D-02
 1011  2.44507267      0.70947673D-02
 1012  2.47499248      0.64468627D-02
 1013  2.50527842      0.58542698D-02
 1014  2.53593496      0.53126071D-02
 1015  2.56696663      0.48178119D-02
 1016  2.59837804      0.43661194D-02
 1017  2.63017381      0.39540430D-02
 1018  2.66235867      0.35783555D-02
 1019  2.69493737      0.32360716D-02
 1020  2.72791472      0.29244316D-02
 1021  2.76129561      0.26408855D-02
 1022  2.79508497      0.23830790D-02
 1023  2.82928781      0.00000000D+00
 1024  2.86390918      0.00000000D+00
 1025  2.89895420      0.00000000D+00
 1026  2.93442806      0.00000000D+00
 1027  2.97033601      0.00000000D+00
 1028  3.00668336      0.00000000D+00
 1029  3.04347548      0.00000000D+00
 1030  3.08071781      0.00000000D+00
 1031  3.11841588      0.00000000D+00
 1032  3.15657524      0.00000000D+00
 1033  3.19520156      0.00000000D+00
 1034  3.23430053      0.00000000D+00
 1035  3.27387795      0.00000000D+00
 1036  3.31393967      0.00000000D+00
 1037  3.35449162      0.00000000D+00
 1038  3.39553979      0.00000000D+00
 1039  3.43709026      0.00000000D+00
 1040  3.47914918      0.00000000D+00
 1041  3.52172276      0.00000000D+00
 1042  3.56481730      0.00000000D+00
 1043  3.60843918      0.00000000D+00
 1044  3.65259486      0.00000000D+00
 1045  3.69729085      0.00000000D+00
 1046  3.74253378      0.00000000D+00
 1047  3.78833034      0.00000000D+00
 1048  3.83468730      0.00000000D+00
 1049  3.88161152      0.00000000D+00
 1050  3.92910995      0.00000000D+00
 1051  3.97718960      0.00000000D+00
 1052  4.02585759      0.00000000D+00
 1053  4.07512112      0.00000000D+00
 1054  4.12498747      0.00000000D+00
 1055  4.17546403      0.00000000D+00
 1056  4.22655826      0.00000000D+00
 1057  4.27827772      0.00000000D+00
 1058  4.33063006      0.00000000D+00
 1059  4.38362302      0.00000000D+00
 1060  4.43726445      0.00000000D+00
 1061  4.49156228      0.00000000D+00
 1062  4.54652453      0.00000000D+00
 1063  4.60215935      0.00000000D+00
 1064  4.65847495      0.00000000D+00
 1065  4.71547968      0.00000000D+00
 1066  4.77318196      0.00000000D+00
 1067  4.83159034      0.00000000D+00
 1068  4.89071344      0.00000000D+00
 1069  4.95056002      0.00000000D+00
 1070  5.01113893      0.00000000D+00
 1071  5.07245913      0.00000000D+00
 1072  5.13452969      0.00000000D+00
 1073  5.19735980      0.00000000D+00
 1074  5.26095874      0.00000000D+00
 1075  5.32533593      0.00000000D+00
 1076  5.39050089      0.00000000D+00
 1077  5.45646325      0.00000000D+00
 1078  5.52323279      0.00000000D+00
 1079  5.59081937      0.00000000D+00
 1080  5.65923299      0.00000000D+00
 1081  5.72848377      0.00000000D+00
 1082  5.79858196      0.00000000D+00
 1083  5.86953793      0.00000000D+00
 1084  5.94136217      0.00000000D+00
 1085  6.01406530      0.00000000D+00
 1086  6.08765809      0.00000000D+00
 1087  6.16215142      0.00000000D+00
 1088  6.23755630      0.00000000D+00
 1089  6.31388390      0.00000000D+00
 1090  6.39114550      0.00000000D+00
 1091  6.46935254      0.00000000D+00
 1092  6.54851658      0.00000000D+00
 1093  6.62864933      0.00000000D+00
 1094  6.70976264      0.00000000D+00
 1095  6.79186853      0.00000000D+00
 1096  6.87497912      0.00000000D+00
 1097  6.95910672      0.00000000D+00
 1098  7.04426377      0.00000000D+00
 1099  7.13046287      0.00000000D+00
 1100  7.21771677      0.00000000D+00
 1101  7.30603837      0.00000000D+00
