DOS Data: Averaged over      4 atoms
--------------------------------
Fermi energy:  0.75415715                                   
Num Energy Points:   500
--------------------------------
        Energy           DOS
     -0.500000      0.242621E-03
     -0.496994      0.244517E-03
     -0.493988      0.246446E-03
     -0.490982      0.248409E-03
     -0.487976      0.250407E-03
     -0.484970      0.252442E-03
     -0.481964      0.254513E-03
     -0.478958      0.256623E-03
     -0.475952      0.258772E-03
     -0.472946      0.260961E-03
     -0.469940      0.263192E-03
     -0.466934      0.265467E-03
     -0.463928      0.267785E-03
     -0.460922      0.270150E-03
     -0.457916      0.272561E-03
     -0.454910      0.275022E-03
     -0.451904      0.277532E-03
     -0.448898      0.280095E-03
     -0.445892      0.282711E-03
     -0.442886      0.285382E-03
     -0.439880      0.288111E-03
     -0.436874      0.290899E-03
     -0.433868      0.293749E-03
     -0.430862      0.296661E-03
     -0.427856      0.299640E-03
     -0.424850      0.302687E-03
     -0.421844      0.305805E-03
     -0.418838      0.308996E-03
     -0.415832      0.312262E-03
     -0.412826      0.315608E-03
     -0.409820      0.319036E-03
     -0.406814      0.322550E-03
     -0.403808      0.326152E-03
     -0.400802      0.329846E-03
     -0.397796      0.333637E-03
     -0.394790      0.337527E-03
     -0.391784      0.341522E-03
     -0.388778      0.345626E-03
     -0.385772      0.349844E-03
     -0.382766      0.354181E-03
     -0.379760      0.358642E-03
     -0.376754      0.363233E-03
     -0.373747      0.367960E-03
     -0.370741      0.372829E-03
     -0.367735      0.377849E-03
     -0.364729      0.383025E-03
     -0.361723      0.388366E-03
     -0.358717      0.393882E-03
     -0.355711      0.399579E-03
     -0.352705      0.405470E-03
     -0.349699      0.411564E-03
     -0.346693      0.417872E-03
     -0.343687      0.424407E-03
     -0.340681      0.431183E-03
     -0.337675      0.438213E-03
     -0.334669      0.445513E-03
     -0.331663      0.453101E-03
     -0.328657      0.460995E-03
     -0.325651      0.469215E-03
     -0.322645      0.477784E-03
     -0.319639      0.486725E-03
     -0.316633      0.496065E-03
     -0.313627      0.505834E-03
     -0.310621      0.516064E-03
     -0.307615      0.526792E-03
     -0.304609      0.538058E-03
     -0.301603      0.549906E-03
     -0.298597      0.562386E-03
     -0.295591      0.575556E-03
     -0.292585      0.589478E-03
     -0.289579      0.604226E-03
     -0.286573      0.619881E-03
     -0.283567      0.636538E-03
     -0.280561      0.654305E-03
     -0.277555      0.673309E-03
     -0.274549      0.693695E-03
     -0.271543      0.715637E-03
     -0.268537      0.739339E-03
     -0.265531      0.765044E-03
     -0.262525      0.793045E-03
     -0.259519      0.823703E-03
     -0.256513      0.857457E-03
     -0.253507      0.894861E-03
     -0.250501      0.936617E-03
     -0.247495      0.983634E-03
     -0.244489      0.103711E-02
     -0.241483      0.109866E-02
     -0.238477      0.117056E-02
     -0.235471      0.125606E-02
     -0.232465      0.136008E-02
     -0.229459      0.149047E-02
     -0.226453      0.166076E-02
     -0.223447      0.189674E-02
     -0.220441      0.225603E-02
     -0.217435      0.290713E-02
     -0.214429      0.477137E-02
     -0.211423      0.135959E+00
     -0.208417      0.213896E+00
     -0.205411      0.431389E+00
     -0.202405      0.307135E+00
     -0.199399      0.678940E+00
     -0.196393      0.829708E+00
     -0.193387      0.440022E+00
     -0.190381      0.522165E+00
     -0.187375      0.537039E+00
     -0.184369      0.872761E+00
     -0.181363      0.591741E+00
     -0.178357      0.107313E+01
     -0.175351      0.694617E+00
     -0.172345      0.795739E+00
     -0.169339      0.928004E+00
     -0.166333      0.993182E+00
     -0.163327      0.966881E+00
     -0.160321      0.754969E+00
     -0.157315      0.101775E+01
     -0.154309      0.107571E+01
     -0.151303      0.105469E+01
     -0.148297      0.858024E+00
     -0.145291      0.134168E+01
     -0.142285      0.716110E+00
     -0.139279      0.123198E+01
     -0.136273      0.987962E+00
     -0.133267      0.144108E+01
     -0.130261      0.105948E+01
     -0.127255      0.129879E+01
     -0.124248      0.144822E+01
     -0.121242      0.157715E+01
     -0.118236      0.171515E+01
     -0.115230      0.119275E+01
     -0.112224      0.160939E+01
     -0.109218      0.138447E+01
     -0.106212      0.138803E+01
     -0.103206      0.188137E+01
     -0.100200      0.133959E+01
     -0.097194      0.129781E+01
     -0.094188      0.164896E+01
     -0.091182      0.167693E+01
     -0.088176      0.139570E+01
     -0.085170      0.152262E+01
     -0.082164      0.171882E+01
     -0.079158      0.184544E+01
     -0.076152      0.151750E+01
     -0.073146      0.252621E+01
     -0.070140      0.165801E+01
     -0.067134      0.207940E+01
     -0.064128      0.175900E+01
     -0.061122      0.193801E+01
     -0.058116      0.174831E+01
     -0.055110      0.239889E+01
     -0.052104      0.248130E+01
     -0.049098      0.176284E+01
     -0.046092      0.267572E+01
     -0.043086      0.276847E+01
     -0.040080      0.250335E+01
     -0.037074      0.317349E+01
     -0.034068      0.355290E+01
     -0.031062      0.277013E+01
     -0.028056      0.306584E+01
     -0.025050      0.235280E+01
     -0.022044      0.302312E+01
     -0.019038      0.281187E+01
     -0.016032      0.344448E+01
     -0.013026      0.185248E+01
     -0.010020      0.362473E+01
     -0.007014      0.330570E+01
     -0.004008      0.245918E+01
     -0.001002      0.247738E+01
      0.002004      0.172317E+01
      0.005010      0.185038E+01
      0.008016      0.255143E+01
      0.011022      0.206019E+01
      0.014028      0.143566E+01
      0.017034      0.195188E+01
      0.020040      0.197958E+01
      0.023046      0.210390E+01
      0.026052      0.183282E+01
      0.029058      0.881773E+00
      0.032064      0.168778E+01
      0.035070      0.171919E+01
      0.038076      0.847442E+00
      0.041082      0.204854E+01
      0.044088      0.146276E+01
      0.047094      0.155281E+01
      0.050100      0.980962E+00
      0.053106      0.147408E+01
      0.056112      0.113105E+01
      0.059118      0.686164E+00
      0.062124      0.430477E+00
      0.065130      0.714972E+00
      0.068136      0.310410E+00
      0.071142      0.170773E+00
      0.074148      0.166683E+00
      0.077154      0.351684E+00
      0.080160      0.268530E+00
      0.083166      0.378871E+00
      0.086172      0.405000E+00
      0.089178      0.628058E+00
      0.092184      0.836867E+00
      0.095190      0.527561E+00
      0.098196      0.883975E+00
      0.101202      0.184369E+01
      0.104208      0.111835E+01
      0.107214      0.972649E+00
      0.110220      0.190063E+01
      0.113226      0.140707E+01
      0.116232      0.108782E+01
      0.119238      0.166002E+01
      0.122244      0.690366E+01
      0.125251      0.116173E+01
      0.128257      0.176188E+01
      0.131263      0.292063E+01
      0.134269      0.417914E+01
      0.137275      0.379706E+01
      0.140281      0.510878E+01
      0.143287      0.821119E+01
      0.146293      0.546922E+01
      0.149299      0.339148E+01
      0.152305      0.343266E+01
      0.155311      0.340623E+01
      0.158317      0.339246E+01
      0.161323      0.316439E+01
      0.164329      0.310780E+01
      0.167335      0.261577E+01
      0.170341      0.361516E+01
      0.173347      0.301183E+01
      0.176353      0.249092E+01
      0.179359      0.173626E+01
      0.182365      0.265554E+01
      0.185371      0.173303E+01
      0.188377      0.237408E+01
      0.191383      0.135202E+01
      0.194389      0.215643E+01
      0.197395      0.139337E+01
      0.200401      0.186379E+01
      0.203407      0.120625E+01
      0.206413      0.190476E+01
      0.209419      0.146286E+01
      0.212425      0.213449E+01
      0.215431      0.122328E+01
      0.218437      0.202462E+01
      0.221443      0.102444E+01
      0.224449      0.100547E+01
      0.227455      0.111723E+01
      0.230461      0.951711E+00
      0.233467      0.203229E+01
      0.236473      0.108119E+01
      0.239479      0.189131E+01
      0.242485      0.702671E+00
      0.245491      0.105229E+01
      0.248497      0.985323E+00
      0.251503      0.140144E+01
      0.254509      0.217959E+01
      0.257515      0.781955E+00
      0.260521      0.215850E+01
      0.263527      0.600473E+00
      0.266533      0.107448E+01
      0.269539      0.172342E+01
      0.272545      0.804964E+00
      0.275551      0.142752E+01
      0.278557      0.514793E+00
      0.281563      0.804745E+00
      0.284569      0.253359E+01
      0.287575      0.791058E+00
      0.290581      0.718212E+00
      0.293587      0.401068E+00
      0.296593      0.588309E+00
      0.299599      0.160920E+01
      0.302605      0.493604E+00
      0.305611      0.540342E+00
      0.308617      0.237823E+01
      0.311623      0.528903E+00
      0.314629      0.641218E+00
      0.317635      0.519855E+00
      0.320641      0.130495E+01
      0.323647      0.185927E+01
      0.326653      0.179034E+01
      0.329659      0.225392E+01
      0.332665      0.287776E+01
      0.335671      0.296029E+01
      0.338677      0.351617E+01
      0.341683      0.481485E+01
      0.344689      0.437997E+01
      0.347695      0.474669E+01
      0.350701      0.454656E+01
      0.353707      0.340648E+01
      0.356713      0.355356E+01
      0.359719      0.316445E+01
      0.362725      0.304799E+01
      0.365731      0.339284E+01
      0.368737      0.466678E+01
      0.371743      0.328257E+01
      0.374749      0.295602E+01
      0.377756      0.408900E+01
      0.380762      0.354678E+01
      0.383768      0.398823E+01
      0.386774      0.484201E+01
      0.389780      0.403541E+01
      0.392786      0.500239E+01
      0.395792      0.325652E+01
      0.398798      0.311605E+01
      0.401804      0.473180E+01
      0.404810      0.395026E+01
      0.407816      0.334847E+01
      0.410822      0.406026E+01
      0.413828      0.495803E+01
      0.416834      0.492669E+01
      0.419840      0.496167E+01
      0.422846      0.478121E+01
      0.425852      0.467488E+01
      0.428858      0.571512E+01
      0.431864      0.537592E+01
      0.434870      0.473331E+01
      0.437876      0.523032E+01
      0.440882      0.591713E+01
      0.443888      0.573477E+01
      0.446894      0.515580E+01
      0.449900      0.482556E+01
      0.452906      0.587235E+01
      0.455912      0.417520E+01
      0.458918      0.365437E+01
      0.461924      0.599507E+01
      0.464930      0.451287E+01
      0.467936      0.540340E+01
      0.470942      0.345160E+01
      0.473948      0.504801E+01
      0.476954      0.437973E+01
      0.479960      0.466417E+01
      0.482966      0.478484E+01
      0.485972      0.453920E+01
      0.488978      0.505033E+01
      0.491984      0.402656E+01
      0.494990      0.442158E+01
      0.497996      0.429515E+01
      0.501002      0.381732E+01
      0.504008      0.388917E+01
      0.507014      0.435385E+01
      0.510020      0.487205E+01
      0.513026      0.367150E+01
      0.516032      0.486562E+01
      0.519038      0.463406E+01
      0.522044      0.621960E+01
      0.525050      0.450340E+01
      0.528056      0.399264E+01
      0.531062      0.285907E+01
      0.534068      0.347330E+01
      0.537074      0.470702E+01
      0.540080      0.360226E+01
      0.543086      0.389450E+01
      0.546092      0.336293E+01
      0.549098      0.364262E+01
      0.552104      0.202481E+01
      0.555110      0.298885E+01
      0.558116      0.187372E+01
      0.561122      0.245219E+01
      0.564128      0.207684E+01
      0.567134      0.290332E+01
      0.570140      0.221252E+01
      0.573146      0.185412E+01
      0.576152      0.185610E+01
      0.579158      0.191318E+01
      0.582164      0.117589E+01
      0.585170      0.126932E+01
      0.588176      0.154058E+01
      0.591182      0.910173E+00
      0.594188      0.126682E+01
      0.597194      0.104850E+01
      0.600200      0.123951E+01
      0.603206      0.959917E+00
      0.606212      0.118198E+01
      0.609218      0.961528E+00
      0.612224      0.581184E+00
      0.615230      0.890213E+00
      0.618236      0.615712E+00
      0.621242      0.289557E+00
      0.624248      0.944213E-01
      0.627255      0.807446E-02
      0.630261      0.602465E-02
      0.633267      0.518662E-02
      0.636273      0.470751E-02
      0.639279      0.439512E-02
      0.642285      0.417829E-02
      0.645291      0.402416E-02
      0.648297      0.391517E-02
      0.651303      0.384154E-02
      0.654309      0.379745E-02
      0.657315      0.377991E-02
      0.660321      0.378788E-02
      0.663327      0.382182E-02
      0.666333      0.388430E-02
      0.669339      0.398004E-02
      0.672345      0.411768E-02
      0.675351      0.431213E-02
      0.678357      0.459166E-02
      0.681363      0.501619E-02
      0.684369      0.574835E-02
      0.687375      0.754977E-02
      0.690381      0.668625E-01
      0.693387      0.152533E+00
      0.696393      0.218529E+00
      0.699399      0.451738E+00
      0.702405      0.795318E+00
      0.705411      0.112024E+01
      0.708417      0.851824E+00
      0.711423      0.113464E+01
      0.714429      0.106022E+01
      0.717435      0.724813E+00
      0.720441      0.112023E+01
      0.723447      0.153848E+01
      0.726453      0.126056E+01
      0.729459      0.189513E+01
      0.732465      0.180279E+01
      0.735471      0.150539E+01
      0.738477      0.194081E+01
      0.741483      0.205220E+01
      0.744489      0.191514E+01
      0.747495      0.227777E+01
      0.750501      0.260691E+01
      0.753507      0.244923E+01
      0.756513      0.187491E+01
      0.759519      0.230496E+01
      0.762525      0.253690E+01
      0.765531      0.345246E+01
      0.768537      0.277306E+01
      0.771543      0.312620E+01
      0.774549      0.346594E+01
      0.777555      0.363535E+01
      0.780561      0.340097E+01
      0.783567      0.371234E+01
      0.786573      0.396401E+01
      0.789579      0.456330E+01
      0.792585      0.388951E+01
      0.795591      0.391905E+01
      0.798597      0.535647E+01
      0.801603      0.407579E+01
      0.804609      0.557573E+01
      0.807615      0.585164E+01
      0.810621      0.455624E+01
      0.813627      0.501774E+01
      0.816633      0.569326E+01
      0.819639      0.584387E+01
      0.822645      0.665930E+01
      0.825651      0.446941E+01
      0.828657      0.357812E+01
      0.831663      0.510477E+01
      0.834669      0.396982E+01
      0.837675      0.494028E+01
      0.840681      0.428457E+01
      0.843687      0.360303E+01
      0.846693      0.447376E+01
      0.849699      0.436232E+01
      0.852705      0.319889E+01
      0.855711      0.348775E+01
      0.858717      0.380841E+01
      0.861723      0.384055E+01
      0.864729      0.287401E+01
      0.867735      0.375653E+01
      0.870741      0.334571E+01
      0.873747      0.250753E+01
      0.876754      0.381631E+01
      0.879760      0.453004E+01
      0.882766      0.573619E+01
      0.885772      0.805822E+01
      0.888778      0.835373E+01
      0.891784      0.798401E+01
      0.894790      0.736204E+01
      0.897796      0.601182E+01
      0.900802      0.527498E+01
      0.903808      0.513099E+01
      0.906814      0.589706E+01
      0.909820      0.628850E+01
      0.912826      0.589290E+01
      0.915832      0.416702E+01
      0.918838      0.599217E+01
      0.921844      0.528433E+01
      0.924850      0.420977E+01
      0.927856      0.714091E+01
      0.930862      0.523988E+01
      0.933868      0.540851E+01
      0.936874      0.444172E+01
      0.939880      0.493870E+01
      0.942886      0.429349E+01
      0.945892      0.483059E+01
      0.948898      0.354835E+01
      0.951904      0.349574E+01
      0.954910      0.391322E+01
      0.957916      0.377008E+01
      0.960922      0.390566E+01
      0.963928      0.478608E+01
      0.966934      0.505469E+01
      0.969940      0.353874E+01
      0.972946      0.352293E+01
      0.975952      0.405814E+01
      0.978958      0.600759E+01
      0.981964      0.466390E+01
      0.984970      0.405684E+01
      0.987976      0.386049E+01
      0.990982      0.464634E+01
      0.993988      0.395845E+01
      0.996994      0.468810E+01
      1.000000      0.412808E+01
