 ir        r               f(r)
    1  0.00001227      0.29931974D-11
    2  0.00001242      0.30668089D-11
    3  0.00001257      0.31422302D-11
    4  0.00001272      0.32195060D-11
    5  0.00001288      0.32986805D-11
    6  0.00001304      0.33798021D-11
    7  0.00001320      0.34629176D-11
    8  0.00001336      0.35480767D-11
    9  0.00001352      0.36353297D-11
   10  0.00001369      0.37247279D-11
   11  0.00001385      0.38163240D-11
   12  0.00001402      0.39101721D-11
   13  0.00001419      0.40063275D-11
   14  0.00001437      0.41048470D-11
   15  0.00001454      0.42057886D-11
   16  0.00001472      0.43092118D-11
   17  0.00001490      0.44151777D-11
   18  0.00001508      0.45237488D-11
   19  0.00001527      0.46349890D-11
   20  0.00001545      0.47489640D-11
   21  0.00001564      0.48657410D-11
   22  0.00001583      0.49853889D-11
   23  0.00001603      0.51079781D-11
   24  0.00001622      0.52335810D-11
   25  0.00001642      0.53622717D-11
   26  0.00001662      0.54941260D-11
   27  0.00001683      0.56292217D-11
   28  0.00001703      0.57676385D-11
   29  0.00001724      0.59094578D-11
   30  0.00001745      0.60547635D-11
   31  0.00001766      0.62036411D-11
   32  0.00001788      0.63561784D-11
   33  0.00001810      0.65124653D-11
   34  0.00001832      0.66725940D-11
   35  0.00001854      0.68366590D-11
   36  0.00001877      0.70047568D-11
   37  0.00001900      0.71769866D-11
   38  0.00001923      0.73534500D-11
   39  0.00001947      0.75342510D-11
   40  0.00001971      0.77194961D-11
   41  0.00001995      0.79092946D-11
   42  0.00002019      0.81037583D-11
   43  0.00002044      0.83030018D-11
   44  0.00002069      0.85071427D-11
   45  0.00002094      0.87163013D-11
   46  0.00002120      0.89306007D-11
   47  0.00002146      0.91501674D-11
   48  0.00002172      0.93751308D-11
   49  0.00002198      0.96056234D-11
   50  0.00002225      0.98417811D-11
   51  0.00002253      0.10083743D-10
   52  0.00002280      0.10331652D-10
   53  0.00002308      0.10585654D-10
   54  0.00002336      0.10845898D-10
   55  0.00002365      0.11112539D-10
   56  0.00002394      0.11385733D-10
   57  0.00002423      0.11665641D-10
   58  0.00002453      0.11952428D-10
   59  0.00002483      0.12246264D-10
   60  0.00002513      0.12547321D-10
   61  0.00002544      0.12855776D-10
   62  0.00002575      0.13171812D-10
   63  0.00002606      0.13495615D-10
   64  0.00002638      0.13827375D-10
   65  0.00002670      0.14167288D-10
   66  0.00002703      0.14515555D-10
   67  0.00002736      0.14872380D-10
   68  0.00002769      0.15237974D-10
   69  0.00002803      0.15612552D-10
   70  0.00002838      0.15996335D-10
   71  0.00002872      0.16389549D-10
   72  0.00002907      0.16792426D-10
   73  0.00002943      0.17205202D-10
   74  0.00002979      0.17628122D-10
   75  0.00003015      0.18061435D-10
   76  0.00003052      0.18505395D-10
   77  0.00003090      0.18960264D-10
   78  0.00003127      0.19426311D-10
   79  0.00003166      0.19903809D-10
   80  0.00003204      0.20393040D-10
   81  0.00003243      0.20894293D-10
   82  0.00003283      0.21407863D-10
   83  0.00003323      0.21934052D-10
   84  0.00003364      0.22473169D-10
   85  0.00003405      0.23025534D-10
   86  0.00003447      0.23591471D-10
   87  0.00003489      0.24171313D-10
   88  0.00003531      0.24765403D-10
   89  0.00003575      0.25374089D-10
   90  0.00003618      0.25997732D-10
   91  0.00003663      0.26636697D-10
   92  0.00003707      0.27291362D-10
   93  0.00003753      0.27962112D-10
   94  0.00003799      0.28649343D-10
   95  0.00003845      0.29353458D-10
   96  0.00003892      0.30074873D-10
   97  0.00003940      0.30814013D-10
   98  0.00003988      0.31571314D-10
   99  0.00004037      0.32347221D-10
  100  0.00004086      0.33142191D-10
  101  0.00004136      0.33956693D-10
  102  0.00004187      0.34791207D-10
  103  0.00004238      0.35646224D-10
  104  0.00004290      0.36522247D-10
  105  0.00004342      0.37419794D-10
  106  0.00004395      0.38339393D-10
  107  0.00004449      0.39281585D-10
  108  0.00004503      0.40246926D-10
  109  0.00004558      0.41235983D-10
  110  0.00004614      0.42249342D-10
  111  0.00004670      0.43287597D-10
  112  0.00004728      0.44351360D-10
  113  0.00004785      0.45441260D-10
  114  0.00004844      0.46557937D-10
  115  0.00004903      0.47702050D-10
  116  0.00004963      0.48874272D-10
  117  0.00005024      0.50075296D-10
  118  0.00005085      0.51305827D-10
  119  0.00005147      0.52566592D-10
  120  0.00005210      0.53858333D-10
  121  0.00005274      0.55181812D-10
  122  0.00005338      0.56537809D-10
  123  0.00005404      0.57927122D-10
  124  0.00005470      0.59350571D-10
  125  0.00005537      0.60808995D-10
  126  0.00005604      0.62303253D-10
  127  0.00005673      0.63834227D-10
  128  0.00005742      0.65402818D-10
  129  0.00005812      0.67009951D-10
  130  0.00005884      0.68656575D-10
  131  0.00005955      0.70343660D-10
  132  0.00006028      0.72072200D-10
  133  0.00006102      0.73843215D-10
  134  0.00006177      0.75657750D-10
  135  0.00006252      0.77516874D-10
  136  0.00006329      0.79421685D-10
  137  0.00006406      0.81373305D-10
  138  0.00006484      0.83372886D-10
  139  0.00006564      0.85421608D-10
  140  0.00006644      0.87520680D-10
  141  0.00006725      0.89671339D-10
  142  0.00006807      0.91874856D-10
  143  0.00006891      0.94132530D-10
  144  0.00006975      0.96445694D-10
  145  0.00007060      0.98815715D-10
  146  0.00007146      0.10124399D-09
  147  0.00007234      0.10373195D-09
  148  0.00007322      0.10628108D-09
  149  0.00007412      0.10889286D-09
  150  0.00007502      0.11156885D-09
  151  0.00007594      0.11431063D-09
  152  0.00007687      0.11711982D-09
  153  0.00007781      0.11999807D-09
  154  0.00007876      0.12294709D-09
  155  0.00007972      0.12596863D-09
  156  0.00008070      0.12906446D-09
  157  0.00008169      0.13223641D-09
  158  0.00008269      0.13548638D-09
  159  0.00008370      0.13881627D-09
  160  0.00008472      0.14222805D-09
  161  0.00008576      0.14572375D-09
  162  0.00008680      0.14930544D-09
  163  0.00008787      0.15297523D-09
  164  0.00008894      0.15673530D-09
  165  0.00009003      0.16058787D-09
  166  0.00009113      0.16453523D-09
  167  0.00009224      0.16857971D-09
  168  0.00009337      0.17272372D-09
  169  0.00009451      0.17696971D-09
  170  0.00009567      0.18132019D-09
  171  0.00009684      0.18577775D-09
  172  0.00009802      0.19034503D-09
  173  0.00009922      0.19502475D-09
  174  0.00010043      0.19981967D-09
  175  0.00010166      0.20473266D-09
  176  0.00010290      0.20976662D-09
  177  0.00010416      0.21492455D-09
  178  0.00010544      0.22020951D-09
  179  0.00010673      0.22562464D-09
  180  0.00010803      0.23117318D-09
  181  0.00010935      0.23685841D-09
  182  0.00011069      0.24268372D-09
  183  0.00011204      0.24865259D-09
  184  0.00011341      0.25476856D-09
  185  0.00011480      0.26103529D-09
  186  0.00011620      0.26745651D-09
  187  0.00011762      0.27403604D-09
  188  0.00011906      0.28077782D-09
  189  0.00012052      0.28768587D-09
  190  0.00012199      0.29476432D-09
  191  0.00012348      0.30201740D-09
  192  0.00012499      0.30944944D-09
  193  0.00012652      0.31706489D-09
  194  0.00012807      0.32486831D-09
  195  0.00012963      0.33286437D-09
  196  0.00013122      0.34105787D-09
  197  0.00013282      0.34945371D-09
  198  0.00013445      0.35805694D-09
  199  0.00013609      0.36687272D-09
  200  0.00013776      0.37590634D-09
  201  0.00013944      0.38516324D-09
  202  0.00014114      0.39464898D-09
  203  0.00014287      0.40436927D-09
  204  0.00014462      0.41432998D-09
  205  0.00014639      0.42453709D-09
  206  0.00014818      0.43499678D-09
  207  0.00014999      0.44571535D-09
  208  0.00015182      0.45669928D-09
  209  0.00015368      0.46795522D-09
  210  0.00015556      0.47948997D-09
  211  0.00015746      0.49131053D-09
  212  0.00015938      0.50342405D-09
  213  0.00016133      0.51583790D-09
  214  0.00016331      0.52855961D-09
  215  0.00016530      0.54159691D-09
  216  0.00016732      0.55495774D-09
  217  0.00016937      0.56865024D-09
  218  0.00017144      0.58268276D-09
  219  0.00017354      0.59706386D-09
  220  0.00017566      0.61180234D-09
  221  0.00017781      0.62690721D-09
  222  0.00017998      0.64238773D-09
  223  0.00018218      0.65825338D-09
  224  0.00018441      0.67451391D-09
  225  0.00018666      0.69117932D-09
  226  0.00018895      0.70825986D-09
  227  0.00019126      0.72576606D-09
  228  0.00019360      0.74370874D-09
  229  0.00019596      0.76209896D-09
  230  0.00019836      0.78094813D-09
  231  0.00020078      0.80026791D-09
  232  0.00020324      0.82007031D-09
  233  0.00020572      0.84036763D-09
  234  0.00020824      0.86117252D-09
  235  0.00021079      0.88249793D-09
  236  0.00021336      0.90435720D-09
  237  0.00021597      0.92676401D-09
  238  0.00021861      0.94973239D-09
  239  0.00022129      0.97327677D-09
  240  0.00022399      0.99741195D-09
  241  0.00022673      0.10221531D-08
  242  0.00022950      0.10475160D-08
  243  0.00023231      0.10735165D-08
  244  0.00023515      0.11001711D-08
  245  0.00023803      0.11274969D-08
  246  0.00024094      0.11555111D-08
  247  0.00024388      0.11842317D-08
  248  0.00024686      0.12136769D-08
  249  0.00024988      0.12438657D-08
  250  0.00025294      0.12748174D-08
  251  0.00025603      0.13065520D-08
  252  0.00025916      0.13390899D-08
  253  0.00026233      0.13724522D-08
  254  0.00026554      0.14066604D-08
  255  0.00026879      0.14417368D-08
  256  0.00027207      0.14777043D-08
  257  0.00027540      0.15145864D-08
  258  0.00027877      0.15524071D-08
  259  0.00028217      0.15911914D-08
  260  0.00028563      0.16309648D-08
  261  0.00028912      0.16717535D-08
  262  0.00029265      0.17135846D-08
  263  0.00029623      0.17564858D-08
  264  0.00029985      0.18004858D-08
  265  0.00030352      0.18456140D-08
  266  0.00030723      0.18919006D-08
  267  0.00031099      0.19393768D-08
  268  0.00031479      0.19880746D-08
  269  0.00031864      0.20380270D-08
  270  0.00032254      0.20892680D-08
  271  0.00032648      0.21418325D-08
  272  0.00033047      0.21957565D-08
  273  0.00033451      0.22510770D-08
  274  0.00033860      0.23078322D-08
  275  0.00034274      0.23660613D-08
  276  0.00034693      0.24258049D-08
  277  0.00035118      0.24871046D-08
  278  0.00035547      0.25500034D-08
  279  0.00035982      0.26145454D-08
  280  0.00036422      0.26807763D-08
  281  0.00036867      0.27487430D-08
  282  0.00037318      0.28184939D-08
  283  0.00037774      0.28900790D-08
  284  0.00038236      0.29635497D-08
  285  0.00038703      0.30389589D-08
  286  0.00039177      0.31163615D-08
  287  0.00039656      0.31958137D-08
  288  0.00040141      0.32773737D-08
  289  0.00040631      0.33611017D-08
  290  0.00041128      0.34470593D-08
  291  0.00041631      0.35353105D-08
  292  0.00042140      0.36259212D-08
  293  0.00042655      0.37189595D-08
  294  0.00043177      0.38144954D-08
  295  0.00043705      0.39126015D-08
  296  0.00044239      0.40133526D-08
  297  0.00044780      0.41168259D-08
  298  0.00045328      0.42231012D-08
  299  0.00045882      0.43322610D-08
  300  0.00046443      0.44443903D-08
  301  0.00047011      0.45595771D-08
  302  0.00047586      0.46779123D-08
  303  0.00048168      0.47994899D-08
  304  0.00048757      0.49244068D-08
  305  0.00049353      0.50527635D-08
  306  0.00049956      0.51846637D-08
  307  0.00050567      0.53202147D-08
  308  0.00051185      0.54595274D-08
  309  0.00051811      0.56027167D-08
  310  0.00052445      0.57499011D-08
  311  0.00053086      0.59012037D-08
  312  0.00053735      0.60567515D-08
  313  0.00054392      0.62166760D-08
  314  0.00055057      0.63811135D-08
  315  0.00055731      0.65502049D-08
  316  0.00056412      0.67240962D-08
  317  0.00057102      0.69029385D-08
  318  0.00057800      0.70868885D-08
  319  0.00058507      0.72761083D-08
  320  0.00059222      0.74707659D-08
  321  0.00059946      0.76710355D-08
  322  0.00060679      0.78770975D-08
  323  0.00061421      0.80891389D-08
  324  0.00062172      0.83073536D-08
  325  0.00062933      0.85319426D-08
  326  0.00063702      0.87631144D-08
  327  0.00064481      0.90010852D-08
  328  0.00065269      0.92460792D-08
  329  0.00066067      0.94983290D-08
  330  0.00066875      0.97580761D-08
  331  0.00067693      0.10025571D-07
  332  0.00068521      0.10301074D-07
  333  0.00069359      0.10584854D-07
  334  0.00070207      0.10877192D-07
  335  0.00071065      0.11178379D-07
  336  0.00071934      0.11488716D-07
  337  0.00072814      0.11808518D-07
  338  0.00073704      0.12138111D-07
  339  0.00074605      0.12477834D-07
  340  0.00075517      0.12828037D-07
  341  0.00076441      0.13189088D-07
  342  0.00077375      0.13561366D-07
  343  0.00078322      0.13945266D-07
  344  0.00079279      0.14341199D-07
  345  0.00080249      0.14749592D-07
  346  0.00081230      0.15170890D-07
  347  0.00082223      0.15605554D-07
  348  0.00083228      0.16054066D-07
  349  0.00084246      0.16516925D-07
  350  0.00085276      0.16994652D-07
  351  0.00086319      0.17487787D-07
  352  0.00087374      0.17996896D-07
  353  0.00088443      0.18522563D-07
  354  0.00089524      0.19065400D-07
  355  0.00090619      0.19626043D-07
  356  0.00091727      0.20205153D-07
  357  0.00092849      0.20803420D-07
  358  0.00093984      0.21421563D-07
  359  0.00095133      0.22060328D-07
  360  0.00096296      0.22720496D-07
  361  0.00097474      0.23402878D-07
  362  0.00098666      0.24108319D-07
  363  0.00099872      0.24837703D-07
  364  0.00101093      0.25591948D-07
  365  0.00102329      0.26372011D-07
  366  0.00103581      0.27178890D-07
  367  0.00104847      0.28013628D-07
  368  0.00106129      0.28877310D-07
  369  0.00107427      0.29771066D-07
  370  0.00108740      0.30696078D-07
  371  0.00110070      0.31653578D-07
  372  0.00111416      0.32644848D-07
  373  0.00112778      0.33671230D-07
  374  0.00114157      0.34734120D-07
  375  0.00115553      0.35834977D-07
  376  0.00116966      0.36975323D-07
  377  0.00118396      0.38156746D-07
  378  0.00119844      0.39380904D-07
  379  0.00121309      0.40649527D-07
  380  0.00122793      0.41964419D-07
  381  0.00124294      0.43327467D-07
  382  0.00125814      0.44740639D-07
  383  0.00127352      0.46205989D-07
  384  0.00128909      0.47725664D-07
  385  0.00130486      0.49301903D-07
  386  0.00132081      0.50937047D-07
  387  0.00133696      0.52633539D-07
  388  0.00135331      0.54393931D-07
  389  0.00136986      0.56220891D-07
  390  0.00138661      0.58117202D-07
  391  0.00140356      0.60085775D-07
  392  0.00142072      0.62129648D-07
  393  0.00143810      0.64251997D-07
  394  0.00145568      0.66456141D-07
  395  0.00147348      0.68745547D-07
  396  0.00149150      0.71123838D-07
  397  0.00150973      0.73594800D-07
  398  0.00152819      0.76162391D-07
  399  0.00154688      0.78830745D-07
  400  0.00156579      0.81604186D-07
  401  0.00158494      0.84487232D-07
  402  0.00160432      0.87484606D-07
  403  0.00162394      0.90601244D-07
  404  0.00164379      0.93842308D-07
  405  0.00166389      0.97213193D-07
  406  0.00168424      0.10071954D-06
  407  0.00170483      0.10436724D-06
  408  0.00172568      0.10816248D-06
  409  0.00174678      0.11211168D-06
  410  0.00176814      0.11622160D-06
  411  0.00178976      0.12049928D-06
  412  0.00181164      0.12495209D-06
  413  0.00183379      0.12958775D-06
  414  0.00185622      0.13441431D-06
  415  0.00187891      0.13944021D-06
  416  0.00190189      0.14467425D-06
  417  0.00192514      0.15012566D-06
  418  0.00194868      0.15580409D-06
  419  0.00197251      0.16171961D-06
  420  0.00199663      0.16788278D-06
  421  0.00202104      0.17430463D-06
  422  0.00204576      0.18099670D-06
  423  0.00207077      0.18797106D-06
  424  0.00209609      0.19524032D-06
  425  0.00212172      0.20281771D-06
  426  0.00214766      0.21071703D-06
  427  0.00217392      0.21895273D-06
  428  0.00220051      0.22753993D-06
  429  0.00222741      0.23649442D-06
  430  0.00225465      0.24583276D-06
  431  0.00228222      0.25557224D-06
  432  0.00231012      0.26573095D-06
  433  0.00233837      0.27632783D-06
  434  0.00236696      0.28738267D-06
  435  0.00239590      0.29891620D-06
  436  0.00242520      0.31095007D-06
  437  0.00245485      0.32350695D-06
  438  0.00248487      0.33661056D-06
  439  0.00251525      0.35028570D-06
  440  0.00254601      0.36455830D-06
  441  0.00257714      0.37945552D-06
  442  0.00260865      0.39500575D-06
  443  0.00264055      0.41123867D-06
  444  0.00267284      0.42818536D-06
  445  0.00270552      0.44587831D-06
  446  0.00273860      0.46435152D-06
  447  0.00277209      0.48364053D-06
  448  0.00280598      0.50378254D-06
  449  0.00284029      0.52481644D-06
  450  0.00287502      0.54678293D-06
  451  0.00291018      0.56972457D-06
  452  0.00294576      0.59368587D-06
  453  0.00298178      0.61871338D-06
  454  0.00301824      0.64485581D-06
  455  0.00305515      0.67216408D-06
  456  0.00309250      0.70069146D-06
  457  0.00313032      0.73049366D-06
  458  0.00316859      0.76162893D-06
  459  0.00320734      0.79415822D-06
  460  0.00324655      0.82814522D-06
  461  0.00328625      0.86365659D-06
  462  0.00332643      0.90076198D-06
  463  0.00336711      0.93953428D-06
  464  0.00340828      0.98004967D-06
  465  0.00344995      0.10223878D-05
  466  0.00349214      0.10666320D-05
  467  0.00353484      0.11128694D-05
  468  0.00357806      0.11611909D-05
  469  0.00362181      0.12116919D-05
  470  0.00366610      0.12644719D-05
  471  0.00371092      0.13196349D-05
  472  0.00375630      0.13772897D-05
  473  0.00380223      0.14375499D-05
  474  0.00384872      0.15005346D-05
  475  0.00389578      0.15663680D-05
  476  0.00394342      0.16351798D-05
  477  0.00399164      0.17071059D-05
  478  0.00404044      0.17822882D-05
  479  0.00408985      0.18608748D-05
  480  0.00413986      0.19430209D-05
  481  0.00419048      0.20288882D-05
  482  0.00424172      0.21186461D-05
  483  0.00429358      0.22124713D-05
  484  0.00434608      0.23105487D-05
  485  0.00439922      0.24130711D-05
  486  0.00445301      0.25202404D-05
  487  0.00450746      0.26322672D-05
  488  0.00456258      0.27493717D-05
  489  0.00461837      0.28717837D-05
  490  0.00467484      0.29997435D-05
  491  0.00473200      0.31335019D-05
  492  0.00478986      0.32733209D-05
  493  0.00484843      0.34194742D-05
  494  0.00490771      0.35722476D-05
  495  0.00496772      0.37319394D-05
  496  0.00502847      0.38988614D-05
  497  0.00508995      0.40733389D-05
  498  0.00515219      0.42557115D-05
  499  0.00521519      0.44463341D-05
  500  0.00527896      0.46455767D-05
  501  0.00534350      0.48538260D-05
  502  0.00540884      0.50714853D-05
  503  0.00547498      0.52989757D-05
  504  0.00554192      0.55367367D-05
  505  0.00560969      0.57852269D-05
  506  0.00567828      0.60449249D-05
  507  0.00574771      0.63163299D-05
  508  0.00581799      0.65999631D-05
  509  0.00588913      0.68963679D-05
  510  0.00596114      0.72061115D-05
  511  0.00603403      0.75297853D-05
  512  0.00610781      0.78680063D-05
  513  0.00618249      0.82214180D-05
  514  0.00625809      0.85906913D-05
  515  0.00633461      0.89765261D-05
  516  0.00641207      0.93796521D-05
  517  0.00649047      0.98008299D-05
  518  0.00656983      0.10240853D-04
  519  0.00665017      0.10700547D-04
  520  0.00673148      0.11180775D-04
  521  0.00681379      0.11682434D-04
  522  0.00689711      0.12206461D-04
  523  0.00698144      0.12753830D-04
  524  0.00706681      0.13325559D-04
  525  0.00715321      0.13922705D-04
  526  0.00724068      0.14546373D-04
  527  0.00732922      0.15197709D-04
  528  0.00741883      0.15877912D-04
  529  0.00750955      0.16588228D-04
  530  0.00760137      0.17329953D-04
  531  0.00769432      0.18104440D-04
  532  0.00778840      0.18913094D-04
  533  0.00788363      0.19757380D-04
  534  0.00798003      0.20638822D-04
  535  0.00807760      0.21559006D-04
  536  0.00817637      0.22519583D-04
  537  0.00827635      0.23522269D-04
  538  0.00837755      0.24568852D-04
  539  0.00847999      0.25661191D-04
  540  0.00858367      0.26801217D-04
  541  0.00868863      0.27990943D-04
  542  0.00879487      0.29232457D-04
  543  0.00890241      0.30527935D-04
  544  0.00901126      0.31879634D-04
  545  0.00912145      0.33289904D-04
  546  0.00923298      0.34761186D-04
  547  0.00934588      0.36296017D-04
  548  0.00946016      0.37897030D-04
  549  0.00957583      0.39566965D-04
  550  0.00969292      0.41308664D-04
  551  0.00981144      0.43125081D-04
  552  0.00993141      0.45019283D-04
  553  0.01005284      0.46994453D-04
  554  0.01017576      0.49053896D-04
  555  0.01030019      0.51201043D-04
  556  0.01042613      0.53439452D-04
  557  0.01055362      0.55772817D-04
  558  0.01068266      0.58204970D-04
  559  0.01081329      0.60739884D-04
  560  0.01094551      0.63381680D-04
  561  0.01107934      0.66134630D-04
  562  0.01121481      0.69003165D-04
  563  0.01135194      0.71991874D-04
  564  0.01149075      0.75105515D-04
  565  0.01163125      0.78349016D-04
  566  0.01177347      0.81727484D-04
  567  0.01191743      0.85246206D-04
  568  0.01206315      0.88910657D-04
  569  0.01221066      0.92726505D-04
  570  0.01235996      0.96699616D-04
  571  0.01251109      0.10083606D-03
  572  0.01266407      0.10514212D-03
  573  0.01281892      0.10962429D-03
  574  0.01297567      0.11428930D-03
  575  0.01313433      0.11914407D-03
  576  0.01329493      0.12419580D-03
  577  0.01345749      0.12945190D-03
  578  0.01362204      0.13492004D-03
  579  0.01378861      0.14060813D-03
  580  0.01395721      0.14652436D-03
  581  0.01412787      0.15267714D-03
  582  0.01430062      0.15907521D-03
  583  0.01447548      0.16572754D-03
  584  0.01465248      0.17264340D-03
  585  0.01483164      0.17983236D-03
  586  0.01501299      0.18730426D-03
  587  0.01519656      0.19506927D-03
  588  0.01538238      0.20313784D-03
  589  0.01557047      0.21152076D-03
  590  0.01576086      0.22022912D-03
  591  0.01595357      0.22927434D-03
  592  0.01614864      0.23866818D-03
  593  0.01634610      0.24842272D-03
  594  0.01654597      0.25855040D-03
  595  0.01674829      0.26906399D-03
  596  0.01695308      0.27997663D-03
  597  0.01716037      0.29130180D-03
  598  0.01737020      0.30305334D-03
  599  0.01758259      0.31524547D-03
  600  0.01779759      0.32789277D-03
  601  0.01801521      0.34101018D-03
  602  0.01823549      0.35461303D-03
  603  0.01845846      0.36871703D-03
  604  0.01868416      0.38333825D-03
  605  0.01891262      0.39849315D-03
  606  0.01914388      0.41419857D-03
  607  0.01937796      0.43047175D-03
  608  0.01961490      0.44733028D-03
  609  0.01985474      0.46479214D-03
  610  0.02009752      0.48287571D-03
  611  0.02034326      0.50159971D-03
  612  0.02059201      0.52098325D-03
  613  0.02084380      0.54104582D-03
  614  0.02109866      0.56180726D-03
  615  0.02135665      0.58328775D-03
  616  0.02161779      0.60550785D-03
  617  0.02188212      0.62848844D-03
  618  0.02214968      0.65225073D-03
  619  0.02242052      0.67681626D-03
  620  0.02269466      0.70220688D-03
  621  0.02297216      0.72844470D-03
  622  0.02325305      0.75555216D-03
  623  0.02353738      0.78355192D-03
  624  0.02382518      0.81246691D-03
  625  0.02411651      0.84232025D-03
  626  0.02441139      0.87313531D-03
  627  0.02470988      0.90493559D-03
  628  0.02501202      0.93774477D-03
  629  0.02531785      0.97158665D-03
  630  0.02562743      0.10064851D-02
  631  0.02594079      0.10424641D-02
  632  0.02625798      0.10795477D-02
  633  0.02657905      0.11177597D-02
  634  0.02690404      0.11571242D-02
  635  0.02723301      0.11976650D-02
  636  0.02756600      0.12394058D-02
  637  0.02790307      0.12823701D-02
  638  0.02824425      0.13265812D-02
  639  0.02858961      0.13720623D-02
  640  0.02893919      0.14188359D-02
  641  0.02929304      0.14669244D-02
  642  0.02965122      0.15163496D-02
  643  0.03001378      0.15671330D-02
  644  0.03038078      0.16192951D-02
  645  0.03075226      0.16728563D-02
  646  0.03112828      0.17278357D-02
  647  0.03150890      0.17842521D-02
  648  0.03189418      0.18421231D-02
  649  0.03228416      0.19014654D-02
  650  0.03267892      0.19622948D-02
  651  0.03307850      0.20246258D-02
  652  0.03348297      0.20884716D-02
  653  0.03389238      0.21538443D-02
  654  0.03430680      0.22207544D-02
  655  0.03472628      0.22892109D-02
  656  0.03515090      0.23592212D-02
  657  0.03558071      0.24307909D-02
  658  0.03601577      0.25039237D-02
  659  0.03645615      0.25786215D-02
  660  0.03690192      0.26548840D-02
  661  0.03735314      0.27327085D-02
  662  0.03780987      0.28120902D-02
  663  0.03827219      0.28930218D-02
  664  0.03874017      0.29754932D-02
  665  0.03921386      0.30594919D-02
  666  0.03969335      0.31450022D-02
  667  0.04017870      0.32320056D-02
  668  0.04066999      0.33204804D-02
  669  0.04116728      0.34104016D-02
  670  0.04167065      0.35017409D-02
  671  0.04218018      0.35944663D-02
  672  0.04269594      0.36885421D-02
  673  0.04321800      0.37839290D-02
  674  0.04374645      0.38805834D-02
  675  0.04428136      0.39784578D-02
  676  0.04482281      0.40775005D-02
  677  0.04537088      0.41776553D-02
  678  0.04592565      0.42788614D-02
  679  0.04648721      0.43810537D-02
  680  0.04705563      0.44841619D-02
  681  0.04763100      0.45881112D-02
  682  0.04821341      0.46928216D-02
  683  0.04880294      0.47982081D-02
  684  0.04939968      0.49041804D-02
  685  0.05000371      0.50106430D-02
  686  0.05061513      0.51174950D-02
  687  0.05123403      0.52246300D-02
  688  0.05186049      0.53319361D-02
  689  0.05249462      0.54392958D-02
  690  0.05313649      0.55465862D-02
  691  0.05378622      0.56536784D-02
  692  0.05444389      0.57604381D-02
  693  0.05510960      0.58667253D-02
  694  0.05578346      0.59723942D-02
  695  0.05646555      0.60772937D-02
  696  0.05715598      0.61812667D-02
  697  0.05785486      0.62841511D-02
  698  0.05856228      0.63857791D-02
  699  0.05927835      0.64859777D-02
  700  0.06000317      0.65845687D-02
  701  0.06073686      0.66813691D-02
  702  0.06147952      0.67761908D-02
  703  0.06223126      0.68688414D-02
  704  0.06299219      0.69591241D-02
  705  0.06376243      0.70468377D-02
  706  0.06454209      0.71317777D-02
  707  0.06533127      0.72137359D-02
  708  0.06613011      0.72925009D-02
  709  0.06693872      0.73678586D-02
  710  0.06775721      0.74395930D-02
  711  0.06858571      0.75074856D-02
  712  0.06942434      0.75713171D-02
  713  0.07027323      0.76308672D-02
  714  0.07113250      0.76859151D-02
  715  0.07200227      0.77362407D-02
  716  0.07288268      0.77816246D-02
  717  0.07377385      0.78218491D-02
  718  0.07467592      0.78566988D-02
  719  0.07558902      0.78859613D-02
  720  0.07651328      0.79094281D-02
  721  0.07744885      0.79268952D-02
  722  0.07839585      0.79381643D-02
  723  0.07935444      0.79430431D-02
  724  0.08032475      0.79413467D-02
  725  0.08130692      0.79328984D-02
  726  0.08230110      0.79175306D-02
  727  0.08330743      0.78950856D-02
  728  0.08432607      0.78654171D-02
  729  0.08535717      0.78283906D-02
  730  0.08640088      0.77838851D-02
  731  0.08745734      0.77317937D-02
  732  0.08852673      0.76720248D-02
  733  0.08960919      0.76045033D-02
  734  0.09070488      0.75291715D-02
  735  0.09181398      0.74459905D-02
  736  0.09293663      0.73549408D-02
  737  0.09407302      0.72560240D-02
  738  0.09522329      0.71492634D-02
  739  0.09638764      0.70347052D-02
  740  0.09756622      0.69124197D-02
  741  0.09875921      0.67825019D-02
  742  0.09996678      0.66450732D-02
  743  0.10118913      0.65002814D-02
  744  0.10242642      0.63483023D-02
  745  0.10367884      0.61893403D-02
  746  0.10494657      0.60236292D-02
  747  0.10622980      0.58514327D-02
  748  0.10752873      0.56730455D-02
  749  0.10884354      0.54887934D-02
  750  0.11017442      0.52990339D-02
  751  0.11152158      0.51041568D-02
  752  0.11288521      0.49045841D-02
  753  0.11426551      0.47007703D-02
  754  0.11566269      0.44932027D-02
  755  0.11707696      0.42824009D-02
  756  0.11850852      0.40689168D-02
  757  0.11995758      0.38533340D-02
  758  0.12142436      0.36362678D-02
  759  0.12290908      0.34183639D-02
  760  0.12441195      0.32002982D-02
  761  0.12593319      0.29827751D-02
  762  0.12747304      0.27665272D-02
  763  0.12903172      0.25523130D-02
  764  0.13060945      0.23409163D-02
  765  0.13220648      0.21331439D-02
  766  0.13382303      0.19298238D-02
  767  0.13545935      0.17318033D-02
  768  0.13711568      0.15399468D-02
  769  0.13879227      0.13551329D-02
  770  0.14048935      0.11782523D-02
  771  0.14220718      0.10102045D-02
  772  0.14394602      0.85189516D-03
  773  0.14570612      0.70423264D-03
  774  0.14748774      0.56812474D-03
  775  0.14929115      0.44447511D-03
  776  0.15111660      0.33417955D-03
  777  0.15296438      0.23812216D-03
  778  0.15483475      0.15717130D-03
  779  0.15672799      0.92175460D-04
  780  0.15864439      0.43959024D-04
  781  0.16058421      0.13317875D-04
  782  0.16254775      0.10149603D-05
  783  0.16453530      0.77757595D-05
  784  0.16654716      0.34283713D-04
  785  0.16858361      0.81175612D-04
  786  0.17064497      0.14903698D-03
  787  0.17273153      0.23839746D-03
  788  0.17484361      0.34972625D-03
  789  0.17698151      0.48342758D-03
  790  0.17914555      0.63983631D-03
  791  0.18133605      0.81921358D-03
  792  0.18355334      0.10217427D-02
  793  0.18579773      0.12475250D-02
  794  0.18806957      0.14965763D-02
  795  0.19036920      0.17688231D-02
  796  0.19269693      0.20640994D-02
  797  0.19505314      0.23821434D-02
  798  0.19743815      0.27225953D-02
  799  0.19985232      0.30849944D-02
  800  0.20229602      0.34687776D-02
  801  0.20476959      0.38732775D-02
  802  0.20727341      0.42977213D-02
  803  0.20980784      0.47412303D-02
  804  0.21237327      0.52028194D-02
  805  0.21497006      0.56813979D-02
  806  0.21759861      0.61757698D-02
  807  0.22025930      0.66846357D-02
  808  0.22295252      0.72065943D-02
  809  0.22567867      0.77401455D-02
  810  0.22843815      0.82836932D-02
  811  0.23123138      0.88355492D-02
  812  0.23405876      0.93939376D-02
  813  0.23692072      0.99569998D-02
  814  0.23981766      0.10522800D-01
  815  0.24275003      0.11089333D-01
  816  0.24571826      0.11654527D-01
  817  0.24872278      0.12216256D-01
  818  0.25176404      0.12772346D-01
  819  0.25484248      0.13320582D-01
  820  0.25795857      0.13858719D-01
  821  0.26111275      0.14384491D-01
  822  0.26430551      0.14895624D-01
  823  0.26753730      0.15389839D-01
  824  0.27080862      0.15864874D-01
  825  0.27411993      0.16318484D-01
  826  0.27747173      0.16748462D-01
  827  0.28086451      0.17152646D-01
  828  0.28429878      0.17528932D-01
  829  0.28777505      0.17875287D-01
  830  0.29129382      0.18189760D-01
  831  0.29485561      0.18470497D-01
  832  0.29846096      0.18715750D-01
  833  0.30211039      0.18923891D-01
  834  0.30580444      0.19093425D-01
  835  0.30954366      0.19222999D-01
  836  0.31332861      0.19311414D-01
  837  0.31715983      0.19357638D-01
  838  0.32103791      0.19360816D-01
  839  0.32496340      0.19320275D-01
  840  0.32893689      0.19235540D-01
  841  0.33295896      0.19106338D-01
  842  0.33703022      0.18932607D-01
  843  0.34115125      0.18714503D-01
  844  0.34532268      0.18452406D-01
  845  0.34954511      0.18146923D-01
  846  0.35381917      0.17798894D-01
  847  0.35814550      0.17409394D-01
  848  0.36252472      0.16979734D-01
  849  0.36695749      0.16511463D-01
  850  0.37144446      0.16006366D-01
  851  0.37598630      0.15466461D-01
  852  0.38058367      0.14893999D-01
  853  0.38523726      0.14291455D-01
  854  0.38994774      0.13661526D-01
  855  0.39471583      0.13007123D-01
  856  0.39954222      0.12331360D-01
  857  0.40442762      0.11637547D-01
  858  0.40937276      0.10929180D-01
  859  0.41437836      0.10209924D-01
  860  0.41944517      0.94836047D-02
  861  0.42457394      0.87541910D-02
  862  0.42976541      0.80257802D-02
  863  0.43502037      0.73025811D-02
  864  0.44033958      0.65888962D-02
  865  0.44572383      0.58891031D-02
  866  0.45117392      0.52076348D-02
  867  0.45669065      0.45489594D-02
  868  0.46227483      0.39175594D-02
  869  0.46792730      0.33179094D-02
  870  0.47364888      0.27544551D-02
  871  0.47944042      0.22315898D-02
  872  0.48530277      0.17536325D-02
  873  0.49123681      0.13248048D-02
  874  0.49724341      0.94920796D-03
  875  0.50332345      0.63080050D-03
  876  0.50947784      0.37337550D-03
  877  0.51570748      0.18053869D-03
  878  0.52201329      0.55686801D-04
  879  0.52839621      0.19867034D-05
  880  0.53485717      0.22355290D-04
  881  0.54139714      0.11944026D-03
  882  0.54801707      0.29560198D-03
  883  0.55471795      0.55289648D-03
  884  0.56150076      0.89305978D-03
  885  0.56836651      0.13174936D-02
  886  0.57531621      0.18272527D-02
  887  0.58235089      0.24230336D-02
  888  0.58947158      0.31051653D-02
  889  0.59667934      0.38736016D-02
  890  0.60397524      0.47279155D-02
  891  0.61136035      0.56672953D-02
  892  0.61883575      0.66905425D-02
  893  0.62640257      0.77960728D-02
  894  0.63406190      0.89819175D-02
  895  0.64181489      0.10245728D-01
  896  0.64966268      0.11584783D-01
  897  0.65760643      0.12995996D-01
  898  0.66564731      0.14475925D-01
  899  0.67378652      0.16020786D-01
  900  0.68202524      0.17626467D-01
  901  0.69036470      0.19288545D-01
  902  0.69880613      0.21002301D-01
  903  0.70735078      0.22762743D-01
  904  0.71599991      0.24564623D-01
  905  0.72475480      0.26402465D-01
  906  0.73361674      0.28270582D-01
  907  0.74258704      0.30163108D-01
  908  0.75166702      0.32074019D-01
  909  0.76085803      0.33997165D-01
  910  0.77016142      0.35926293D-01
  911  0.77957856      0.37855080D-01
  912  0.78911086      0.39777158D-01
  913  0.79875971      0.41686151D-01
  914  0.80852654      0.43575697D-01
  915  0.81841280      0.45439482D-01
  916  0.82841994      0.47271270D-01
  917  0.83854945      0.49064931D-01
  918  0.84880281      0.50814474D-01
  919  0.85918154      0.52514070D-01
  920  0.86968718      0.54158084D-01
  921  0.88032128      0.55741097D-01
  922  0.89108541      0.57257940D-01
  923  0.90198115      0.58703708D-01
  924  0.91301013      0.60073788D-01
  925  0.92417396      0.61363881D-01
  926  0.93547429      0.62570018D-01
  927  0.94691280      0.63688577D-01
  928  0.95849118      0.64716302D-01
  929  0.97021112      0.65650310D-01
  930  0.98207438      0.66488108D-01
  931  0.99408269      0.67227596D-01
  932  1.00623784      0.67867078D-01
  933  1.01854161      0.68405259D-01
  934  1.03099582      0.68841254D-01
  935  1.04360232      0.69174582D-01
  936  1.05636297      0.69405163D-01
  937  1.06927964      0.69533316D-01
  938  1.08235426      0.69559747D-01
  939  1.09558874      0.69485541D-01
  940  1.10898505      0.69312150D-01
  941  1.12254517      0.69041378D-01
  942  1.13627108      0.68675370D-01
  943  1.15016484      0.68216588D-01
  944  1.16422848      0.67667798D-01
  945  1.17846408      0.67032047D-01
  946  1.19287374      0.66312645D-01
  947  1.20745961      0.65513140D-01
  948  1.22222382      0.64637295D-01
  949  1.23716856      0.63689068D-01
  950  1.25229603      0.62672586D-01
  951  1.26760848      0.61592119D-01
  952  1.28310816      0.60452060D-01
  953  1.29879736      0.59256898D-01
  954  1.31467840      0.58011193D-01
  955  1.33075363      0.56719556D-01
  956  1.34702542      0.55386622D-01
  957  1.36349617      0.54017030D-01
  958  1.38016832      0.52615402D-01
  959  1.39704432      0.51186318D-01
  960  1.41412668      0.49734301D-01
  961  1.43141791      0.48263795D-01
  962  1.44892057      0.46779147D-01
  963  1.46663724      0.45284594D-01
  964  1.48457055      0.43784246D-01
  965  1.50272313      0.42282068D-01
  966  1.52109768      0.40781875D-01
  967  1.53969690      0.39287317D-01
  968  1.55852354      0.37801865D-01
  969  1.57758038      0.36328813D-01
  970  1.59687024      0.34871260D-01
  971  1.61639597      0.33432111D-01
  972  1.63616045      0.32014072D-01
  973  1.65616660      0.30619645D-01
  974  1.67641737      0.29251128D-01
  975  1.69691576      0.27910611D-01
  976  1.71766480      0.26599984D-01
  977  1.73866754      0.25320931D-01
  978  1.75992709      0.24074936D-01
  979  1.78144660      0.22863288D-01
  980  1.80322923      0.21687083D-01
  981  1.82527822      0.20547233D-01
  982  1.84759680      0.19444468D-01
  983  1.87018829      0.18379345D-01
  984  1.89305601      0.17352256D-01
  985  1.91620335      0.16363434D-01
  986  1.93963372      0.15412964D-01
  987  1.96335059      0.14500791D-01
  988  1.98735746      0.13626724D-01
  989  2.01165787      0.12790454D-01
  990  2.03625541      0.11991557D-01
  991  2.06115372      0.11229505D-01
  992  2.08635647      0.10503673D-01
  993  2.11186739      0.98133551D-02
  994  2.13769025      0.91577650D-02
  995  2.16382885      0.85360508D-02
  996  2.19028706      0.79473012D-02
  997  2.21706879      0.73905545D-02
  998  2.24417800      0.68648070D-02
  999  2.27161868      0.63690202D-02
 1000  2.29939489      0.59021285D-02
 1001  2.32751074      0.54630460D-02
 1002  2.35597037      0.50506735D-02
 1003  2.38477800      0.46639994D-02
 1004  2.41393787      0.43019537D-02
 1005  2.44345429      0.39634835D-02
 1006  2.47333162      0.36475208D-02
 1007  2.50357428      0.33529979D-02
 1008  2.53418673      0.30788532D-02
 1009  2.56517349      0.28240368D-02
 1010  2.59653915      0.25875151D-02
 1011  2.62828832      0.23682751D-02
 1012  2.66042571      0.21653283D-02
 1013  2.69295606      0.19777136D-02
 1014  2.72588418      0.18044999D-02
 1015  2.75921492      0.16447883D-02
 1016  2.79295322      0.14977137D-02
 1017  2.82710405      0.13624461D-02
 1018  2.86167246      0.12381913D-02
 1019  2.89666355      0.11241860D-02
 1020  2.93208250      0.10197029D-02
 1021  2.96793453      0.92405116D-03
 1022  3.00422495      0.83657093D-03
 1023  3.04095910      0.75663716D-03
 1024  3.07814243      0.68366357D-03
 1025  3.11578041      0.61710058D-03
 1026  3.15387861      0.55643588D-03
 1027  3.19244265      0.50119276D-03
 1028  3.23147824      0.45093169D-03
 1029  3.27099113      0.40524721D-03
 1030  3.31098717      0.36376415D-03
 1031  3.35147226      0.32613561D-03
 1032  3.39245238      0.29204164D-03
 1033  3.43393358      0.26118658D-03
 1034  3.47592200      0.23329637D-03
 1035  3.51842383      0.20811744D-03
 1036  3.56144535      0.18541500D-03
 1037  3.60499292      0.16497187D-03
 1038  3.64907296      0.14658725D-03
 1039  3.69369199      0.13007574D-03
 1040  3.73885661      0.11526638D-03
 1041  3.78457347      0.10200175D-03
 1042  3.83084933      0.90137085D-04
 1043  3.87769104      0.79539428D-04
 1044  3.92510550      0.70086855D-04
 1045  3.97309972      0.61667712D-04
