 ir        r              f(r)*r^2
    1  0.00001227      0.77022523D-24
    2  0.00001242      0.82848510D-24
    3  0.00001257      0.89115171D-24
    4  0.00001272      0.95855836D-24
    5  0.00001288      0.10310636D-23
    6  0.00001304      0.11090531D-23
    7  0.00001320      0.11929416D-23
    8  0.00001336      0.12831753D-23
    9  0.00001352      0.13802343D-23
   10  0.00001369      0.14846346D-23
   11  0.00001385      0.15969317D-23
   12  0.00001402      0.17177227D-23
   13  0.00001419      0.18476502D-23
   14  0.00001437      0.19874053D-23
   15  0.00001454      0.21377312D-23
   16  0.00001472      0.22994275D-23
   17  0.00001490      0.24733542D-23
   18  0.00001508      0.26604364D-23
   19  0.00001527      0.28616692D-23
   20  0.00001545      0.30781228D-23
   21  0.00001564      0.33109486D-23
   22  0.00001583      0.35613848D-23
   23  0.00001603      0.38307634D-23
   24  0.00001622      0.41205172D-23
   25  0.00001642      0.44321873D-23
   26  0.00001662      0.47674314D-23
   27  0.00001683      0.51280325D-23
   28  0.00001703      0.55159085D-23
   29  0.00001724      0.59331224D-23
   30  0.00001745      0.63818932D-23
   31  0.00001766      0.68646077D-23
   32  0.00001788      0.73838333D-23
   33  0.00001810      0.79423315D-23
   34  0.00001832      0.85430728D-23
   35  0.00001854      0.91892522D-23
   36  0.00001877      0.98843064D-23
   37  0.00001900      0.10631932D-22
   38  0.00001923      0.11436106D-22
   39  0.00001947      0.12301104D-22
   40  0.00001971      0.13231527D-22
   41  0.00001995      0.14232324D-22
   42  0.00002019      0.15308818D-22
   43  0.00002044      0.16466733D-22
   44  0.00002069      0.17712228D-22
   45  0.00002094      0.19051927D-22
   46  0.00002120      0.20492954D-22
   47  0.00002146      0.22042975D-22
   48  0.00002172      0.23710232D-22
   49  0.00002198      0.25503593D-22
   50  0.00002225      0.27432594D-22
   51  0.00002253      0.29507496D-22
   52  0.00002280      0.31739333D-22
   53  0.00002308      0.34139975D-22
   54  0.00002336      0.36722188D-22
   55  0.00002365      0.39499706D-22
   56  0.00002394      0.42487300D-22
   57  0.00002423      0.45700859D-22
   58  0.00002453      0.49157473D-22
   59  0.00002483      0.52875524D-22
   60  0.00002513      0.56874787D-22
   61  0.00002544      0.61176529D-22
   62  0.00002575      0.65803628D-22
   63  0.00002606      0.70780691D-22
   64  0.00002638      0.76134186D-22
   65  0.00002670      0.81892584D-22
   66  0.00002703      0.88086508D-22
   67  0.00002736      0.94748897D-22
   68  0.00002769      0.10191518D-21
   69  0.00002803      0.10962347D-21
   70  0.00002838      0.11791476D-21
   71  0.00002872      0.12683314D-21
   72  0.00002907      0.13642603D-21
   73  0.00002943      0.14674446D-21
   74  0.00002979      0.15784329D-21
   75  0.00003015      0.16978155D-21
   76  0.00003052      0.18262271D-21
   77  0.00003090      0.19643508D-21
   78  0.00003127      0.21129209D-21
   79  0.00003166      0.22727275D-21
   80  0.00003204      0.24446205D-21
   81  0.00003243      0.26295139D-21
   82  0.00003283      0.28283909D-21
   83  0.00003323      0.30423091D-21
   84  0.00003364      0.32724061D-21
   85  0.00003405      0.35199053D-21
   86  0.00003447      0.37861228D-21
   87  0.00003489      0.40724744D-21
   88  0.00003531      0.43804826D-21
   89  0.00003575      0.47117854D-21
   90  0.00003618      0.50681443D-21
   91  0.00003663      0.54514543D-21
   92  0.00003707      0.58637537D-21
   93  0.00003753      0.63072347D-21
   94  0.00003799      0.67842556D-21
   95  0.00003845      0.72973527D-21
   96  0.00003892      0.78492545D-21
   97  0.00003940      0.84428954D-21
   98  0.00003988      0.90814321D-21
   99  0.00004037      0.97682597D-21
  100  0.00004086      0.10507030D-20
  101  0.00004136      0.11301672D-20
  102  0.00004187      0.12156410D-20
  103  0.00004238      0.13075789D-20
  104  0.00004290      0.14064697D-20
  105  0.00004342      0.15128393D-20
  106  0.00004395      0.16272532D-20
  107  0.00004449      0.17503197D-20
  108  0.00004503      0.18826932D-20
  109  0.00004558      0.20250775D-20
  110  0.00004614      0.21782296D-20
  111  0.00004670      0.23429638D-20
  112  0.00004728      0.25201560D-20
  113  0.00004785      0.27107482D-20
  114  0.00004844      0.29157538D-20
  115  0.00004903      0.31362627D-20
  116  0.00004963      0.33734473D-20
  117  0.00005024      0.36285686D-20
  118  0.00005085      0.39029830D-20
  119  0.00005147      0.41981494D-20
  120  0.00005210      0.45156370D-20
  121  0.00005274      0.48571338D-20
  122  0.00005338      0.52244552D-20
  123  0.00005404      0.56195541D-20
  124  0.00005470      0.60445310D-20
  125  0.00005537      0.65016452D-20
  126  0.00005604      0.69933268D-20
  127  0.00005673      0.75221896D-20
  128  0.00005742      0.80910453D-20
  129  0.00005812      0.87029178D-20
  130  0.00005884      0.93610599D-20
  131  0.00005955      0.10068970D-19
  132  0.00006028      0.10830413D-19
  133  0.00006102      0.11649434D-19
  134  0.00006177      0.12530389D-19
  135  0.00006252      0.13477959D-19
  136  0.00006329      0.14497183D-19
  137  0.00006406      0.15593479D-19
  138  0.00006484      0.16772673D-19
  139  0.00006564      0.18041034D-19
  140  0.00006644      0.19405304D-19
  141  0.00006725      0.20872735D-19
  142  0.00006807      0.22451127D-19
  143  0.00006891      0.24148870D-19
  144  0.00006975      0.25974988D-19
  145  0.00007060      0.27939188D-19
  146  0.00007146      0.30051909D-19
  147  0.00007234      0.32324382D-19
  148  0.00007322      0.34768685D-19
  149  0.00007412      0.37397809D-19
  150  0.00007502      0.40225730D-19
  151  0.00007594      0.43267476D-19
  152  0.00007687      0.46539216D-19
  153  0.00007781      0.50058337D-19
  154  0.00007876      0.53843544D-19
  155  0.00007972      0.57914954D-19
  156  0.00008070      0.62294206D-19
  157  0.00008169      0.67004573D-19
  158  0.00008269      0.72071089D-19
  159  0.00008370      0.77520681D-19
  160  0.00008472      0.83382311D-19
  161  0.00008576      0.89687128D-19
  162  0.00008680      0.96468640D-19
  163  0.00008787      0.10376289D-18
  164  0.00008894      0.11160863D-18
  165  0.00009003      0.12004756D-18
  166  0.00009113      0.12912452D-18
  167  0.00009224      0.13888776D-18
  168  0.00009337      0.14938915D-18
  169  0.00009451      0.16068449D-18
  170  0.00009567      0.17283380D-18
  171  0.00009684      0.18590165D-18
  172  0.00009802      0.19995748D-18
  173  0.00009922      0.21507596D-18
  174  0.00010043      0.23133742D-18
  175  0.00010166      0.24882829D-18
  176  0.00010290      0.26764148D-18
  177  0.00010416      0.28787697D-18
  178  0.00010544      0.30964225D-18
  179  0.00010673      0.33305299D-18
  180  0.00010803      0.35823355D-18
  181  0.00010935      0.38531772D-18
  182  0.00011069      0.41444940D-18
  183  0.00011204      0.44578335D-18
  184  0.00011341      0.47948605D-18
  185  0.00011480      0.51573654D-18
  186  0.00011620      0.55472741D-18
  187  0.00011762      0.59666579D-18
  188  0.00011906      0.64177448D-18
  189  0.00012052      0.69029310D-18
  190  0.00012199      0.74247939D-18
  191  0.00012348      0.79861057D-18
  192  0.00012499      0.85898481D-18
  193  0.00012652      0.92392282D-18
  194  0.00012807      0.99376952D-18
  195  0.00012963      0.10688959D-17
  196  0.00013122      0.11497011D-17
  197  0.00013282      0.12366142D-17
  198  0.00013445      0.13300968D-17
  199  0.00013609      0.14306456D-17
  200  0.00013776      0.15387945D-17
  201  0.00013944      0.16551179D-17
  202  0.00014114      0.17802336D-17
  203  0.00014287      0.19148061D-17
  204  0.00014462      0.20595500D-17
  205  0.00014639      0.22152341D-17
  206  0.00014818      0.23826852D-17
  207  0.00014999      0.25627924D-17
  208  0.00015182      0.27565122D-17
  209  0.00015368      0.29648733D-17
  210  0.00015556      0.31889821D-17
  211  0.00015746      0.34300286D-17
  212  0.00015938      0.36892928D-17
  213  0.00016133      0.39681513D-17
  214  0.00016331      0.42680847D-17
  215  0.00016530      0.45906855D-17
  216  0.00016732      0.49376666D-17
  217  0.00016937      0.53108701D-17
  218  0.00017144      0.57122774D-17
  219  0.00017354      0.61440196D-17
  220  0.00017566      0.66083888D-17
  221  0.00017781      0.71078501D-17
  222  0.00017998      0.76450551D-17
  223  0.00018218      0.82228555D-17
  224  0.00018441      0.88443183D-17
  225  0.00018666      0.95127425D-17
  226  0.00018895      0.10231676D-16
  227  0.00019126      0.11004935D-16
  228  0.00019360      0.11836624D-16
  229  0.00019596      0.12731157D-16
  230  0.00019836      0.13693281D-16
  231  0.00020078      0.14728104D-16
  232  0.00020324      0.15841116D-16
  233  0.00020572      0.17038225D-16
  234  0.00020824      0.18325784D-16
  235  0.00021079      0.19710625D-16
  236  0.00021336      0.21200098D-16
  237  0.00021597      0.22802105D-16
  238  0.00021861      0.24525147D-16
  239  0.00022129      0.26378368D-16
  240  0.00022399      0.28371599D-16
  241  0.00022673      0.30515417D-16
  242  0.00022950      0.32821196D-16
  243  0.00023231      0.35301169D-16
  244  0.00023515      0.37968492D-16
  245  0.00023803      0.40837315D-16
  246  0.00024094      0.43922858D-16
  247  0.00024388      0.47241489D-16
  248  0.00024686      0.50810810D-16
  249  0.00024988      0.54649755D-16
  250  0.00025294      0.58778685D-16
  251  0.00025603      0.63219501D-16
  252  0.00025916      0.67995755D-16
  253  0.00026233      0.73132779D-16
  254  0.00026554      0.78657815D-16
  255  0.00026879      0.84600163D-16
  256  0.00027207      0.90991337D-16
  257  0.00027540      0.97865225D-16
  258  0.00027877      0.10525828D-15
  259  0.00028217      0.11320970D-15
  260  0.00028563      0.12176164D-15
  261  0.00028912      0.13095944D-15
  262  0.00029265      0.14085188D-15
  263  0.00029623      0.15149139D-15
  264  0.00029985      0.16293437D-15
  265  0.00030352      0.17524149D-15
  266  0.00030723      0.18847798D-15
  267  0.00031099      0.20271401D-15
  268  0.00031479      0.21802502D-15
  269  0.00031864      0.23449217D-15
  270  0.00032254      0.25220273D-15
  271  0.00032648      0.27125056D-15
  272  0.00033047      0.29173660D-15
  273  0.00033451      0.31376941D-15
  274  0.00033860      0.33746574D-15
  275  0.00034274      0.36295113D-15
  276  0.00034693      0.39036064D-15
  277  0.00035118      0.41983946D-15
  278  0.00035547      0.45154378D-15
  279  0.00035982      0.48564155D-15
  280  0.00036422      0.52231339D-15
  281  0.00036867      0.56175356D-15
  282  0.00037318      0.60417096D-15
  283  0.00037774      0.64979024D-15
  284  0.00038236      0.69885303D-15
  285  0.00038703      0.75161914D-15
  286  0.00039177      0.80836800D-15
  287  0.00039656      0.86940012D-15
  288  0.00040141      0.93503866D-15
  289  0.00040631      0.10056311D-14
  290  0.00041128      0.10815513D-14
  291  0.00041631      0.11632012D-14
  292  0.00042140      0.12510128D-14
  293  0.00042655      0.13454512D-14
  294  0.00043177      0.14470161D-14
  295  0.00043705      0.15562451D-14
  296  0.00044239      0.16737164D-14
  297  0.00044780      0.18000515D-14
  298  0.00045328      0.19359191D-14
  299  0.00045882      0.20820380D-14
  300  0.00046443      0.22391814D-14
  301  0.00047011      0.24081807D-14
  302  0.00047586      0.25899300D-14
  303  0.00048168      0.27853908D-14
  304  0.00048757      0.29955969D-14
  305  0.00049353      0.32216602D-14
  306  0.00049956      0.34647764D-14
  307  0.00050567      0.37262311D-14
  308  0.00051185      0.40074071D-14
  309  0.00051811      0.43097912D-14
  310  0.00052445      0.46349821D-14
  311  0.00053086      0.49846991D-14
  312  0.00053735      0.53607911D-14
  313  0.00054392      0.57652463D-14
  314  0.00055057      0.62002024D-14
  315  0.00055731      0.66679584D-14
  316  0.00056412      0.71709863D-14
  317  0.00057102      0.77119446D-14
  318  0.00057800      0.82936916D-14
  319  0.00058507      0.89193012D-14
  320  0.00059222      0.95920785D-14
  321  0.00059946      0.10315578D-13
  322  0.00060679      0.11093621D-13
  323  0.00061421      0.11930317D-13
  324  0.00062172      0.12830086D-13
  325  0.00062933      0.13797679D-13
  326  0.00063702      0.14838205D-13
  327  0.00064481      0.15957159D-13
  328  0.00065269      0.17160447D-13
  329  0.00066067      0.18454423D-13
  330  0.00066875      0.19845916D-13
  331  0.00067693      0.21342271D-13
  332  0.00068521      0.22951386D-13
  333  0.00069359      0.24681751D-13
  334  0.00070207      0.26542496D-13
  335  0.00071065      0.28543440D-13
  336  0.00071934      0.30695138D-13
  337  0.00072814      0.33008939D-13
  338  0.00073704      0.35497049D-13
  339  0.00074605      0.38172589D-13
  340  0.00075517      0.41049667D-13
  341  0.00076441      0.44143454D-13
  342  0.00077375      0.47470261D-13
  343  0.00078322      0.51047625D-13
  344  0.00079279      0.54894402D-13
  345  0.00080249      0.59030866D-13
  346  0.00081230      0.63478816D-13
  347  0.00082223      0.68261689D-13
  348  0.00083228      0.73404682D-13
  349  0.00084246      0.78934890D-13
  350  0.00085276      0.84881442D-13
  351  0.00086319      0.91275655D-13
  352  0.00087374      0.98151203D-13
  353  0.00088443      0.10554429D-12
  354  0.00089524      0.11349383D-12
  355  0.00090619      0.12204168D-12
  356  0.00091727      0.13123282D-12
  357  0.00092849      0.14111563D-12
  358  0.00093984      0.15174211D-12
  359  0.00095133      0.16316816D-12
  360  0.00096296      0.17545390D-12
  361  0.00097474      0.18866395D-12
  362  0.00098666      0.20286778D-12
  363  0.00099872      0.21814007D-12
  364  0.00101093      0.23456113D-12
  365  0.00102329      0.25221727D-12
  366  0.00103581      0.27120131D-12
  367  0.00104847      0.29161300D-12
  368  0.00106129      0.31355960D-12
  369  0.00107427      0.33715642D-12
  370  0.00108740      0.36252740D-12
  371  0.00110070      0.38980581D-12
  372  0.00111416      0.41913487D-12
  373  0.00112778      0.45066860D-12
  374  0.00114157      0.48457253D-12
  375  0.00115553      0.52102460D-12
  376  0.00116966      0.56021613D-12
  377  0.00118396      0.60235276D-12
  378  0.00119844      0.64765553D-12
  379  0.00121309      0.69636207D-12
  380  0.00122793      0.74872782D-12
  381  0.00124294      0.80502735D-12
  382  0.00125814      0.86555583D-12
  383  0.00127352      0.93063051D-12
  384  0.00128909      0.10005924D-11
  385  0.00130486      0.10758082D-11
  386  0.00132081      0.11566717D-11
  387  0.00133696      0.12436067D-11
  388  0.00135331      0.13370683D-11
  389  0.00136986      0.14375459D-11
  390  0.00138661      0.15455654D-11
  391  0.00140356      0.16616923D-11
  392  0.00142072      0.17865340D-11
  393  0.00143810      0.19207439D-11
  394  0.00145568      0.20650237D-11
  395  0.00147348      0.22201281D-11
  396  0.00149150      0.23868680D-11
  397  0.00150973      0.25661149D-11
  398  0.00152819      0.27588056D-11
  399  0.00154688      0.29659470D-11
  400  0.00156579      0.31886210D-11
  401  0.00158494      0.34279906D-11
  402  0.00160432      0.36853057D-11
  403  0.00162394      0.39619095D-11
  404  0.00164379      0.42592456D-11
  405  0.00166389      0.45788655D-11
  406  0.00168424      0.49224365D-11
  407  0.00170483      0.52917504D-11
  408  0.00172568      0.56887329D-11
  409  0.00174678      0.61154533D-11
  410  0.00176814      0.65741355D-11
  411  0.00178976      0.70671693D-11
  412  0.00181164      0.75971229D-11
  413  0.00183379      0.81667559D-11
  414  0.00185622      0.87790340D-11
  415  0.00187891      0.94371440D-11
  416  0.00190189      0.10144510D-10
  417  0.00192514      0.10904812D-10
  418  0.00194868      0.11722004D-10
  419  0.00197251      0.12600335D-10
  420  0.00199663      0.13544369D-10
  421  0.00202104      0.14559012D-10
  422  0.00204576      0.15649536D-10
  423  0.00207077      0.16821602D-10
  424  0.00209609      0.18081296D-10
  425  0.00212172      0.19435156D-10
  426  0.00214766      0.20890206D-10
  427  0.00217392      0.22453994D-10
  428  0.00220051      0.24134628D-10
  429  0.00222741      0.25940820D-10
  430  0.00225465      0.27881930D-10
  431  0.00228222      0.29968013D-10
  432  0.00231012      0.32209872D-10
  433  0.00233837      0.34619114D-10
  434  0.00236696      0.37208206D-10
  435  0.00239590      0.39990544D-10
  436  0.00242520      0.42980516D-10
  437  0.00245485      0.46193581D-10
  438  0.00248487      0.49646344D-10
  439  0.00251525      0.53356643D-10
  440  0.00254601      0.57343640D-10
  441  0.00257714      0.61627916D-10
  442  0.00260865      0.66231583D-10
  443  0.00264055      0.71178389D-10
  444  0.00267284      0.76493843D-10
  445  0.00270552      0.82205345D-10
  446  0.00273860      0.88342327D-10
  447  0.00277209      0.94936397D-10
  448  0.00280598      0.10202151D-09
  449  0.00284029      0.10963412D-09
  450  0.00287502      0.11781341D-09
  451  0.00291018      0.12660142D-09
  452  0.00294576      0.13604334D-09
  453  0.00298178      0.14618768D-09
  454  0.00301824      0.15708654D-09
  455  0.00305515      0.16879586D-09
  456  0.00309250      0.18137575D-09
  457  0.00313032      0.19489072D-09
  458  0.00316859      0.20941006D-09
  459  0.00320734      0.22500819D-09
  460  0.00324655      0.24176499D-09
  461  0.00328625      0.25976627D-09
  462  0.00332643      0.27910414D-09
  463  0.00336711      0.29987752D-09
  464  0.00340828      0.32219261D-09
  465  0.00344995      0.34616345D-09
  466  0.00349214      0.37191247D-09
  467  0.00353484      0.39957111D-09
  468  0.00357806      0.42928052D-09
  469  0.00362181      0.46119219D-09
  470  0.00366610      0.49546878D-09
  471  0.00371092      0.53228493D-09
  472  0.00375630      0.57182809D-09
  473  0.00380223      0.61429950D-09
  474  0.00384872      0.65991518D-09
  475  0.00389578      0.70890701D-09
  476  0.00394342      0.76152391D-09
  477  0.00399164      0.81803305D-09
  478  0.00404044      0.87872121D-09
  479  0.00408985      0.94389620D-09
  480  0.00413986      0.10138884D-08
  481  0.00419048      0.10890523D-08
  482  0.00424172      0.11697686D-08
  483  0.00429358      0.12564456D-08
  484  0.00434608      0.13495216D-08
  485  0.00439922      0.14494670D-08
  486  0.00445301      0.15567866D-08
  487  0.00450746      0.16720220D-08
  488  0.00456258      0.17957544D-08
  489  0.00461837      0.19286075D-08
  490  0.00467484      0.20712505D-08
  491  0.00473200      0.22244015D-08
  492  0.00478986      0.23888309D-08
  493  0.00484843      0.25653653D-08
  494  0.00490771      0.27548914D-08
  495  0.00496772      0.29583607D-08
  496  0.00502847      0.31767938D-08
  497  0.00508995      0.34112857D-08
  498  0.00515219      0.36630110D-08
  499  0.00521519      0.39332295D-08
  500  0.00527896      0.42232929D-08
  501  0.00534350      0.45346508D-08
  502  0.00540884      0.48688581D-08
  503  0.00547498      0.52275825D-08
  504  0.00554192      0.56126126D-08
  505  0.00560969      0.60258667D-08
  506  0.00567828      0.64694020D-08
  507  0.00574771      0.69454247D-08
  508  0.00581799      0.74563006D-08
  509  0.00588913      0.80045665D-08
  510  0.00596114      0.85929426D-08
  511  0.00603403      0.92243458D-08
  512  0.00610781      0.99019033D-08
  513  0.00618249      0.10628968D-07
  514  0.00625809      0.11409135D-07
  515  0.00633461      0.12246257D-07
  516  0.00641207      0.13144467D-07
  517  0.00649047      0.14108193D-07
  518  0.00656983      0.15142182D-07
  519  0.00665017      0.16251522D-07
  520  0.00673148      0.17441669D-07
  521  0.00681379      0.18718468D-07
  522  0.00689711      0.20088184D-07
  523  0.00698144      0.21557531D-07
  524  0.00706681      0.23133706D-07
  525  0.00715321      0.24824419D-07
  526  0.00724068      0.26637932D-07
  527  0.00732922      0.28583100D-07
  528  0.00741883      0.30669409D-07
  529  0.00750955      0.32907022D-07
  530  0.00760137      0.35306827D-07
  531  0.00769432      0.37880491D-07
  532  0.00778840      0.40640510D-07
  533  0.00788363      0.43600269D-07
  534  0.00798003      0.46774108D-07
  535  0.00807760      0.50177384D-07
  536  0.00817637      0.53826546D-07
  537  0.00827635      0.57739210D-07
  538  0.00837755      0.61934242D-07
  539  0.00847999      0.66431844D-07
  540  0.00858367      0.71253650D-07
  541  0.00868863      0.76422822D-07
  542  0.00879487      0.81964162D-07
  543  0.00890241      0.87904222D-07
  544  0.00901126      0.94271428D-07
  545  0.00912145      0.10109621D-06
  546  0.00923298      0.10841114D-06
  547  0.00934588      0.11625109D-06
  548  0.00946016      0.12465338D-06
  549  0.00957583      0.13365794D-06
  550  0.00969292      0.14330752D-06
  551  0.00981144      0.15364786D-06
  552  0.00993141      0.16472790D-06
  553  0.01005284      0.17660001D-06
  554  0.01017576      0.18932023D-06
  555  0.01030019      0.20294849D-06
  556  0.01042613      0.21754893D-06
  557  0.01055362      0.23319014D-06
  558  0.01068266      0.24994550D-06
  559  0.01081329      0.26789348D-06
  560  0.01094551      0.28711802D-06
  561  0.01107934      0.30770886D-06
  562  0.01121481      0.32976200D-06
  563  0.01135194      0.35338006D-06
  564  0.01149075      0.37867276D-06
  565  0.01163125      0.40575742D-06
  566  0.01177347      0.43475943D-06
  567  0.01191743      0.46581286D-06
  568  0.01206315      0.49906098D-06
  569  0.01221066      0.53465694D-06
  570  0.01235996      0.57276439D-06
  571  0.01251109      0.61355822D-06
  572  0.01266407      0.65722530D-06
  573  0.01281892      0.70396529D-06
  574  0.01297567      0.75399150D-06
  575  0.01313433      0.80753180D-06
  576  0.01329493      0.86482960D-06
  577  0.01345749      0.92614486D-06
  578  0.01362204      0.99175524D-06
  579  0.01378861      0.10619572D-05
  580  0.01395721      0.11370675D-05
  581  0.01412787      0.12174240D-05
  582  0.01430062      0.13033877D-05
  583  0.01447548      0.13953439D-05
  584  0.01465248      0.14937038D-05
  585  0.01483164      0.15989063D-05
  586  0.01501299      0.17114198D-05
  587  0.01519656      0.18317443D-05
  588  0.01538238      0.19604131D-05
  589  0.01557047      0.20979952D-05
  590  0.01576086      0.22450978D-05
  591  0.01595357      0.24023683D-05
  592  0.01614864      0.25704975D-05
  593  0.01634610      0.27502219D-05
  594  0.01654597      0.29423270D-05
  595  0.01674829      0.31476502D-05
  596  0.01695308      0.33670845D-05
  597  0.01716037      0.36015818D-05
  598  0.01737020      0.38521564D-05
  599  0.01758259      0.41198899D-05
  600  0.01779759      0.44059345D-05
  601  0.01801521      0.47115180D-05
  602  0.01823549      0.50379486D-05
  603  0.01845846      0.53866199D-05
  604  0.01868416      0.57590162D-05
  605  0.01891262      0.61567187D-05
  606  0.01914388      0.65814107D-05
  607  0.01937796      0.70348851D-05
  608  0.01961490      0.75190504D-05
  609  0.01985474      0.80359382D-05
  610  0.02009752      0.85877110D-05
  611  0.02034326      0.91766703D-05
  612  0.02059201      0.98052651D-05
  613  0.02084380      0.10476101D-04
  614  0.02109866      0.11191950D-04
  615  0.02135665      0.11955760D-04
  616  0.02161779      0.12770668D-04
  617  0.02188212      0.13640007D-04
  618  0.02214968      0.14567324D-04
  619  0.02242052      0.15556387D-04
  620  0.02269466      0.16611202D-04
  621  0.02297216      0.17736028D-04
  622  0.02325305      0.18935389D-04
  623  0.02353738      0.20214091D-04
  624  0.02382518      0.21577242D-04
  625  0.02411651      0.23030265D-04
  626  0.02441139      0.24578920D-04
  627  0.02470988      0.26229323D-04
  628  0.02501202      0.27987966D-04
  629  0.02531785      0.29861743D-04
  630  0.02562743      0.31857967D-04
  631  0.02594079      0.33984400D-04
  632  0.02625798      0.36249277D-04
  633  0.02657905      0.38661331D-04
  634  0.02690404      0.41229827D-04
  635  0.02723301      0.43964588D-04
  636  0.02756600      0.46876028D-04
  637  0.02790307      0.49975189D-04
  638  0.02824425      0.53273768D-04
  639  0.02858961      0.56784166D-04
  640  0.02893919      0.60519515D-04
  641  0.02929304      0.64493728D-04
  642  0.02965122      0.68721540D-04
  643  0.03001378      0.73218550D-04
  644  0.03038078      0.78001274D-04
  645  0.03075226      0.83087191D-04
  646  0.03112828      0.88494798D-04
  647  0.03150890      0.94243663D-04
  648  0.03189418      0.10035449D-03
  649  0.03228416      0.10684916D-03
  650  0.03267892      0.11375083D-03
  651  0.03307850      0.12108395D-03
  652  0.03348297      0.12887439D-03
  653  0.03389238      0.13714948D-03
  654  0.03430680      0.14593806D-03
  655  0.03472628      0.15527063D-03
  656  0.03515090      0.16517936D-03
  657  0.03558071      0.17569825D-03
  658  0.03601577      0.18686315D-03
  659  0.03645615      0.19871189D-03
  660  0.03690192      0.21128440D-03
  661  0.03735314      0.22462278D-03
  662  0.03780987      0.23877140D-03
  663  0.03827219      0.25377706D-03
  664  0.03874017      0.26968907D-03
  665  0.03921386      0.28655937D-03
  666  0.03969335      0.30444269D-03
  667  0.04017870      0.32339664D-03
  668  0.04066999      0.34348187D-03
  669  0.04116728      0.36476223D-03
  670  0.04167065      0.38730487D-03
  671  0.04218018      0.41118044D-03
  672  0.04269594      0.43646323D-03
  673  0.04321800      0.46323133D-03
  674  0.04374645      0.49156681D-03
  675  0.04428136      0.52155589D-03
  676  0.04482281      0.55328912D-03
  677  0.04537088      0.58686159D-03
  678  0.04592565      0.62237310D-03
  679  0.04648721      0.65992835D-03
  680  0.04705563      0.69963720D-03
  681  0.04763100      0.74161482D-03
  682  0.04821341      0.78598196D-03
  683  0.04880294      0.83286513D-03
  684  0.04939968      0.88239688D-03
  685  0.05000371      0.93471599D-03
  686  0.05061513      0.98996774D-03
  687  0.05123403      0.10483042D-02
  688  0.05186049      0.11098843D-02
  689  0.05249462      0.11748743D-02
  690  0.05313649      0.12434481D-02
  691  0.05378622      0.13157873D-02
  692  0.05444389      0.13920815D-02
  693  0.05510960      0.14725287D-02
  694  0.05578346      0.15573356D-02
  695  0.05646555      0.16467177D-02
  696  0.05715598      0.17408997D-02
  697  0.05785486      0.18401158D-02
  698  0.05856228      0.19446102D-02
  699  0.05927835      0.20546370D-02
  700  0.06000317      0.21704606D-02
  701  0.06073686      0.22923562D-02
  702  0.06147952      0.24206100D-02
  703  0.06223126      0.25555195D-02
  704  0.06299219      0.26973935D-02
  705  0.06376243      0.28465531D-02
  706  0.06454209      0.30033311D-02
  707  0.06533127      0.31680729D-02
  708  0.06613011      0.33411367D-02
  709  0.06693872      0.35228935D-02
  710  0.06775721      0.37137275D-02
  711  0.06858571      0.39140364D-02
  712  0.06942434      0.41242318D-02
  713  0.07027323      0.43447387D-02
  714  0.07113250      0.45759968D-02
  715  0.07200227      0.48184596D-02
  716  0.07288268      0.50725953D-02
  717  0.07377385      0.53388868D-02
  718  0.07467592      0.56178316D-02
  719  0.07558902      0.59099421D-02
  720  0.07651328      0.62157455D-02
  721  0.07744885      0.65357840D-02
  722  0.07839585      0.68706150D-02
  723  0.07935444      0.72208104D-02
  724  0.08032475      0.75869574D-02
  725  0.08130692      0.79696579D-02
  726  0.08230110      0.83695282D-02
  727  0.08330743      0.87871993D-02
  728  0.08432607      0.92233164D-02
  729  0.08535717      0.96785388D-02
  730  0.08640088      0.10153539D-01
  731  0.08745734      0.10649003D-01
  732  0.08852673      0.11165630D-01
  733  0.08960919      0.11704131D-01
  734  0.09070488      0.12265229D-01
  735  0.09181398      0.12849657D-01
  736  0.09293663      0.13458160D-01
  737  0.09407302      0.14091491D-01
  738  0.09522329      0.14750414D-01
  739  0.09638764      0.15435698D-01
  740  0.09756622      0.16148121D-01
  741  0.09875921      0.16888466D-01
  742  0.09996678      0.17657519D-01
  743  0.10118913      0.18456071D-01
  744  0.10242642      0.19284914D-01
  745  0.10367884      0.20144842D-01
  746  0.10494657      0.21036645D-01
  747  0.10622980      0.21961112D-01
  748  0.10752873      0.22919027D-01
  749  0.10884354      0.23911168D-01
  750  0.11017442      0.24938303D-01
  751  0.11152158      0.26001191D-01
  752  0.11288521      0.27100578D-01
  753  0.11426551      0.28237196D-01
  754  0.11566269      0.29411757D-01
  755  0.11707696      0.30624955D-01
  756  0.11850852      0.31877463D-01
  757  0.11995758      0.33169927D-01
  758  0.12142436      0.34502967D-01
  759  0.12290908      0.35877169D-01
  760  0.12441195      0.37293090D-01
  761  0.12593319      0.38751248D-01
  762  0.12747304      0.40252121D-01
  763  0.12903172      0.41796145D-01
  764  0.13060945      0.43383711D-01
  765  0.13220648      0.45015157D-01
  766  0.13382303      0.46690773D-01
  767  0.13545935      0.48410790D-01
  768  0.13711568      0.50175380D-01
  769  0.13879227      0.51984650D-01
  770  0.14048935      0.53838645D-01
  771  0.14220718      0.55737336D-01
  772  0.14394602      0.57680621D-01
  773  0.14570612      0.59668323D-01
  774  0.14748774      0.61700181D-01
  775  0.14929115      0.63775854D-01
  776  0.15111660      0.65894911D-01
  777  0.15296438      0.68056830D-01
  778  0.15483475      0.70260999D-01
  779  0.15672799      0.72506704D-01
  780  0.15864439      0.74793134D-01
  781  0.16058421      0.77119376D-01
  782  0.16254775      0.79484410D-01
  783  0.16453530      0.81887107D-01
  784  0.16654716      0.84326231D-01
  785  0.16858361      0.86800432D-01
  786  0.17064497      0.89308243D-01
  787  0.17273153      0.91848086D-01
  788  0.17484361      0.94418261D-01
  789  0.17698151      0.97016953D-01
  790  0.17914555      0.99642225D-01
  791  0.18133605      0.10229202D+00
  792  0.18355334      0.10496417D+00
  793  0.18579773      0.10765636D+00
  794  0.18806957      0.11036620D+00
  795  0.19036920      0.11309114D+00
  796  0.19269693      0.11582853D+00
  797  0.19505314      0.11857560D+00
  798  0.19743815      0.12132948D+00
  799  0.19985232      0.12408717D+00
  800  0.20229602      0.12684557D+00
  801  0.20476959      0.12960148D+00
  802  0.20727341      0.13235159D+00
  803  0.20980784      0.13509250D+00
  804  0.21237327      0.13782072D+00
  805  0.21497006      0.14053267D+00
  806  0.21759861      0.14322468D+00
  807  0.22025930      0.14589302D+00
  808  0.22295252      0.14853390D+00
  809  0.22567867      0.15114344D+00
  810  0.22843815      0.15371772D+00
  811  0.23123138      0.15625280D+00
  812  0.23405876      0.15874467D+00
  813  0.23692072      0.16118931D+00
  814  0.23981766      0.16358267D+00
  815  0.24275003      0.16592071D+00
  816  0.24571826      0.16819938D+00
  817  0.24872278      0.17041463D+00
  818  0.25176404      0.17256246D+00
  819  0.25484248      0.17463890D+00
  820  0.25795857      0.17663999D+00
  821  0.26111275      0.17856188D+00
  822  0.26430551      0.18040074D+00
  823  0.26753730      0.18215286D+00
  824  0.27080862      0.18381458D+00
  825  0.27411993      0.18538238D+00
  826  0.27747173      0.18685284D+00
  827  0.28086451      0.18822266D+00
  828  0.28429878      0.18948869D+00
  829  0.28777505      0.19064791D+00
  830  0.29129382      0.19169748D+00
  831  0.29485561      0.19263472D+00
  832  0.29846096      0.19345713D+00
  833  0.30211039      0.19416240D+00
  834  0.30580444      0.19474841D+00
  835  0.30954366      0.19521327D+00
  836  0.31332861      0.19555529D+00
  837  0.31715983      0.19577300D+00
  838  0.32103791      0.19586517D+00
  839  0.32496340      0.19583080D+00
  840  0.32893689      0.19566912D+00
  841  0.33295896      0.19537964D+00
  842  0.33703022      0.19496209D+00
  843  0.34115125      0.19441646D+00
  844  0.34532268      0.19374301D+00
  845  0.34954511      0.19294222D+00
  846  0.35381917      0.19201488D+00
  847  0.35814550      0.19096198D+00
  848  0.36252472      0.18978482D+00
  849  0.36695749      0.18848492D+00
  850  0.37144446      0.18706405D+00
  851  0.37598630      0.18552425D+00
  852  0.38058367      0.18386777D+00
  853  0.38523726      0.18209714D+00
  854  0.38994774      0.18021508D+00
  855  0.39471583      0.17822455D+00
  856  0.39954222      0.17612873D+00
  857  0.40442762      0.17393101D+00
  858  0.40937276      0.17163497D+00
  859  0.41437836      0.16924438D+00
  860  0.41944517      0.16676318D+00
  861  0.42457394      0.16419550D+00
  862  0.42976541      0.16154561D+00
  863  0.43502037      0.15881793D+00
  864  0.44033958      0.15601701D+00
  865  0.44572383      0.15314750D+00
  866  0.45117392      0.15021420D+00
  867  0.45669065      0.14722195D+00
  868  0.46227483      0.14417572D+00
  869  0.46792730      0.14108049D+00
  870  0.47364888      0.13794135D+00
  871  0.47944042      0.13476337D+00
  872  0.48530277      0.13155169D+00
  873  0.49123681      0.12831142D+00
  874  0.49724341      0.12504768D+00
  875  0.50332345      0.12176558D+00
  876  0.50947784      0.11847018D+00
  877  0.51570748      0.11516650D+00
  878  0.52201329      0.11185950D+00
  879  0.52839621      0.10855406D+00
  880  0.53485717      0.10525497D+00
  881  0.54139714      0.10196693D+00
  882  0.54801707      0.98694531D-01
  883  0.55471795      0.95442222D-01
  884  0.56150076      0.92214334D-01
  885  0.56836651      0.89015049D-01
  886  0.57531621      0.85848393D-01
  887  0.58235089      0.82718231D-01
  888  0.58947158      0.79628254D-01
  889  0.59667934      0.76581972D-01
  890  0.60397524      0.73582711D-01
  891  0.61136035      0.70633600D-01
  892  0.61883575      0.67737571D-01
  893  0.62640257      0.64897355D-01
  894  0.63406190      0.62115471D-01
  895  0.64181489      0.59394233D-01
  896  0.64966268      0.56735739D-01
  897  0.65760643      0.54141875D-01
  898  0.66564731      0.51614316D-01
  899  0.67378652      0.49154520D-01
  900  0.68202524      0.46763737D-01
  901  0.69036470      0.44443006D-01
  902  0.69880613      0.42193161D-01
  903  0.70735078      0.40014833D-01
  904  0.71599991      0.37908457D-01
  905  0.72475480      0.35874274D-01
  906  0.73361674      0.33912340D-01
  907  0.74258704      0.32022532D-01
  908  0.75166702      0.30204553D-01
  909  0.76085803      0.28457943D-01
  910  0.77016142      0.26782085D-01
  911  0.77957856      0.25176213D-01
  912  0.78911086      0.23639421D-01
  913  0.79875971      0.22170676D-01
  914  0.80852654      0.20768820D-01
  915  0.81841280      0.19432585D-01
  916  0.82841994      0.18160600D-01
  917  0.83854945      0.16951403D-01
  918  0.84880281      0.15803444D-01
  919  0.85918154      0.14715104D-01
  920  0.86968718      0.13684696D-01
  921  0.88032128      0.12710478D-01
  922  0.89108541      0.11790660D-01
  923  0.90198115      0.10923414D-01
  924  0.91301013      0.10106884D-01
  925  0.92417396      0.93391888D-02
  926  0.93547429      0.86184359D-02
  927  0.94691280      0.79427247D-02
  928  0.95849118      0.73101554D-02
  929  0.97021112      0.67188354D-02
  930  0.98207438      0.61668853D-02
  931  0.99408269      0.56524454D-02
  932  1.00623784      0.51736807D-02
  933  1.01854161      0.47287859D-02
  934  1.03099582      0.43159905D-02
  935  1.04360232      0.39335626D-02
  936  1.05636297      0.35798129D-02
  937  1.06927964      0.32530979D-02
  938  1.08235426      0.29518230D-02
  939  1.09558874      0.26744448D-02
  940  1.10898505      0.24194732D-02
  941  1.12254517      0.21854735D-02
  942  1.13627108      0.19710672D-02
  943  1.15016484      0.17749333D-02
  944  1.16422848      0.15958090D-02
  945  1.17846408      0.14324896D-02
  946  1.19287374      0.12838289D-02
  947  1.20745961      0.11487387D-02
  948  1.22222382      0.10261884D-02
  949  1.23716856      0.91520399D-03
  950  1.25229603      0.81486713D-03
  951  1.26760848      0.72431399D-03
  952  1.28310816      0.64273382D-03
  953  1.29879736      0.56936738D-03
  954  1.31467840      0.50350530D-03
  955  1.33075363      0.44448626D-03
  956  1.34702542      0.39169515D-03
  957  1.36349617      0.34456112D-03
  958  1.38016832      0.30255555D-03
  959  1.39704432      0.26519008D-03
  960  1.41412668      0.23201450D-03
  961  1.43141791      0.20261473D-03
  962  1.44892057      0.17661078D-03
  963  1.46663724      0.15365470D-03
  964  1.48457055      0.13342863D-03
  965  1.50272313      0.11564284D-03
  966  1.52109768      0.10003384D-03
  967  1.53969690      0.86362540D-04
  968  1.55852354      0.74412502D-04
  969  1.57758038      0.63988228D-04
  970  1.59687024      0.54913549D-04
  971  1.61639597      0.47030075D-04
  972  1.63616045      0.40195733D-04
  973  1.65616660      0.34283381D-04
  974  1.67641737      0.29179510D-04
  975  1.69691576      0.24783012D-04
  976  1.71766480      0.21004048D-04
  977  1.73866754      0.17762973D-04
  978  1.75992709      0.14989355D-04
  979  1.78144660      0.12621054D-04
  980  1.80322923      0.10603381D-04
  981  1.82527822      0.88883219D-05
  982  1.84759680      0.74338255D-05
  983  1.87018829      0.62031537D-05
  984  1.89305601      0.51642902D-05
  985  1.91620335      0.42894033D-05
  986  1.93963372      0.35543601D-05
  987  1.96335059      0.29382876D-05
  988  1.98735746      0.24231790D-05
  989  2.01165787      0.19935396D-05
  990  2.03625541      0.16360712D-05
  991  2.06115372      0.13393903D-05
  992  2.08635647      0.10937783D-05
  993  2.11186739      0.89096000D-06
  994  2.13769025      0.72390774D-06
  995  2.16382885      0.58666971D-06
  996  2.19028706      0.47421881D-06
  997  2.21706879      0.38232057D-06
  998  2.24417800      0.30741807D-06
  999  2.27161868      0.24653178D-06
 1000  2.29939489      0.19717285D-06
 1001  2.32751074      0.15726817D-06
 1002  2.35597037      0.12509582D-06
 1003  2.38477800      0.99229712D-07
 1004  2.41393787      0.78492153D-07
 1005  2.44345429      0.61913439D-07
 1006  2.47333162      0.48697463D-07
 1007  2.50357428      0.38192578D-07
 1008  2.53418673      0.29866980D-07
 1009  2.56517349      0.23287979D-07
 1010  2.59653915      0.18104599D-07
 1011  2.62828832      0.14033018D-07
 1012  2.66042571      0.10844430D-07
 1013  2.69295606      0.83549593D-08
 1014  2.72588418      0.64173000D-08
 1015  2.75921492      0.49138196D-08
 1016  2.79295322      0.37508822D-08
 1017  2.82710405      0.28541938D-08
 1018  2.86167246      0.21649992D-08
 1019  2.89666355      0.16369848D-08
 1020  2.93208250      0.12337651D-08
 1021  2.96793453      0.92684978D-09
 1022  3.00422495      0.69400569D-09
 1023  3.04095910      0.51794173D-09
 1024  3.07814243      0.38525619D-09
 1025  3.11578041      0.28559779D-09
 1026  3.15387861      0.21099917D-09
 1027  3.19244265      0.15534931D-09
 1028  3.23147824      0.11397749D-09
 1029  3.27099113      0.83326835D-10
 1030  3.31098717      0.60698248D-10
 1031  3.35147226      0.44048684D-10
 1032  3.39245238      0.31844583D-10
 1033  3.43393358      0.22932209D-10
 1034  3.47592200      0.16434914D-10
 1035  3.51842383      0.11732512D-10
