System Description            : NbU, B2 structure                               
Number of Atoms in Unit Cell  : 2                                               
Number of Atomic Species      : 2                                               
Number of Atoms in Each Type  : 1(Nb), 1(U)                                     
Energy Offset                 : -31881                                          
=======================================================================================
    Iter     Energy      3PV     Efermi   Rms_rho    Rms_pot   Mix  Alg  Alpha 
---------------------------------------------------------------------------------------
**       1  -0.687423  6507.511  1.06115  0.230E-02  0.587E-01  pot  B   0.1000
         2  -0.645822  6509.638  1.06784  0.106E-02  0.684E-01  pot  B   0.1000
         3  -0.666720  6507.209  1.08963  0.674E-03  0.551E-01  pot  B   0.1000
         4  -3.721241  6459.805  1.09963  0.117E-01  0.200E+00  pot  B   0.1000
         5  -2.445421  6443.767  1.10963  0.745E-02  0.193E+00  pot  B   0.1000
         6  -2.573763  6439.166  1.11963  0.116E-02  0.205E+00  pot  B   0.1000
         7  -2.606547  6447.425  1.12963  0.184E-02  0.160E+00  pot  B   0.1000
         8  -2.568099  6453.004  1.13963  0.144E-02  0.131E+00  pot  B   0.1000
         9  -2.494124  6454.429  1.14963  0.291E-03  0.127E+00  pot  B   0.1000
        10  -2.206791  6442.935  1.15963  0.369E-02  0.219E+00  pot  B   0.1000
        11  -2.048886  6444.066  1.16963  0.879E-03  0.238E+00  pot  B   0.1000
        12  -2.098190  6447.106  1.17963  0.494E-03  0.229E+00  pot  B   0.1000
        13  -2.182733  6454.617  1.18963  0.180E-02  0.185E+00  pot  B   0.1000
        14  -2.098421  6465.715  1.19963  0.279E-02  0.126E+00  pot  B   0.1000
        15  -1.877982  6476.252  1.20963  0.276E-02  0.818E-01  pot  B   0.1000
        16  -1.684933  6451.504  1.21963  0.728E-02  0.240E+00  pot  B   0.1000
        17  -1.742769  6455.510  1.22963  0.954E-03  0.216E+00  pot  B   0.1000
        18  -1.672098  6456.983  1.23963  0.279E-03  0.212E+00  pot  B   0.1000
        19  -1.615220  6462.867  1.24963  0.136E-02  0.181E+00  pot  B   0.1000
        20  -0.543441  6496.483  1.28871  0.856E-02  0.425E-01  pot  B   0.1000
        21  -0.376038  6487.899  1.32118  0.320E-02  0.814E-01  pot  B   0.1000
        22  -0.515306  6492.114  1.29768  0.146E-02  0.450E-01  pot  B   0.1000
        23  -0.432846  6490.080  1.30033  0.809E-03  0.659E-01  pot  B   0.1000
        24  -0.544015  6494.310  1.27804  0.154E-02  0.298E-01  pot  B   0.1000
        25  -0.556032  6496.852  1.25835  0.924E-03  0.236E-01  pot  B   0.1000
        26  -0.549410  6496.957  1.25749  0.567E-04  0.246E-01  pot  B   0.1000
        27  -0.547237  6496.294  1.26312  0.146E-03  0.250E-01  pot  B   0.1000
        28  -0.544358  6495.373  1.26707  0.362E-03  0.215E-01  pot  B   0.1000
        29  -0.545180  6495.437  1.26310  0.113E-03  0.225E-01  pot  B   0.1000
        30  -0.536869  6494.932  1.26108  0.356E-03  0.301E-01  pot  B   0.1000
        31   4.479891  6559.032  1.25108  0.155E-01  0.202E+00  pot  B   0.1000
        32   2.511606  6566.695  1.24108  0.795E-02  0.141E+00  pot  B   0.1000
        33   2.320201  6534.974  1.23108  0.983E-02  0.157E+00  pot  B   0.1000
        34  -1.796130  6456.706  1.24108  0.191E-01  0.189E+00  pot  B   0.1000
        35   4.497732  6557.073  1.23108  0.236E-01  0.198E+00  pot  B   0.1000
        36  -0.584544  6499.636  1.18573  0.136E-01  0.239E-01  pot  B   0.1000
        37  -0.555662  6498.581  1.20593  0.231E-03  0.219E-01  pot  B   0.1000
        38  -0.559543  6496.597  1.21836  0.670E-03  0.174E-01  pot  B   0.1000
        39  -0.561664  6496.360  1.21172  0.348E-03  0.130E-01  pot  B   0.1000
        40  -0.564288  6496.786  1.19855  0.345E-03  0.154E-01  pot  B   0.1000
        41  -0.562501  6496.961  1.19700  0.590E-04  0.159E-01  pot  B   0.1000
        42  -0.565537  6497.416  1.19546  0.166E-03  0.140E-01  pot  B   0.1000
        43  -0.564992  6497.337  1.19711  0.194E-04  0.137E-01  pot  B   0.1000
        44  -0.559801  6497.000  1.19946  0.231E-03  0.166E-01  pot  B   0.1000
        45  -0.559610  6496.928  1.19926  0.128E-04  0.167E-01  pot  B   0.1000
        46  -0.560405  6497.124  1.19522  0.466E-04  0.180E-01  pot  B   0.1000
        47  -0.557242  6502.673  1.19314  0.164E-02  0.154E-01  pot  B   0.1000
        48  -0.567609  6499.756  1.21246  0.109E-02  0.692E-02  pot  B   0.1000
        49  -0.565552  6502.133  1.19961  0.762E-03  0.846E-02  pot  B   0.1000
        50  -0.566613  6500.817  1.20831  0.448E-03  0.930E-03  pot  B   0.1000
        51  -0.565622  6500.994  1.20732  0.497E-04  0.261E-03  pot  B   0.1000
        52  -0.565526  6500.908  1.20778  0.397E-04  0.866E-03  pot  B   0.1000
        53  -0.565597  6500.958  1.20715  0.265E-04  0.282E-03  pot  B   0.1000
        54  -0.565611  6500.982  1.20696  0.123E-04  0.132E-04  pot  B   0.1000
        55  -0.565599  6500.999  1.20690  0.296E-05  0.434E-04  pot  B   0.1000
        56  -0.565601  6500.994  1.20694  0.182E-05  0.580E-05  pot  B   0.1000
        57  -0.565614  6500.991  1.20696  0.101E-05  0.164E-04  pot  B   0.1000
        58  -0.565617  6500.993  1.20695  0.705E-06  0.133E-05  pot  B   0.1000
        59  -0.565602  6500.994  1.20694  0.297E-06  0.543E-05  pot  B   0.1000
        60  -0.565605  6500.993  1.20695  0.274E-06  0.575E-06  pot  B   0.1000
**      61   0.069534  6543.301  1.19694  0.220E-01  0.267E+00  pot  B   0.1000
        62   6.386544  6561.433  1.18694  0.263E-01  0.314E+00  pot  B   0.1000
        63  -0.471135  6491.540  1.22114  0.179E-01  0.560E-01  pot  B   0.1000
        64  -0.475693  6494.850  1.21006  0.477E-03  0.507E-01  pot  B   0.1000
        65  -0.521269  6497.330  1.20716  0.768E-03  0.357E-01  pot  B   0.1000
        66  -0.554072  6499.528  1.20462  0.809E-03  0.196E-01  pot  B   0.1000
        67  -0.557801  6499.690  1.20475  0.134E-03  0.167E-01  pot  B   0.1000
        68  -0.566019  6500.243  1.20526  0.528E-03  0.531E-02  pot  B   0.1000
        69  -0.566181  6500.388  1.20519  0.568E-04  0.417E-02  pot  B   0.1000
        70  -0.565842  6501.093  1.20511  0.181E-03  0.164E-02  pot  B   0.1000
        71  -0.565778  6501.054  1.20578  0.301E-04  0.832E-03  pot  B   0.1000
        72  -0.565690  6500.943  1.20675  0.417E-04  0.308E-03  pot  B   0.1000
        73  -0.565647  6500.961  1.20686  0.646E-05  0.137E-03  pot  B   0.1000
        74  -0.565609  6500.989  1.20692  0.741E-05  0.161E-04  pot  B   0.1000
        75  -0.565609  6500.995  1.20694  0.208E-05  0.331E-04  pot  B   0.1000
        76  -0.565606  6500.992  1.20695  0.173E-05  0.845E-05  pot  B   0.1000
        77  -0.565605  6500.993  1.20695  0.612E-06  0.480E-05  pot  B   0.1000
        78  -0.565605  6500.993  1.20695  0.172E-06  0.639E-06  pot  B   0.1000
        79  -0.565607  6500.993  1.20695  0.240E-07  0.274E-06  pot  B   0.1000
        80  -0.565607  6500.993  1.20695  0.109E-07  0.452E-07  pot  B   0.1000
        81  -0.565605  6500.993  1.20695  0.243E-08  0.257E-08  pot  B   0.1000
        82  -0.565605  6500.993  1.20695  0.309E-10  0.211E-08  pot  B   0.1000
        83  -0.565604  6500.993  1.20695  0.173E-09  0.493E-10  pot  B   0.1000
        84  -0.565604  6500.993  1.20695  0.218E-11  0.431E-10  pot  B   0.1000
        85  -0.565605  6500.993  1.20695  0.795E-11  0.332E-10  pot  B   0.1000
        86  -0.565605  6500.993  1.20695  0.400E-11  0.477E-10  pot  B   0.1000
        87  -0.565605  6500.993  1.20695  0.845E-11  0.381E-10  pot  B   0.1000
        88  -0.565605  6500.993  1.20695  0.447E-11  0.245E-10  pot  B   0.1000
        89  -0.565605  6500.993  1.20695  0.285E-11  0.193E-10  pot  B   0.1000
        90  -0.565605  6500.993  1.20695  0.541E-11  0.111E-10  pot  B   0.1000
        91  -0.565605  6500.993  1.20695  0.276E-11  0.844E-11  pot  B   0.1000
        92  -0.565605  6500.993  1.20695  0.811E-12  0.489E-11  pot  B   0.1000
        93  -0.565605  6500.993  1.20695  0.657E-12  0.695E-11  pot  B   0.1000
        94  -0.565605  6500.993  1.20695  0.859E-12  0.416E-11  pot  B   0.1000
        95  -0.565605  6500.993  1.20695  0.148E-11  0.462E-11  pot  B   0.1000
        96  -0.565606  6500.993  1.20695  0.308E-11  0.359E-11  pot  B   0.1000
        97  -0.565606  6500.993  1.20695  0.147E-11  0.474E-11  pot  B   0.1000
        98  -0.565606  6500.993  1.20695  0.700E-12  0.382E-11  pot  B   0.1000
        99  -0.565606  6500.993  1.20695  0.111E-11  0.277E-11  pot  B   0.1000
       100  -0.565606  6500.993  1.20695  0.146E-11  0.440E-11  pot  B   0.1000
       101  -0.565606  6500.993  1.20695  0.153E-11  0.447E-11  pot  B   0.1000
       102  -0.565606  6500.993  1.20695  0.460E-12  0.444E-11  pot  B   0.1000
       103  -0.565605  6500.993  1.20695  0.675E-12  0.414E-11  pot  B   0.1000
       104  -0.565606  6500.993  1.20695  0.190E-12  0.473E-11  pot  B   0.1000
       105  -0.565606  6500.993  1.20695  0.526E-12  0.397E-11  pot  B   0.1000
       106  -0.565606  6500.993  1.20695  0.519E-12  0.558E-11  pot  B   0.1000
       107  -0.565605  6500.993  1.20695  0.444E-12  0.625E-11  pot  B   0.1000
       108  -0.565607  6500.993  1.20695  0.513E-12  0.659E-11  pot  B   0.1000
       109  -0.565607  6500.993  1.20695  0.265E-12  0.626E-11  pot  B   0.1000
       110  -0.565607  6500.993  1.20695  0.186E-12  0.391E-11  pot  B   0.1000
       111  -0.565606  6500.993  1.20695  0.230E-12  0.256E-11  pot  B   0.1000
       112  -0.565606  6500.993  1.20695  0.676E-12  0.163E-11  pot  B   0.1000
       113  -0.565606  6500.993  1.20695  0.534E-12  0.172E-11  pot  B   0.1000
       114  -0.565606  6500.993  1.20695  0.770E-13  0.127E-11  pot  B   0.1000
       115  -0.565607  6500.993  1.20695  0.125E-12  0.139E-11  pot  B   0.1000
       116  -0.565607  6500.993  1.20695  0.546E-13  0.118E-11  pot  B   0.1000
       117  -0.565607  6500.993  1.20695  0.155E-12  0.117E-11  pot  B   0.1000
       118  -0.565607  6500.993  1.20695  0.103E-12  0.111E-11  pot  B   0.1000
       119  -0.565607  6500.993  1.20695  0.131E-12  0.958E-12  pot  B   0.1000
       120  -0.565606  6500.993  1.20695  0.459E-13  0.101E-11  pot  B   0.1000
