 ir        r               f(r)
    1  0.00001401     -0.21015406D-11
    2  0.00001418     -0.21527793D-11
    3  0.00001435     -0.22052671D-11
    4  0.00001452     -0.22590344D-11
    5  0.00001470     -0.23141113D-11
    6  0.00001488     -0.23705313D-11
    7  0.00001506     -0.24283260D-11
    8  0.00001524     -0.24875298D-11
    9  0.00001542     -0.25481767D-11
   10  0.00001561     -0.26103021D-11
   11  0.00001580     -0.26739418D-11
   12  0.00001599     -0.27391328D-11
   13  0.00001619     -0.28059130D-11
   14  0.00001638     -0.28743210D-11
   15  0.00001658     -0.29443965D-11
   16  0.00001678     -0.30161802D-11
   17  0.00001699     -0.30897136D-11
   18  0.00001719     -0.31650396D-11
   19  0.00001740     -0.32422016D-11
   20  0.00001761     -0.33212445D-11
   21  0.00001782     -0.34022142D-11
   22  0.00001804     -0.34851576D-11
   23  0.00001826     -0.35701227D-11
   24  0.00001848     -0.36571589D-11
   25  0.00001870     -0.37463166D-11
   26  0.00001893     -0.38376476D-11
   27  0.00001916     -0.39312048D-11
   28  0.00001939     -0.40270425D-11
   29  0.00001963     -0.41252162D-11
   30  0.00001987     -0.42257829D-11
   31  0.00002011     -0.43288010D-11
   32  0.00002035     -0.44343301D-11
   33  0.00002060     -0.45424314D-11
   34  0.00002085     -0.46531678D-11
   35  0.00002110     -0.47666033D-11
   36  0.00002136     -0.48828038D-11
   37  0.00002161     -0.50018366D-11
   38  0.00002188     -0.51237709D-11
   39  0.00002214     -0.52486773D-11
   40  0.00002241     -0.53766282D-11
   41  0.00002268     -0.55076979D-11
   42  0.00002296     -0.56419624D-11
   43  0.00002323     -0.57794995D-11
   44  0.00002352     -0.59203891D-11
   45  0.00002380     -0.60647129D-11
   46  0.00002409     -0.62125544D-11
   47  0.00002438     -0.63639996D-11
   48  0.00002468     -0.65191363D-11
   49  0.00002498     -0.66780543D-11
   50  0.00002528     -0.68408460D-11
   51  0.00002559     -0.70076057D-11
   52  0.00002590     -0.71784302D-11
   53  0.00002621     -0.73534186D-11
   54  0.00002653     -0.75326722D-11
   55  0.00002685     -0.77162953D-11
   56  0.00002718     -0.79043942D-11
   57  0.00002750     -0.80970780D-11
   58  0.00002784     -0.82944587D-11
   59  0.00002818     -0.84966505D-11
   60  0.00002852     -0.87037710D-11
   61  0.00002886     -0.89159402D-11
   62  0.00002921     -0.91332812D-11
   63  0.00002957     -0.93559201D-11
   64  0.00002993     -0.95839861D-11
   65  0.00003029     -0.98176115D-11
   66  0.00003066     -0.10056932D-10
   67  0.00003103     -0.10302086D-10
   68  0.00003140     -0.10553217D-10
   69  0.00003178     -0.10810469D-10
   70  0.00003217     -0.11073992D-10
   71  0.00003256     -0.11343940D-10
   72  0.00003295     -0.11620468D-10
   73  0.00003335     -0.11903737D-10
   74  0.00003376     -0.12193913D-10
   75  0.00003417     -0.12491162D-10
   76  0.00003458     -0.12795658D-10
   77  0.00003500     -0.13107577D-10
   78  0.00003542     -0.13427101D-10
   79  0.00003585     -0.13754415D-10
   80  0.00003629     -0.14089708D-10
   81  0.00003673     -0.14433177D-10
   82  0.00003717     -0.14785020D-10
   83  0.00003762     -0.15145441D-10
   84  0.00003808     -0.15514650D-10
   85  0.00003854     -0.15892861D-10
   86  0.00003901     -0.16280294D-10
   87  0.00003948     -0.16677174D-10
   88  0.00003996     -0.17083732D-10
   89  0.00004045     -0.17500203D-10
   90  0.00004094     -0.17926831D-10
   91  0.00004143     -0.18363861D-10
   92  0.00004193     -0.18811550D-10
   93  0.00004244     -0.19270156D-10
   94  0.00004296     -0.19739946D-10
   95  0.00004348     -0.20221194D-10
   96  0.00004401     -0.20714179D-10
   97  0.00004454     -0.21219187D-10
   98  0.00004508     -0.21736513D-10
   99  0.00004563     -0.22266458D-10
  100  0.00004618     -0.22809329D-10
  101  0.00004674     -0.23365442D-10
  102  0.00004730     -0.23935121D-10
  103  0.00004788     -0.24518697D-10
  104  0.00004846     -0.25116510D-10
  105  0.00004905     -0.25728908D-10
  106  0.00004964     -0.26356246D-10
  107  0.00005024     -0.26998892D-10
  108  0.00005085     -0.27657217D-10
  109  0.00005147     -0.28331607D-10
  110  0.00005209     -0.29022453D-10
  111  0.00005272     -0.29730158D-10
  112  0.00005336     -0.30455135D-10
  113  0.00005401     -0.31197805D-10
  114  0.00005466     -0.31958602D-10
  115  0.00005533     -0.32737969D-10
  116  0.00005600     -0.33536361D-10
  117  0.00005668     -0.34354243D-10
  118  0.00005736     -0.35192091D-10
  119  0.00005806     -0.36050396D-10
  120  0.00005876     -0.36929658D-10
  121  0.00005947     -0.37830389D-10
  122  0.00006020     -0.38753116D-10
  123  0.00006093     -0.39698378D-10
  124  0.00006166     -0.40666726D-10
  125  0.00006241     -0.41658726D-10
  126  0.00006317     -0.42674959D-10
  127  0.00006393     -0.43716017D-10
  128  0.00006471     -0.44782510D-10
  129  0.00006549     -0.45875061D-10
  130  0.00006629     -0.46994310D-10
  131  0.00006709     -0.48140911D-10
  132  0.00006790     -0.49315536D-10
  133  0.00006873     -0.50518871D-10
  134  0.00006956     -0.51751623D-10
  135  0.00007040     -0.53014514D-10
  136  0.00007126     -0.54308283D-10
  137  0.00007212     -0.55633689D-10
  138  0.00007300     -0.56991510D-10
  139  0.00007388     -0.58382542D-10
  140  0.00007478     -0.59807602D-10
  141  0.00007568     -0.61267526D-10
  142  0.00007660     -0.62763172D-10
  143  0.00007753     -0.64295420D-10
  144  0.00007847     -0.65865170D-10
  145  0.00007942     -0.67473345D-10
  146  0.00008038     -0.69120891D-10
  147  0.00008136     -0.70808779D-10
  148  0.00008234     -0.72538003D-10
  149  0.00008334     -0.74309582D-10
  150  0.00008435     -0.76124560D-10
  151  0.00008538     -0.77984008D-10
  152  0.00008641     -0.79889024D-10
  153  0.00008746     -0.81840732D-10
  154  0.00008852     -0.83840286D-10
  155  0.00008959     -0.85888867D-10
  156  0.00009068     -0.87987689D-10
  157  0.00009178     -0.90137992D-10
  158  0.00009289     -0.92341050D-10
  159  0.00009402     -0.94598170D-10
  160  0.00009515     -0.96910689D-10
  161  0.00009631     -0.99279981D-10
  162  0.00009748     -0.10170745D-09
  163  0.00009866     -0.10419454D-09
  164  0.00009985     -0.10674274D-09
  165  0.00010106     -0.10935355D-09
  166  0.00010229     -0.11202853D-09
  167  0.00010353     -0.11476928D-09
  168  0.00010478     -0.11757743D-09
  169  0.00010605     -0.12045466D-09
  170  0.00010734     -0.12340269D-09
  171  0.00010864     -0.12642328D-09
  172  0.00010996     -0.12951823D-09
  173  0.00011129     -0.13268941D-09
  174  0.00011264     -0.13593872D-09
  175  0.00011401     -0.13926810D-09
  176  0.00011539     -0.14267955D-09
  177  0.00011679     -0.14617514D-09
  178  0.00011820     -0.14975695D-09
  179  0.00011964     -0.15342716D-09
  180  0.00012109     -0.15718798D-09
  181  0.00012255     -0.16104167D-09
  182  0.00012404     -0.16499057D-09
  183  0.00012554     -0.16903707D-09
  184  0.00012707     -0.17318362D-09
  185  0.00012861     -0.17743275D-09
  186  0.00013017     -0.18178702D-09
  187  0.00013174     -0.18624909D-09
  188  0.00013334     -0.19082168D-09
  189  0.00013496     -0.19550759D-09
  190  0.00013659     -0.20030966D-09
  191  0.00013825     -0.20523084D-09
  192  0.00013992     -0.21027415D-09
  193  0.00014162     -0.21544268D-09
  194  0.00014334     -0.22073960D-09
  195  0.00014508     -0.22616818D-09
  196  0.00014683     -0.23173177D-09
  197  0.00014861     -0.23743379D-09
  198  0.00015042     -0.24327778D-09
  199  0.00015224     -0.24926735D-09
  200  0.00015409     -0.25540622D-09
  201  0.00015595     -0.26169822D-09
  202  0.00015784     -0.26814726D-09
  203  0.00015976     -0.27475735D-09
  204  0.00016169     -0.28153265D-09
  205  0.00016365     -0.28847739D-09
  206  0.00016564     -0.29559593D-09
  207  0.00016765     -0.30289274D-09
  208  0.00016968     -0.31037244D-09
  209  0.00017174     -0.31803974D-09
  210  0.00017382     -0.32589949D-09
  211  0.00017592     -0.33395669D-09
  212  0.00017806     -0.34221645D-09
  213  0.00018022     -0.35068405D-09
  214  0.00018240     -0.35936488D-09
  215  0.00018461     -0.36826452D-09
  216  0.00018685     -0.37738867D-09
  217  0.00018912     -0.38674321D-09
  218  0.00019141     -0.39633417D-09
  219  0.00019373     -0.40616776D-09
  220  0.00019608     -0.41625037D-09
  221  0.00019845     -0.42658854D-09
  222  0.00020086     -0.43718903D-09
  223  0.00020329     -0.44805876D-09
  224  0.00020576     -0.45920488D-09
  225  0.00020825     -0.47063471D-09
  226  0.00021078     -0.48235581D-09
  227  0.00021333     -0.49437593D-09
  228  0.00021592     -0.50670306D-09
  229  0.00021854     -0.51934542D-09
  230  0.00022119     -0.53231145D-09
  231  0.00022387     -0.54560986D-09
  232  0.00022658     -0.55924960D-09
  233  0.00022933     -0.57323988D-09
  234  0.00023211     -0.58759019D-09
  235  0.00023492     -0.60231028D-09
  236  0.00023777     -0.61741022D-09
  237  0.00024065     -0.63290035D-09
  238  0.00024357     -0.64879132D-09
  239  0.00024652     -0.66509413D-09
  240  0.00024951     -0.68182006D-09
  241  0.00025254     -0.69898077D-09
  242  0.00025560     -0.71658826D-09
  243  0.00025870     -0.73465488D-09
  244  0.00026183     -0.75319337D-09
  245  0.00026501     -0.77221687D-09
  246  0.00026822     -0.79173889D-09
  247  0.00027147     -0.81177338D-09
  248  0.00027476     -0.83233473D-09
  249  0.00027809     -0.85343775D-09
  250  0.00028146     -0.87509772D-09
  251  0.00028488     -0.89733042D-09
  252  0.00028833     -0.92015209D-09
  253  0.00029183     -0.94357951D-09
  254  0.00029536     -0.96762999D-09
  255  0.00029894     -0.99232136D-09
  256  0.00030257     -0.10176721D-08
  257  0.00030624     -0.10437011D-08
  258  0.00030995     -0.10704281D-08
  259  0.00031371     -0.10978733D-08
  260  0.00031751     -0.11260576D-08
  261  0.00032136     -0.11550027D-08
  262  0.00032525     -0.11847308D-08
  263  0.00032920     -0.12152650D-08
  264  0.00033319     -0.12466290D-08
  265  0.00033723     -0.12788475D-08
  266  0.00034132     -0.13119459D-08
  267  0.00034545     -0.13459505D-08
  268  0.00034964     -0.13808882D-08
  269  0.00035388     -0.14167874D-08
  270  0.00035817     -0.14536768D-08
  271  0.00036251     -0.14915866D-08
  272  0.00036691     -0.15305476D-08
  273  0.00037135     -0.15705922D-08
  274  0.00037586     -0.16117533D-08
  275  0.00038041     -0.16540654D-08
  276  0.00038502     -0.16975639D-08
  277  0.00038969     -0.17422857D-08
  278  0.00039442     -0.17882688D-08
  279  0.00039920     -0.18355526D-08
  280  0.00040404     -0.18841779D-08
  281  0.00040894     -0.19341870D-08
  282  0.00041389     -0.19856236D-08
  283  0.00041891     -0.20385330D-08
  284  0.00042399     -0.20929622D-08
  285  0.00042913     -0.21489598D-08
  286  0.00043433     -0.22065762D-08
  287  0.00043960     -0.22658637D-08
  288  0.00044493     -0.23268764D-08
  289  0.00045032     -0.23896705D-08
  290  0.00045578     -0.24543042D-08
  291  0.00046130     -0.25208379D-08
  292  0.00046690     -0.25893342D-08
  293  0.00047256     -0.26598581D-08
  294  0.00047828     -0.27324769D-08
  295  0.00048408     -0.28072606D-08
  296  0.00048995     -0.28842818D-08
  297  0.00049589     -0.29636158D-08
  298  0.00050190     -0.30453408D-08
  299  0.00050799     -0.31295379D-08
  300  0.00051415     -0.32162916D-08
  301  0.00052038     -0.33056893D-08
  302  0.00052669     -0.33978220D-08
  303  0.00053307     -0.34927841D-08
  304  0.00053953     -0.35906738D-08
  305  0.00054608     -0.36915932D-08
  306  0.00055270     -0.37956481D-08
  307  0.00055940     -0.39029488D-08
  308  0.00056618     -0.40136098D-08
  309  0.00057304     -0.41277501D-08
  310  0.00057999     -0.42454936D-08
  311  0.00058702     -0.43669690D-08
  312  0.00059413     -0.44923103D-08
  313  0.00060134     -0.46216567D-08
  314  0.00060863     -0.47551532D-08
  315  0.00061601     -0.48929505D-08
  316  0.00062347     -0.50352056D-08
  317  0.00063103     -0.51820818D-08
  318  0.00063868     -0.53337491D-08
  319  0.00064642     -0.54903844D-08
  320  0.00065426     -0.56521720D-08
  321  0.00066219     -0.58193038D-08
  322  0.00067022     -0.59919794D-08
  323  0.00067835     -0.61704070D-08
  324  0.00068657     -0.63548033D-08
  325  0.00069489     -0.65453941D-08
  326  0.00070332     -0.67424146D-08
  327  0.00071184     -0.69461100D-08
  328  0.00072047     -0.71567355D-08
  329  0.00072921     -0.73745575D-08
  330  0.00073805     -0.75998534D-08
  331  0.00074699     -0.78329124D-08
  332  0.00075605     -0.80740360D-08
  333  0.00076521     -0.83235388D-08
  334  0.00077449     -0.85817484D-08
  335  0.00078388     -0.88490068D-08
  336  0.00079338     -0.91256705D-08
  337  0.00080300     -0.94121115D-08
  338  0.00081274     -0.97087177D-08
  339  0.00082259     -0.10015894D-07
  340  0.00083256     -0.10334062D-07
  341  0.00084265     -0.10663663D-07
  342  0.00085287     -0.11005157D-07
  343  0.00086321     -0.11359023D-07
  344  0.00087367     -0.11725763D-07
  345  0.00088426     -0.12105899D-07
  346  0.00089498     -0.12499976D-07
  347  0.00090583     -0.12908565D-07
  348  0.00091682     -0.13332260D-07
  349  0.00092793     -0.13771682D-07
  350  0.00093918     -0.14227480D-07
  351  0.00095056     -0.14700330D-07
  352  0.00096209     -0.15190941D-07
  353  0.00097375     -0.15700050D-07
  354  0.00098556     -0.16228430D-07
  355  0.00099750     -0.16776886D-07
  356  0.00100960     -0.17346259D-07
  357  0.00102184     -0.17937430D-07
  358  0.00103422     -0.18551317D-07
  359  0.00104676     -0.19188881D-07
  360  0.00105945     -0.19851124D-07
  361  0.00107229     -0.20539095D-07
  362  0.00108529     -0.21253889D-07
  363  0.00109845     -0.21996652D-07
  364  0.00111177     -0.22768579D-07
  365  0.00112525     -0.23570922D-07
  366  0.00113889     -0.24404988D-07
  367  0.00115269     -0.25272142D-07
  368  0.00116667     -0.26173814D-07
  369  0.00118081     -0.27111497D-07
  370  0.00119513     -0.28086752D-07
  371  0.00120961     -0.29101211D-07
  372  0.00122428     -0.30156581D-07
  373  0.00123912     -0.31254645D-07
  374  0.00125414     -0.32397271D-07
  375  0.00126935     -0.33586408D-07
  376  0.00128473     -0.34824096D-07
  377  0.00130031     -0.36112470D-07
  378  0.00131607     -0.37453759D-07
  379  0.00133203     -0.38850299D-07
  380  0.00134817     -0.40304528D-07
  381  0.00136452     -0.41819000D-07
  382  0.00138106     -0.43396384D-07
  383  0.00139780     -0.45039471D-07
  384  0.00141475     -0.46751184D-07
  385  0.00143190     -0.48534576D-07
  386  0.00144926     -0.50392844D-07
  387  0.00146683     -0.52329330D-07
  388  0.00148461     -0.54347532D-07
  389  0.00150261     -0.56451107D-07
  390  0.00152082     -0.58643884D-07
  391  0.00153926     -0.60929864D-07
  392  0.00155792     -0.63313238D-07
  393  0.00157681     -0.65798387D-07
  394  0.00159592     -0.68389895D-07
  395  0.00161527     -0.71092560D-07
  396  0.00163485     -0.73911400D-07
  397  0.00165467     -0.76851666D-07
  398  0.00167473     -0.79918851D-07
  399  0.00169503     -0.83118703D-07
  400  0.00171558     -0.86457237D-07
  401  0.00173638     -0.89940745D-07
  402  0.00175743     -0.93575811D-07
  403  0.00177873     -0.97369325D-07
  404  0.00180030     -0.10132850D-06
  405  0.00182212     -0.10546086D-06
  406  0.00184421     -0.10977433D-06
  407  0.00186657     -0.11427714D-06
  408  0.00188920     -0.11897794D-06
  409  0.00191210     -0.12388577D-06
  410  0.00193528     -0.12901010D-06
  411  0.00195874     -0.13436082D-06
  412  0.00198249     -0.13994830D-06
  413  0.00200652     -0.14578336D-06
  414  0.00203084     -0.15187736D-06
  415  0.00205546     -0.15824216D-06
  416  0.00208038     -0.16489018D-06
  417  0.00210560     -0.17183442D-06
  418  0.00213113     -0.17908846D-06
  419  0.00215696     -0.18666654D-06
  420  0.00218311     -0.19458354D-06
  421  0.00220958     -0.20285504D-06
  422  0.00223636     -0.21149733D-06
  423  0.00226348     -0.22052747D-06
  424  0.00229092     -0.22996329D-06
  425  0.00231869     -0.23982346D-06
  426  0.00234680     -0.25012752D-06
  427  0.00237525     -0.26089590D-06
  428  0.00240404     -0.27214998D-06
  429  0.00243319     -0.28391213D-06
  430  0.00246268     -0.29620576D-06
  431  0.00249254     -0.30905534D-06
  432  0.00252275     -0.32248649D-06
  433  0.00255334     -0.33652602D-06
  434  0.00258429     -0.35120195D-06
  435  0.00261562     -0.36654362D-06
  436  0.00264733     -0.38258172D-06
  437  0.00267942     -0.39934833D-06
  438  0.00271191     -0.41687703D-06
  439  0.00274478     -0.43520295D-06
  440  0.00277806     -0.45436283D-06
  441  0.00281173     -0.47439509D-06
  442  0.00284582     -0.49533994D-06
  443  0.00288032     -0.51723941D-06
  444  0.00291524     -0.54013749D-06
  445  0.00295058     -0.56408017D-06
  446  0.00298635     -0.58911556D-06
  447  0.00302255     -0.61529397D-06
  448  0.00305919     -0.64266801D-06
  449  0.00309628     -0.67129272D-06
  450  0.00313382     -0.70122564D-06
  451  0.00317181     -0.73252694D-06
  452  0.00321026     -0.76525956D-06
  453  0.00324918     -0.79948930D-06
  454  0.00328857     -0.83528495D-06
  455  0.00332843     -0.87271847D-06
  456  0.00336878     -0.91186508D-06
  457  0.00340962     -0.95280341D-06
  458  0.00345096     -0.99561569D-06
  459  0.00349279     -0.10403879D-05
  460  0.00353513     -0.10872099D-05
  461  0.00357799     -0.11361756D-05
  462  0.00362137     -0.11873832D-05
  463  0.00366527     -0.12409353D-05
  464  0.00370970     -0.12969394D-05
  465  0.00375467     -0.13555074D-05
  466  0.00380019     -0.14167567D-05
  467  0.00384626     -0.14808097D-05
  468  0.00389289     -0.15477944D-05
  469  0.00394008     -0.16178447D-05
  470  0.00398785     -0.16911003D-05
  471  0.00403619     -0.17677073D-05
  472  0.00408512     -0.18478184D-05
  473  0.00413464     -0.19315931D-05
  474  0.00418477     -0.20191980D-05
  475  0.00423550     -0.21108071D-05
  476  0.00428685     -0.22066025D-05
  477  0.00433882     -0.23067740D-05
  478  0.00439141     -0.24115201D-05
  479  0.00444465     -0.25210481D-05
  480  0.00449853     -0.26355745D-05
  481  0.00455307     -0.27553255D-05
  482  0.00460827     -0.28805372D-05
  483  0.00466413     -0.30114562D-05
  484  0.00472067     -0.31483401D-05
  485  0.00477790     -0.32914578D-05
  486  0.00483582     -0.34410901D-05
  487  0.00489445     -0.35975300D-05
  488  0.00495378     -0.37610837D-05
  489  0.00501384     -0.39320707D-05
  490  0.00507462     -0.41108243D-05
  491  0.00513614     -0.42976927D-05
  492  0.00519840     -0.44930393D-05
  493  0.00526142     -0.46972433D-05
  494  0.00532521     -0.49107002D-05
  495  0.00538976     -0.51338232D-05
  496  0.00545510     -0.53670430D-05
  497  0.00552123     -0.56108092D-05
  498  0.00558817     -0.58655909D-05
  499  0.00565591     -0.61318773D-05
  500  0.00572448     -0.64101789D-05
  501  0.00579388     -0.67010281D-05
  502  0.00586411     -0.70049801D-05
  503  0.00593520     -0.73226142D-05
  504  0.00600716     -0.76545341D-05
  505  0.00607998     -0.80013697D-05
  506  0.00615369     -0.83637775D-05
  507  0.00622829     -0.87424422D-05
  508  0.00630379     -0.91380773D-05
  509  0.00638021     -0.95514269D-05
  510  0.00645756     -0.99832662D-05
  511  0.00653584     -0.10434403D-04
  512  0.00661508     -0.10905681D-04
  513  0.00669527     -0.11397976D-04
  514  0.00677644     -0.11912203D-04
  515  0.00685859     -0.12449315D-04
  516  0.00694173     -0.13010305D-04
  517  0.00702589     -0.13596205D-04
  518  0.00711106     -0.14208093D-04
  519  0.00719727     -0.14847091D-04
  520  0.00728452     -0.15514365D-04
  521  0.00737283     -0.16211133D-04
  522  0.00746221     -0.16938659D-04
  523  0.00755267     -0.17698262D-04
  524  0.00764423     -0.18491313D-04
  525  0.00773690     -0.19319241D-04
  526  0.00783070     -0.20183531D-04
  527  0.00792563     -0.21085730D-04
  528  0.00802171     -0.22027445D-04
  529  0.00811896     -0.23010351D-04
  530  0.00821738     -0.24036189D-04
  531  0.00831700     -0.25106770D-04
  532  0.00841783     -0.26223976D-04
  533  0.00851987     -0.27389766D-04
  534  0.00862316     -0.28606175D-04
  535  0.00872770     -0.29875321D-04
  536  0.00883350     -0.31199403D-04
  537  0.00894059     -0.32580708D-04
  538  0.00904898     -0.34021612D-04
  539  0.00915868     -0.35524584D-04
  540  0.00926971     -0.37092188D-04
  541  0.00938208     -0.38727090D-04
  542  0.00949582     -0.40432057D-04
  543  0.00961094     -0.42209962D-04
  544  0.00972745     -0.44063789D-04
  545  0.00984537     -0.45996635D-04
  546  0.00996473     -0.48011717D-04
  547  0.01008553     -0.50112370D-04
  548  0.01020779     -0.52302058D-04
  549  0.01033154     -0.54584374D-04
  550  0.01045679     -0.56963044D-04
  551  0.01058356     -0.59441934D-04
  552  0.01071186     -0.62025052D-04
  553  0.01084172     -0.64716555D-04
  554  0.01097315     -0.67520751D-04
  555  0.01110618     -0.70442105D-04
  556  0.01124082     -0.73485245D-04
  557  0.01137709     -0.76654967D-04
  558  0.01151501     -0.79956236D-04
  559  0.01165461     -0.83394197D-04
  560  0.01179590     -0.86974177D-04
  561  0.01193890     -0.90701691D-04
  562  0.01208363     -0.94582448D-04
  563  0.01223012     -0.98622356D-04
  564  0.01237838     -0.10282753D-03
  565  0.01252845     -0.10720428D-03
  566  0.01268033     -0.11175917D-03
  567  0.01283405     -0.11649894D-03
  568  0.01298963     -0.12143059D-03
  569  0.01314711     -0.12656135D-03
  570  0.01330649     -0.13189868D-03
  571  0.01346780     -0.13745029D-03
  572  0.01363107     -0.14322415D-03
  573  0.01379632     -0.14922849D-03
  574  0.01396357     -0.15547179D-03
  575  0.01413285     -0.16196283D-03
  576  0.01430418     -0.16871064D-03
  577  0.01447759     -0.17572454D-03
  578  0.01465310     -0.18301416D-03
  579  0.01483073     -0.19058941D-03
  580  0.01501053     -0.19846051D-03
  581  0.01519250     -0.20663798D-03
  582  0.01537667     -0.21513268D-03
  583  0.01556308     -0.22395576D-03
  584  0.01575175     -0.23311873D-03
  585  0.01594271     -0.24263341D-03
  586  0.01613598     -0.25251198D-03
  587  0.01633160     -0.26276693D-03
  588  0.01652958     -0.27341115D-03
  589  0.01672997     -0.28445785D-03
  590  0.01693279     -0.29592061D-03
  591  0.01713806     -0.30781338D-03
  592  0.01734582     -0.32015048D-03
  593  0.01755610     -0.33294659D-03
  594  0.01776894     -0.34621680D-03
  595  0.01798435     -0.35997654D-03
  596  0.01820237     -0.37424165D-03
  597  0.01842303     -0.38902836D-03
  598  0.01864638     -0.40435327D-03
  599  0.01887242     -0.42023338D-03
  600  0.01910121     -0.43668610D-03
  601  0.01933277     -0.45372919D-03
  602  0.01956714     -0.47138084D-03
  603  0.01980435     -0.48965962D-03
  604  0.02004444     -0.50858447D-03
  605  0.02028744     -0.52817473D-03
  606  0.02053338     -0.54845014D-03
  607  0.02078230     -0.56943079D-03
  608  0.02103424     -0.59113717D-03
  609  0.02128924     -0.61359010D-03
  610  0.02154733     -0.63681080D-03
  611  0.02180854     -0.66082082D-03
  612  0.02207293     -0.68564205D-03
  613  0.02234051     -0.71129673D-03
  614  0.02261135     -0.73780740D-03
  615  0.02288546     -0.76519692D-03
  616  0.02316290     -0.79348842D-03
  617  0.02344370     -0.82270532D-03
  618  0.02372791     -0.85287130D-03
  619  0.02401556     -0.88401026D-03
  620  0.02430669     -0.91614632D-03
  621  0.02460136     -0.94930380D-03
  622  0.02489960     -0.98350717D-03
  623  0.02520146     -0.10187811D-02
  624  0.02550697     -0.10551502D-02
  625  0.02581619     -0.10926393D-02
  626  0.02612916     -0.11312734D-02
  627  0.02644592     -0.11710771D-02
  628  0.02676652     -0.12120754D-02
  629  0.02709101     -0.12542930D-02
  630  0.02741943     -0.12977546D-02
  631  0.02775183     -0.13424845D-02
  632  0.02808826     -0.13885071D-02
  633  0.02842878     -0.14358464D-02
  634  0.02877341     -0.14845260D-02
  635  0.02912223     -0.15345692D-02
  636  0.02947528     -0.15859990D-02
  637  0.02983260     -0.16388376D-02
  638  0.03019426     -0.16931070D-02
  639  0.03056030     -0.17488282D-02
  640  0.03093078     -0.18060217D-02
  641  0.03130575     -0.18647072D-02
  642  0.03168527     -0.19249035D-02
  643  0.03206939     -0.19866286D-02
  644  0.03245816     -0.20498992D-02
  645  0.03285165     -0.21147310D-02
  646  0.03324990     -0.21811386D-02
  647  0.03365299     -0.22491351D-02
  648  0.03406096     -0.23187323D-02
  649  0.03447388     -0.23899405D-02
  650  0.03489180     -0.24627683D-02
  651  0.03531479     -0.25372226D-02
  652  0.03574291     -0.26133085D-02
  653  0.03617622     -0.26910291D-02
  654  0.03661478     -0.27703854D-02
  655  0.03705865     -0.28513763D-02
  656  0.03750791     -0.29339982D-02
  657  0.03796262     -0.30182451D-02
  658  0.03842283     -0.31041086D-02
  659  0.03888863     -0.31915773D-02
  660  0.03936007     -0.32806372D-02
  661  0.03983723     -0.33712710D-02
  662  0.04032017     -0.34634587D-02
  663  0.04080897     -0.35571767D-02
  664  0.04130369     -0.36523981D-02
  665  0.04180441     -0.37490924D-02
  666  0.04231120     -0.38472256D-02
  667  0.04282414     -0.39467595D-02
  668  0.04334329     -0.40476522D-02
  669  0.04386874     -0.41498577D-02
  670  0.04440055     -0.42533257D-02
  671  0.04493882     -0.43580014D-02
  672  0.04548361     -0.44638256D-02
  673  0.04603500     -0.45707343D-02
  674  0.04659308     -0.46786589D-02
  675  0.04715792     -0.47875257D-02
  676  0.04772961     -0.48972562D-02
  677  0.04830823     -0.50077664D-02
  678  0.04889387     -0.51189673D-02
  679  0.04948660     -0.52307646D-02
  680  0.05008652     -0.53430584D-02
  681  0.05069372     -0.54557432D-02
  682  0.05130827     -0.55687080D-02
  683  0.05193028     -0.56818362D-02
  684  0.05255982     -0.57950053D-02
  685  0.05319700     -0.59080872D-02
  686  0.05384190     -0.60209477D-02
  687  0.05449462     -0.61334472D-02
  688  0.05515525     -0.62454400D-02
  689  0.05582389     -0.63567747D-02
  690  0.05650064     -0.64672941D-02
  691  0.05718559     -0.65768354D-02
  692  0.05787885     -0.66852300D-02
  693  0.05858051     -0.67923039D-02
  694  0.05929067     -0.68978776D-02
  695  0.06000945     -0.70017665D-02
  696  0.06073693     -0.71037807D-02
  697  0.06147324     -0.72037253D-02
  698  0.06221848     -0.73014010D-02
  699  0.06297274     -0.73966037D-02
  700  0.06373616     -0.74891254D-02
  701  0.06450882     -0.75787539D-02
  702  0.06529086     -0.76652738D-02
  703  0.06608237     -0.77484661D-02
  704  0.06688348     -0.78281092D-02
  705  0.06769430     -0.79039793D-02
  706  0.06851495     -0.79758502D-02
  707  0.06934555     -0.80434948D-02
  708  0.07018622     -0.81066848D-02
  709  0.07103708     -0.81651916D-02
  710  0.07189826     -0.82187869D-02
  711  0.07276987     -0.82672434D-02
  712  0.07365205     -0.83103352D-02
  713  0.07454493     -0.83478389D-02
  714  0.07544863     -0.83795339D-02
  715  0.07636329     -0.84052036D-02
  716  0.07728903     -0.84246359D-02
  717  0.07822600     -0.84376242D-02
  718  0.07917432     -0.84439684D-02
  719  0.08013415     -0.84434754D-02
  720  0.08110560     -0.84359605D-02
  721  0.08208884     -0.84212481D-02
  722  0.08308399     -0.83991726D-02
  723  0.08409121     -0.83695800D-02
  724  0.08511064     -0.83323282D-02
  725  0.08614243     -0.82872885D-02
  726  0.08718672     -0.82343465D-02
  727  0.08824368     -0.81734034D-02
  728  0.08931345     -0.81043770D-02
  729  0.09039619     -0.80272027D-02
  730  0.09149205     -0.79418347D-02
  731  0.09260120     -0.78482472D-02
  732  0.09372379     -0.77464354D-02
  733  0.09486000     -0.76364167D-02
  734  0.09600997     -0.75182317D-02
  735  0.09717389     -0.73919451D-02
  736  0.09835192     -0.72576473D-02
  737  0.09954423     -0.71154546D-02
  738  0.10075100     -0.69655110D-02
  739  0.10197239     -0.68079884D-02
  740  0.10320859     -0.66430879D-02
  741  0.10445978     -0.64710406D-02
  742  0.10572613     -0.62921081D-02
  743  0.10700784     -0.61065833D-02
  744  0.10830509     -0.59147912D-02
  745  0.10961806     -0.57170890D-02
  746  0.11094695     -0.55138670D-02
  747  0.11229194     -0.53055484D-02
  748  0.11365325     -0.50925899D-02
  749  0.11503105     -0.48754816D-02
  750  0.11642556     -0.46547472D-02
  751  0.11783698     -0.44309433D-02
  752  0.11926550     -0.42046598D-02
  753  0.12071135     -0.39765187D-02
  754  0.12217472     -0.37471743D-02
  755  0.12365583     -0.35173117D-02
  756  0.12515490     -0.32876465D-02
  757  0.12667214     -0.30589230D-02
  758  0.12820777     -0.28319138D-02
  759  0.12976202     -0.26074174D-02
  760  0.13133511     -0.23862576D-02
  761  0.13292727     -0.21692805D-02
  762  0.13453874     -0.19573536D-02
  763  0.13616973     -0.17513629D-02
  764  0.13782051     -0.15522108D-02
  765  0.13949129     -0.13608134D-02
  766  0.14118233     -0.11780976D-02
  767  0.14289387     -0.10049985D-02
  768  0.14462615     -0.84245601D-03
  769  0.14637944     -0.69141139D-03
  770  0.14815399     -0.55280402D-03
  771  0.14995004     -0.42756753D-03
  772  0.15176787     -0.31662602D-03
  773  0.15360774     -0.22089009D-03
  774  0.15546991     -0.14125267D-03
  775  0.15735465     -0.78584743D-04
  776  0.15926225     -0.33731036D-04
  777  0.16119297     -0.75054802D-05
  778  0.16314709     -0.68667876D-06
  779  0.16512491     -0.14013273D-04
  780  0.16712670     -0.48179271D-04
  781  0.16915276     -0.10382935D-03
  782  0.17120338     -0.18155414D-03
  783  0.17327886     -0.28188557D-03
  784  0.17537950     -0.40529217D-03
  785  0.17750561     -0.55217457D-03
  786  0.17965749     -0.72286096D-03
  787  0.18183546     -0.91760274D-03
  788  0.18403983     -0.11365703D-02
  789  0.18627093     -0.13798492D-02
  790  0.18852907     -0.16474358D-02
  791  0.19081459     -0.19392344D-02
  792  0.19312782     -0.22550534D-02
  793  0.19546908     -0.25946024D-02
  794  0.19783874     -0.29574896D-02
  795  0.20023711     -0.33432194D-02
  796  0.20266457     -0.37511906D-02
  797  0.20512145     -0.41806945D-02
  798  0.20760812     -0.46309142D-02
  799  0.21012493     -0.51009239D-02
  800  0.21267225     -0.55896885D-02
  801  0.21525045     -0.60960643D-02
  802  0.21785991     -0.66187999D-02
  803  0.22050101     -0.71565377D-02
  804  0.22317412     -0.77078157D-02
  805  0.22587963     -0.82710707D-02
  806  0.22861795     -0.88446410D-02
  807  0.23138946     -0.94267708D-02
  808  0.23419457     -0.10015615D-01
  809  0.23703369     -0.10609242D-01
  810  0.23990722     -0.11205644D-01
  811  0.24281559     -0.11802739D-01
  812  0.24575922     -0.12398381D-01
  813  0.24873853     -0.12990365D-01
  814  0.25175396     -0.13576438D-01
  815  0.25480595     -0.14154303D-01
  816  0.25789494     -0.14721637D-01
  817  0.26102137     -0.15276092D-01
  818  0.26418571     -0.15815309D-01
  819  0.26738840     -0.16336930D-01
  820  0.27062992     -0.16838608D-01
  821  0.27391074     -0.17318017D-01
  822  0.27723133     -0.17772868D-01
  823  0.28059218     -0.18200917D-01
  824  0.28399377     -0.18599980D-01
  825  0.28743660     -0.18967942D-01
  826  0.29092116     -0.19302776D-01
  827  0.29444797     -0.19602548D-01
  828  0.29801753     -0.19865437D-01
  829  0.30163037     -0.20089739D-01
  830  0.30528700     -0.20273889D-01
  831  0.30898796     -0.20416463D-01
  832  0.31273379     -0.20516198D-01
  833  0.31652503     -0.20571996D-01
  834  0.32036223     -0.20582942D-01
  835  0.32424595     -0.20548307D-01
  836  0.32817675     -0.20467562D-01
  837  0.33215520     -0.20340385D-01
  838  0.33618188     -0.20166670D-01
  839  0.34025738     -0.19946532D-01
  840  0.34438229     -0.19680316D-01
  841  0.34855720     -0.19368600D-01
  842  0.35278272     -0.19012198D-01
  843  0.35705947     -0.18612168D-01
  844  0.36138806     -0.18169809D-01
  845  0.36576913     -0.17686663D-01
  846  0.37020332     -0.17164517D-01
  847  0.37469125     -0.16605397D-01
  848  0.37923360     -0.16011569D-01
  849  0.38383100     -0.15385531D-01
  850  0.38848415     -0.14730013D-01
  851  0.39319370     -0.14047962D-01
  852  0.39796035     -0.13342543D-01
  853  0.40278478     -0.12617121D-01
  854  0.40766770     -0.11875256D-01
  855  0.41260981     -0.11120689D-01
  856  0.41761184     -0.10357328D-01
  857  0.42267450     -0.95892342D-02
  858  0.42779854     -0.88206081D-02
  859  0.43298470     -0.80557696D-02
  860  0.43823373     -0.72991423D-02
  861  0.44354639     -0.65552344D-02
  862  0.44892346     -0.58286191D-02
  863  0.45436571     -0.51239140D-02
  864  0.45987394     -0.44457604D-02
  865  0.46544894     -0.37988009D-02
  866  0.47109153     -0.31876579D-02
  867  0.47680252     -0.26169103D-02
  868  0.48258275     -0.20910706D-02
  869  0.48843305     -0.16145622D-02
  870  0.49435427     -0.11916953D-02
  871  0.50034728     -0.82664452D-03
  872  0.50641294     -0.52342539D-03
  873  0.51255213     -0.28587183D-03
  874  0.51876575     -0.11761392D-03
  875  0.52505469     -0.22056217D-04
  876  0.53141987     -0.23568757D-05
  877  0.53786222     -0.61407549D-04
  878  0.54438267     -0.20181433D-03
  879  0.55098216     -0.42587981D-03
  880  0.55766166     -0.73558634D-03
  881  0.56442214     -0.11325807D-02
  882  0.57126457     -0.16181602D-02
  883  0.57818995     -0.21932605D-02
  884  0.58519928     -0.28584448D-02
  885  0.59229360     -0.36138953D-02
  886  0.59947391     -0.44594059D-02
  887  0.60674127     -0.53943774D-02
  888  0.61409673     -0.64178144D-02
  889  0.62154136     -0.75283238D-02
  890  0.62907624     -0.87241167D-02
  891  0.63670247     -0.10003010D-01
  892  0.64442115     -0.11362434D-01
  893  0.65223340     -0.12799437D-01
  894  0.66014035     -0.14310694D-01
  895  0.66814317     -0.15892523D-01
  896  0.67624300     -0.17540891D-01
  897  0.68444102     -0.19251436D-01
  898  0.69273843     -0.21019478D-01
  899  0.70113643     -0.22840042D-01
  900  0.70963623     -0.24707877D-01
  901  0.71823908     -0.26617475D-01
  902  0.72694621     -0.28563099D-01
  903  0.73575891     -0.30538807D-01
  904  0.74467844     -0.32538473D-01
  905  0.75370609     -0.34555821D-01
  906  0.76284320     -0.36584447D-01
  907  0.77209106     -0.38617853D-01
  908  0.78145104     -0.40649471D-01
  909  0.79092449     -0.42672699D-01
  910  0.80051279     -0.44680926D-01
  911  0.81021732     -0.46667565D-01
  912  0.82003950     -0.48626087D-01
  913  0.82998076     -0.50550043D-01
  914  0.84004253     -0.52433103D-01
  915  0.85022628     -0.54269080D-01
  916  0.86053348     -0.56051961D-01
  917  0.87096564     -0.57775936D-01
  918  0.88152427     -0.59435423D-01
  919  0.89221089     -0.61025093D-01
  920  0.90302707     -0.62539899D-01
  921  0.91397438     -0.63975095D-01
  922  0.92505439     -0.65326256D-01
  923  0.93626873     -0.66589300D-01
  924  0.94761902     -0.67760507D-01
  925  0.95910691     -0.68836529D-01
  926  0.97073406     -0.69814405D-01
  927  0.98250217     -0.70691575D-01
  928  0.99441294     -0.71465884D-01
  929  1.00646810     -0.72135591D-01
  930  1.01866941     -0.72699371D-01
  931  1.03101864     -0.73156316D-01
  932  1.04351757     -0.73505937D-01
  933  1.05616802     -0.73748156D-01
  934  1.06897184     -0.73883304D-01
  935  1.08193087     -0.73912112D-01
  936  1.09504701     -0.73835700D-01
  937  1.10832215     -0.73655565D-01
  938  1.12175822     -0.73373570D-01
  939  1.13535718     -0.72991924D-01
  940  1.14912100     -0.72513167D-01
  941  1.16305167     -0.71940151D-01
  942  1.17715123     -0.71276019D-01
  943  1.19142171     -0.70524185D-01
  944  1.20586519     -0.69688311D-01
  945  1.22048377     -0.68772281D-01
  946  1.23527957     -0.67780183D-01
  947  1.25025474     -0.66716280D-01
  948  1.26541144     -0.65584987D-01
  949  1.28075190     -0.64390846D-01
  950  1.29627832     -0.63138502D-01
  951  1.31199297     -0.61832678D-01
  952  1.32789812     -0.60478149D-01
  953  1.34399609     -0.59079722D-01
  954  1.36028922     -0.57642210D-01
  955  1.37677986     -0.56170411D-01
  956  1.39347042     -0.54669087D-01
  957  1.41036332     -0.53142940D-01
  958  1.42746101     -0.51596597D-01
  959  1.44476597     -0.50034591D-01
  960  1.46228071     -0.48461340D-01
  961  1.48000779     -0.46881137D-01
  962  1.49794977     -0.45298131D-01
  963  1.51610926     -0.43716315D-01
  964  1.53448890     -0.42139515D-01
  965  1.55309135     -0.40571382D-01
  966  1.57191931     -0.39015375D-01
  967  1.59097553     -0.37474765D-01
  968  1.61026276     -0.35952619D-01
  969  1.62978381     -0.34451799D-01
  970  1.64954151     -0.32974962D-01
  971  1.66953873     -0.31524551D-01
  972  1.68977837     -0.30102799D-01
  973  1.71026338     -0.28711729D-01
  974  1.73099672     -0.27353152D-01
  975  1.75198142     -0.26028674D-01
  976  1.77322051     -0.24739698D-01
  977  1.79471707     -0.23487425D-01
  978  1.81647424     -0.22272865D-01
  979  1.83849517     -0.21096839D-01
  980  1.86078306     -0.19959987D-01
  981  1.88334114     -0.18862777D-01
  982  1.90617269     -0.17805509D-01
  983  1.92928102     -0.16788328D-01
  984  1.95266949     -0.15811230D-01
  985  1.97634150     -0.14874071D-01
  986  2.00030049     -0.13976577D-01
  987  2.02454992     -0.13118354D-01
  988  2.04909333     -0.12298897D-01
  989  2.07393428     -0.11517599D-01
  990  2.09907637     -0.10773762D-01
  991  2.12452325     -0.10066603D-01
  992  2.15027863     -0.93952678D-02
  993  2.17634623     -0.87588373D-02
  994  2.20272985     -0.81563359D-02
  995  2.22943331     -0.75867411D-02
  996  2.25646050     -0.70489912D-02
  997  2.28381534     -0.65419929D-02
  998  2.31150180     -0.60646287D-02
  999  2.33952389     -0.56157638D-02
 1000  2.36788570     -0.51942528D-02
 1001  2.39659133     -0.47989454D-02
 1002  2.42564496     -0.44286923D-02
 1003  2.45505080     -0.40824343D-02
 1004  2.48481313     -0.37590710D-02
 1005  2.51493626     -0.34575281D-02
 1006  2.54542457     -0.31767290D-02
 1007  2.57628249     -0.29156083D-02
 1008  2.60751449     -0.26731166D-02
 1009  2.63912512     -0.24482253D-02
 1010  2.67111896     -0.22399303D-02
 1011  2.70350066     -0.20472556D-02
 1012  2.73627491     -0.18692555D-02
 1013  2.76944649     -0.17050173D-02
 1014  2.80302020     -0.15536676D-02
 1015  2.83700093     -0.14143622D-02
 1016  2.87139359     -0.12862933D-02
 1017  2.90620320     -0.11686879D-02
 1018  2.94143480     -0.10608101D-02
 1019  2.97709351     -0.96196104D-03
 1020  3.01318450     -0.87147243D-03
 1021  3.04971303     -0.78871432D-03
 1022  3.08668438     -0.71309366D-03
 1023  3.12410393     -0.64405500D-03
 1024  3.16197712     -0.58107971D-03
 1025  3.20030944     -0.52368607D-03
 1026  3.23910646     -0.47142956D-03
 1027  3.27837381     -0.42389745D-03
 1028  3.31811720     -0.38070862D-03
 1029  3.35834239     -0.34151045D-03
 1030  3.39905522     -0.30597568D-03
 1031  3.44026162     -0.27380043D-03
 1032  3.48196755     -0.24470265D-03
 1033  3.52417908     -0.21842058D-03
 1034  3.56690234     -0.19471158D-03
 1035  3.61014353     -0.17335094D-03
 1036  3.65390892     -0.15413087D-03
 1037  3.69820488     -0.13685944D-03
 1038  3.74303783     -0.12135963D-03
 1039  3.78841429     -0.10746834D-03
 1040  3.83434085     -0.95035568D-04
 1041  3.88082416     -0.83923475D-04
