 ir        r               f(r)
    1  0.00001401      0.12992827D-07
    2  0.00001418      0.13309568D-07
    3  0.00001435      0.13634028D-07
    4  0.00001452      0.13966395D-07
    5  0.00001470      0.14306856D-07
    6  0.00001488      0.14655616D-07
    7  0.00001506      0.15012872D-07
    8  0.00001524      0.15378834D-07
    9  0.00001542      0.15753715D-07
   10  0.00001561      0.16137731D-07
   11  0.00001580      0.16531105D-07
   12  0.00001599      0.16934065D-07
   13  0.00001619      0.17346844D-07
   14  0.00001638      0.17769681D-07
   15  0.00001658      0.18202822D-07
   16  0.00001678      0.18646517D-07
   17  0.00001699      0.19101023D-07
   18  0.00001719      0.19566603D-07
   19  0.00001740      0.20043528D-07
   20  0.00001761      0.20532073D-07
   21  0.00001782      0.21032522D-07
   22  0.00001804      0.21545164D-07
   23  0.00001826      0.22070297D-07
   24  0.00001848      0.22608224D-07
   25  0.00001870      0.23159256D-07
   26  0.00001893      0.23723714D-07
   27  0.00001916      0.24301924D-07
   28  0.00001939      0.24894221D-07
   29  0.00001963      0.25500947D-07
   30  0.00001987      0.26122454D-07
   31  0.00002011      0.26759103D-07
   32  0.00002035      0.27411261D-07
   33  0.00002060      0.28079306D-07
   34  0.00002085      0.28763625D-07
   35  0.00002110      0.29464614D-07
   36  0.00002136      0.30182680D-07
   37  0.00002161      0.30918236D-07
   38  0.00002188      0.31671710D-07
   39  0.00002214      0.32443538D-07
   40  0.00002241      0.33234166D-07
   41  0.00002268      0.34044052D-07
   42  0.00002296      0.34873665D-07
   43  0.00002323      0.35723484D-07
   44  0.00002352      0.36594002D-07
   45  0.00002380      0.37485722D-07
   46  0.00002409      0.38399161D-07
   47  0.00002438      0.39334846D-07
   48  0.00002468      0.40293320D-07
   49  0.00002498      0.41275137D-07
   50  0.00002528      0.42280864D-07
   51  0.00002559      0.43311085D-07
   52  0.00002590      0.44366394D-07
   53  0.00002621      0.45447402D-07
   54  0.00002653      0.46554735D-07
   55  0.00002685      0.47689033D-07
   56  0.00002718      0.48850952D-07
   57  0.00002750      0.50041164D-07
   58  0.00002784      0.51260357D-07
   59  0.00002818      0.52509238D-07
   60  0.00002852      0.53788526D-07
   61  0.00002886      0.55098964D-07
   62  0.00002921      0.56441307D-07
   63  0.00002957      0.57816333D-07
   64  0.00002993      0.59224835D-07
   65  0.00003029      0.60667630D-07
   66  0.00003066      0.62145550D-07
   67  0.00003103      0.63659449D-07
   68  0.00003140      0.65210204D-07
   69  0.00003178      0.66798710D-07
   70  0.00003217      0.68425885D-07
   71  0.00003256      0.70092670D-07
   72  0.00003295      0.71800027D-07
   73  0.00003335      0.73548944D-07
   74  0.00003376      0.75340431D-07
   75  0.00003417      0.77175523D-07
   76  0.00003458      0.79055280D-07
   77  0.00003500      0.80980788D-07
   78  0.00003542      0.82953159D-07
   79  0.00003585      0.84973533D-07
   80  0.00003629      0.87043077D-07
   81  0.00003673      0.89162985D-07
   82  0.00003717      0.91334482D-07
   83  0.00003762      0.93558823D-07
   84  0.00003808      0.95837290D-07
   85  0.00003854      0.98171200D-07
   86  0.00003901      0.10056190D-06
   87  0.00003948      0.10301077D-06
   88  0.00003996      0.10551923D-06
   89  0.00004045      0.10808871D-06
   90  0.00004094      0.11072071D-06
   91  0.00004143      0.11341675D-06
   92  0.00004193      0.11617837D-06
   93  0.00004244      0.11900718D-06
   94  0.00004296      0.12190481D-06
   95  0.00004348      0.12487292D-06
   96  0.00004401      0.12791322D-06
   97  0.00004454      0.13102749D-06
   98  0.00004508      0.13421750D-06
   99  0.00004563      0.13748510D-06
  100  0.00004618      0.14083217D-06
  101  0.00004674      0.14426065D-06
  102  0.00004730      0.14777251D-06
  103  0.00004788      0.15136977D-06
  104  0.00004846      0.15505451D-06
  105  0.00004905      0.15882885D-06
  106  0.00004964      0.16269497D-06
  107  0.00005024      0.16665510D-06
  108  0.00005085      0.17071152D-06
  109  0.00005147      0.17486656D-06
  110  0.00005209      0.17912262D-06
  111  0.00005272      0.18348215D-06
  112  0.00005336      0.18794767D-06
  113  0.00005401      0.19252174D-06
  114  0.00005466      0.19720700D-06
  115  0.00005533      0.20200614D-06
  116  0.00005600      0.20692194D-06
  117  0.00005668      0.21195722D-06
  118  0.00005736      0.21711488D-06
  119  0.00005806      0.22239788D-06
  120  0.00005876      0.22780927D-06
  121  0.00005947      0.23335217D-06
  122  0.00006020      0.23902976D-06
  123  0.00006093      0.24484531D-06
  124  0.00006166      0.25080216D-06
  125  0.00006241      0.25690375D-06
  126  0.00006317      0.26315358D-06
  127  0.00006393      0.26955524D-06
  128  0.00006471      0.27611241D-06
  129  0.00006549      0.28282888D-06
  130  0.00006629      0.28970849D-06
  131  0.00006709      0.29675520D-06
  132  0.00006790      0.30397306D-06
  133  0.00006873      0.31136623D-06
  134  0.00006956      0.31893894D-06
  135  0.00007040      0.32669555D-06
  136  0.00007126      0.33464051D-06
  137  0.00007212      0.34277839D-06
  138  0.00007300      0.35111386D-06
  139  0.00007388      0.35965170D-06
  140  0.00007478      0.36839683D-06
  141  0.00007568      0.37735425D-06
  142  0.00007660      0.38652911D-06
  143  0.00007753      0.39592668D-06
  144  0.00007847      0.40555234D-06
  145  0.00007942      0.41541162D-06
  146  0.00008038      0.42551017D-06
  147  0.00008136      0.43585379D-06
  148  0.00008234      0.44644841D-06
  149  0.00008334      0.45730010D-06
  150  0.00008435      0.46841508D-06
  151  0.00008538      0.47979972D-06
  152  0.00008641      0.49146056D-06
  153  0.00008746      0.50340425D-06
  154  0.00008852      0.51563766D-06
  155  0.00008959      0.52816779D-06
  156  0.00009068      0.54100181D-06
  157  0.00009178      0.55414707D-06
  158  0.00009289      0.56761110D-06
  159  0.00009402      0.58140161D-06
  160  0.00009515      0.59552648D-06
  161  0.00009631      0.60999380D-06
  162  0.00009748      0.62481184D-06
  163  0.00009866      0.63998908D-06
  164  0.00009985      0.65553420D-06
  165  0.00010106      0.67145609D-06
  166  0.00010229      0.68776384D-06
  167  0.00010353      0.70446679D-06
  168  0.00010478      0.72157447D-06
  169  0.00010605      0.73909665D-06
  170  0.00010734      0.75704335D-06
  171  0.00010864      0.77542481D-06
  172  0.00010996      0.79425153D-06
  173  0.00011129      0.81353426D-06
  174  0.00011264      0.83328399D-06
  175  0.00011401      0.85351201D-06
  176  0.00011539      0.87422984D-06
  177  0.00011679      0.89544930D-06
  178  0.00011820      0.91718250D-06
  179  0.00011964      0.93944183D-06
  180  0.00012109      0.96223996D-06
  181  0.00012255      0.98558989D-06
  182  0.00012404      0.10095049D-05
  183  0.00012554      0.10339987D-05
  184  0.00012707      0.10590851D-05
  185  0.00012861      0.10847785D-05
  186  0.00013017      0.11110934D-05
  187  0.00013174      0.11380449D-05
  188  0.00013334      0.11656483D-05
  189  0.00013496      0.11939193D-05
  190  0.00013659      0.12228739D-05
  191  0.00013825      0.12525286D-05
  192  0.00013992      0.12829002D-05
  193  0.00014162      0.13140061D-05
  194  0.00014334      0.13458639D-05
  195  0.00014508      0.13784916D-05
  196  0.00014683      0.14119078D-05
  197  0.00014861      0.14461315D-05
  198  0.00015042      0.14811820D-05
  199  0.00015224      0.15170793D-05
  200  0.00015409      0.15538436D-05
  201  0.00015595      0.15914959D-05
  202  0.00015784      0.16300575D-05
  203  0.00015976      0.16695502D-05
  204  0.00016169      0.17099963D-05
  205  0.00016365      0.17514188D-05
  206  0.00016564      0.17938412D-05
  207  0.00016765      0.18372874D-05
  208  0.00016968      0.18817819D-05
  209  0.00017174      0.19273500D-05
  210  0.00017382      0.19740174D-05
  211  0.00017592      0.20218105D-05
  212  0.00017806      0.20707562D-05
  213  0.00018022      0.21208822D-05
  214  0.00018240      0.21722168D-05
  215  0.00018461      0.22247890D-05
  216  0.00018685      0.22786284D-05
  217  0.00018912      0.23337653D-05
  218  0.00019141      0.23902308D-05
  219  0.00019373      0.24480569D-05
  220  0.00019608      0.25072759D-05
  221  0.00019845      0.25679213D-05
  222  0.00020086      0.26300271D-05
  223  0.00020329      0.26936284D-05
  224  0.00020576      0.27587609D-05
  225  0.00020825      0.28254612D-05
  226  0.00021078      0.28937667D-05
  227  0.00021333      0.29637159D-05
  228  0.00021592      0.30353479D-05
  229  0.00021854      0.31087031D-05
  230  0.00022119      0.31838225D-05
  231  0.00022387      0.32607483D-05
  232  0.00022658      0.33395235D-05
  233  0.00022933      0.34201924D-05
  234  0.00023211      0.35028000D-05
  235  0.00023492      0.35873927D-05
  236  0.00023777      0.36740176D-05
  237  0.00024065      0.37627234D-05
  238  0.00024357      0.38535595D-05
  239  0.00024652      0.39465767D-05
  240  0.00024951      0.40418269D-05
  241  0.00025254      0.41393633D-05
  242  0.00025560      0.42392403D-05
  243  0.00025870      0.43415135D-05
  244  0.00026183      0.44462401D-05
  245  0.00026501      0.45534782D-05
  246  0.00026822      0.46632877D-05
  247  0.00027147      0.47757295D-05
  248  0.00027476      0.48908663D-05
  249  0.00027809      0.50087620D-05
  250  0.00028146      0.51294821D-05
  251  0.00028488      0.52530936D-05
  252  0.00028833      0.53796651D-05
  253  0.00029183      0.55092668D-05
  254  0.00029536      0.56419706D-05
  255  0.00029894      0.57778499D-05
  256  0.00030257      0.59169799D-05
  257  0.00030624      0.60594377D-05
  258  0.00030995      0.62053020D-05
  259  0.00031371      0.63546533D-05
  260  0.00031751      0.65075743D-05
  261  0.00032136      0.66641491D-05
  262  0.00032525      0.68244643D-05
  263  0.00032920      0.69886082D-05
  264  0.00033319      0.71566712D-05
  265  0.00033723      0.73287458D-05
  266  0.00034132      0.75049266D-05
  267  0.00034545      0.76853105D-05
  268  0.00034964      0.78699966D-05
  269  0.00035388      0.80590863D-05
  270  0.00035817      0.82526833D-05
  271  0.00036251      0.84508937D-05
  272  0.00036691      0.86538260D-05
  273  0.00037135      0.88615915D-05
  274  0.00037586      0.90743036D-05
  275  0.00038041      0.92920787D-05
  276  0.00038502      0.95150356D-05
  277  0.00038969      0.97432962D-05
  278  0.00039442      0.99769847D-05
  279  0.00039920      0.10216229D-04
  280  0.00040404      0.10461158D-04
  281  0.00040894      0.10711906D-04
  282  0.00041389      0.10968610D-04
  283  0.00041891      0.11231408D-04
  284  0.00042399      0.11500442D-04
  285  0.00042913      0.11775860D-04
  286  0.00043433      0.12057810D-04
  287  0.00043960      0.12346445D-04
  288  0.00044493      0.12641921D-04
  289  0.00045032      0.12944396D-04
  290  0.00045578      0.13254036D-04
  291  0.00046130      0.13571006D-04
  292  0.00046690      0.13895478D-04
  293  0.00047256      0.14227625D-04
  294  0.00047828      0.14567627D-04
  295  0.00048408      0.14915666D-04
  296  0.00048995      0.15271929D-04
  297  0.00049589      0.15636607D-04
  298  0.00050190      0.16009896D-04
  299  0.00050799      0.16391994D-04
  300  0.00051415      0.16783107D-04
  301  0.00052038      0.17183442D-04
  302  0.00052669      0.17593214D-04
  303  0.00053307      0.18012640D-04
  304  0.00053953      0.18441945D-04
  305  0.00054608      0.18881355D-04
  306  0.00055270      0.19331105D-04
  307  0.00055940      0.19791433D-04
  308  0.00056618      0.20262582D-04
  309  0.00057304      0.20744803D-04
  310  0.00057999      0.21238349D-04
  311  0.00058702      0.21743482D-04
  312  0.00059413      0.22260467D-04
  313  0.00060134      0.22789577D-04
  314  0.00060863      0.23331090D-04
  315  0.00061601      0.23885290D-04
  316  0.00062347      0.24452469D-04
  317  0.00063103      0.25032922D-04
  318  0.00063868      0.25626955D-04
  319  0.00064642      0.26234876D-04
  320  0.00065426      0.26857004D-04
  321  0.00066219      0.27493662D-04
  322  0.00067022      0.28145182D-04
  323  0.00067835      0.28811902D-04
  324  0.00068657      0.29494168D-04
  325  0.00069489      0.30192333D-04
  326  0.00070332      0.30906758D-04
  327  0.00071184      0.31637813D-04
  328  0.00072047      0.32385875D-04
  329  0.00072921      0.33151328D-04
  330  0.00073805      0.33934565D-04
  331  0.00074699      0.34735990D-04
  332  0.00075605      0.35556013D-04
  333  0.00076521      0.36395053D-04
  334  0.00077449      0.37253538D-04
  335  0.00078388      0.38131907D-04
  336  0.00079338      0.39030607D-04
  337  0.00080300      0.39950093D-04
  338  0.00081274      0.40890834D-04
  339  0.00082259      0.41853304D-04
  340  0.00083256      0.42837991D-04
  341  0.00084265      0.43845391D-04
  342  0.00085287      0.44876012D-04
  343  0.00086321      0.45930371D-04
  344  0.00087367      0.47008997D-04
  345  0.00088426      0.48112432D-04
  346  0.00089498      0.49241225D-04
  347  0.00090583      0.50395940D-04
  348  0.00091682      0.51577153D-04
  349  0.00092793      0.52785448D-04
  350  0.00093918      0.54021427D-04
  351  0.00095056      0.55285699D-04
  352  0.00096209      0.56578888D-04
  353  0.00097375      0.57901633D-04
  354  0.00098556      0.59254583D-04
  355  0.00099750      0.60638401D-04
  356  0.00100960      0.62053764D-04
  357  0.00102184      0.63501363D-04
  358  0.00103422      0.64981904D-04
  359  0.00104676      0.66496105D-04
  360  0.00105945      0.68044701D-04
  361  0.00107229      0.69628439D-04
  362  0.00108529      0.71248085D-04
  363  0.00109845      0.72904417D-04
  364  0.00111177      0.74598230D-04
  365  0.00112525      0.76330334D-04
  366  0.00113889      0.78101557D-04
  367  0.00115269      0.79912742D-04
  368  0.00116667      0.81764749D-04
  369  0.00118081      0.83658455D-04
  370  0.00119513      0.85594754D-04
  371  0.00120961      0.87574558D-04
  372  0.00122428      0.89598796D-04
  373  0.00123912      0.91668417D-04
  374  0.00125414      0.93784385D-04
  375  0.00126935      0.95947687D-04
  376  0.00128473      0.98159325D-04
  377  0.00130031      0.10042032D-03
  378  0.00131607      0.10273172D-03
  379  0.00133203      0.10509459D-03
  380  0.00134817      0.10751000D-03
  381  0.00136452      0.10997906D-03
  382  0.00138106      0.11250289D-03
  383  0.00139780      0.11508264D-03
  384  0.00141475      0.11771948D-03
  385  0.00143190      0.12041458D-03
  386  0.00144926      0.12316917D-03
  387  0.00146683      0.12598447D-03
  388  0.00148461      0.12886174D-03
  389  0.00150261      0.13180225D-03
  390  0.00152082      0.13480730D-03
  391  0.00153926      0.13787822D-03
  392  0.00155792      0.14101636D-03
  393  0.00157681      0.14422308D-03
  394  0.00159592      0.14749978D-03
  395  0.00161527      0.15084789D-03
  396  0.00163485      0.15426884D-03
  397  0.00165467      0.15776410D-03
  398  0.00167473      0.16133518D-03
  399  0.00169503      0.16498359D-03
  400  0.00171558      0.16871088D-03
  401  0.00173638      0.17251863D-03
  402  0.00175743      0.17640843D-03
  403  0.00177873      0.18038190D-03
  404  0.00180030      0.18444071D-03
  405  0.00182212      0.18858654D-03
  406  0.00184421      0.19282108D-03
  407  0.00186657      0.19714609D-03
  408  0.00188920      0.20156331D-03
  409  0.00191210      0.20607455D-03
  410  0.00193528      0.21068163D-03
  411  0.00195874      0.21538639D-03
  412  0.00198249      0.22019071D-03
  413  0.00200652      0.22509650D-03
  414  0.00203084      0.23010570D-03
  415  0.00205546      0.23522026D-03
  416  0.00208038      0.24044219D-03
  417  0.00210560      0.24577350D-03
  418  0.00213113      0.25121626D-03
  419  0.00215696      0.25677254D-03
  420  0.00218311      0.26244445D-03
  421  0.00220958      0.26823415D-03
  422  0.00223636      0.27414380D-03
  423  0.00226348      0.28017560D-03
  424  0.00229092      0.28633179D-03
  425  0.00231869      0.29261463D-03
  426  0.00234680      0.29902641D-03
  427  0.00237525      0.30556946D-03
  428  0.00240404      0.31224612D-03
  429  0.00243319      0.31905877D-03
  430  0.00246268      0.32600984D-03
  431  0.00249254      0.33310175D-03
  432  0.00252275      0.34033698D-03
  433  0.00255334      0.34771802D-03
  434  0.00258429      0.35524740D-03
  435  0.00261562      0.36292768D-03
  436  0.00264733      0.37076143D-03
  437  0.00267942      0.37875127D-03
  438  0.00271191      0.38689984D-03
  439  0.00274478      0.39520980D-03
  440  0.00277806      0.40368385D-03
  441  0.00281173      0.41232469D-03
  442  0.00284582      0.42113507D-03
  443  0.00288032      0.43011776D-03
  444  0.00291524      0.43927554D-03
  445  0.00295058      0.44861123D-03
  446  0.00298635      0.45812768D-03
  447  0.00302255      0.46782772D-03
  448  0.00305919      0.47771425D-03
  449  0.00309628      0.48779017D-03
  450  0.00313382      0.49805838D-03
  451  0.00317181      0.50852183D-03
  452  0.00321026      0.51918347D-03
  453  0.00324918      0.53004627D-03
  454  0.00328857      0.54111321D-03
  455  0.00332843      0.55238728D-03
  456  0.00336878      0.56387149D-03
  457  0.00340962      0.57556887D-03
  458  0.00345096      0.58748244D-03
  459  0.00349279      0.59961523D-03
  460  0.00353513      0.61197028D-03
  461  0.00357799      0.62455064D-03
  462  0.00362137      0.63735935D-03
  463  0.00366527      0.65039946D-03
  464  0.00370970      0.66367401D-03
  465  0.00375467      0.67718603D-03
  466  0.00380019      0.69093857D-03
  467  0.00384626      0.70493465D-03
  468  0.00389289      0.71917728D-03
  469  0.00394008      0.73366946D-03
  470  0.00398785      0.74841417D-03
  471  0.00403619      0.76341438D-03
  472  0.00408512      0.77867303D-03
  473  0.00413464      0.79419304D-03
  474  0.00418477      0.80997731D-03
  475  0.00423550      0.82602868D-03
  476  0.00428685      0.84234998D-03
  477  0.00433882      0.85894400D-03
  478  0.00439141      0.87581349D-03
  479  0.00444465      0.89296115D-03
  480  0.00449853      0.91038963D-03
  481  0.00455307      0.92810152D-03
  482  0.00460827      0.94609937D-03
  483  0.00466413      0.96438566D-03
  484  0.00472067      0.98296280D-03
  485  0.00477790      0.10018331D-02
  486  0.00483582      0.10209989D-02
  487  0.00489445      0.10404624D-02
  488  0.00495378      0.10602256D-02
  489  0.00501384      0.10802906D-02
  490  0.00507462      0.11006593D-02
  491  0.00513614      0.11213334D-02
  492  0.00519840      0.11423148D-02
  493  0.00526142      0.11636051D-02
  494  0.00532521      0.11852056D-02
  495  0.00538976      0.12071177D-02
  496  0.00545510      0.12293427D-02
  497  0.00552123      0.12518817D-02
  498  0.00558817      0.12747356D-02
  499  0.00565591      0.12979051D-02
  500  0.00572448      0.13213910D-02
  501  0.00579388      0.13451936D-02
  502  0.00586411      0.13693133D-02
  503  0.00593520      0.13937502D-02
  504  0.00600716      0.14185042D-02
  505  0.00607998      0.14435750D-02
  506  0.00615369      0.14689622D-02
  507  0.00622829      0.14946650D-02
  508  0.00630379      0.15206825D-02
  509  0.00638021      0.15470137D-02
  510  0.00645756      0.15736570D-02
  511  0.00653584      0.16006110D-02
  512  0.00661508      0.16278736D-02
  513  0.00669527      0.16554427D-02
  514  0.00677644      0.16833159D-02
  515  0.00685859      0.17114905D-02
  516  0.00694173      0.17399635D-02
  517  0.00702589      0.17687315D-02
  518  0.00711106      0.17977909D-02
  519  0.00719727      0.18271377D-02
  520  0.00728452      0.18567676D-02
  521  0.00737283      0.18866760D-02
  522  0.00746221      0.19168579D-02
  523  0.00755267      0.19473078D-02
  524  0.00764423      0.19780201D-02
  525  0.00773690      0.20089885D-02
  526  0.00783070      0.20402066D-02
  527  0.00792563      0.20716673D-02
  528  0.00802171      0.21033632D-02
  529  0.00811896      0.21352866D-02
  530  0.00821738      0.21674292D-02
  531  0.00831700      0.21997822D-02
  532  0.00841783      0.22323364D-02
  533  0.00851987      0.22650822D-02
  534  0.00862316      0.22980093D-02
  535  0.00872770      0.23311071D-02
  536  0.00883350      0.23643645D-02
  537  0.00894059      0.23977696D-02
  538  0.00904898      0.24313102D-02
  539  0.00915868      0.24649735D-02
  540  0.00926971      0.24987463D-02
  541  0.00938208      0.25326144D-02
  542  0.00949582      0.25665635D-02
  543  0.00961094      0.26005785D-02
  544  0.00972745      0.26346436D-02
  545  0.00984537      0.26687426D-02
  546  0.00996473      0.27028585D-02
  547  0.01008553      0.27369739D-02
  548  0.01020779      0.27710705D-02
  549  0.01033154      0.28051296D-02
  550  0.01045679      0.28391317D-02
  551  0.01058356      0.28730567D-02
  552  0.01071186      0.29068839D-02
  553  0.01084172      0.29405917D-02
  554  0.01097315      0.29741582D-02
  555  0.01110618      0.30075605D-02
  556  0.01124082      0.30407753D-02
  557  0.01137709      0.30737783D-02
  558  0.01151501      0.31065448D-02
  559  0.01165461      0.31390493D-02
  560  0.01179590      0.31712657D-02
  561  0.01193890      0.32031671D-02
  562  0.01208363      0.32347260D-02
  563  0.01223012      0.32659141D-02
  564  0.01237838      0.32967028D-02
  565  0.01252845      0.33270623D-02
  566  0.01268033      0.33569627D-02
  567  0.01283405      0.33863730D-02
  568  0.01298963      0.34152618D-02
  569  0.01314711      0.34435971D-02
  570  0.01330649      0.34713462D-02
  571  0.01346780      0.34984758D-02
  572  0.01363107      0.35249520D-02
  573  0.01379632      0.35507406D-02
  574  0.01396357      0.35758065D-02
  575  0.01413285      0.36001143D-02
  576  0.01430418      0.36236280D-02
  577  0.01447759      0.36463114D-02
  578  0.01465310      0.36681275D-02
  579  0.01483073      0.36890391D-02
  580  0.01501053      0.37090087D-02
  581  0.01519250      0.37279983D-02
  582  0.01537667      0.37459696D-02
  583  0.01556308      0.37628844D-02
  584  0.01575175      0.37787038D-02
  585  0.01594271      0.37933890D-02
  586  0.01613598      0.38069012D-02
  587  0.01633160      0.38192012D-02
  588  0.01652958      0.38302502D-02
  589  0.01672997      0.38400092D-02
  590  0.01693279      0.38484393D-02
  591  0.01713806      0.38555019D-02
  592  0.01734582      0.38611585D-02
  593  0.01755610      0.38653713D-02
  594  0.01776894      0.38681023D-02
  595  0.01798435      0.38693144D-02
  596  0.01820237      0.38689710D-02
  597  0.01842303      0.38670360D-02
  598  0.01864638      0.38634741D-02
  599  0.01887242      0.38582507D-02
  600  0.01910121      0.38513323D-02
  601  0.01933277      0.38426863D-02
  602  0.01956714      0.38322812D-02
  603  0.01980435      0.38200866D-02
  604  0.02004444      0.38060736D-02
  605  0.02028744      0.37902146D-02
  606  0.02053338      0.37724836D-02
  607  0.02078230      0.37528562D-02
  608  0.02103424      0.37313098D-02
  609  0.02128924      0.37078236D-02
  610  0.02154733      0.36823790D-02
  611  0.02180854      0.36549594D-02
  612  0.02207293      0.36255505D-02
  613  0.02234051      0.35941404D-02
  614  0.02261135      0.35607199D-02
  615  0.02288546      0.35252823D-02
  616  0.02316290      0.34878237D-02
  617  0.02344370      0.34483433D-02
  618  0.02372791      0.34068433D-02
  619  0.02401556      0.33633292D-02
  620  0.02430669      0.33178100D-02
  621  0.02460136      0.32702980D-02
  622  0.02489960      0.32208094D-02
  623  0.02520146      0.31693641D-02
  624  0.02550697      0.31159860D-02
  625  0.02581619      0.30607031D-02
  626  0.02612916      0.30035479D-02
  627  0.02644592      0.29445569D-02
  628  0.02676652      0.28837714D-02
  629  0.02709101      0.28212374D-02
  630  0.02741943      0.27570056D-02
  631  0.02775183      0.26911317D-02
  632  0.02808826      0.26236766D-02
  633  0.02842878      0.25547062D-02
  634  0.02877341      0.24842917D-02
  635  0.02912223      0.24125099D-02
  636  0.02947528      0.23394431D-02
  637  0.02983260      0.22651790D-02
  638  0.03019426      0.21898113D-02
  639  0.03056030      0.21134393D-02
  640  0.03093078      0.20361683D-02
  641  0.03130575      0.19581093D-02
  642  0.03168527      0.18793796D-02
  643  0.03206939      0.18001022D-02
  644  0.03245816      0.17204064D-02
  645  0.03285165      0.16404272D-02
  646  0.03324990      0.15603060D-02
  647  0.03365299      0.14801900D-02
  648  0.03406096      0.14002326D-02
  649  0.03447388      0.13205927D-02
  650  0.03489180      0.12414357D-02
  651  0.03531479      0.11629321D-02
  652  0.03574291      0.10852587D-02
  653  0.03617622      0.10085974D-02
  654  0.03661478      0.93313560D-03
  655  0.03705865      0.85906606D-03
  656  0.03750791      0.78658644D-03
  657  0.03796262      0.71589922D-03
  658  0.03842283      0.64721147D-03
  659  0.03888863      0.58073454D-03
  660  0.03936007      0.51668379D-03
  661  0.03983723      0.45527825D-03
  662  0.04032017      0.39674029D-03
  663  0.04080897      0.34129521D-03
  664  0.04130369      0.28917089D-03
  665  0.04180441      0.24059729D-03
  666  0.04231120      0.19580606D-03
  667  0.04282414      0.15502995D-03
  668  0.04334329      0.11850239D-03
  669  0.04386874      0.86456860D-04
  670  0.04440055      0.59126351D-04
  671  0.04493882      0.36742728D-04
  672  0.04548361      0.19536094D-04
  673  0.04603500      0.77341226D-05
  674  0.04659308      0.15613484D-05
  675  0.04715792      0.12384428D-05
  676  0.04772961      0.69814545D-05
  677  0.04830823      0.19001025D-04
  678  0.04889387      0.37501581D-04
  679  0.04948660      0.62680497D-04
  680  0.05008652      0.94727239D-04
  681  0.05069372      0.13382248D-03
  682  0.05130827      0.18013723D-03
  683  0.05193028      0.23383186D-03
  684  0.05255982      0.29505523D-03
  685  0.05319700      0.36394370D-03
  686  0.05384190      0.44062022D-03
  687  0.05449462      0.52519332D-03
  688  0.05515525      0.61775614D-03
  689  0.05582389      0.71838549D-03
  690  0.05650064      0.82714088D-03
  691  0.05718559      0.94406350D-03
  692  0.05787885      0.10691753D-02
  693  0.05858051      0.12024782D-02
  694  0.05929067      0.13439527D-02
  695  0.06000945      0.14935576D-02
  696  0.06073693      0.16512286D-02
  697  0.06147324      0.18168779D-02
  698  0.06221848      0.19903927D-02
  699  0.06297274      0.21716355D-02
  700  0.06373616      0.23604422D-02
  701  0.06450882      0.25566224D-02
  702  0.06529086      0.27599581D-02
  703  0.06608237      0.29702036D-02
  704  0.06688348      0.31870848D-02
  705  0.06769430      0.34102988D-02
  706  0.06851495      0.36395138D-02
  707  0.06934555      0.38743686D-02
  708  0.07018622      0.41144726D-02
  709  0.07103708      0.43594057D-02
  710  0.07189826      0.46087185D-02
  711  0.07276987      0.48619323D-02
  712  0.07365205      0.51185395D-02
  713  0.07454493      0.53780040D-02
  714  0.07544863      0.56397620D-02
  715  0.07636329      0.59032222D-02
  716  0.07728903      0.61677670D-02
  717  0.07822600      0.64327534D-02
  718  0.07917432      0.66975140D-02
  719  0.08013415      0.69613583D-02
  720  0.08110560      0.72235746D-02
  721  0.08208884      0.74834305D-02
  722  0.08308399      0.77401760D-02
  723  0.08409121      0.79930442D-02
  724  0.08511064      0.82412542D-02
  725  0.08614243      0.84840128D-02
  726  0.08718672      0.87205175D-02
  727  0.08824368      0.89499582D-02
  728  0.08931345      0.91715207D-02
  729  0.09039619      0.93843893D-02
  730  0.09149205      0.95877495D-02
  731  0.09260120      0.97807917D-02
  732  0.09372379      0.99627141D-02
  733  0.09486000      0.10132727D-01
  734  0.09600997      0.10290054D-01
  735  0.09717389      0.10433938D-01
  736  0.09835192      0.10563647D-01
  737  0.09954423      0.10678471D-01
  738  0.10075100      0.10777733D-01
  739  0.10197239      0.10860789D-01
  740  0.10320859      0.10927035D-01
  741  0.10445978      0.10975907D-01
  742  0.10572613      0.11006890D-01
  743  0.10700784      0.11019519D-01
  744  0.10830509      0.11013382D-01
  745  0.10961806      0.10988128D-01
  746  0.11094695      0.10943469D-01
  747  0.11229194      0.10879182D-01
  748  0.11365325      0.10795115D-01
  749  0.11503105      0.10691192D-01
  750  0.11642556      0.10567412D-01
  751  0.11783698      0.10423857D-01
  752  0.11926550      0.10260692D-01
  753  0.12071135      0.10078168D-01
  754  0.12217472      0.98766289D-02
  755  0.12365583      0.96565065D-02
  756  0.12515490      0.94183280D-02
  757  0.12667214      0.91627158D-02
  758  0.12820777      0.88903887D-02
  759  0.12976202      0.86021625D-02
  760  0.13133511      0.82989512D-02
  761  0.13292727      0.79817661D-02
  762  0.13453874      0.76517157D-02
  763  0.13616973      0.73100045D-02
  764  0.13782051      0.69579314D-02
  765  0.13949129      0.65968878D-02
  766  0.14118233      0.62283548D-02
  767  0.14289387      0.58539000D-02
  768  0.14462615      0.54751738D-02
  769  0.14637944      0.50939046D-02
  770  0.14815399      0.47118944D-02
  771  0.14995004      0.43310130D-02
  772  0.15176787      0.39531915D-02
  773  0.15360774      0.35804160D-02
  774  0.15546991      0.32147201D-02
  775  0.15735465      0.28581766D-02
  776  0.15926225      0.25128897D-02
  777  0.16119297      0.21809854D-02
  778  0.16314709      0.18646023D-02
  779  0.16512491      0.15658813D-02
  780  0.16712670      0.12869555D-02
  781  0.16915276      0.10299389D-02
  782  0.17120338      0.79691558D-03
  783  0.17327886      0.58992783D-03
  784  0.17537950      0.41096441D-03
  785  0.17750561      0.26194849D-03
  786  0.17965749      0.14472542D-03
  787  0.18183546      0.61050442D-04
  788  0.18403983      0.12576325D-04
  789  0.18627093      0.84109636D-06
  790  0.18852907      0.27255859D-04
  791  0.19081459      0.93092811D-04
  792  0.19312782      0.19947355D-03
  793  0.19546908      0.34735770D-03
  794  0.19783874      0.53753206D-03
  795  0.20023711      0.77060012D-03
  796  0.20266457      0.10469724D-02
  797  0.20512145      0.13668573D-02
  798  0.20760812      0.17302527D-02
  799  0.21012493      0.21369387D-02
  800  0.21267225      0.25864711D-02
  801  0.21525045      0.30781757D-02
  802  0.21785991      0.36111442D-02
  803  0.22050101      0.41842307D-02
  804  0.22317412      0.47960502D-02
  805  0.22587963      0.54449775D-02
  806  0.22861795      0.61291480D-02
  807  0.23138946      0.68464599D-02
  808  0.23419457      0.75945781D-02
  809  0.23703369      0.83709386D-02
  810  0.23990722      0.91727558D-02
  811  0.24281559      0.99970303D-02
  812  0.24575922      0.10840559D-01
  813  0.24873853      0.11699945D-01
  814  0.25175396      0.12571613D-01
  815  0.25480595      0.13451822D-01
  816  0.25789494      0.14336681D-01
  817  0.26102137      0.15222167D-01
  818  0.26418571      0.16104143D-01
  819  0.26738840      0.16978379D-01
  820  0.27062992      0.17840573D-01
  821  0.27391074      0.18686372D-01
  822  0.27723133      0.19511400D-01
  823  0.28059218      0.20311276D-01
  824  0.28399377      0.21081644D-01
  825  0.28743660      0.21818199D-01
  826  0.29092116      0.22516710D-01
  827  0.29444797      0.23173050D-01
  828  0.29801753      0.23783223D-01
  829  0.30163037      0.24343390D-01
  830  0.30528700      0.24849897D-01
  831  0.30898796      0.25299302D-01
  832  0.31273379      0.25688401D-01
  833  0.31652503      0.26014253D-01
  834  0.32036223      0.26274206D-01
  835  0.32424595      0.26465923D-01
  836  0.32817675      0.26587399D-01
  837  0.33215520      0.26636989D-01
  838  0.33618188      0.26613423D-01
  839  0.34025738      0.26515826D-01
  840  0.34438229      0.26343735D-01
  841  0.34855720      0.26097112D-01
  842  0.35278272      0.25776354D-01
  843  0.35705947      0.25382308D-01
  844  0.36138806      0.24916274D-01
  845  0.36576913      0.24380011D-01
  846  0.37020332      0.23775739D-01
  847  0.37469125      0.23106137D-01
  848  0.37923360      0.22374342D-01
  849  0.38383100      0.21583942D-01
  850  0.38848415      0.20738966D-01
  851  0.39319370      0.19843870D-01
  852  0.39796035      0.18903527D-01
  853  0.40278478      0.17923205D-01
  854  0.40766770      0.16908549D-01
  855  0.41260981      0.15865555D-01
  856  0.41761184      0.14800545D-01
  857  0.42267450      0.13720141D-01
  858  0.42779854      0.12631230D-01
  859  0.43298470      0.11540932D-01
  860  0.43823373      0.10456566D-01
  861  0.44354639      0.93856099D-02
  862  0.44892346      0.83356643D-02
  863  0.45436571      0.73144084D-02
  864  0.45987394      0.63295597D-02
  865  0.46544894      0.53888300D-02
  866  0.47109153      0.44998817D-02
  867  0.47680252      0.36702822D-02
  868  0.48258275      0.29074594D-02
  869  0.48843305      0.22186558D-02
  870  0.49435427      0.16108842D-02
  871  0.50034728      0.10908826D-02
  872  0.50641294      0.66507095D-03
  873  0.51255213      0.33950840D-03
  874  0.51876575      0.11985212D-03
  875  0.52505469      0.11318008D-04
  876  0.53141987      0.18643132D-04
  877  0.53786222      0.14605063D-03
  878  0.54438267      0.39721705D-03
  879  0.55098216      0.77524255D-03
  880  0.55766166      0.12826241D-02
  881  0.56442214      0.19212320D-02
  882  0.57126457      0.26922898D-02
  883  0.57818995      0.35963578D-02
  884  0.58519928      0.46333210D-02
  885  0.59229360      0.58023796D-02
  886  0.59947391      0.71020453D-02
  887  0.60674127      0.85301403D-02
  888  0.61409673      0.10083801D-01
  889  0.62154136      0.11759487D-01
  890  0.62907624      0.13552992D-01
  891  0.63670247      0.15459459D-01
  892  0.64442115      0.17473404D-01
  893  0.65223340      0.19588738D-01
  894  0.66014035      0.21798793D-01
  895  0.66814317      0.24096360D-01
  896  0.67624300      0.26473716D-01
  897  0.68444102      0.28922668D-01
  898  0.69273843      0.31434594D-01
  899  0.70113643      0.34000484D-01
  900  0.70963623      0.36610990D-01
  901  0.71823908      0.39256472D-01
  902  0.72694621      0.41927050D-01
  903  0.73575891      0.44612657D-01
  904  0.74467844      0.47303090D-01
  905  0.75370609      0.49988066D-01
  906  0.76284320      0.52657277D-01
  907  0.77209106      0.55300444D-01
  908  0.78145104      0.57907372D-01
  909  0.79092449      0.60468008D-01
  910  0.80051279      0.62972486D-01
  911  0.81021732      0.65411191D-01
  912  0.82003950      0.67774800D-01
  913  0.82998076      0.70054337D-01
  914  0.84004253      0.72241217D-01
  915  0.85022628      0.74327292D-01
  916  0.86053348      0.76304892D-01
  917  0.87096564      0.78166863D-01
  918  0.88152427      0.79906604D-01
  919  0.89221089      0.81518095D-01
  920  0.90302707      0.82995929D-01
  921  0.91397438      0.84335332D-01
  922  0.92505439      0.85532187D-01
  923  0.93626873      0.86583042D-01
  924  0.94761902      0.87485130D-01
  925  0.95910691      0.88236369D-01
  926  0.97073406      0.88835366D-01
  927  0.98250217      0.89281415D-01
  928  0.99441294      0.89574493D-01
  929  1.00646810      0.89715242D-01
  930  1.01866941      0.89704963D-01
  931  1.03101864      0.89545591D-01
  932  1.04351757      0.89239675D-01
  933  1.05616802      0.88790351D-01
  934  1.06897184      0.88201314D-01
  935  1.08193087      0.87476785D-01
  936  1.09504701      0.86621478D-01
  937  1.10832215      0.85640559D-01
  938  1.12175822      0.84539611D-01
  939  1.13535718      0.83324592D-01
  940  1.14912100      0.82001790D-01
  941  1.16305167      0.80577787D-01
  942  1.17715123      0.79059407D-01
  943  1.19142171      0.77453678D-01
  944  1.20586519      0.75767788D-01
  945  1.22048377      0.74009037D-01
  946  1.23527957      0.72184799D-01
  947  1.25025474      0.70302479D-01
  948  1.26541144      0.68369471D-01
  949  1.28075190      0.66393121D-01
  950  1.29627832      0.64380690D-01
  951  1.31199297      0.62339316D-01
  952  1.32789812      0.60275984D-01
  953  1.34399609      0.58197493D-01
  954  1.36028922      0.56110431D-01
  955  1.37677986      0.54021145D-01
  956  1.39347042      0.51935720D-01
  957  1.41036332      0.49859958D-01
  958  1.42746101      0.47799362D-01
  959  1.44476597      0.45759118D-01
  960  1.46228071      0.43744084D-01
  961  1.48000779      0.41758782D-01
  962  1.49794977      0.39807387D-01
  963  1.51610926      0.37893726D-01
  964  1.53448890      0.36021275D-01
  965  1.55309135      0.34193157D-01
  966  1.57191931      0.32412148D-01
  967  1.59097553      0.30680678D-01
  968  1.61026276      0.29000840D-01
  969  1.62978381      0.27374398D-01
  970  1.64954151      0.25802792D-01
  971  1.66953873      0.24287159D-01
  972  1.68977837      0.22828335D-01
  973  1.71026338      0.21426876D-01
  974  1.73099672      0.20083068D-01
  975  1.75198142      0.18796947D-01
  976  1.77322051      0.17568311D-01
  977  1.79471707      0.16396737D-01
  978  1.81647424      0.15281602D-01
  979  1.83849517      0.14222093D-01
  980  1.86078306      0.13217232D-01
  981  1.88334114      0.12265885D-01
  982  1.90617269      0.11366786D-01
  983  1.92928102      0.10518549D-01
  984  1.95266949      0.97196844D-02
  985  1.97634150      0.89686171D-02
  986  2.00030049      0.82636985D-02
  987  2.02454992      0.76032225D-02
  988  2.04909333      0.69854385D-02
  989  2.07393428      0.64085641D-02
  990  2.09907637      0.58707975D-02
  991  2.12452325      0.53703285D-02
  992  2.15027863      0.49053484D-02
  993  2.17634623      0.44740602D-02
  994  2.20272985      0.40746863D-02
  995  2.22943331      0.37054769D-02
  996  2.25646050      0.33647167D-02
  997  2.28381534      0.30507306D-02
  998  2.31150180      0.27618893D-02
  999  2.33952389      0.24966137D-02
 1000  2.36788570      0.22533787D-02
 1001  2.39659133      0.20307159D-02
 1002  2.42564496      0.18272162D-02
 1003  2.45505080      0.16415802D-02
 1004  2.48481313      0.14725368D-02
 1005  2.51493626      0.13188831D-02
 1006  2.54542457      0.11794658D-02
 1007  2.57628249      0.10531876D-02
 1008  2.60751449      0.93900883D-03
 1009  2.63912512      0.83594771D-03
 1010  2.67111896      0.74308017D-03
 1011  2.70350066      0.65953940D-03
 1012  2.73627491      0.58451473D-03
 1013  2.76944649      0.51725027D-03
 1014  2.80302020      0.45704432D-03
 1015  2.83700093      0.40324478D-03
 1016  2.87139359      0.35524851D-03
 1017  2.90620320      0.31249865D-03
 1018  2.94143480      0.27448266D-03
 1019  2.97709351      0.24073001D-03
 1020  3.01318450      0.21080860D-03
 1021  3.04971303      0.18432387D-03
 1022  3.08668438      0.16091638D-03
 1023  3.12410393      0.14025974D-03
 1024  3.16197712      0.12205820D-03
 1025  3.20030944      0.10604450D-03
 1026  3.23910646      0.91977769D-04
 1027  3.27837381      0.79640977D-04
 1028  3.31811720      0.68839264D-04
 1029  3.35834239      0.59397817D-04
 1030  3.39905522      0.51159798D-04
 1031  3.44026162      0.43984654D-04
 1032  3.48196755      0.37746602D-04
 1033  3.52417908      0.32333239D-04
 1034  3.56690234      0.27644289D-04
 1035  3.61014353      0.23590470D-04
 1036  3.65390892      0.20092439D-04
 1037  3.69820488      0.17079826D-04
 1038  3.74303783      0.14490343D-04
 1039  3.78841429      0.12268963D-04
 1040  3.83434085      0.10367174D-04
 1041  3.88082416      0.87422979D-05
