 ir        r              f(r)*r^2
    1  0.00001401      0.17066057D-23
    2  0.00001418      0.18345546D-23
    3  0.00001435      0.19720960D-23
    4  0.00001452      0.21199491D-23
    5  0.00001470      0.22788870D-23
    6  0.00001488      0.24497407D-23
    7  0.00001506      0.26334036D-23
    8  0.00001524      0.28308359D-23
    9  0.00001542      0.30430700D-23
   10  0.00001561      0.32712156D-23
   11  0.00001580      0.35164655D-23
   12  0.00001599      0.37801021D-23
   13  0.00001619      0.40635038D-23
   14  0.00001638      0.43681524D-23
   15  0.00001658      0.46956408D-23
   16  0.00001678      0.50476812D-23
   17  0.00001699      0.54261144D-23
   18  0.00001719      0.58329189D-23
   19  0.00001740      0.62702217D-23
   20  0.00001761      0.67403094D-23
   21  0.00001782      0.72456397D-23
   22  0.00001804      0.77888547D-23
   23  0.00001826      0.83727947D-23
   24  0.00001848      0.90005127D-23
   25  0.00001870      0.96752906D-23
   26  0.00001893      0.10400657D-22
   27  0.00001916      0.11180403D-22
   28  0.00001939      0.12018607D-22
   29  0.00001963      0.12919651D-22
   30  0.00001987      0.13888245D-22
   31  0.00002011      0.14929455D-22
   32  0.00002035      0.16048723D-22
   33  0.00002060      0.17251902D-22
   34  0.00002085      0.18545282D-22
   35  0.00002110      0.19935626D-22
   36  0.00002136      0.21430201D-22
   37  0.00002161      0.23036824D-22
   38  0.00002188      0.24763893D-22
   39  0.00002214      0.26620437D-22
   40  0.00002241      0.28616164D-22
   41  0.00002268      0.30761507D-22
   42  0.00002296      0.33067683D-22
   43  0.00002323      0.35546748D-22
   44  0.00002352      0.38211664D-22
   45  0.00002380      0.41076363D-22
   46  0.00002409      0.44155822D-22
   47  0.00002438      0.47466140D-22
   48  0.00002468      0.51024625D-22
   49  0.00002498      0.54849880D-22
   50  0.00002528      0.58961904D-22
   51  0.00002559      0.63382194D-22
   52  0.00002590      0.68133860D-22
   53  0.00002621      0.73241743D-22
   54  0.00002653      0.78732548D-22
   55  0.00002685      0.84634979D-22
   56  0.00002718      0.90979895D-22
   57  0.00002750      0.97800466D-22
   58  0.00002784      0.10513235D-21
   59  0.00002818      0.11301387D-21
   60  0.00002852      0.12148624D-21
   61  0.00002886      0.13059375D-21
   62  0.00002921      0.14038401D-21
   63  0.00002957      0.15090820D-21
   64  0.00002993      0.16222133D-21
   65  0.00003029      0.17438256D-21
   66  0.00003066      0.18745546D-21
   67  0.00003103      0.20150836D-21
   68  0.00003140      0.21661473D-21
   69  0.00003178      0.23285355D-21
   70  0.00003217      0.25030970D-21
   71  0.00003256      0.26907443D-21
   72  0.00003295      0.28924584D-21
   73  0.00003335      0.31092938D-21
   74  0.00003376      0.33423840D-21
   75  0.00003417      0.35929475D-21
   76  0.00003458      0.38622940D-21
   77  0.00003500      0.41518316D-21
   78  0.00003542      0.44630738D-21
   79  0.00003585      0.47976476D-21
   80  0.00003629      0.51573019D-21
   81  0.00003673      0.55439168D-21
   82  0.00003717      0.59595132D-21
   83  0.00003762      0.64062636D-21
   84  0.00003808      0.68865032D-21
   85  0.00003854      0.74027424D-21
   86  0.00003901      0.79576797D-21
   87  0.00003948      0.85542158D-21
   88  0.00003996      0.91954688D-21
   89  0.00004045      0.98847908D-21
   90  0.00004094      0.10625785D-20
   91  0.00004143      0.11422324D-20
   92  0.00004193      0.12278572D-20
   93  0.00004244      0.13199005D-20
   94  0.00004296      0.14188433D-20
   95  0.00004348      0.15252028D-20
   96  0.00004401      0.16395350D-20
   97  0.00004454      0.17624374D-20
   98  0.00004508      0.18945524D-20
   99  0.00004563      0.20365706D-20
  100  0.00004618      0.21892343D-20
  101  0.00004674      0.23533414D-20
  102  0.00004730      0.25297497D-20
  103  0.00004788      0.27193811D-20
  104  0.00004846      0.29232268D-20
  105  0.00004905      0.31423523D-20
  106  0.00004964      0.33779027D-20
  107  0.00005024      0.36311092D-20
  108  0.00005085      0.39032953D-20
  109  0.00005147      0.41958834D-20
  110  0.00005209      0.45104027D-20
  111  0.00005272      0.48484971D-20
  112  0.00005336      0.52119335D-20
  113  0.00005401      0.56026113D-20
  114  0.00005466      0.60225724D-20
  115  0.00005533      0.64740116D-20
  116  0.00005600      0.69592881D-20
  117  0.00005668      0.74809380D-20
  118  0.00005736      0.80416876D-20
  119  0.00005806      0.86444674D-20
  120  0.00005876      0.92924275D-20
  121  0.00005947      0.99889541D-20
  122  0.00006020      0.10737687D-19
  123  0.00006093      0.11542540D-19
  124  0.00006166      0.12407717D-19
  125  0.00006241      0.13337742D-19
  126  0.00006317      0.14337472D-19
  127  0.00006393      0.15412134D-19
  128  0.00006471      0.16567343D-19
  129  0.00006549      0.17809135D-19
  130  0.00006629      0.19143999D-19
  131  0.00006709      0.20578911D-19
  132  0.00006790      0.22121369D-19
  133  0.00006873      0.23779432D-19
  134  0.00006956      0.25561766D-19
  135  0.00007040      0.27477682D-19
  136  0.00007126      0.29537192D-19
  137  0.00007212      0.31751058D-19
  138  0.00007300      0.34130848D-19
  139  0.00007388      0.36688995D-19
  140  0.00007478      0.39438866D-19
  141  0.00007568      0.42394830D-19
  142  0.00007660      0.45572330D-19
  143  0.00007753      0.48987970D-19
  144  0.00007847      0.52659595D-19
  145  0.00007942      0.56606388D-19
  146  0.00008038      0.60848971D-19
  147  0.00008136      0.65409508D-19
  148  0.00008234      0.70311828D-19
  149  0.00008334      0.75581543D-19
  150  0.00008435      0.81246183D-19
  151  0.00008538      0.87335343D-19
  152  0.00008641      0.93880835D-19
  153  0.00008746      0.10091685D-18
  154  0.00008852      0.10848016D-18
  155  0.00008959      0.11661026D-18
  156  0.00009068      0.12534963D-18
  157  0.00009178      0.13474392D-18
  158  0.00009289      0.14484221D-18
  159  0.00009402      0.15569726D-18
  160  0.00009515      0.16736576D-18
  161  0.00009631      0.17990866D-18
  162  0.00009748      0.19339150D-18
  163  0.00009866      0.20788469D-18
  164  0.00009985      0.22346395D-18
  165  0.00010106      0.24021064D-18
  166  0.00010229      0.25821225D-18
  167  0.00010353      0.27756280D-18
  168  0.00010478      0.29836337D-18
  169  0.00010605      0.32072260D-18
  170  0.00010734      0.34475726D-18
  171  0.00010864      0.37059291D-18
  172  0.00010996      0.39836446D-18
  173  0.00011129      0.42821697D-18
  174  0.00011264      0.46030636D-18
  175  0.00011401      0.49480020D-18
  176  0.00011539      0.53187866D-18
  177  0.00011679      0.57173536D-18
  178  0.00011820      0.61457847D-18
  179  0.00011964      0.66063171D-18
  180  0.00012109      0.71013559D-18
  181  0.00012255      0.76334863D-18
  182  0.00012404      0.82054871D-18
  183  0.00012554      0.88203452D-18
  184  0.00012707      0.94812714D-18
  185  0.00012861      0.10191717D-17
  186  0.00013017      0.10955391D-17
  187  0.00013174      0.11776282D-17
  188  0.00013334      0.12658676D-17
  189  0.00013496      0.13607180D-17
  190  0.00013659      0.14626747D-17
  191  0.00013825      0.15722699D-17
  192  0.00013992      0.16900760D-17
  193  0.00014162      0.18167079D-17
  194  0.00014334      0.19528268D-17
  195  0.00014508      0.20991434D-17
  196  0.00014683      0.22564215D-17
  197  0.00014861      0.24254821D-17
  198  0.00015042      0.26072080D-17
  199  0.00015224      0.28025476D-17
  200  0.00015409      0.30125209D-17
  201  0.00015595      0.32382238D-17
  202  0.00015784      0.34808345D-17
  203  0.00015976      0.37416194D-17
  204  0.00016169      0.40219397D-17
  205  0.00016365      0.43232587D-17
  206  0.00016564      0.46471491D-17
  207  0.00016765      0.49953014D-17
  208  0.00016968      0.53695327D-17
  209  0.00017174      0.57717961D-17
  210  0.00017382      0.62041911D-17
  211  0.00017592      0.66689744D-17
  212  0.00017806      0.71685716D-17
  213  0.00018022      0.77055897D-17
  214  0.00018240      0.82828314D-17
  215  0.00018461      0.89033089D-17
  216  0.00018685      0.95702599D-17
  217  0.00018912      0.10287165D-16
  218  0.00019141      0.11057764D-16
  219  0.00019373      0.11886079D-16
  220  0.00019608      0.12776431D-16
  221  0.00019845      0.13733466D-16
  222  0.00020086      0.14762178D-16
  223  0.00020329      0.15867932D-16
  224  0.00020576      0.17056498D-16
  225  0.00020825      0.18334077D-16
  226  0.00021078      0.19707333D-16
  227  0.00021333      0.21183430D-16
  228  0.00021592      0.22770069D-16
  229  0.00021854      0.24475526D-16
  230  0.00022119      0.26308696D-16
  231  0.00022387      0.28279142D-16
  232  0.00022658      0.30397141D-16
  233  0.00022933      0.32673740D-16
  234  0.00023211      0.35120813D-16
  235  0.00023492      0.37751121D-16
  236  0.00023777      0.40578383D-16
  237  0.00024065      0.43617342D-16
  238  0.00024357      0.46883847D-16
  239  0.00024652      0.50394930D-16
  240  0.00024951      0.54168901D-16
  241  0.00025254      0.58225437D-16
  242  0.00025560      0.62585690D-16
  243  0.00025870      0.67272394D-16
  244  0.00026183      0.72309983D-16
  245  0.00026501      0.77724723D-16
  246  0.00026822      0.83544840D-16
  247  0.00027147      0.89800677D-16
  248  0.00027476      0.96524844D-16
  249  0.00027809      0.10375239D-15
  250  0.00028146      0.11152100D-15
  251  0.00028488      0.11987115D-15
  252  0.00028833      0.12884638D-15
  253  0.00029183      0.13849345D-15
  254  0.00029536      0.14886264D-15
  255  0.00029894      0.16000800D-15
  256  0.00030257      0.17198761D-15
  257  0.00030624      0.18486389D-15
  258  0.00030995      0.19870393D-15
  259  0.00031371      0.21357986D-15
  260  0.00031751      0.22956918D-15
  261  0.00032136      0.24675519D-15
  262  0.00032525      0.26522744D-15
  263  0.00032920      0.28508216D-15
  264  0.00033319      0.30642277D-15
  265  0.00033723      0.32936045D-15
  266  0.00034132      0.35401468D-15
  267  0.00034545      0.38051386D-15
  268  0.00034964      0.40899603D-15
  269  0.00035388      0.43960951D-15
  270  0.00035817      0.47251375D-15
  271  0.00036251      0.50788009D-15
  272  0.00036691      0.54589269D-15
  273  0.00037135      0.58674950D-15
  274  0.00037586      0.63066325D-15
  275  0.00038041      0.67786257D-15
  276  0.00038502      0.72859321D-15
  277  0.00038969      0.78311925D-15
  278  0.00039442      0.84172455D-15
  279  0.00039920      0.90471418D-15
  280  0.00040404      0.97241599D-15
  281  0.00040894      0.10451824D-14
  282  0.00041389      0.11233920D-14
  283  0.00041891      0.12074520D-14
  284  0.00042399      0.12977997D-14
  285  0.00042913      0.13949053D-14
  286  0.00043433      0.14992740D-14
  287  0.00043960      0.16114489D-14
  288  0.00044493      0.17320136D-14
  289  0.00045032      0.18615952D-14
  290  0.00045578      0.20008679D-14
  291  0.00046130      0.21505562D-14
  292  0.00046690      0.23114386D-14
  293  0.00047256      0.24843518D-14
  294  0.00047828      0.26701951D-14
  295  0.00048408      0.28699349D-14
  296  0.00048995      0.30846099D-14
  297  0.00049589      0.33153364D-14
  298  0.00050190      0.35633138D-14
  299  0.00050799      0.38298313D-14
  300  0.00051415      0.41162746D-14
  301  0.00052038      0.44241324D-14
  302  0.00052669      0.47550051D-14
  303  0.00053307      0.51106122D-14
  304  0.00053953      0.54928017D-14
  305  0.00054608      0.59035599D-14
  306  0.00055270      0.63450209D-14
  307  0.00055940      0.68194786D-14
  308  0.00056618      0.73293978D-14
  309  0.00057304      0.78774277D-14
  310  0.00057999      0.84664149D-14
  311  0.00058702      0.90994186D-14
  312  0.00059413      0.97797265D-14
  313  0.00060134      0.10510871D-13
  314  0.00060863      0.11296650D-13
  315  0.00061601      0.12141143D-13
  316  0.00062347      0.13048734D-13
  317  0.00063103      0.14024135D-13
  318  0.00063868      0.15072409D-13
  319  0.00064642      0.16198997D-13
  320  0.00065426      0.17409747D-13
  321  0.00066219      0.18710942D-13
  322  0.00067022      0.20109332D-13
  323  0.00067835      0.21612175D-13
  324  0.00068657      0.23227267D-13
  325  0.00069489      0.24962987D-13
  326  0.00070332      0.26828337D-13
  327  0.00071184      0.28832992D-13
  328  0.00072047      0.30987349D-13
  329  0.00072921      0.33302579D-13
  330  0.00073805      0.35790687D-13
  331  0.00074699      0.38464571D-13
  332  0.00075605      0.41338095D-13
  333  0.00076521      0.44426149D-13
  334  0.00077449      0.47744741D-13
  335  0.00078388      0.51311067D-13
  336  0.00079338      0.55143605D-13
  337  0.00080300      0.59262215D-13
  338  0.00081274      0.63688233D-13
  339  0.00082259      0.68444583D-13
  340  0.00083256      0.73555901D-13
  341  0.00084265      0.79048656D-13
  342  0.00085287      0.84951291D-13
  343  0.00086321      0.91294365D-13
  344  0.00087367      0.98110715D-13
  345  0.00088426      0.10543562D-12
  346  0.00089498      0.11330700D-12
  347  0.00090583      0.12176558D-12
  348  0.00091682      0.13085513D-12
  349  0.00092793      0.14062268D-12
  350  0.00093918      0.15111874D-12
  351  0.00095056      0.16239761D-12
  352  0.00096209      0.17451762D-12
  353  0.00097375      0.18754143D-12
  354  0.00098556      0.20153639D-12
  355  0.00099750      0.21657482D-12
  356  0.00100960      0.23273447D-12
  357  0.00102184      0.25009885D-12
  358  0.00103422      0.26875767D-12
  359  0.00104676      0.28880734D-12
  360  0.00105945      0.31035143D-12
  361  0.00107229      0.33350120D-12
  362  0.00108529      0.35837621D-12
  363  0.00109845      0.38510489D-12
  364  0.00111177      0.41382523D-12
  365  0.00112525      0.44468547D-12
  366  0.00113889      0.47784489D-12
  367  0.00115269      0.51347457D-12
  368  0.00116667      0.55175835D-12
  369  0.00118081      0.59289370D-12
  370  0.00119513      0.63709278D-12
  371  0.00120961      0.68458351D-12
  372  0.00122428      0.73561073D-12
  373  0.00123912      0.79043749D-12
  374  0.00125414      0.84934635D-12
  375  0.00126935      0.91264088D-12
  376  0.00128473      0.98064717D-12
  377  0.00130031      0.10537155D-11
  378  0.00131607      0.11322223D-11
  379  0.00133203      0.12165717D-11
  380  0.00134817      0.13071980D-11
  381  0.00136452      0.14045678D-11
  382  0.00138106      0.15091820D-11
  383  0.00139780      0.16215789D-11
  384  0.00141475      0.17423368D-11
  385  0.00143190      0.18720768D-11
  386  0.00144926      0.20114660D-11
  387  0.00146683      0.21612211D-11
  388  0.00148461      0.23221117D-11
  389  0.00150261      0.24949648D-11
  390  0.00152082      0.26806684D-11
  391  0.00153926      0.28801765D-11
  392  0.00155792      0.30945136D-11
  393  0.00157681      0.33247805D-11
  394  0.00159592      0.35721590D-11
  395  0.00161527      0.38379188D-11
  396  0.00163485      0.41234236D-11
  397  0.00165467      0.44301381D-11
  398  0.00167473      0.47596352D-11
  399  0.00169503      0.51136045D-11
  400  0.00171558      0.54938605D-11
  401  0.00173638      0.59023522D-11
  402  0.00175743      0.63411724D-11
  403  0.00177873      0.68125692D-11
  404  0.00180030      0.73189566D-11
  405  0.00182212      0.78629274D-11
  406  0.00184421      0.84472658D-11
  407  0.00186657      0.90749623D-11
  408  0.00188920      0.97492279D-11
  409  0.00191210      0.10473511D-10
  410  0.00193528      0.11251516D-10
  411  0.00195874      0.12087219D-10
  412  0.00198249      0.12984891D-10
  413  0.00200652      0.13949118D-10
  414  0.00203084      0.14984826D-10
  415  0.00205546      0.16097301D-10
  416  0.00208038      0.17292224D-10
  417  0.00210560      0.18575691D-10
  418  0.00213113      0.19954251D-10
  419  0.00215696      0.21434934D-10
  420  0.00218311      0.23025290D-10
  421  0.00220958      0.24733423D-10
  422  0.00223636      0.26568038D-10
  423  0.00226348      0.28538480D-10
  424  0.00229092      0.30654782D-10
  425  0.00231869      0.32927717D-10
  426  0.00234680      0.35368851D-10
  427  0.00237525      0.37990602D-10
  428  0.00240404      0.40806303D-10
  429  0.00243319      0.43830267D-10
  430  0.00246268      0.47077863D-10
  431  0.00249254      0.50565587D-10
  432  0.00252275      0.54311152D-10
  433  0.00255334      0.58333572D-10
  434  0.00258429      0.62653258D-10
  435  0.00261562      0.67292125D-10
  436  0.00264733      0.72273694D-10
  437  0.00267942      0.77623218D-10
  438  0.00271191      0.83367802D-10
  439  0.00274478      0.89536544D-10
  440  0.00277806      0.96160677D-10
  441  0.00281173      0.10327373D-09
  442  0.00284582      0.11091168D-09
  443  0.00288032      0.11911316D-09
  444  0.00291524      0.12791963D-09
  445  0.00295058      0.13737558D-09
  446  0.00298635      0.14752878D-09
  447  0.00302255      0.15843049D-09
  448  0.00305919      0.17013572D-09
  449  0.00309628      0.18270352D-09
  450  0.00313382      0.19619725D-09
  451  0.00317181      0.21068493D-09
  452  0.00321026      0.22623954D-09
  453  0.00324918      0.24293939D-09
  454  0.00328857      0.26086854D-09
  455  0.00332843      0.28011718D-09
  456  0.00336878      0.30078211D-09
  457  0.00340962      0.32296718D-09
  458  0.00345096      0.34678382D-09
  459  0.00349279      0.37235166D-09
  460  0.00353513      0.39979896D-09
  461  0.00357799      0.42926342D-09
  462  0.00362137      0.46089276D-09
  463  0.00366527      0.49484546D-09
  464  0.00370970      0.53129157D-09
  465  0.00375467      0.57041349D-09
  466  0.00380019      0.61240700D-09
  467  0.00384626      0.65748206D-09
  468  0.00389289      0.70586392D-09
  469  0.00394008      0.75779424D-09
  470  0.00398785      0.81353226D-09
  471  0.00403619      0.87335605D-09
  472  0.00408512      0.93756391D-09
  473  0.00413464      0.10064758D-08
  474  0.00418477      0.10804350D-08
  475  0.00423550      0.11598095D-08
  476  0.00428685      0.12449942D-08
  477  0.00433882      0.13364127D-08
  478  0.00439141      0.14345191D-08
  479  0.00444465      0.15398005D-08
  480  0.00449853      0.16527794D-08
  481  0.00455307      0.17740159D-08
  482  0.00460827      0.19041110D-08
  483  0.00466413      0.20437089D-08
  484  0.00472067      0.21935005D-08
  485  0.00477790      0.23542266D-08
  486  0.00483582      0.25266817D-08
  487  0.00489445      0.27117174D-08
  488  0.00495378      0.29102472D-08
  489  0.00501384      0.31232501D-08
  490  0.00507462      0.33517759D-08
  491  0.00513614      0.35969502D-08
  492  0.00519840      0.38599795D-08
  493  0.00526142      0.41421574D-08
  494  0.00532521      0.44448706D-08
  495  0.00538976      0.47696055D-08
  496  0.00545510      0.51179553D-08
  497  0.00552123      0.54916281D-08
  498  0.00558817      0.58924543D-08
  499  0.00565591      0.63223961D-08
  500  0.00572448      0.67835562D-08
  501  0.00579388      0.72781885D-08
  502  0.00586411      0.78087082D-08
  503  0.00593520      0.83777036D-08
  504  0.00600716      0.89879485D-08
  505  0.00607998      0.96424151D-08
  506  0.00615369      0.10344288D-07
  507  0.00622829      0.11096981D-07
  508  0.00630379      0.11904149D-07
  509  0.00638021      0.12769710D-07
  510  0.00645756      0.13697861D-07
  511  0.00653584      0.14693098D-07
  512  0.00661508      0.15760239D-07
  513  0.00669527      0.16904443D-07
  514  0.00677644      0.18131238D-07
  515  0.00685859      0.19446543D-07
  516  0.00694173      0.20856702D-07
  517  0.00702589      0.22368505D-07
  518  0.00711106      0.23989226D-07
  519  0.00719727      0.25726657D-07
  520  0.00728452      0.27589140D-07
  521  0.00737283      0.29585608D-07
  522  0.00746221      0.31725628D-07
  523  0.00755267      0.34019444D-07
  524  0.00764423      0.36478022D-07
  525  0.00773690      0.39113106D-07
  526  0.00783070      0.41937266D-07
  527  0.00792563      0.44963961D-07
  528  0.00802171      0.48207599D-07
  529  0.00811896      0.51683600D-07
  530  0.00821738      0.55408472D-07
  531  0.00831700      0.59399884D-07
  532  0.00841783      0.63676745D-07
  533  0.00851987      0.68259293D-07
  534  0.00862316      0.73169187D-07
  535  0.00872770      0.78429601D-07
  536  0.00883350      0.84065335D-07
  537  0.00894059      0.90102925D-07
  538  0.00904898      0.96570759D-07
  539  0.00915868      0.10349921D-06
  540  0.00926971      0.11092078D-06
  541  0.00938208      0.11887022D-06
  542  0.00949582      0.12738471D-06
  543  0.00961094      0.13650403D-06
  544  0.00972745      0.14627071D-06
  545  0.00984537      0.15673024D-06
  546  0.00996473      0.16793127D-06
  547  0.01008553      0.17992583D-06
  548  0.01020779      0.19276954D-06
  549  0.01033154      0.20652188D-06
  550  0.01045679      0.22124645D-06
  551  0.01058356      0.23701121D-06
  552  0.01071186      0.25388886D-06
  553  0.01084172      0.27195707D-06
  554  0.01097315      0.29129887D-06
  555  0.01110618      0.31200301D-06
  556  0.01124082      0.33416432D-06
  557  0.01137709      0.35788417D-06
  558  0.01151501      0.38327085D-06
  559  0.01165461      0.41044007D-06
  560  0.01179590      0.43951546D-06
  561  0.01193890      0.47062911D-06
  562  0.01208363      0.50392210D-06
  563  0.01223012      0.53954515D-06
  564  0.01237838      0.57765922D-06
  565  0.01252845      0.61843622D-06
  566  0.01268033      0.66205975D-06
  567  0.01283405      0.70872585D-06
  568  0.01298963      0.75864383D-06
  569  0.01314711      0.81203720D-06
  570  0.01330649      0.86914452D-06
  571  0.01346780      0.93022049D-06
  572  0.01363107      0.99553695D-06
  573  0.01379632      0.10653840D-05
  574  0.01396357      0.11400714D-05
  575  0.01413285      0.12199295D-05
  576  0.01430418      0.13053108D-05
  577  0.01447759      0.13965915D-05
  578  0.01465310      0.14941730D-05
  579  0.01483073      0.15984832D-05
  580  0.01501053      0.17099788D-05
  581  0.01519250      0.18291468D-05
  582  0.01537667      0.19565064D-05
  583  0.01556308      0.20926114D-05
  584  0.01575175      0.22380522D-05
  585  0.01594271      0.23934584D-05
  586  0.01613598      0.25595008D-05
  587  0.01633160      0.27368947D-05
  588  0.01652958      0.29264025D-05
  589  0.01672997      0.31288363D-05
  590  0.01693279      0.33450619D-05
  591  0.01713806      0.35760014D-05
  592  0.01734582      0.38226374D-05
  593  0.01755610      0.40860165D-05
  594  0.01776894      0.43672534D-05
  595  0.01798435      0.46675352D-05
  596  0.01820237      0.49881262D-05
  597  0.01842303      0.53303723D-05
  598  0.01864638      0.56957065D-05
  599  0.01887242      0.60856542D-05
  600  0.01910121      0.65018391D-05
  601  0.01933277      0.69459889D-05
  602  0.01956714      0.74199424D-05
  603  0.01980435      0.79256559D-05
  604  0.02004444      0.84652106D-05
  605  0.02028744      0.90408202D-05
  606  0.02053338      0.96548394D-05
  607  0.02078230      0.10309772D-04
  608  0.02103424      0.11008280D-04
  609  0.02128924      0.11753195D-04
  610  0.02154733      0.12547525D-04
  611  0.02180854      0.13394468D-04
  612  0.02207293      0.14297424D-04
  613  0.02234051      0.15260002D-04
  614  0.02261135      0.16286041D-04
  615  0.02288546      0.17379616D-04
  616  0.02316290      0.18545056D-04
  617  0.02344370      0.19786958D-04
  618  0.02372791      0.21110202D-04
  619  0.02401556      0.22519973D-04
  620  0.02430669      0.24021769D-04
  621  0.02460136      0.25621430D-04
  622  0.02489960      0.27325151D-04
  623  0.02520146      0.29139504D-04
  624  0.02550697      0.31071462D-04
  625  0.02581619      0.33128422D-04
  626  0.02612916      0.35318226D-04
  627  0.02644592      0.37649189D-04
  628  0.02676652      0.40130128D-04
  629  0.02709101      0.42770387D-04
  630  0.02741943      0.45579868D-04
  631  0.02775183      0.48569064D-04
  632  0.02808826      0.51749090D-04
  633  0.02842878      0.55131719D-04
  634  0.02877341      0.58729420D-04
  635  0.02912223      0.62555393D-04
  636  0.02947528      0.66623615D-04
  637  0.02983260      0.70948875D-04
  638  0.03019426      0.75546826D-04
  639  0.03056030      0.80434027D-04
  640  0.03093078      0.85627996D-04
  641  0.03130575      0.91147259D-04
  642  0.03168527      0.97011403D-04
  643  0.03206939      0.10324114D-03
  644  0.03245816      0.10985835D-03
  645  0.03285165      0.11688616D-03
  646  0.03324990      0.12434901D-03
  647  0.03365299      0.13227271D-03
  648  0.03406096      0.14068452D-03
  649  0.03447388      0.14961320D-03
  650  0.03489180      0.15908914D-03
  651  0.03531479      0.16914438D-03
  652  0.03574291      0.17981276D-03
  653  0.03617622      0.19112994D-03
  654  0.03661478      0.20313355D-03
  655  0.03705865      0.21586326D-03
  656  0.03750791      0.22936087D-03
  657  0.03796262      0.24367044D-03
  658  0.03842283      0.25883840D-03
  659  0.03888863      0.27491365D-03
  660  0.03936007      0.29194765D-03
  661  0.03983723      0.30999463D-03
  662  0.04032017      0.32911162D-03
  663  0.04080897      0.34935863D-03
  664  0.04130369      0.37079882D-03
  665  0.04180441      0.39349857D-03
  666  0.04231120      0.41752767D-03
  667  0.04282414      0.44295950D-03
  668  0.04334329      0.46987112D-03
  669  0.04386874      0.49834350D-03
  670  0.04440055      0.52846166D-03
  671  0.04493882      0.56031486D-03
  672  0.04548361      0.59399674D-03
  673  0.04603500      0.62960558D-03
  674  0.04659308      0.66724444D-03
  675  0.04715792      0.70702136D-03
  676  0.04772961      0.74904961D-03
  677  0.04830823      0.79344783D-03
  678  0.04889387      0.84034032D-03
  679  0.04948660      0.88985722D-03
  680  0.05008652      0.94213473D-03
  681  0.05069372      0.99731539D-03
  682  0.05130827      0.10555483D-02
  683  0.05193028      0.11169892D-02
  684  0.05255982      0.11818012D-02
  685  0.05319700      0.12501544D-02
  686  0.05384190      0.13222265D-02
  687  0.05449462      0.13982032D-02
  688  0.05515525      0.14782782D-02
  689  0.05582389      0.15626535D-02
  690  0.05650064      0.16515397D-02
  691  0.05718559      0.17451565D-02
  692  0.05787885      0.18437325D-02
  693  0.05858051      0.19475062D-02
  694  0.05929067      0.20567255D-02
  695  0.06000945      0.21716483D-02
  696  0.06073693      0.22925433D-02
  697  0.06147324      0.24196892D-02
  698  0.06221848      0.25533760D-02
  699  0.06297274      0.26939047D-02
  700  0.06373616      0.28415879D-02
  701  0.06450882      0.29967498D-02
  702  0.06529086      0.31597266D-02
  703  0.06608237      0.33308668D-02
  704  0.06688348      0.35105314D-02
  705  0.06769430      0.36990941D-02
  706  0.06851495      0.38969415D-02
  707  0.06934555      0.41044738D-02
  708  0.07018622      0.43221042D-02
  709  0.07103708      0.45502596D-02
  710  0.07189826      0.47893810D-02
  711  0.07276987      0.50399229D-02
  712  0.07365205      0.53023544D-02
  713  0.07454493      0.55771584D-02
  714  0.07544863      0.58648324D-02
  715  0.07636329      0.61658882D-02
  716  0.07728903      0.64808520D-02
  717  0.07822600      0.68102647D-02
  718  0.07917432      0.71546813D-02
  719  0.08013415      0.75146715D-02
  720  0.08110560      0.78908192D-02
  721  0.08208884      0.82837224D-02
  722  0.08308399      0.86939933D-02
  723  0.08409121      0.91222578D-02
  724  0.08511064      0.95691554D-02
  725  0.08614243      0.10035339D-01
  726  0.08718672      0.10521474D-01
  727  0.08824368      0.11028238D-01
  728  0.08931345      0.11556322D-01
  729  0.09039619      0.12106427D-01
  730  0.09149205      0.12679266D-01
  731  0.09260120      0.13275562D-01
  732  0.09372379      0.13896046D-01
  733  0.09486000      0.14541459D-01
  734  0.09600997      0.15212550D-01
  735  0.09717389      0.15910075D-01
  736  0.09835192      0.16634795D-01
  737  0.09954423      0.17387476D-01
  738  0.10075100      0.18168887D-01
  739  0.10197239      0.18979800D-01
  740  0.10320859      0.19820989D-01
  741  0.10445978      0.20693225D-01
  742  0.10572613      0.21597277D-01
  743  0.10700784      0.22533913D-01
  744  0.10830509      0.23503893D-01
  745  0.10961806      0.24507969D-01
  746  0.11094695      0.25546887D-01
  747  0.11229194      0.26621377D-01
  748  0.11365325      0.27732161D-01
  749  0.11503105      0.28879940D-01
  750  0.11642556      0.30065400D-01
  751  0.11783698      0.31289206D-01
  752  0.11926550      0.32552001D-01
  753  0.12071135      0.33854399D-01
  754  0.12217472      0.35196991D-01
  755  0.12365583      0.36580333D-01
  756  0.12515490      0.38004947D-01
  757  0.12667214      0.39471322D-01
  758  0.12820777      0.40979903D-01
  759  0.12976202      0.42531094D-01
  760  0.13133511      0.44125254D-01
  761  0.13292727      0.45762690D-01
  762  0.13453874      0.47443659D-01
  763  0.13616973      0.49168361D-01
  764  0.13782051      0.50936938D-01
  765  0.13949129      0.52749468D-01
  766  0.14118233      0.54605964D-01
  767  0.14289387      0.56506370D-01
  768  0.14462615      0.58450558D-01
  769  0.14637944      0.60438323D-01
  770  0.14815399      0.62469382D-01
  771  0.14995004      0.64543369D-01
  772  0.15176787      0.66659832D-01
  773  0.15360774      0.68818231D-01
  774  0.15546991      0.71017935D-01
  775  0.15735465      0.73258216D-01
  776  0.15926225      0.75538251D-01
  777  0.16119297      0.77857116D-01
  778  0.16314709      0.80213783D-01
  779  0.16512491      0.82607121D-01
  780  0.16712670      0.85035890D-01
  781  0.16915276      0.87498742D-01
  782  0.17120338      0.89994219D-01
  783  0.17327886      0.92520746D-01
  784  0.17537950      0.95076640D-01
  785  0.17750561      0.97660099D-01
  786  0.17965749      0.10026921D+00
  787  0.18183546      0.10290193D+00
  788  0.18403983      0.10555613D+00
  789  0.18627093      0.10822953D+00
  790  0.18852907      0.11091975D+00
  791  0.19081459      0.11362431D+00
  792  0.19312782      0.11634059D+00
  793  0.19546908      0.11906588D+00
  794  0.19783874      0.12179734D+00
  795  0.20023711      0.12453205D+00
  796  0.20266457      0.12726697D+00
  797  0.20512145      0.12999895D+00
  798  0.20760812      0.13272476D+00
  799  0.21012493      0.13544108D+00
  800  0.21267225      0.13814447D+00
  801  0.21525045      0.14083146D+00
  802  0.21785991      0.14349845D+00
  803  0.22050101      0.14614180D+00
  804  0.22317412      0.14875780D+00
  805  0.22587963      0.15134268D+00
  806  0.22861795      0.15389262D+00
  807  0.23138946      0.15640375D+00
  808  0.23419457      0.15887217D+00
  809  0.23703369      0.16129396D+00
  810  0.23990722      0.16366519D+00
  811  0.24281559      0.16598189D+00
  812  0.24575922      0.16824013D+00
  813  0.24873853      0.17043598D+00
  814  0.25175396      0.17256551D+00
  815  0.25480595      0.17462485D+00
  816  0.25789494      0.17661017D+00
  817  0.26102137      0.17851769D+00
  818  0.26418571      0.18034369D+00
  819  0.26738840      0.18208453D+00
  820  0.27062992      0.18373666D+00
  821  0.27391074      0.18529664D+00
  822  0.27723133      0.18676112D+00
  823  0.28059218      0.18812688D+00
  824  0.28399377      0.18939084D+00
  825  0.28743660      0.19055005D+00
  826  0.29092116      0.19160171D+00
  827  0.29444797      0.19254320D+00
  828  0.29801753      0.19337207D+00
  829  0.30163037      0.19408603D+00
  830  0.30528700      0.19468301D+00
  831  0.30898796      0.19516113D+00
  832  0.31273379      0.19551870D+00
  833  0.31652503      0.19575427D+00
  834  0.32036223      0.19586660D+00
  835  0.32424595      0.19585467D+00
  836  0.32817675      0.19571770D+00
  837  0.33215520      0.19545516D+00
  838  0.33618188      0.19506674D+00
  839  0.34025738      0.19455238D+00
  840  0.34438229      0.19391228D+00
  841  0.34855720      0.19314686D+00
  842  0.35278272      0.19225682D+00
  843  0.35705947      0.19124308D+00
  844  0.36138806      0.19010684D+00
  845  0.36576913      0.18884951D+00
  846  0.37020332      0.18747277D+00
  847  0.37469125      0.18597853D+00
  848  0.37923360      0.18436894D+00
  849  0.38383100      0.18264637D+00
  850  0.38848415      0.18081342D+00
  851  0.39319370      0.17887292D+00
  852  0.39796035      0.17682789D+00
  853  0.40278478      0.17468157D+00
  854  0.40766770      0.17243739D+00
  855  0.41260981      0.17009897D+00
  856  0.41761184      0.16767010D+00
  857  0.42267450      0.16515473D+00
  858  0.42779854      0.16255697D+00
  859  0.43298470      0.15988109D+00
  860  0.43823373      0.15713146D+00
  861  0.44354639      0.15431260D+00
  862  0.44892346      0.15142912D+00
  863  0.45436571      0.14848572D+00
  864  0.45987394      0.14548720D+00
  865  0.46544894      0.14243842D+00
  866  0.47109153      0.13934428D+00
  867  0.47680252      0.13620973D+00
  868  0.48258275      0.13303977D+00
  869  0.48843305      0.12983939D+00
  870  0.49435427      0.12661358D+00
  871  0.50034728      0.12336732D+00
  872  0.50641294      0.12010557D+00
  873  0.51255213      0.11683325D+00
  874  0.51876575      0.11355522D+00
  875  0.52505469      0.11027628D+00
  876  0.53141987      0.10700114D+00
  877  0.53786222      0.10373444D+00
  878  0.54438267      0.10048071D+00
  879  0.55098216      0.97244358D-01
  880  0.55766166      0.94029676D-01
  881  0.56442214      0.90840820D-01
  882  0.57126457      0.87681803D-01
  883  0.57818995      0.84556485D-01
  884  0.58519928      0.81468561D-01
  885  0.59229360      0.78421560D-01
  886  0.59947391      0.75418832D-01
  887  0.60674127      0.72463545D-01
  888  0.61409673      0.69558677D-01
  889  0.62154136      0.66707013D-01
  890  0.62907624      0.63911139D-01
  891  0.63670247      0.61173441D-01
  892  0.64442115      0.58496100D-01
  893  0.65223340      0.55881092D-01
  894  0.66014035      0.53330188D-01
  895  0.66814317      0.50844950D-01
  896  0.67624300      0.48426738D-01
  897  0.68444102      0.46076705D-01
  898  0.69273843      0.43795806D-01
  899  0.70113643      0.41584795D-01
  900  0.70963623      0.39444234D-01
  901  0.71823908      0.37374494D-01
  902  0.72694621      0.35375763D-01
  903  0.73575891      0.33448050D-01
  904  0.74467844      0.31591192D-01
  905  0.75370609      0.29804863D-01
  906  0.76284320      0.28088576D-01
  907  0.77209106      0.26441698D-01
  908  0.78145104      0.24863452D-01
  909  0.79092449      0.23352931D-01
  910  0.80051279      0.21909101D-01
  911  0.81021732      0.20530813D-01
  912  0.82003950      0.19216814D-01
  913  0.82998076      0.17965749D-01
  914  0.84004253      0.16776181D-01
  915  0.85022628      0.15646587D-01
  916  0.86053348      0.14575378D-01
  917  0.87096564      0.13560902D-01
  918  0.88152427      0.12601455D-01
  919  0.89221089      0.11695287D-01
  920  0.90302707      0.10840613D-01
  921  0.91397438      0.10035619D-01
  922  0.92505439      0.92784723D-02
  923  0.93626873      0.85673257D-02
  924  0.94761902      0.79003265D-02
  925  0.95910691      0.72756230D-02
  926  0.97073406      0.66913709D-02
  927  0.98250217      0.61457389D-02
  928  0.99441294      0.56369150D-02
  929  1.00646810      0.51631112D-02
  930  1.01866941      0.47225686D-02
  931  1.03101864      0.43135618D-02
  932  1.04351757      0.39344029D-02
  933  1.05616802      0.35834451D-02
  934  1.06897184      0.32590858D-02
  935  1.08193087      0.29597698D-02
  936  1.09504701      0.26839910D-02
  937  1.10832215      0.24302954D-02
  938  1.12175822      0.21972819D-02
  939  1.13535718      0.19836038D-02
  940  1.14912100      0.17879702D-02
  941  1.16305167      0.16091460D-02
  942  1.17715123      0.14459527D-02
  943  1.19142171      0.12972681D-02
  944  1.20586519      0.11620261D-02
  945  1.22048377      0.10392163D-02
  946  1.23527957      0.92788320D-03
  947  1.25025474      0.82712530D-03
  948  1.26541144      0.73609380D-03
  949  1.28075190      0.65399143D-03
  950  1.29627832      0.58007093D-03
  951  1.31199297      0.51363350D-03
  952  1.32789812      0.45402707D-03
  953  1.34399609      0.40064453D-03
  954  1.36028922      0.35292186D-03
  955  1.37677986      0.31033627D-03
  956  1.39347042      0.27240421D-03
  957  1.41036332      0.23867943D-03
  958  1.42746101      0.20875100D-03
  959  1.44476597      0.18224138D-03
  960  1.46228071      0.15880442D-03
  961  1.48000779      0.13812353D-03
  962  1.49794977      0.11990972D-03
  963  1.51610926      0.10389983D-03
  964  1.53448890      0.89854758D-04
  965  1.55309135      0.77557717D-04
  966  1.57191931      0.66812622D-04
  967  1.59097553      0.57442500D-04
  968  1.61026276      0.49287995D-04
  969  1.62978381      0.42205940D-04
  970  1.64954151      0.36068004D-04
  971  1.66953873      0.30759422D-04
  972  1.68977837      0.26177797D-04
  973  1.71026338      0.22231981D-04
  974  1.73099672      0.18841024D-04
  975  1.75198142      0.15933208D-04
  976  1.77322051      0.13445140D-04
  977  1.79471707      0.11320919D-04
  978  1.81647424      0.95113722D-05
  979  1.83849517      0.79733438D-05
  980  1.86078306      0.66690548D-05
  981  1.88334114      0.55655122D-05
  982  1.90617269      0.46339731D-05
  983  1.92928102      0.38494598D-05
  984  1.95266949      0.31903202D-05
  985  1.97634150      0.26378322D-05
  986  2.00030049      0.21758482D-05
  987  2.02454992      0.17904763D-05
  988  2.04909333      0.14697959D-05
  989  2.07393428      0.12036046D-05
  990  2.09907637      0.98319286D-06
  991  2.12452325      0.80114538D-06
  992  2.15027863      0.65116529D-06
  993  2.17634623      0.52791978D-06
  994  2.20272985      0.42690454D-06
  995  2.22943331      0.34432540D-06
  996  2.25646050      0.27699503D-06
  997  2.28381534      0.22224328D-06
  998  2.31150180      0.17783943D-06
  999  2.33952389      0.14192510D-06
 1000  2.36788570      0.11295642D-06
 1001  2.39659133      0.89654483D-07
 1002  2.42564496      0.70962872D-07
 1003  2.45505080      0.56011488D-07
 1004  2.48481313      0.44085768D-07
 1005  2.51493626      0.34600599D-07
 1006  2.54542457      0.27078292D-07
 1007  2.57628249      0.21130016D-07
 1008  2.60751449      0.16440223D-07
 1009  2.63912512      0.12753616D-07
 1010  2.67111896      0.98642725D-08
 1011  2.70350066      0.76066121D-08
 1012  2.73627491      0.58479045D-08
 1013  2.76944649      0.44820879D-08
 1014  2.80302020      0.34246786D-08
 1015  2.83700093      0.26085958D-08
 1016  2.87139359      0.19807487D-08
 1017  2.90620320      0.14992552D-08
 1018  2.94143480      0.11311834D-08
 1019  2.97709351      0.85072495D-09
 1020  3.01318450      0.63772130D-09
 1021  3.04971303      0.47647976D-09
 1022  3.08668438      0.35482561D-09
 1023  3.12410393      0.26334562D-09
 1024  3.16197712      0.19478664D-09
 1025  3.20030944      0.14357969D-09
 1026  3.23910646      0.10546368D-09
 1027  3.27837381      0.77187114D-10
 1028  3.31811720      0.56286023D-10
 1029  3.35834239      0.40892111D-10
 1030  3.39905522      0.29580412D-10
 1031  3.44026162      0.21317309D-10
