 ir        r              f(r)*r^2
    1  0.00001401      0.45518089D-06
    2  0.00001418      0.46627735D-06
    3  0.00001435      0.47764425D-06
    4  0.00001452      0.48928815D-06
    5  0.00001470      0.50121583D-06
    6  0.00001488      0.51343418D-06
    7  0.00001506      0.52595028D-06
    8  0.00001524      0.53877140D-06
    9  0.00001542      0.55190495D-06
   10  0.00001561      0.56535855D-06
   11  0.00001580      0.57914000D-06
   12  0.00001599      0.59325727D-06
   13  0.00001619      0.60771856D-06
   14  0.00001638      0.62253222D-06
   15  0.00001658      0.63770686D-06
   16  0.00001678      0.65325126D-06
   17  0.00001699      0.66917442D-06
   18  0.00001719      0.68548557D-06
   19  0.00001740      0.70219416D-06
   20  0.00001761      0.71930986D-06
   21  0.00001782      0.73684260D-06
   22  0.00001804      0.75480252D-06
   23  0.00001826      0.77320002D-06
   24  0.00001848      0.79204577D-06
   25  0.00001870      0.81135068D-06
   26  0.00001893      0.83112593D-06
   27  0.00001916      0.85138297D-06
   28  0.00001939      0.87213352D-06
   29  0.00001963      0.89338962D-06
   30  0.00001987      0.91516356D-06
   31  0.00002011      0.93746795D-06
   32  0.00002035      0.96031571D-06
   33  0.00002060      0.98372007D-06
   34  0.00002085      0.10076946D-05
   35  0.00002110      0.10322531D-05
   36  0.00002136      0.10574099D-05
   37  0.00002161      0.10831795D-05
   38  0.00002188      0.11095768D-05
   39  0.00002214      0.11366171D-05
   40  0.00002241      0.11643160D-05
   41  0.00002268      0.11926897D-05
   42  0.00002296      0.12217545D-05
   43  0.00002323      0.12515272D-05
   44  0.00002352      0.12820250D-05
   45  0.00002380      0.13132657D-05
   46  0.00002409      0.13452672D-05
   47  0.00002438      0.13780482D-05
   48  0.00002468      0.14116275D-05
   49  0.00002498      0.14460247D-05
   50  0.00002528      0.14812595D-05
   51  0.00002559      0.15173525D-05
   52  0.00002590      0.15543244D-05
   53  0.00002621      0.15921966D-05
   54  0.00002653      0.16309911D-05
   55  0.00002685      0.16707304D-05
   56  0.00002718      0.17114373D-05
   57  0.00002750      0.17531354D-05
   58  0.00002784      0.17958489D-05
   59  0.00002818      0.18396025D-05
   60  0.00002852      0.18844213D-05
   61  0.00002886      0.19303315D-05
   62  0.00002921      0.19773595D-05
   63  0.00002957      0.20255325D-05
   64  0.00002993      0.20748783D-05
   65  0.00003029      0.21254255D-05
   66  0.00003066      0.21772033D-05
   67  0.00003103      0.22302417D-05
   68  0.00003140      0.22845712D-05
   69  0.00003178      0.23402233D-05
   70  0.00003217      0.23972302D-05
   71  0.00003256      0.24556248D-05
   72  0.00003295      0.25154408D-05
   73  0.00003335      0.25767129D-05
   74  0.00003376      0.26394763D-05
   75  0.00003417      0.27037675D-05
   76  0.00003458      0.27696234D-05
   77  0.00003500      0.28370822D-05
   78  0.00003542      0.29061828D-05
   79  0.00003585      0.29769652D-05
   80  0.00003629      0.30494702D-05
   81  0.00003673      0.31237398D-05
   82  0.00003717      0.31998167D-05
   83  0.00003762      0.32777449D-05
   84  0.00003808      0.33575694D-05
   85  0.00003854      0.34393364D-05
   86  0.00003901      0.35230929D-05
   87  0.00003948      0.36088875D-05
   88  0.00003996      0.36967695D-05
   89  0.00004045      0.37867897D-05
   90  0.00004094      0.38790002D-05
   91  0.00004143      0.39734540D-05
   92  0.00004193      0.40702057D-05
   93  0.00004244      0.41693111D-05
   94  0.00004296      0.42708274D-05
   95  0.00004348      0.43748132D-05
   96  0.00004401      0.44813285D-05
   97  0.00004454      0.45904346D-05
   98  0.00004508      0.47021946D-05
   99  0.00004563      0.48166729D-05
  100  0.00004618      0.49339355D-05
  101  0.00004674      0.50540500D-05
  102  0.00004730      0.51770857D-05
  103  0.00004788      0.53031135D-05
  104  0.00004846      0.54322061D-05
  105  0.00004905      0.55644379D-05
  106  0.00004964      0.56998850D-05
  107  0.00005024      0.58386257D-05
  108  0.00005085      0.59807397D-05
  109  0.00005147      0.61263090D-05
  110  0.00005209      0.62754175D-05
  111  0.00005272      0.64281511D-05
  112  0.00005336      0.65845977D-05
  113  0.00005401      0.67448475D-05
  114  0.00005466      0.69089927D-05
  115  0.00005533      0.70771279D-05
  116  0.00005600      0.72493499D-05
  117  0.00005668      0.74257579D-05
  118  0.00005736      0.76064533D-05
  119  0.00005806      0.77915403D-05
  120  0.00005876      0.79811253D-05
  121  0.00005947      0.81753175D-05
  122  0.00006020      0.83742285D-05
  123  0.00006093      0.85779729D-05
  124  0.00006166      0.87866678D-05
  125  0.00006241      0.90004334D-05
  126  0.00006317      0.92193924D-05
  127  0.00006393      0.94436710D-05
  128  0.00006471      0.96733979D-05
  129  0.00006549      0.99087054D-05
  130  0.00006629      0.10149729D-04
  131  0.00006709      0.10396606D-04
  132  0.00006790      0.10649480D-04
  133  0.00006873      0.10908495D-04
  134  0.00006956      0.11173801D-04
  135  0.00007040      0.11445550D-04
  136  0.00007126      0.11723897D-04
  137  0.00007212      0.12009003D-04
  138  0.00007300      0.12301032D-04
  139  0.00007388      0.12600151D-04
  140  0.00007478      0.12906531D-04
  141  0.00007568      0.13220350D-04
  142  0.00007660      0.13541786D-04
  143  0.00007753      0.13871025D-04
  144  0.00007847      0.14208255D-04
  145  0.00007942      0.14553669D-04
  146  0.00008038      0.14907467D-04
  147  0.00008136      0.15269850D-04
  148  0.00008234      0.15641027D-04
  149  0.00008334      0.16021210D-04
  150  0.00008435      0.16410618D-04
  151  0.00008538      0.16809473D-04
  152  0.00008641      0.17218004D-04
  153  0.00008746      0.17636445D-04
  154  0.00008852      0.18065037D-04
  155  0.00008959      0.18504023D-04
  156  0.00009068      0.18953657D-04
  157  0.00009178      0.19414194D-04
  158  0.00009289      0.19885900D-04
  159  0.00009402      0.20369043D-04
  160  0.00009515      0.20863901D-04
  161  0.00009631      0.21370756D-04
  162  0.00009748      0.21889899D-04
  163  0.00009866      0.22421626D-04
  164  0.00009985      0.22966242D-04
  165  0.00010106      0.23524057D-04
  166  0.00010229      0.24095392D-04
  167  0.00010353      0.24680571D-04
  168  0.00010478      0.25279930D-04
  169  0.00010605      0.25893812D-04
  170  0.00010734      0.26522566D-04
  171  0.00010864      0.27166552D-04
  172  0.00010996      0.27826137D-04
  173  0.00011129      0.28501698D-04
  174  0.00011264      0.29193621D-04
  175  0.00011401      0.29902300D-04
  176  0.00011539      0.30628140D-04
  177  0.00011679      0.31371554D-04
  178  0.00011820      0.32132967D-04
  179  0.00011964      0.32912812D-04
  180  0.00012109      0.33711534D-04
  181  0.00012255      0.34529588D-04
  182  0.00012404      0.35367441D-04
  183  0.00012554      0.36225569D-04
  184  0.00012707      0.37104461D-04
  185  0.00012861      0.38004617D-04
  186  0.00013017      0.38926550D-04
  187  0.00013174      0.39870784D-04
  188  0.00013334      0.40837857D-04
  189  0.00013496      0.41828317D-04
  190  0.00013659      0.42842729D-04
  191  0.00013825      0.43881669D-04
  192  0.00013992      0.44945728D-04
  193  0.00014162      0.46035510D-04
  194  0.00014334      0.47151633D-04
  195  0.00014508      0.48294732D-04
  196  0.00014683      0.49465455D-04
  197  0.00014861      0.50664467D-04
  198  0.00015042      0.51892448D-04
  199  0.00015224      0.53150094D-04
  200  0.00015409      0.54438119D-04
  201  0.00015595      0.55757253D-04
  202  0.00015784      0.57108242D-04
  203  0.00015976      0.58491853D-04
  204  0.00016169      0.59908869D-04
  205  0.00016365      0.61360092D-04
  206  0.00016564      0.62846343D-04
  207  0.00016765      0.64368463D-04
  208  0.00016968      0.65927313D-04
  209  0.00017174      0.67523775D-04
  210  0.00017382      0.69158751D-04
  211  0.00017592      0.70833164D-04
  212  0.00017806      0.72547960D-04
  213  0.00018022      0.74304108D-04
  214  0.00018240      0.76102598D-04
  215  0.00018461      0.77944446D-04
  216  0.00018685      0.79830691D-04
  217  0.00018912      0.81762395D-04
  218  0.00019141      0.83740648D-04
  219  0.00019373      0.85766564D-04
  220  0.00019608      0.87841284D-04
  221  0.00019845      0.89965976D-04
  222  0.00020086      0.92141836D-04
  223  0.00020329      0.94370088D-04
  224  0.00020576      0.96651985D-04
  225  0.00020825      0.98988809D-04
  226  0.00021078      0.10138187D-03
  227  0.00021333      0.10383252D-03
  228  0.00021592      0.10634213D-03
  229  0.00021854      0.10891211D-03
  230  0.00022119      0.11154390D-03
  231  0.00022387      0.11423898D-03
  232  0.00022658      0.11699885D-03
  233  0.00022933      0.11982506D-03
  234  0.00023211      0.12271920D-03
  235  0.00023492      0.12568288D-03
  236  0.00023777      0.12871777D-03
  237  0.00024065      0.13182556D-03
  238  0.00024357      0.13500798D-03
  239  0.00024652      0.13826682D-03
  240  0.00024951      0.14160389D-03
  241  0.00025254      0.14502106D-03
  242  0.00025560      0.14852023D-03
  243  0.00025870      0.15210336D-03
  244  0.00026183      0.15577244D-03
  245  0.00026501      0.15952951D-03
  246  0.00026822      0.16337667D-03
  247  0.00027147      0.16731605D-03
  248  0.00027476      0.17134985D-03
  249  0.00027809      0.17548031D-03
  250  0.00028146      0.17970973D-03
  251  0.00028488      0.18404044D-03
  252  0.00028833      0.18847486D-03
  253  0.00029183      0.19301545D-03
  254  0.00029536      0.19766471D-03
  255  0.00029894      0.20242524D-03
  256  0.00030257      0.20729965D-03
  257  0.00030624      0.21229065D-03
  258  0.00030995      0.21740100D-03
  259  0.00031371      0.22263352D-03
  260  0.00031751      0.22799110D-03
  261  0.00032136      0.23347670D-03
  262  0.00032525      0.23909335D-03
  263  0.00032920      0.24484413D-03
  264  0.00033319      0.25073223D-03
  265  0.00033723      0.25676087D-03
  266  0.00034132      0.26293337D-03
  267  0.00034545      0.26925314D-03
  268  0.00034964      0.27572363D-03
  269  0.00035388      0.28234841D-03
  270  0.00035817      0.28913110D-03
  271  0.00036251      0.29607542D-03
  272  0.00036691      0.30318519D-03
  273  0.00037135      0.31046428D-03
  274  0.00037586      0.31791669D-03
  275  0.00038041      0.32554648D-03
  276  0.00038502      0.33335782D-03
  277  0.00038969      0.34135498D-03
  278  0.00039442      0.34954232D-03
  279  0.00039920      0.35792429D-03
  280  0.00040404      0.36650546D-03
  281  0.00040894      0.37529050D-03
  282  0.00041389      0.38428418D-03
  283  0.00041891      0.39349139D-03
  284  0.00042399      0.40291713D-03
  285  0.00042913      0.41256650D-03
  286  0.00043433      0.42244473D-03
  287  0.00043960      0.43255716D-03
  288  0.00044493      0.44290928D-03
  289  0.00045032      0.45350666D-03
  290  0.00045578      0.46435503D-03
  291  0.00046130      0.47546023D-03
  292  0.00046690      0.48682826D-03
  293  0.00047256      0.49846523D-03
  294  0.00047828      0.51037740D-03
  295  0.00048408      0.52257117D-03
  296  0.00048995      0.53505307D-03
  297  0.00049589      0.54782981D-03
  298  0.00050190      0.56090822D-03
  299  0.00050799      0.57429531D-03
  300  0.00051415      0.58799822D-03
  301  0.00052038      0.60202428D-03
  302  0.00052669      0.61638097D-03
  303  0.00053307      0.63107592D-03
  304  0.00053953      0.64611698D-03
  305  0.00054608      0.66151212D-03
  306  0.00055270      0.67726952D-03
  307  0.00055940      0.69339755D-03
  308  0.00056618      0.70990475D-03
  309  0.00057304      0.72679984D-03
  310  0.00057999      0.74409177D-03
  311  0.00058702      0.76178965D-03
  312  0.00059413      0.77990282D-03
  313  0.00060134      0.79844082D-03
  314  0.00060863      0.81741340D-03
  315  0.00061601      0.83683051D-03
  316  0.00062347      0.85670236D-03
  317  0.00063103      0.87703934D-03
  318  0.00063868      0.89785210D-03
  319  0.00064642      0.91915152D-03
  320  0.00065426      0.94094870D-03
  321  0.00066219      0.96325501D-03
  322  0.00067022      0.98608205D-03
  323  0.00067835      0.10094417D-02
  324  0.00068657      0.10333460D-02
  325  0.00069489      0.10578075D-02
  326  0.00070332      0.10828387D-02
  327  0.00071184      0.11084525D-02
  328  0.00072047      0.11346623D-02
  329  0.00072921      0.11614815D-02
  330  0.00073805      0.11889238D-02
  331  0.00074699      0.12170034D-02
  332  0.00075605      0.12457347D-02
  333  0.00076521      0.12751323D-02
  334  0.00077449      0.13052113D-02
  335  0.00078388      0.13359871D-02
  336  0.00079338      0.13674752D-02
  337  0.00080300      0.13996917D-02
  338  0.00081274      0.14326530D-02
  339  0.00082259      0.14663757D-02
  340  0.00083256      0.15008769D-02
  341  0.00084265      0.15361740D-02
  342  0.00085287      0.15722847D-02
  343  0.00086321      0.16092274D-02
  344  0.00087367      0.16470203D-02
  345  0.00088426      0.16856826D-02
  346  0.00089498      0.17252336D-02
  347  0.00090583      0.17656929D-02
  348  0.00091682      0.18070807D-02
  349  0.00092793      0.18494176D-02
  350  0.00093918      0.18927246D-02
  351  0.00095056      0.19370230D-02
  352  0.00096209      0.19823349D-02
  353  0.00097375      0.20286825D-02
  354  0.00098556      0.20760885D-02
  355  0.00099750      0.21245763D-02
  356  0.00100960      0.21741696D-02
  357  0.00102184      0.22248926D-02
  358  0.00103422      0.22767700D-02
  359  0.00104676      0.23298271D-02
  360  0.00105945      0.23840895D-02
  361  0.00107229      0.24395835D-02
  362  0.00108529      0.24963359D-02
  363  0.00109845      0.25543740D-02
  364  0.00111177      0.26137257D-02
  365  0.00112525      0.26744194D-02
  366  0.00113889      0.27364841D-02
  367  0.00115269      0.27999494D-02
  368  0.00116667      0.28648454D-02
  369  0.00118081      0.29312028D-02
  370  0.00119513      0.29990531D-02
  371  0.00120961      0.30684281D-02
  372  0.00122428      0.31393606D-02
  373  0.00123912      0.32118836D-02
  374  0.00125414      0.32860312D-02
  375  0.00126935      0.33618378D-02
  376  0.00128473      0.34393386D-02
  377  0.00130031      0.35185696D-02
  378  0.00131607      0.35995672D-02
  379  0.00133203      0.36823687D-02
  380  0.00134817      0.37670122D-02
  381  0.00136452      0.38535362D-02
  382  0.00138106      0.39419802D-02
  383  0.00139780      0.40323843D-02
  384  0.00141475      0.41247895D-02
  385  0.00143190      0.42192374D-02
  386  0.00144926      0.43157703D-02
  387  0.00146683      0.44144317D-02
  388  0.00148461      0.45152653D-02
  389  0.00150261      0.46183162D-02
  390  0.00152082      0.47236297D-02
  391  0.00153926      0.48312525D-02
  392  0.00155792      0.49412317D-02
  393  0.00157681      0.50536156D-02
  394  0.00159592      0.51684529D-02
  395  0.00161527      0.52857937D-02
  396  0.00163485      0.54056886D-02
  397  0.00165467      0.55281892D-02
  398  0.00167473      0.56533479D-02
  399  0.00169503      0.57812183D-02
  400  0.00171558      0.59118545D-02
  401  0.00173638      0.60453119D-02
  402  0.00175743      0.61816465D-02
  403  0.00177873      0.63209156D-02
  404  0.00180030      0.64631771D-02
  405  0.00182212      0.66084900D-02
  406  0.00184421      0.67569145D-02
  407  0.00186657      0.69085114D-02
  408  0.00188920      0.70633426D-02
  409  0.00191210      0.72214712D-02
  410  0.00193528      0.73829610D-02
  411  0.00195874      0.75478771D-02
  412  0.00198249      0.77162854D-02
  413  0.00200652      0.78882529D-02
  414  0.00203084      0.80638475D-02
  415  0.00205546      0.82431385D-02
  416  0.00208038      0.84261958D-02
  417  0.00210560      0.86130905D-02
  418  0.00213113      0.88038950D-02
  419  0.00215696      0.89986823D-02
  420  0.00218311      0.91975268D-02
  421  0.00220958      0.94005038D-02
  422  0.00223636      0.96076897D-02
  423  0.00226348      0.98191620D-02
  424  0.00229092      0.10034999D-01
  425  0.00231869      0.10255281D-01
  426  0.00234680      0.10480088D-01
  427  0.00237525      0.10709502D-01
  428  0.00240404      0.10943605D-01
  429  0.00243319      0.11182482D-01
  430  0.00246268      0.11426217D-01
  431  0.00249254      0.11674896D-01
  432  0.00252275      0.11928606D-01
  433  0.00255334      0.12187435D-01
  434  0.00258429      0.12451473D-01
  435  0.00261562      0.12720808D-01
  436  0.00264733      0.12995533D-01
  437  0.00267942      0.13275739D-01
  438  0.00271191      0.13561519D-01
  439  0.00274478      0.13852967D-01
  440  0.00277806      0.14150178D-01
  441  0.00281173      0.14453248D-01
  442  0.00284582      0.14762273D-01
  443  0.00288032      0.15077351D-01
  444  0.00291524      0.15398582D-01
  445  0.00295058      0.15726063D-01
  446  0.00298635      0.16059895D-01
  447  0.00302255      0.16400180D-01
  448  0.00305919      0.16747018D-01
  449  0.00309628      0.17100513D-01
  450  0.00313382      0.17460768D-01
  451  0.00317181      0.17827886D-01
  452  0.00321026      0.18201972D-01
  453  0.00324918      0.18583130D-01
  454  0.00328857      0.18971468D-01
  455  0.00332843      0.19367091D-01
  456  0.00336878      0.19770105D-01
  457  0.00340962      0.20180617D-01
  458  0.00345096      0.20598735D-01
  459  0.00349279      0.21024567D-01
  460  0.00353513      0.21458221D-01
  461  0.00357799      0.21899804D-01
  462  0.00362137      0.22349425D-01
  463  0.00366527      0.22807192D-01
  464  0.00370970      0.23273214D-01
  465  0.00375467      0.23747600D-01
  466  0.00380019      0.24230456D-01
  467  0.00384626      0.24721892D-01
  468  0.00389289      0.25222014D-01
  469  0.00394008      0.25730930D-01
  470  0.00398785      0.26248746D-01
  471  0.00403619      0.26775570D-01
  472  0.00408512      0.27311506D-01
  473  0.00413464      0.27856659D-01
  474  0.00418477      0.28411133D-01
  475  0.00423550      0.28975031D-01
  476  0.00428685      0.29548454D-01
  477  0.00433882      0.30131504D-01
  478  0.00439141      0.30724279D-01
  479  0.00444465      0.31326878D-01
  480  0.00449853      0.31939396D-01
  481  0.00455307      0.32561928D-01
  482  0.00460827      0.33194566D-01
  483  0.00466413      0.33837402D-01
  484  0.00472067      0.34490524D-01
  485  0.00477790      0.35154017D-01
  486  0.00483582      0.35827966D-01
  487  0.00489445      0.36512452D-01
  488  0.00495378      0.37207552D-01
  489  0.00501384      0.37913343D-01
  490  0.00507462      0.38629896D-01
  491  0.00513614      0.39357280D-01
  492  0.00519840      0.40095560D-01
  493  0.00526142      0.40844798D-01
  494  0.00532521      0.41605051D-01
  495  0.00538976      0.42376372D-01
  496  0.00545510      0.43158811D-01
  497  0.00552123      0.43952413D-01
  498  0.00558817      0.44757215D-01
  499  0.00565591      0.45573254D-01
  500  0.00572448      0.46400558D-01
  501  0.00579388      0.47239151D-01
  502  0.00586411      0.48089051D-01
  503  0.00593520      0.48950270D-01
  504  0.00600716      0.49822813D-01
  505  0.00607998      0.50706679D-01
  506  0.00615369      0.51601860D-01
  507  0.00622829      0.52508342D-01
  508  0.00630379      0.53426101D-01
  509  0.00638021      0.54355108D-01
  510  0.00645756      0.55295324D-01
  511  0.00653584      0.56246702D-01
  512  0.00661508      0.57209188D-01
  513  0.00669527      0.58182717D-01
  514  0.00677644      0.59167215D-01
  515  0.00685859      0.60162599D-01
  516  0.00694173      0.61168777D-01
  517  0.00702589      0.62185644D-01
  518  0.00711106      0.63213087D-01
  519  0.00719727      0.64250981D-01
  520  0.00728452      0.65299189D-01
  521  0.00737283      0.66357562D-01
  522  0.00746221      0.67425941D-01
  523  0.00755267      0.68504154D-01
  524  0.00764423      0.69592013D-01
  525  0.00773690      0.70689322D-01
  526  0.00783070      0.71795867D-01
  527  0.00792563      0.72911423D-01
  528  0.00802171      0.74035748D-01
  529  0.00811896      0.75168588D-01
  530  0.00821738      0.76309673D-01
  531  0.00831700      0.77458716D-01
  532  0.00841783      0.78615415D-01
  533  0.00851987      0.79779454D-01
  534  0.00862316      0.80950497D-01
  535  0.00872770      0.82128192D-01
  536  0.00883350      0.83312171D-01
  537  0.00894059      0.84502048D-01
  538  0.00904898      0.85697416D-01
  539  0.00915868      0.86897854D-01
  540  0.00926971      0.88102917D-01
  541  0.00938208      0.89312146D-01
  542  0.00949582      0.90525059D-01
  543  0.00961094      0.91741154D-01
  544  0.00972745      0.92959911D-01
  545  0.00984537      0.94180788D-01
  546  0.00996473      0.95403223D-01
  547  0.01008553      0.96626630D-01
  548  0.01020779      0.97850405D-01
  549  0.01033154      0.99073920D-01
  550  0.01045679      0.10029653D+00
  551  0.01058356      0.10151755D+00
  552  0.01071186      0.10273631D+00
  553  0.01084172      0.10395207D+00
  554  0.01097315      0.10516410D+00
  555  0.01110618      0.10637165D+00
  556  0.01124082      0.10757391D+00
  557  0.01137709      0.10877009D+00
  558  0.01151501      0.10995935D+00
  559  0.01165461      0.11114084D+00
  560  0.01179590      0.11231367D+00
  561  0.01193890      0.11347695D+00
  562  0.01208363      0.11462975D+00
  563  0.01223012      0.11577113D+00
  564  0.01237838      0.11690010D+00
  565  0.01252845      0.11801568D+00
  566  0.01268033      0.11911685D+00
  567  0.01283405      0.12020257D+00
  568  0.01298963      0.12127177D+00
  569  0.01314711      0.12232338D+00
  570  0.01330649      0.12335628D+00
  571  0.01346780      0.12436936D+00
  572  0.01363107      0.12536147D+00
  573  0.01379632      0.12633143D+00
  574  0.01396357      0.12727807D+00
  575  0.01413285      0.12820017D+00
  576  0.01430418      0.12909653D+00
  577  0.01447759      0.12996589D+00
  578  0.01465310      0.13080701D+00
  579  0.01483073      0.13161862D+00
  580  0.01501053      0.13239942D+00
  581  0.01519250      0.13314813D+00
  582  0.01537667      0.13386343D+00
  583  0.01556308      0.13454400D+00
  584  0.01575175      0.13518853D+00
  585  0.01594271      0.13579566D+00
  586  0.01613598      0.13636407D+00
  587  0.01633160      0.13689240D+00
  588  0.01652958      0.13737929D+00
  589  0.01672997      0.13782342D+00
  590  0.01693279      0.13822341D+00
  591  0.01713806      0.13857793D+00
  592  0.01734582      0.13888563D+00
  593  0.01755610      0.13914518D+00
  594  0.01776894      0.13935526D+00
  595  0.01798435      0.13951455D+00
  596  0.01820237      0.13962175D+00
  597  0.01842303      0.13967557D+00
  598  0.01864638      0.13967477D+00
  599  0.01887242      0.13961809D+00
  600  0.01910121      0.13950433D+00
  601  0.01933277      0.13933229D+00
  602  0.01956714      0.13910083D+00
  603  0.01980435      0.13880881D+00
  604  0.02004444      0.13845517D+00
  605  0.02028744      0.13803886D+00
  606  0.02053338      0.13755889D+00
  607  0.02078230      0.13701430D+00
  608  0.02103424      0.13640421D+00
  609  0.02128924      0.13572779D+00
  610  0.02154733      0.13498424D+00
  611  0.02180854      0.13417286D+00
  612  0.02207293      0.13329301D+00
  613  0.02234051      0.13234411D+00
  614  0.02261135      0.13132567D+00
  615  0.02288546      0.13023728D+00
  616  0.02316290      0.12907860D+00
  617  0.02344370      0.12784940D+00
  618  0.02372791      0.12654954D+00
  619  0.02401556      0.12517897D+00
  620  0.02430669      0.12373774D+00
  621  0.02460136      0.12222604D+00
  622  0.02489960      0.12064413D+00
  623  0.02520146      0.11899243D+00
  624  0.02550697      0.11727143D+00
  625  0.02581619      0.11548181D+00
  626  0.02612916      0.11362432D+00
  627  0.02644592      0.11169990D+00
  628  0.02676652      0.10970959D+00
  629  0.02709101      0.10765460D+00
  630  0.02741943      0.10553628D+00
  631  0.02775183      0.10335613D+00
  632  0.02808826      0.10111582D+00
  633  0.02842878      0.98817170D-01
  634  0.02877341      0.96462175D-01
  635  0.02912223      0.94052998D-01
  636  0.02947528      0.91591976D-01
  637  0.02983260      0.89081621D-01
  638  0.03019426      0.86524629D-01
  639  0.03056030      0.83923878D-01
  640  0.03093078      0.81282433D-01
  641  0.03130575      0.78603548D-01
  642  0.03168527      0.75890669D-01
  643  0.03206939      0.73147434D-01
  644  0.03245816      0.70377677D-01
  645  0.03285165      0.67585428D-01
  646  0.03324990      0.64774914D-01
  647  0.03365299      0.61950559D-01
  648  0.03406096      0.59116987D-01
  649  0.03447388      0.56279016D-01
  650  0.03489180      0.53441664D-01
  651  0.03531479      0.50610141D-01
  652  0.03574291      0.47789853D-01
  653  0.03617622      0.44986395D-01
  654  0.03661478      0.42205552D-01
  655  0.03705865      0.39453293D-01
  656  0.03750791      0.36735766D-01
  657  0.03796262      0.34059297D-01
  658  0.03842283      0.31430382D-01
  659  0.03888863      0.28855681D-01
  660  0.03936007      0.26342012D-01
  661  0.03983723      0.23896344D-01
  662  0.04032017      0.21525789D-01
  663  0.04080897      0.19237590D-01
  664  0.04130369      0.17039118D-01
  665  0.04180441      0.14937855D-01
  666  0.04231120      0.12941386D-01
  667  0.04282414      0.11057389D-01
  668  0.04334329      0.92936189D-02
  669  0.04386874      0.76578958D-02
  670  0.04440055      0.61580915D-02
  671  0.04493882      0.48021136D-02
  672  0.04548361      0.35978902D-02
  673  0.04603500      0.25533539D-02
  674  0.04659308      0.16764237D-02
  675  0.04715792      0.97498806D-03
  676  0.04772961      0.45688577D-03
  677  0.04830823      0.12988671D-03
  678  0.04889387      0.16718643D-05
  679  0.04948660      0.79812681D-04
  680  0.05008652      0.37174976D-03
  681  0.05069372      0.88477097D-03
  682  0.05130827      0.16259891D-02
  683  0.05193028      0.26023187D-02
  684  0.05255982      0.38204530D-02
  685  0.05319700      0.52868399D-02
  686  0.05384190      0.70076578D-02
  687  0.05449462      0.89887910D-02
  688  0.05515525      0.11235805D-01
  689  0.05582389      0.13753923D-01
  690  0.05650064      0.16547997D-01
  691  0.05718559      0.19622487D-01
  692  0.05787885      0.22981436D-01
  693  0.05858051      0.26628440D-01
  694  0.05929067      0.30566630D-01
  695  0.06000945      0.34798643D-01
  696  0.06073693      0.39326599D-01
  697  0.06147324      0.44152080D-01
  698  0.06221848      0.49276105D-01
  699  0.06297274      0.54699107D-01
  700  0.06373616      0.60420914D-01
  701  0.06450882      0.66440728D-01
  702  0.06529086      0.72757105D-01
  703  0.06608237      0.79367934D-01
  704  0.06688348      0.86270428D-01
  705  0.06769430      0.93461099D-01
  706  0.06851495      0.10093575D+00
  707  0.06934555      0.10868946D+00
  708  0.07018622      0.11671657D+00
  709  0.07103708      0.12501068D+00
  710  0.07189826      0.13356465D+00
  711  0.07276987      0.14237056D+00
  712  0.07365205      0.15141975D+00
  713  0.07454493      0.16070279D+00
  714  0.07544863      0.17020950D+00
  715  0.07636329      0.17992893D+00
  716  0.07728903      0.18984940D+00
  717  0.07822600      0.19995847D+00
  718  0.07917432      0.21024298D+00
  719  0.08013415      0.22068906D+00
  720  0.08110560      0.23128212D+00
  721  0.08208884      0.24200693D+00
  722  0.08308399      0.25284756D+00
  723  0.08409121      0.26378748D+00
  724  0.08511064      0.27480953D+00
  725  0.08614243      0.28589599D+00
  726  0.08718672      0.29702861D+00
  727  0.08824368      0.30818861D+00
  728  0.08931345      0.31935676D+00
  729  0.09039619      0.33051340D+00
  730  0.09149205      0.34163850D+00
  731  0.09260120      0.35271168D+00
  732  0.09372379      0.36371228D+00
  733  0.09486000      0.37461942D+00
  734  0.09600997      0.38541203D+00
  735  0.09717389      0.39606890D+00
  736  0.09835192      0.40656877D+00
  737  0.09954423      0.41689037D+00
  738  0.10075100      0.42701248D+00
  739  0.10197239      0.43691398D+00
  740  0.10320859      0.44657394D+00
  741  0.10445978      0.45597168D+00
  742  0.10572613      0.46508680D+00
  743  0.10700784      0.47389928D+00
  744  0.10830509      0.48238953D+00
  745  0.10961806      0.49053848D+00
  746  0.11094695      0.49832759D+00
  747  0.11229194      0.50573896D+00
  748  0.11365325      0.51275540D+00
  749  0.11503105      0.51936044D+00
  750  0.11642556      0.52553845D+00
  751  0.11783698      0.53127465D+00
  752  0.11926550      0.53655519D+00
  753  0.12071135      0.54136721D+00
  754  0.12217472      0.54569887D+00
  755  0.12365583      0.54953941D+00
  756  0.12515490      0.55287922D+00
  757  0.12667214      0.55570981D+00
  758  0.12820777      0.55802394D+00
  759  0.12976202      0.55981558D+00
  760  0.13133511      0.56107997D+00
  761  0.13292727      0.56181366D+00
  762  0.13453874      0.56201449D+00
  763  0.13616973      0.56168166D+00
  764  0.13782051      0.56081567D+00
  765  0.13949129      0.55941840D+00
  766  0.14118233      0.55749306D+00
  767  0.14289387      0.55504422D+00
  768  0.14462615      0.55207776D+00
  769  0.14637944      0.54860089D+00
  770  0.14815399      0.54462213D+00
  771  0.14995004      0.54015125D+00
  772  0.15176787      0.53519927D+00
  773  0.15360774      0.52977841D+00
  774  0.15546991      0.52390208D+00
  775  0.15735465      0.51758477D+00
  776  0.15926225      0.51084207D+00
  777  0.16119297      0.50369056D+00
  778  0.16314709      0.49614779D+00
  779  0.16512491      0.48823218D+00
  780  0.16712670      0.47996300D+00
  781  0.16915276      0.47136025D+00
  782  0.17120338      0.46244462D+00
  783  0.17327886      0.45323740D+00
  784  0.17537950      0.44376040D+00
  785  0.17750561      0.43403587D+00
  786  0.17965749      0.42408644D+00
  787  0.18183546      0.41393501D+00
  788  0.18403983      0.40360466D+00
  789  0.18627093      0.39311860D+00
  790  0.18852907      0.38250004D+00
  791  0.19081459      0.37177217D+00
  792  0.19312782      0.36095801D+00
  793  0.19546908      0.35008036D+00
  794  0.19783874      0.33916174D+00
  795  0.20023711      0.32822427D+00
  796  0.20266457      0.31728964D+00
  797  0.20512145      0.30637901D+00
  798  0.20760812      0.29551294D+00
  799  0.21012493      0.28471135D+00
  800  0.21267225      0.27399344D+00
  801  0.21525045      0.26337765D+00
  802  0.21785991      0.25288158D+00
  803  0.22050101      0.24252200D+00
  804  0.22317412      0.23231474D+00
  805  0.22587963      0.22227470D+00
  806  0.22861795      0.21241581D+00
  807  0.23138946      0.20275099D+00
  808  0.23419457      0.19329216D+00
  809  0.23703369      0.18405017D+00
  810  0.23990722      0.17503488D+00
  811  0.24281559      0.16625505D+00
  812  0.24575922      0.15771843D+00
  813  0.24873853      0.14943171D+00
  814  0.25175396      0.14140056D+00
  815  0.25480595      0.13362963D+00
  816  0.25789494      0.12612259D+00
  817  0.26102137      0.11888212D+00
  818  0.26418571      0.11190996D+00
  819  0.26738840      0.10520697D+00
  820  0.27062992      0.98773106D-01
  821  0.27391074      0.92607494D-01
  822  0.27723133      0.86708473D-01
  823  0.28059218      0.81073626D-01
  824  0.28399377      0.75699832D-01
  825  0.28743660      0.70583310D-01
  826  0.29092116      0.65719670D-01
  827  0.29444797      0.61103960D-01
  828  0.29801753      0.56730720D-01
  829  0.30163037      0.52594027D-01
  830  0.30528700      0.48687550D-01
  831  0.30898796      0.45004596D-01
  832  0.31273379      0.41538165D-01
  833  0.31652503      0.38280991D-01
  834  0.32036223      0.35225595D-01
  835  0.32424595      0.32364329D-01
  836  0.32817675      0.29689419D-01
  837  0.33215520      0.27193007D-01
  838  0.33618188      0.24867195D-01
  839  0.34025738      0.22704078D-01
  840  0.34438229      0.20695782D-01
  841  0.34855720      0.18834496D-01
  842  0.35278272      0.17112507D-01
  843  0.35705947      0.15522221D-01
  844  0.36138806      0.14056194D-01
  845  0.36576913      0.12707153D-01
  846  0.37020332      0.11468016D-01
  847  0.37469125      0.10331910D-01
  848  0.37923360      0.92921863D-02
  849  0.38383100      0.83424346D-02
  850  0.38848415      0.74764910D-02
  851  0.39319370      0.66884475D-02
  852  0.39796035      0.59726578D-02
  853  0.40278478      0.53237415D-02
  854  0.40766770      0.47365856D-02
  855  0.41260981      0.42063452D-02
  856  0.41761184      0.37284422D-02
  857  0.42267450      0.32985622D-02
  858  0.42779854      0.29126503D-02
  859  0.43298470      0.25669060D-02
  860  0.43823373      0.22577767D-02
  861  0.44354639      0.19819500D-02
  862  0.44892346      0.17363461D-02
  863  0.45436571      0.15181087D-02
  864  0.45987394      0.13245957D-02
  865  0.46544894      0.11533697D-02
  866  0.47109153      0.10021880D-02
  867  0.47680252      0.86899206D-03
  868  0.48258275      0.75189789D-03
  869  0.48843305      0.64918528D-03
  870  0.49435427      0.55928783D-03
  871  0.50034728      0.48078291D-03
  872  0.50641294      0.41238183D-03
  873  0.51255213      0.35292029D-03
  874  0.51876575      0.30134916D-03
  875  0.52505469      0.25672553D-03
  876  0.53141987      0.21820425D-03
  877  0.53786222      0.18502978D-03
  878  0.54438267      0.15652849D-03
  879  0.55098216      0.13210140D-03
  880  0.55766166      0.11121733D-03
  881  0.56442214      0.93406513D-04
  882  0.57126457      0.78254623D-04
  883  0.57818995      0.65397225D-04
  884  0.58519928      0.54514659D-04
  885  0.59229360      0.45327314D-04
  886  0.59947391      0.37591291D-04
  887  0.60674127      0.31094447D-04
  888  0.61409673      0.25652774D-04
  889  0.62154136      0.21107129D-04
  890  0.62907624      0.17320267D-04
  891  0.63670247      0.14174174D-04
  892  0.64442115      0.11567662D-04
  893  0.65223340      0.94142330D-05
  894  0.66014035      0.76401590D-05
  895  0.66814317      0.61827892D-05
  896  0.67624300      0.49890444D-05
  897  0.68444102      0.40140920D-05
  898  0.69273843      0.32201808D-05
  899  0.70113643      0.25756209D-05
  900  0.70963623      0.20538938D-05
  901  0.71823908      0.16328783D-05
  902  0.72694621      0.12941799D-05
  903  0.73575891      0.10225524D-05
  904  0.74467844      0.80539950D-06
  905  0.75370609      0.63234882D-06
  906  0.76284320      0.49488703D-06
  907  0.77209106      0.38605011D-06
  908  0.78145104      0.30016054D-06
  909  0.79092449      0.23260533D-06
  910  0.80051279      0.17964928D-06
  911  0.81021732      0.13827844D-06
  912  0.82003950      0.10606934D-06
  913  0.82998076      0.81080154D-07
  914  0.84004253      0.61760583D-07
  915  0.85022628      0.46877329D-07
  916  0.86053348      0.35452861D-07
  917  0.87096564      0.26715220D-07
  918  0.88152427      0.20057053D-07
  919  0.89221089      0.15002306D-07
  920  0.90302707      0.11179255D-07
  921  0.91397438      0.82987530D-08
  922  0.92505439      0.61367559D-08
  923  0.93626873      0.45203452D-08
  924  0.94761902      0.33165884D-08
  925  0.95910691      0.24237008D-08
  926  0.97073406      0.17640620D-08
  927  0.98250217      0.12787213D-08
  928  0.99441294      0.92309120D-09
  929  1.00646810      0.66358914D-09
  930  1.01866941      0.47502764D-09
  931  1.03101864      0.33859629D-09
  932  1.04351757      0.24030771D-09
  933  1.05616802      0.16980625D-09
  934  1.06897184      0.11945878D-09
  935  1.08193087      0.83664008D-10
  936  1.09504701      0.58330120D-10
  937  1.10832215      0.40481620D-10
  938  1.12175822      0.27964731D-10
  939  1.13535718      0.19227720D-10
  940  1.14912100      0.13157873D-10
  941  1.16305167      0.89610810D-11
  942  1.17715123      0.60733424D-11
  943  1.19142171      0.40960313D-11
  944  1.20586519      0.27487937D-11
  945  1.22048377      0.18354362D-11
  946  1.23527957      0.12193528D-11
  947  1.25025474      0.80591021D-12
  948  1.26541144      0.52988935D-12
  949  1.28075190      0.34657616D-12
  950  1.29627832      0.22547611D-12
  951  1.31199297      0.14590287D-12
  952  1.32789812      0.93899094D-13
  953  1.34399609      0.60098793D-13
  954  1.36028922      0.38251560D-13
  955  1.37677986      0.24209379D-13
  956  1.39347042      0.15234956D-13
  957  1.41036332      0.95322127D-14
  958  1.42746101      0.59294364D-14
  959  1.44476597      0.36666807D-14
  960  1.46228071      0.22539636D-14
  961  1.48000779      0.13772459D-14
  962  1.49794977      0.83646545D-15
  963  1.51610926      0.50494650D-15
  964  1.53448890      0.30297571D-15
  965  1.55309135      0.18070229D-15
  966  1.57191931      0.10714432D-15
  967  1.59097553      0.63193287D-16
  968  1.61026276      0.37081224D-16
  969  1.62978381      0.21653371D-16
  970  1.64954151      0.12698250D-16
  971  1.66953873      0.73130666D-17
  972  1.68977837      0.41499770D-17
  973  1.71026338      0.23388856D-17
  974  1.73099672      0.13090409D-17
  975  1.75198142      0.72751473D-18
  976  1.77322051      0.00000000D+00
  977  1.79471707      0.00000000D+00
  978  1.81647424      0.00000000D+00
  979  1.83849517      0.00000000D+00
  980  1.86078306      0.00000000D+00
  981  1.88334114      0.00000000D+00
  982  1.90617269      0.00000000D+00
  983  1.92928102      0.00000000D+00
  984  1.95266949      0.00000000D+00
  985  1.97634150      0.00000000D+00
  986  2.00030049      0.00000000D+00
  987  2.02454992      0.00000000D+00
  988  2.04909333      0.00000000D+00
  989  2.07393428      0.00000000D+00
  990  2.09907637      0.00000000D+00
  991  2.12452325      0.00000000D+00
  992  2.15027863      0.00000000D+00
  993  2.17634623      0.00000000D+00
  994  2.20272985      0.00000000D+00
  995  2.22943331      0.00000000D+00
  996  2.25646050      0.00000000D+00
  997  2.28381534      0.00000000D+00
  998  2.31150180      0.00000000D+00
  999  2.33952389      0.00000000D+00
 1000  2.36788570      0.00000000D+00
 1001  2.39659133      0.00000000D+00
 1002  2.42564496      0.00000000D+00
 1003  2.45505080      0.00000000D+00
 1004  2.48481313      0.00000000D+00
 1005  2.51493626      0.00000000D+00
 1006  2.54542457      0.00000000D+00
 1007  2.57628249      0.00000000D+00
 1008  2.60751449      0.00000000D+00
 1009  2.63912512      0.00000000D+00
 1010  2.67111896      0.00000000D+00
 1011  2.70350066      0.00000000D+00
 1012  2.73627491      0.00000000D+00
 1013  2.76944649      0.00000000D+00
 1014  2.80302020      0.00000000D+00
 1015  2.83700093      0.00000000D+00
 1016  2.87139359      0.00000000D+00
 1017  2.90620320      0.00000000D+00
 1018  2.94143480      0.00000000D+00
 1019  2.97709351      0.00000000D+00
 1020  3.01318450      0.00000000D+00
 1021  3.04971303      0.00000000D+00
 1022  3.08668438      0.00000000D+00
 1023  3.12410393      0.00000000D+00
 1024  3.16197712      0.00000000D+00
 1025  3.20030944      0.00000000D+00
 1026  3.23910646      0.00000000D+00
 1027  3.27837381      0.00000000D+00
 1028  3.31811720      0.00000000D+00
 1029  3.35834239      0.00000000D+00
 1030  3.39905522      0.00000000D+00
 1031  3.44026162      0.00000000D+00
