 ir        r              f(r)*r^2
    1  0.00001401      0.44989093D-05
    2  0.00001418      0.46085844D-05
    3  0.00001435      0.47209323D-05
    4  0.00001452      0.48360182D-05
    5  0.00001470      0.49539087D-05
    6  0.00001488      0.50746723D-05
    7  0.00001506      0.51983788D-05
    8  0.00001524      0.53250999D-05
    9  0.00001542      0.54549091D-05
   10  0.00001561      0.55878816D-05
   11  0.00001580      0.57240945D-05
   12  0.00001599      0.58636266D-05
   13  0.00001619      0.60065588D-05
   14  0.00001638      0.61529739D-05
   15  0.00001658      0.63029567D-05
   16  0.00001678      0.64565942D-05
   17  0.00001699      0.66139753D-05
   18  0.00001719      0.67751912D-05
   19  0.00001740      0.69403353D-05
   20  0.00001761      0.71095032D-05
   21  0.00001782      0.72827930D-05
   22  0.00001804      0.74603050D-05
   23  0.00001826      0.76421420D-05
   24  0.00001848      0.78284094D-05
   25  0.00001870      0.80192149D-05
   26  0.00001893      0.82146692D-05
   27  0.00001916      0.84148854D-05
   28  0.00001939      0.86199795D-05
   29  0.00001963      0.88300702D-05
   30  0.00001987      0.90452792D-05
   31  0.00002011      0.92657310D-05
   32  0.00002035      0.94915534D-05
   33  0.00002060      0.97228771D-05
   34  0.00002085      0.99598359D-05
   35  0.00002110      0.10202567D-04
   36  0.00002136      0.10451211D-04
   37  0.00002161      0.10705912D-04
   38  0.00002188      0.10966818D-04
   39  0.00002214      0.11234078D-04
   40  0.00002241      0.11507849D-04
   41  0.00002268      0.11788288D-04
   42  0.00002296      0.12075558D-04
   43  0.00002323      0.12369825D-04
   44  0.00002352      0.12671259D-04
   45  0.00002380      0.12980036D-04
   46  0.00002409      0.13296332D-04
   47  0.00002438      0.13620332D-04
   48  0.00002468      0.13952223D-04
   49  0.00002498      0.14292197D-04
   50  0.00002528      0.14640451D-04
   51  0.00002559      0.14997186D-04
   52  0.00002590      0.15362608D-04
   53  0.00002621      0.15736930D-04
   54  0.00002653      0.16120367D-04
   55  0.00002685      0.16513141D-04
   56  0.00002718      0.16915479D-04
   57  0.00002750      0.17327615D-04
   58  0.00002784      0.17749786D-04
   59  0.00002818      0.18182237D-04
   60  0.00002852      0.18625217D-04
   61  0.00002886      0.19078984D-04
   62  0.00002921      0.19543798D-04
   63  0.00002957      0.20019930D-04
   64  0.00002993      0.20507654D-04
   65  0.00003029      0.21007252D-04
   66  0.00003066      0.21519013D-04
   67  0.00003103      0.22043233D-04
   68  0.00003140      0.22580214D-04
   69  0.00003178      0.23130268D-04
   70  0.00003217      0.23693712D-04
   71  0.00003256      0.24270872D-04
   72  0.00003295      0.24862081D-04
   73  0.00003335      0.25467682D-04
   74  0.00003376      0.26088022D-04
   75  0.00003417      0.26723463D-04
   76  0.00003458      0.27374369D-04
   77  0.00003500      0.28041118D-04
   78  0.00003542      0.28724094D-04
   79  0.00003585      0.29423693D-04
   80  0.00003629      0.30140317D-04
   81  0.00003673      0.30874382D-04
   82  0.00003717      0.31626310D-04
   83  0.00003762      0.32396537D-04
   84  0.00003808      0.33185506D-04
   85  0.00003854      0.33993674D-04
   86  0.00003901      0.34821507D-04
   87  0.00003948      0.35669482D-04
   88  0.00003996      0.36538090D-04
   89  0.00004045      0.37427832D-04
   90  0.00004094      0.38339221D-04
   91  0.00004143      0.39272783D-04
   92  0.00004193      0.40229057D-04
   93  0.00004244      0.41208595D-04
   94  0.00004296      0.42211962D-04
   95  0.00004348      0.43239736D-04
   96  0.00004401      0.44292511D-04
   97  0.00004454      0.45370895D-04
   98  0.00004508      0.46475508D-04
   99  0.00004563      0.47606988D-04
  100  0.00004618      0.48765988D-04
  101  0.00004674      0.49953176D-04
  102  0.00004730      0.51169237D-04
  103  0.00004788      0.52414870D-04
  104  0.00004846      0.53690796D-04
  105  0.00004905      0.54997748D-04
  106  0.00004964      0.56336481D-04
  107  0.00005024      0.57707766D-04
  108  0.00005085      0.59112393D-04
  109  0.00005147      0.60551172D-04
  110  0.00005209      0.62024931D-04
  111  0.00005272      0.63534520D-04
  112  0.00005336      0.65080808D-04
  113  0.00005401      0.66664686D-04
  114  0.00005466      0.68287065D-04
  115  0.00005533      0.69948881D-04
  116  0.00005600      0.71651091D-04
  117  0.00005668      0.73394673D-04
  118  0.00005736      0.75180632D-04
  119  0.00005806      0.77009997D-04
  120  0.00005876      0.78883819D-04
  121  0.00005947      0.80803177D-04
  122  0.00006020      0.82769177D-04
  123  0.00006093      0.84782948D-04
  124  0.00006166      0.86845650D-04
  125  0.00006241      0.88958468D-04
  126  0.00006317      0.91122619D-04
  127  0.00006393      0.93339347D-04
  128  0.00006471      0.95609926D-04
  129  0.00006549      0.97935662D-04
  130  0.00006629      0.10031789D-03
  131  0.00006709      0.10275799D-03
  132  0.00006790      0.10525734D-03
  133  0.00006873      0.10781741D-03
  134  0.00006956      0.11043964D-03
  135  0.00007040      0.11312555D-03
  136  0.00007126      0.11587669D-03
  137  0.00007212      0.11869463D-03
  138  0.00007300      0.12158099D-03
  139  0.00007388      0.12453743D-03
  140  0.00007478      0.12756564D-03
  141  0.00007568      0.13066737D-03
  142  0.00007660      0.13384439D-03
  143  0.00007753      0.13709853D-03
  144  0.00007847      0.14043165D-03
  145  0.00007942      0.14384567D-03
  146  0.00008038      0.14734255D-03
  147  0.00008136      0.15092429D-03
  148  0.00008234      0.15459294D-03
  149  0.00008334      0.15835061D-03
  150  0.00008435      0.16219945D-03
  151  0.00008538      0.16614167D-03
  152  0.00008641      0.17017953D-03
  153  0.00008746      0.17431534D-03
  154  0.00008852      0.17855147D-03
  155  0.00008959      0.18289034D-03
  156  0.00009068      0.18733445D-03
  157  0.00009178      0.19188633D-03
  158  0.00009289      0.19654860D-03
  159  0.00009402      0.20132392D-03
  160  0.00009515      0.20621502D-03
  161  0.00009631      0.21122471D-03
  162  0.00009748      0.21635584D-03
  163  0.00009866      0.22161136D-03
  164  0.00009985      0.22699426D-03
  165  0.00010106      0.23250764D-03
  166  0.00010229      0.23815463D-03
  167  0.00010353      0.24393847D-03
  168  0.00010478      0.24986246D-03
  169  0.00010605      0.25592998D-03
  170  0.00010734      0.26214451D-03
  171  0.00010864      0.26850958D-03
  172  0.00010996      0.27502884D-03
  173  0.00011129      0.28170601D-03
  174  0.00011264      0.28854490D-03
  175  0.00011401      0.29554940D-03
  176  0.00011539      0.30272352D-03
  177  0.00011679      0.31007134D-03
  178  0.00011820      0.31759707D-03
  179  0.00011964      0.32530498D-03
  180  0.00012109      0.33319947D-03
  181  0.00012255      0.34128504D-03
  182  0.00012404      0.34956629D-03
  183  0.00012554      0.35804795D-03
  184  0.00012707      0.36673484D-03
  185  0.00012861      0.37563191D-03
  186  0.00013017      0.38474422D-03
  187  0.00013174      0.39407695D-03
  188  0.00013334      0.40363542D-03
  189  0.00013496      0.41342507D-03
  190  0.00013659      0.42345145D-03
  191  0.00013825      0.43372027D-03
  192  0.00013992      0.44423736D-03
  193  0.00014162      0.45500869D-03
  194  0.00014334      0.46604040D-03
  195  0.00014508      0.47733873D-03
  196  0.00014683      0.48891011D-03
  197  0.00014861      0.50076109D-03
  198  0.00015042      0.51289841D-03
  199  0.00015224      0.52532895D-03
  200  0.00015409      0.53805975D-03
  201  0.00015595      0.55109804D-03
  202  0.00015784      0.56445119D-03
  203  0.00015976      0.57812679D-03
  204  0.00016169      0.59213256D-03
  205  0.00016365      0.60647644D-03
  206  0.00016564      0.62116655D-03
  207  0.00016765      0.63621119D-03
  208  0.00016968      0.65161889D-03
  209  0.00017174      0.66739835D-03
  210  0.00017382      0.68355849D-03
  211  0.00017592      0.70010844D-03
  212  0.00017806      0.71705755D-03
  213  0.00018022      0.73441539D-03
  214  0.00018240      0.75219176D-03
  215  0.00018461      0.77039668D-03
  216  0.00018685      0.78904044D-03
  217  0.00018912      0.80813354D-03
  218  0.00019141      0.82768674D-03
  219  0.00019373      0.84771106D-03
  220  0.00019608      0.86821778D-03
  221  0.00019845      0.88921845D-03
  222  0.00020086      0.91072488D-03
  223  0.00020329      0.93274918D-03
  224  0.00020576      0.95530373D-03
  225  0.00020825      0.97840120D-03
  226  0.00021078      0.10020546D-02
  227  0.00021333      0.10262772D-02
  228  0.00021592      0.10510825D-02
  229  0.00021854      0.10764846D-02
  230  0.00022119      0.11024977D-02
  231  0.00022387      0.11291363D-02
  232  0.00022658      0.11564154D-02
  233  0.00022933      0.11843503D-02
  234  0.00023211      0.12129566D-02
  235  0.00023492      0.12422503D-02
  236  0.00023777      0.12722478D-02
  237  0.00024065      0.13029660D-02
  238  0.00024357      0.13344219D-02
  239  0.00024652      0.13666331D-02
  240  0.00024951      0.13996177D-02
  241  0.00025254      0.14333940D-02
  242  0.00025560      0.14679809D-02
  243  0.00025870      0.15033977D-02
  244  0.00026183      0.15396640D-02
  245  0.00026501      0.15768002D-02
  246  0.00026822      0.16148269D-02
  247  0.00027147      0.16537653D-02
  248  0.00027476      0.16936369D-02
  249  0.00027809      0.17344641D-02
  250  0.00028146      0.17762694D-02
  251  0.00028488      0.18190761D-02
  252  0.00028833      0.18629079D-02
  253  0.00029183      0.19077892D-02
  254  0.00029536      0.19537448D-02
  255  0.00029894      0.20008001D-02
  256  0.00030257      0.20489814D-02
  257  0.00030624      0.20983151D-02
  258  0.00030995      0.21488286D-02
  259  0.00031371      0.22005499D-02
  260  0.00031751      0.22535074D-02
  261  0.00032136      0.23077305D-02
  262  0.00032525      0.23632489D-02
  263  0.00032920      0.24200935D-02
  264  0.00033319      0.24782954D-02
  265  0.00033723      0.25378867D-02
  266  0.00034132      0.25989002D-02
  267  0.00034545      0.26613694D-02
  268  0.00034964      0.27253287D-02
  269  0.00035388      0.27908133D-02
  270  0.00035817      0.28578589D-02
  271  0.00036251      0.29265025D-02
  272  0.00036691      0.29967816D-02
  273  0.00037135      0.30687347D-02
  274  0.00037586      0.31424012D-02
  275  0.00038041      0.32178213D-02
  276  0.00038502      0.32950362D-02
  277  0.00038969      0.33740882D-02
  278  0.00039442      0.34550203D-02
  279  0.00039920      0.35378767D-02
  280  0.00040404      0.36227024D-02
  281  0.00040894      0.37095437D-02
  282  0.00041389      0.37984478D-02
  283  0.00041891      0.38894629D-02
  284  0.00042399      0.39826385D-02
  285  0.00042913      0.40780252D-02
  286  0.00043433      0.41756745D-02
  287  0.00043960      0.42756394D-02
  288  0.00044493      0.43779741D-02
  289  0.00045032      0.44827337D-02
  290  0.00045578      0.45899748D-02
  291  0.00046130      0.46997554D-02
  292  0.00046690      0.48121346D-02
  293  0.00047256      0.49271730D-02
  294  0.00047828      0.50449323D-02
  295  0.00048408      0.51654760D-02
  296  0.00048995      0.52888687D-02
  297  0.00049589      0.54151767D-02
  298  0.00050190      0.55444676D-02
  299  0.00050799      0.56768107D-02
  300  0.00051415      0.58122767D-02
  301  0.00052038      0.59509380D-02
  302  0.00052669      0.60928687D-02
  303  0.00053307      0.62381444D-02
  304  0.00053953      0.63868424D-02
  305  0.00054608      0.65390420D-02
  306  0.00055270      0.66948239D-02
  307  0.00055940      0.68542708D-02
  308  0.00056618      0.70174673D-02
  309  0.00057304      0.71844999D-02
  310  0.00057999      0.73554569D-02
  311  0.00058702      0.75304285D-02
  312  0.00059413      0.77095072D-02
  313  0.00060134      0.78927873D-02
  314  0.00060863      0.80803654D-02
  315  0.00061601      0.82723400D-02
  316  0.00062347      0.84688119D-02
  317  0.00063103      0.86698843D-02
  318  0.00063868      0.88756623D-02
  319  0.00064642      0.90862537D-02
  320  0.00065426      0.93017684D-02
  321  0.00066219      0.95223189D-02
  322  0.00067022      0.97480201D-02
  323  0.00067835      0.99789894D-02
  324  0.00068657      0.10215347D-01
  325  0.00069489      0.10457215D-01
  326  0.00070332      0.10704719D-01
  327  0.00071184      0.10957987D-01
  328  0.00072047      0.11217150D-01
  329  0.00072921      0.11482341D-01
  330  0.00073805      0.11753698D-01
  331  0.00074699      0.12031359D-01
  332  0.00075605      0.12315467D-01
  333  0.00076521      0.12606168D-01
  334  0.00077449      0.12903610D-01
  335  0.00078388      0.13207946D-01
  336  0.00079338      0.13519331D-01
  337  0.00080300      0.13837922D-01
  338  0.00081274      0.14163883D-01
  339  0.00082259      0.14497378D-01
  340  0.00083256      0.14838577D-01
  341  0.00084265      0.15187652D-01
  342  0.00085287      0.15544779D-01
  343  0.00086321      0.15910139D-01
  344  0.00087367      0.16283914D-01
  345  0.00088426      0.16666292D-01
  346  0.00089498      0.17057466D-01
  347  0.00090583      0.17457631D-01
  348  0.00091682      0.17866986D-01
  349  0.00092793      0.18285735D-01
  350  0.00093918      0.18714087D-01
  351  0.00095056      0.19152254D-01
  352  0.00096209      0.19600453D-01
  353  0.00097375      0.20058906D-01
  354  0.00098556      0.20527838D-01
  355  0.00099750      0.21007480D-01
  356  0.00100960      0.21498068D-01
  357  0.00102184      0.21999841D-01
  358  0.00103422      0.22513046D-01
  359  0.00104676      0.23037933D-01
  360  0.00105945      0.23574756D-01
  361  0.00107229      0.24123776D-01
  362  0.00108529      0.24685260D-01
  363  0.00109845      0.25259478D-01
  364  0.00111177      0.25846707D-01
  365  0.00112525      0.26447229D-01
  366  0.00113889      0.27061333D-01
  367  0.00115269      0.27689312D-01
  368  0.00116667      0.28331466D-01
  369  0.00118081      0.28988100D-01
  370  0.00119513      0.29659525D-01
  371  0.00120961      0.30346061D-01
  372  0.00122428      0.31048030D-01
  373  0.00123912      0.31765762D-01
  374  0.00125414      0.32499596D-01
  375  0.00126935      0.33249874D-01
  376  0.00128473      0.34016947D-01
  377  0.00130031      0.34801170D-01
  378  0.00131607      0.35602909D-01
  379  0.00133203      0.36422535D-01
  380  0.00134817      0.37260423D-01
  381  0.00136452      0.38116961D-01
  382  0.00138106      0.38992541D-01
  383  0.00139780      0.39887562D-01
  384  0.00141475      0.40802432D-01
  385  0.00143190      0.41737565D-01
  386  0.00144926      0.42693386D-01
  387  0.00146683      0.43670325D-01
  388  0.00148461      0.44668819D-01
  389  0.00150261      0.45689318D-01
  390  0.00152082      0.46732274D-01
  391  0.00153926      0.47798153D-01
  392  0.00155792      0.48887425D-01
  393  0.00157681      0.50000571D-01
  394  0.00159592      0.51138080D-01
  395  0.00161527      0.52300451D-01
  396  0.00163485      0.53488189D-01
  397  0.00165467      0.54701812D-01
  398  0.00167473      0.55941842D-01
  399  0.00169503      0.57208816D-01
  400  0.00171558      0.58503275D-01
  401  0.00173638      0.59825774D-01
  402  0.00175743      0.61176874D-01
  403  0.00177873      0.62557147D-01
  404  0.00180030      0.63967176D-01
  405  0.00182212      0.65407552D-01
  406  0.00184421      0.66878877D-01
  407  0.00186657      0.68381762D-01
  408  0.00188920      0.69916830D-01
  409  0.00191210      0.71484712D-01
  410  0.00193528      0.73086051D-01
  411  0.00195874      0.74721500D-01
  412  0.00198249      0.76391723D-01
  413  0.00200652      0.78097394D-01
  414  0.00203084      0.79839197D-01
  415  0.00205546      0.81617828D-01
  416  0.00208038      0.83433993D-01
  417  0.00210560      0.85288410D-01
  418  0.00213113      0.87181808D-01
  419  0.00215696      0.89114926D-01
  420  0.00218311      0.91088514D-01
  421  0.00220958      0.93103334D-01
  422  0.00223636      0.95160159D-01
  423  0.00226348      0.97259774D-01
  424  0.00229092      0.99402975D-01
  425  0.00231869      0.10159057D+00
  426  0.00234680      0.10382337D+00
  427  0.00237525      0.10610222D+00
  428  0.00240404      0.10842794D+00
  429  0.00243319      0.11080140D+00
  430  0.00246268      0.11322346D+00
  431  0.00249254      0.11569500D+00
  432  0.00252275      0.11821690D+00
  433  0.00255334      0.12079006D+00
  434  0.00258429      0.12341539D+00
  435  0.00261562      0.12609381D+00
  436  0.00264733      0.12882625D+00
  437  0.00267942      0.13161367D+00
  438  0.00271191      0.13445701D+00
  439  0.00274478      0.13735724D+00
  440  0.00277806      0.14031534D+00
  441  0.00281173      0.14333229D+00
  442  0.00284582      0.14640911D+00
  443  0.00288032      0.14954678D+00
  444  0.00291524      0.15274635D+00
  445  0.00295058      0.15600883D+00
  446  0.00298635      0.15933527D+00
  447  0.00302255      0.16272672D+00
  448  0.00305919      0.16618424D+00
  449  0.00309628      0.16970891D+00
  450  0.00313382      0.17330180D+00
  451  0.00317181      0.17696400D+00
  452  0.00321026      0.18069662D+00
  453  0.00324918      0.18450076D+00
  454  0.00328857      0.18837753D+00
  455  0.00332843      0.19232807D+00
  456  0.00336878      0.19635350D+00
  457  0.00340962      0.20045496D+00
  458  0.00345096      0.20463360D+00
  459  0.00349279      0.20889058D+00
  460  0.00353513      0.21322705D+00
  461  0.00357799      0.21764418D+00
  462  0.00362137      0.22214314D+00
  463  0.00366527      0.22672511D+00
  464  0.00370970      0.23139126D+00
  465  0.00375467      0.23614280D+00
  466  0.00380019      0.24098089D+00
  467  0.00384626      0.24590673D+00
  468  0.00389289      0.25092153D+00
  469  0.00394008      0.25602646D+00
  470  0.00398785      0.26122273D+00
  471  0.00403619      0.26651153D+00
  472  0.00408512      0.27189406D+00
  473  0.00413464      0.27737152D+00
  474  0.00418477      0.28294509D+00
  475  0.00423550      0.28861597D+00
  476  0.00428685      0.29438534D+00
  477  0.00433882      0.30025438D+00
  478  0.00439141      0.30622427D+00
  479  0.00444465      0.31229619D+00
  480  0.00449853      0.31847128D+00
  481  0.00455307      0.32475071D+00
  482  0.00460827      0.33113562D+00
  483  0.00466413      0.33762715D+00
  484  0.00472067      0.34422641D+00
  485  0.00477790      0.35093453D+00
  486  0.00483582      0.35775258D+00
  487  0.00489445      0.36468166D+00
  488  0.00495378      0.37172283D+00
  489  0.00501384      0.37887713D+00
  490  0.00507462      0.38614559D+00
  491  0.00513614      0.39352921D+00
  492  0.00519840      0.40102899D+00
  493  0.00526142      0.40864588D+00
  494  0.00532521      0.41638081D+00
  495  0.00538976      0.42423470D+00
  496  0.00545510      0.43220843D+00
  497  0.00552123      0.44030284D+00
  498  0.00558817      0.44851875D+00
  499  0.00565591      0.45685695D+00
  500  0.00572448      0.46531819D+00
  501  0.00579388      0.47390318D+00
  502  0.00586411      0.48261260D+00
  503  0.00593520      0.49144707D+00
  504  0.00600716      0.50040718D+00
  505  0.00607998      0.50949349D+00
  506  0.00615369      0.51870648D+00
  507  0.00622829      0.52804661D+00
  508  0.00630379      0.53751426D+00
  509  0.00638021      0.54710979D+00
  510  0.00645756      0.55683349D+00
  511  0.00653584      0.56668557D+00
  512  0.00661508      0.57666621D+00
  513  0.00669527      0.58677551D+00
  514  0.00677644      0.59701352D+00
  515  0.00685859      0.60738020D+00
  516  0.00694173      0.61787546D+00
  517  0.00702589      0.62849913D+00
  518  0.00711106      0.63925096D+00
  519  0.00719727      0.65013062D+00
  520  0.00728452      0.66113772D+00
  521  0.00737283      0.67227176D+00
  522  0.00746221      0.68353216D+00
  523  0.00755267      0.69491828D+00
  524  0.00764423      0.70642934D+00
  525  0.00773690      0.71806451D+00
  526  0.00783070      0.72982284D+00
  527  0.00792563      0.74170328D+00
  528  0.00802171      0.75370469D+00
  529  0.00811896      0.76582580D+00
  530  0.00821738      0.77806526D+00
  531  0.00831700      0.79042160D+00
  532  0.00841783      0.80289322D+00
  533  0.00851987      0.81547843D+00
  534  0.00862316      0.82817540D+00
  535  0.00872770      0.84098217D+00
  536  0.00883350      0.85389669D+00
  537  0.00894059      0.86691675D+00
  538  0.00904898      0.88004002D+00
  539  0.00915868      0.89326403D+00
  540  0.00926971      0.90658618D+00
  541  0.00938208      0.92000373D+00
  542  0.00949582      0.93351380D+00
  543  0.00961094      0.94711336D+00
  544  0.00972745      0.96079924D+00
  545  0.00984537      0.97456811D+00
  546  0.00996473      0.98841650D+00
  547  0.01008553      0.10023408D+01
  548  0.01020779      0.10163372D+01
  549  0.01033154      0.10304017D+01
  550  0.01045679      0.10445303D+01
  551  0.01058356      0.10587187D+01
  552  0.01071186      0.10729624D+01
  553  0.01084172      0.10872569D+01
  554  0.01097315      0.11015974D+01
  555  0.01110618      0.11159789D+01
  556  0.01124082      0.11303964D+01
  557  0.01137709      0.11448446D+01
  558  0.01151501      0.11593180D+01
  559  0.01165461      0.11738110D+01
  560  0.01179590      0.11883177D+01
  561  0.01193890      0.12028324D+01
  562  0.01208363      0.12173486D+01
  563  0.01223012      0.12318603D+01
  564  0.01237838      0.12463608D+01
  565  0.01252845      0.12608434D+01
  566  0.01268033      0.12753014D+01
  567  0.01283405      0.12897277D+01
  568  0.01298963      0.13041151D+01
  569  0.01314711      0.13184563D+01
  570  0.01330649      0.13327437D+01
  571  0.01346780      0.13469696D+01
  572  0.01363107      0.13611261D+01
  573  0.01379632      0.13752053D+01
  574  0.01396357      0.13891989D+01
  575  0.01413285      0.14030985D+01
  576  0.01430418      0.14168957D+01
  577  0.01447759      0.14305818D+01
  578  0.01465310      0.14441481D+01
  579  0.01483073      0.14575855D+01
  580  0.01501053      0.14708850D+01
  581  0.01519250      0.14840375D+01
  582  0.01537667      0.14970334D+01
  583  0.01556308      0.15098635D+01
  584  0.01575175      0.15225181D+01
  585  0.01594271      0.15349876D+01
  586  0.01613598      0.15472621D+01
  587  0.01633160      0.15593319D+01
  588  0.01652958      0.15711869D+01
  589  0.01672997      0.15828171D+01
  590  0.01693279      0.15942124D+01
  591  0.01713806      0.16053627D+01
  592  0.01734582      0.16162578D+01
  593  0.01755610      0.16268873D+01
  594  0.01776894      0.16372411D+01
  595  0.01798435      0.16473088D+01
  596  0.01820237      0.16570801D+01
  597  0.01842303      0.16665448D+01
  598  0.01864638      0.16756925D+01
  599  0.01887242      0.16845130D+01
  600  0.01910121      0.16929961D+01
  601  0.01933277      0.17011316D+01
  602  0.01956714      0.17089094D+01
  603  0.01980435      0.17163195D+01
  604  0.02004444      0.17233520D+01
  605  0.02028744      0.17299971D+01
  606  0.02053338      0.17362451D+01
  607  0.02078230      0.17420865D+01
  608  0.02103424      0.17475119D+01
  609  0.02128924      0.17525120D+01
  610  0.02154733      0.17570778D+01
  611  0.02180854      0.17612006D+01
  612  0.02207293      0.17648716D+01
  613  0.02234051      0.17680826D+01
  614  0.02261135      0.17708253D+01
  615  0.02288546      0.17730920D+01
  616  0.02316290      0.17748751D+01
  617  0.02344370      0.17761673D+01
  618  0.02372791      0.17769616D+01
  619  0.02401556      0.17772515D+01
  620  0.02430669      0.17770307D+01
  621  0.02460136      0.17762933D+01
  622  0.02489960      0.17750337D+01
  623  0.02520146      0.17732470D+01
  624  0.02550697      0.17709283D+01
  625  0.02581619      0.17680735D+01
  626  0.02612916      0.17646787D+01
  627  0.02644592      0.17607407D+01
  628  0.02676652      0.17562565D+01
  629  0.02709101      0.17512237D+01
  630  0.02741943      0.17456406D+01
  631  0.02775183      0.17395058D+01
  632  0.02808826      0.17328184D+01
  633  0.02842878      0.17255783D+01
  634  0.02877341      0.17177857D+01
  635  0.02912223      0.17094415D+01
  636  0.02947528      0.17005472D+01
  637  0.02983260      0.16911047D+01
  638  0.03019426      0.16811168D+01
  639  0.03056030      0.16705866D+01
  640  0.03093078      0.16595181D+01
  641  0.03130575      0.16479157D+01
  642  0.03168527      0.16357844D+01
  643  0.03206939      0.16231300D+01
  644  0.03245816      0.16099589D+01
  645  0.03285165      0.15962779D+01
  646  0.03324990      0.15820947D+01
  647  0.03365299      0.15674176D+01
  648  0.03406096      0.15522553D+01
  649  0.03447388      0.15366173D+01
  650  0.03489180      0.15205137D+01
  651  0.03531479      0.15039552D+01
  652  0.03574291      0.14869531D+01
  653  0.03617622      0.14695193D+01
  654  0.03661478      0.14516662D+01
  655  0.03705865      0.14334068D+01
  656  0.03750791      0.14147548D+01
  657  0.03796262      0.13957243D+01
  658  0.03842283      0.13763299D+01
  659  0.03888863      0.13565867D+01
  660  0.03936007      0.13365104D+01
  661  0.03983723      0.13161172D+01
  662  0.04032017      0.12954235D+01
  663  0.04080897      0.12744464D+01
  664  0.04130369      0.12532032D+01
  665  0.04180441      0.12317116D+01
  666  0.04231120      0.12099897D+01
  667  0.04282414      0.11880560D+01
  668  0.04334329      0.11659291D+01
  669  0.04386874      0.11436280D+01
  670  0.04440055      0.11211717D+01
  671  0.04493882      0.10985798D+01
  672  0.04548361      0.10758716D+01
  673  0.04603500      0.10530669D+01
  674  0.04659308      0.10301853D+01
  675  0.04715792      0.10072468D+01
  676  0.04772961      0.98427096D+00
  677  0.04830823      0.96127773D+00
  678  0.04889387      0.93828682D+00
  679  0.04948660      0.91531789D+00
  680  0.05008652      0.89239046D+00
  681  0.05069372      0.86952391D+00
  682  0.05130827      0.84673740D+00
  683  0.05193028      0.82404988D+00
  684  0.05255982      0.80148001D+00
  685  0.05319700      0.77904615D+00
  686  0.05384190      0.75676632D+00
  687  0.05449462      0.73465817D+00
  688  0.05515525      0.71273893D+00
  689  0.05582389      0.69102541D+00
  690  0.05650064      0.66953393D+00
  691  0.05718559      0.64828030D+00
  692  0.05787885      0.62727984D+00
  693  0.05858051      0.60654725D+00
  694  0.05929067      0.58609670D+00
  695  0.06000945      0.56594172D+00
  696  0.06073693      0.54609522D+00
  697  0.06147324      0.52656943D+00
  698  0.06221848      0.50737595D+00
  699  0.06297274      0.48852565D+00
  700  0.06373616      0.47002870D+00
  701  0.06450882      0.45189457D+00
  702  0.06529086      0.43413197D+00
  703  0.06608237      0.41674888D+00
  704  0.06688348      0.39975254D+00
  705  0.06769430      0.38314941D+00
  706  0.06851495      0.36694520D+00
  707  0.06934555      0.35114488D+00
  708  0.07018622      0.33575264D+00
  709  0.07103708      0.32077191D+00
  710  0.07189826      0.30620539D+00
  711  0.07276987      0.29205502D+00
  712  0.07365205      0.27832202D+00
  713  0.07454493      0.26500689D+00
  714  0.07544863      0.25210940D+00
  715  0.07636329      0.23962865D+00
  716  0.07728903      0.22756306D+00
  717  0.07822600      0.21591040D+00
  718  0.07917432      0.20466779D+00
  719  0.08013415      0.19383176D+00
  720  0.08110560      0.18339822D+00
  721  0.08208884      0.17336255D+00
  722  0.08308399      0.16371957D+00
  723  0.08409121      0.15446360D+00
  724  0.08511064      0.14558849D+00
  725  0.08614243      0.13708762D+00
  726  0.08718672      0.12895395D+00
  727  0.08824368      0.12118007D+00
  728  0.08931345      0.11375820D+00
  729  0.09039619      0.10668022D+00
  730  0.09149205      0.99937728D-01
  731  0.09260120      0.93522065D-01
  732  0.09372379      0.87424328D-01
  733  0.09486000      0.81635421D-01
  734  0.09600997      0.76146075D-01
  735  0.09717389      0.70946888D-01
  736  0.09835192      0.66028347D-01
  737  0.09954423      0.61380865D-01
  738  0.10075100      0.56994804D-01
  739  0.10197239      0.52860506D-01
  740  0.10320859      0.48968321D-01
  741  0.10445978      0.45308628D-01
  742  0.10572613      0.41871868D-01
  743  0.10700784      0.38648559D-01
  744  0.10830509      0.35629325D-01
  745  0.10961806      0.32804912D-01
  746  0.11094695      0.30166211D-01
  747  0.11229194      0.27704276D-01
  748  0.11365325      0.25410339D-01
  749  0.11503105      0.23275826D-01
  750  0.11642556      0.21292372D-01
  751  0.11783698      0.19451833D-01
  752  0.11926550      0.17746296D-01
  753  0.12071135      0.16168087D-01
  754  0.12217472      0.14709784D-01
  755  0.12365583      0.13364220D-01
  756  0.12515490      0.12124487D-01
  757  0.12667214      0.10983945D-01
  758  0.12820777      0.99362195D-02
  759  0.12976202      0.89752059D-02
  760  0.13133511      0.80950690D-02
  761  0.13292727      0.72902424D-02
  762  0.13453874      0.65554265D-02
  763  0.13616973      0.58855862D-02
  764  0.13782051      0.52759466D-02
  765  0.13949129      0.47219891D-02
  766  0.14118233      0.42194457D-02
  767  0.14289387      0.37642938D-02
  768  0.14462615      0.33527489D-02
  769  0.14637944      0.29812582D-02
  770  0.14815399      0.26464929D-02
  771  0.14995004      0.23453405D-02
  772  0.15176787      0.20748964D-02
  773  0.15360774      0.18324560D-02
  774  0.15546991      0.16155053D-02
  775  0.15735465      0.14217132D-02
  776  0.15926225      0.12489219D-02
  777  0.16119297      0.10951385D-02
  778  0.16314709      0.95852623D-03
  779  0.16512491      0.83739574D-03
  780  0.16712670      0.73019654D-03
  781  0.16915276      0.63550861D-03
  782  0.17120338      0.55203425D-03
  783  0.17327886      0.47859004D-03
  784  0.17537950      0.41409918D-03
  785  0.17750561      0.35758400D-03
  786  0.17965749      0.30815880D-03
  787  0.18183546      0.26502298D-03
  788  0.18403983      0.22745449D-03
  789  0.18627093      0.19480358D-03
  790  0.18852907      0.16648691D-03
  791  0.19081459      0.14198196D-03
  792  0.19312782      0.12082178D-03
  793  0.19546908      0.10259004D-03
  794  0.19783874      0.86916428D-04
  795  0.20023711      0.73472340D-04
  796  0.20266457      0.61966898D-04
  797  0.20512145      0.52143227D-04
  798  0.20760812      0.43775042D-04
  799  0.21012493      0.36663495D-04
  800  0.21267225      0.30634286D-04
  801  0.21525045      0.25535014D-04
  802  0.21785991      0.21232765D-04
  803  0.22050101      0.17611919D-04
  804  0.22317412      0.14572158D-04
  805  0.22587963      0.12026668D-04
  806  0.22861795      0.99005242D-05
  807  0.23138946      0.81292293D-05
  808  0.23419457      0.66574156D-05
  809  0.23703369      0.54376806D-05
  810  0.23990722      0.44295532D-05
  811  0.24281559      0.35985758D-05
  812  0.24575922      0.29154932D-05
  813  0.24873853      0.23555376D-05
  814  0.25175396      0.18978002D-05
  815  0.25480595      0.15246811D-05
  816  0.25789494      0.12214089D-05
  817  0.26102137      0.97562301D-06
  818  0.26418571      0.77701063D-06
  819  0.26738840      0.61699383D-06
  820  0.27062992      0.48845931D-06
  821  0.27391074      0.38552653D-06
  822  0.27723133      0.30334921D-06
  823  0.28059218      0.23794600D-06
  824  0.28399377      0.18605654D-06
  825  0.28743660      0.14501946D-06
  826  0.29092116      0.11266945D-06
  827  0.29444797      0.87250519D-07
  828  0.29801753      0.67343413D-07
  829  0.30163037      0.51804867D-07
  830  0.30528700      0.39717071D-07
  831  0.30898796      0.30345743D-07
  832  0.31273379      0.23105464D-07
  833  0.31652503      0.17531145D-07
  834  0.32036223      0.13254598D-07
  835  0.32424595      0.99853980D-08
  836  0.32817675      0.74952894D-08
  837  0.33215520      0.56055346D-08
  838  0.33618188      0.41766923D-08
  839  0.34025738      0.31003857D-08
  840  0.34438229      0.22927014D-08
  841  0.34855720      0.16889172D-08
  842  0.35278272      0.12393060D-08
  843  0.35705947      0.90581226D-09
  844  0.36138806      0.65942752D-09
  845  0.36576913      0.47812866D-09
  846  0.37020332      0.34526348D-09
  847  0.37469125      0.24829260D-09
  848  0.37923360      0.17781279D-09
  849  0.38383100      0.12680224D-09
  850  0.38848415      0.90039664D-10
  851  0.39319370      0.63659305D-10
  852  0.39796035      0.44811432D-10
  853  0.40278478      0.31404522D-10
  854  0.40766770      0.21910347D-10
  855  0.41260981      0.15217280D-10
  856  0.41761184      0.10520399D-10
  857  0.42267450      0.72395440D-11
  858  0.42779854      0.49584988D-11
  859  0.43298470      0.33800650D-11
  860  0.43823373      0.22930382D-11
  861  0.44354639      0.15480472D-11
  862  0.44892346      0.10399651D-11
  863  0.45436571      0.69516769D-12
  864  0.45987394      0.46235021D-12
  865  0.46544894      0.30594069D-12
  866  0.47109153      0.20140111D-12
  867  0.47680252      0.13189197D-12
  868  0.48258275      0.85917158D-13
  869  0.48843305      0.55669759D-13
  870  0.49435427      0.35876435D-13
  871  0.50034728      0.22994404D-13
  872  0.50641294      0.14656499D-13
  873  0.51255213      0.92897880D-14
  874  0.51876575      0.58549258D-14
  875  0.52505469      0.36690205D-14
  876  0.53141987      0.22859484D-14
  877  0.53786222      0.14159471D-14
  878  0.54438267      0.87191225D-15
  879  0.55098216      0.53374221D-15
  880  0.55766166      0.32480749D-15
  881  0.56442214      0.19650749D-15
  882  0.57126457      0.11820347D-15
  883  0.57818995      0.70731909D-16
  884  0.58519928      0.42116909D-16
  885  0.59229360      0.24937020D-16
  886  0.59947391      0.14832330D-16
  887  0.60674127      0.86502424D-17
  888  0.61409673      0.49716938D-17
  889  0.62154136      0.28383413D-17
  890  0.62907624      0.16094359D-17
  891  0.63670247      0.90634962D-18
  892  0.64442115      0.00000000D+00
  893  0.65223340      0.00000000D+00
  894  0.66014035      0.00000000D+00
  895  0.66814317      0.00000000D+00
  896  0.67624300      0.00000000D+00
  897  0.68444102      0.00000000D+00
  898  0.69273843      0.00000000D+00
  899  0.70113643      0.00000000D+00
  900  0.70963623      0.00000000D+00
  901  0.71823908      0.00000000D+00
  902  0.72694621      0.00000000D+00
  903  0.73575891      0.00000000D+00
  904  0.74467844      0.00000000D+00
  905  0.75370609      0.00000000D+00
  906  0.76284320      0.00000000D+00
  907  0.77209106      0.00000000D+00
  908  0.78145104      0.00000000D+00
  909  0.79092449      0.00000000D+00
  910  0.80051279      0.00000000D+00
  911  0.81021732      0.00000000D+00
  912  0.82003950      0.00000000D+00
  913  0.82998076      0.00000000D+00
  914  0.84004253      0.00000000D+00
  915  0.85022628      0.00000000D+00
  916  0.86053348      0.00000000D+00
  917  0.87096564      0.00000000D+00
  918  0.88152427      0.00000000D+00
  919  0.89221089      0.00000000D+00
  920  0.90302707      0.00000000D+00
  921  0.91397438      0.00000000D+00
  922  0.92505439      0.00000000D+00
  923  0.93626873      0.00000000D+00
  924  0.94761902      0.00000000D+00
  925  0.95910691      0.00000000D+00
  926  0.97073406      0.00000000D+00
  927  0.98250217      0.00000000D+00
  928  0.99441294      0.00000000D+00
  929  1.00646810      0.00000000D+00
  930  1.01866941      0.00000000D+00
  931  1.03101864      0.00000000D+00
  932  1.04351757      0.00000000D+00
  933  1.05616802      0.00000000D+00
  934  1.06897184      0.00000000D+00
  935  1.08193087      0.00000000D+00
  936  1.09504701      0.00000000D+00
  937  1.10832215      0.00000000D+00
  938  1.12175822      0.00000000D+00
  939  1.13535718      0.00000000D+00
  940  1.14912100      0.00000000D+00
  941  1.16305167      0.00000000D+00
  942  1.17715123      0.00000000D+00
  943  1.19142171      0.00000000D+00
  944  1.20586519      0.00000000D+00
  945  1.22048377      0.00000000D+00
  946  1.23527957      0.00000000D+00
  947  1.25025474      0.00000000D+00
  948  1.26541144      0.00000000D+00
  949  1.28075190      0.00000000D+00
  950  1.29627832      0.00000000D+00
  951  1.31199297      0.00000000D+00
  952  1.32789812      0.00000000D+00
  953  1.34399609      0.00000000D+00
  954  1.36028922      0.00000000D+00
  955  1.37677986      0.00000000D+00
  956  1.39347042      0.00000000D+00
  957  1.41036332      0.00000000D+00
  958  1.42746101      0.00000000D+00
  959  1.44476597      0.00000000D+00
  960  1.46228071      0.00000000D+00
  961  1.48000779      0.00000000D+00
  962  1.49794977      0.00000000D+00
  963  1.51610926      0.00000000D+00
  964  1.53448890      0.00000000D+00
  965  1.55309135      0.00000000D+00
  966  1.57191931      0.00000000D+00
  967  1.59097553      0.00000000D+00
  968  1.61026276      0.00000000D+00
  969  1.62978381      0.00000000D+00
  970  1.64954151      0.00000000D+00
  971  1.66953873      0.00000000D+00
  972  1.68977837      0.00000000D+00
  973  1.71026338      0.00000000D+00
  974  1.73099672      0.00000000D+00
  975  1.75198142      0.00000000D+00
  976  1.77322051      0.00000000D+00
  977  1.79471707      0.00000000D+00
  978  1.81647424      0.00000000D+00
  979  1.83849517      0.00000000D+00
  980  1.86078306      0.00000000D+00
  981  1.88334114      0.00000000D+00
  982  1.90617269      0.00000000D+00
  983  1.92928102      0.00000000D+00
  984  1.95266949      0.00000000D+00
  985  1.97634150      0.00000000D+00
  986  2.00030049      0.00000000D+00
  987  2.02454992      0.00000000D+00
  988  2.04909333      0.00000000D+00
  989  2.07393428      0.00000000D+00
  990  2.09907637      0.00000000D+00
  991  2.12452325      0.00000000D+00
  992  2.15027863      0.00000000D+00
  993  2.17634623      0.00000000D+00
  994  2.20272985      0.00000000D+00
  995  2.22943331      0.00000000D+00
  996  2.25646050      0.00000000D+00
  997  2.28381534      0.00000000D+00
  998  2.31150180      0.00000000D+00
  999  2.33952389      0.00000000D+00
 1000  2.36788570      0.00000000D+00
 1001  2.39659133      0.00000000D+00
 1002  2.42564496      0.00000000D+00
 1003  2.45505080      0.00000000D+00
 1004  2.48481313      0.00000000D+00
 1005  2.51493626      0.00000000D+00
 1006  2.54542457      0.00000000D+00
 1007  2.57628249      0.00000000D+00
 1008  2.60751449      0.00000000D+00
 1009  2.63912512      0.00000000D+00
 1010  2.67111896      0.00000000D+00
 1011  2.70350066      0.00000000D+00
 1012  2.73627491      0.00000000D+00
 1013  2.76944649      0.00000000D+00
 1014  2.80302020      0.00000000D+00
 1015  2.83700093      0.00000000D+00
 1016  2.87139359      0.00000000D+00
 1017  2.90620320      0.00000000D+00
 1018  2.94143480      0.00000000D+00
 1019  2.97709351      0.00000000D+00
 1020  3.01318450      0.00000000D+00
 1021  3.04971303      0.00000000D+00
 1022  3.08668438      0.00000000D+00
 1023  3.12410393      0.00000000D+00
 1024  3.16197712      0.00000000D+00
 1025  3.20030944      0.00000000D+00
 1026  3.23910646      0.00000000D+00
 1027  3.27837381      0.00000000D+00
 1028  3.31811720      0.00000000D+00
 1029  3.35834239      0.00000000D+00
 1030  3.39905522      0.00000000D+00
 1031  3.44026162      0.00000000D+00
