 ir        r              f(r)*r^2
    1  0.00001401      0.80324809D-07
    2  0.00001418      0.82282979D-07
    3  0.00001435      0.84288870D-07
    4  0.00001452      0.86343646D-07
    5  0.00001470      0.88448498D-07
    6  0.00001488      0.90604644D-07
    7  0.00001506      0.92813335D-07
    8  0.00001524      0.95075850D-07
    9  0.00001542      0.97393500D-07
   10  0.00001561      0.99767629D-07
   11  0.00001580      0.10219961D-06
   12  0.00001599      0.10469086D-06
   13  0.00001619      0.10724281D-06
   14  0.00001638      0.10985695D-06
   15  0.00001658      0.11253478D-06
   16  0.00001678      0.11527787D-06
   17  0.00001699      0.11808779D-06
   18  0.00001719      0.12096619D-06
   19  0.00001740      0.12391472D-06
   20  0.00001761      0.12693509D-06
   21  0.00001782      0.13002905D-06
   22  0.00001804      0.13319840D-06
   23  0.00001826      0.13644497D-06
   24  0.00001848      0.13977064D-06
   25  0.00001870      0.14317734D-06
   26  0.00001893      0.14666703D-06
   27  0.00001916      0.15024175D-06
   28  0.00001939      0.15390356D-06
   29  0.00001963      0.15765458D-06
   30  0.00001987      0.16149698D-06
   31  0.00002011      0.16543299D-06
   32  0.00002035      0.16946488D-06
   33  0.00002060      0.17359500D-06
   34  0.00002085      0.17782573D-06
   35  0.00002110      0.18215952D-06
   36  0.00002136      0.18659888D-06
   37  0.00002161      0.19114639D-06
   38  0.00002188      0.19580466D-06
   39  0.00002214      0.20057641D-06
   40  0.00002241      0.20546439D-06
   41  0.00002268      0.21047143D-06
   42  0.00002296      0.21560042D-06
   43  0.00002323      0.22085435D-06
   44  0.00002352      0.22623624D-06
   45  0.00002380      0.23174921D-06
   46  0.00002409      0.23739646D-06
   47  0.00002438      0.24318125D-06
   48  0.00002468      0.24910692D-06
   49  0.00002498      0.25517691D-06
   50  0.00002528      0.26139473D-06
   51  0.00002559      0.26776397D-06
   52  0.00002590      0.27428833D-06
   53  0.00002621      0.28097156D-06
   54  0.00002653      0.28781755D-06
   55  0.00002685      0.29483025D-06
   56  0.00002718      0.30201371D-06
   57  0.00002750      0.30937209D-06
   58  0.00002784      0.31690965D-06
   59  0.00002818      0.32463075D-06
   60  0.00002852      0.33253984D-06
   61  0.00002886      0.34064151D-06
   62  0.00002921      0.34894044D-06
   63  0.00002957      0.35744142D-06
   64  0.00002993      0.36614937D-06
   65  0.00003029      0.37506933D-06
   66  0.00003066      0.38420645D-06
   67  0.00003103      0.39356602D-06
   68  0.00003140      0.40315343D-06
   69  0.00003178      0.41297425D-06
   70  0.00003217      0.42303413D-06
   71  0.00003256      0.43333890D-06
   72  0.00003295      0.44389451D-06
   73  0.00003335      0.45470705D-06
   74  0.00003376      0.46578278D-06
   75  0.00003417      0.47712810D-06
   76  0.00003458      0.48874956D-06
   77  0.00003500      0.50065387D-06
   78  0.00003542      0.51284792D-06
   79  0.00003585      0.52533873D-06
   80  0.00003629      0.53813354D-06
   81  0.00003673      0.55123972D-06
   82  0.00003717      0.56466485D-06
   83  0.00003762      0.57841667D-06
   84  0.00003808      0.59250314D-06
   85  0.00003854      0.60693238D-06
   86  0.00003901      0.62171272D-06
   87  0.00003948      0.63685270D-06
   88  0.00003996      0.65236105D-06
   89  0.00004045      0.66824673D-06
   90  0.00004094      0.68451890D-06
   91  0.00004143      0.70118696D-06
   92  0.00004193      0.71826053D-06
   93  0.00004244      0.73574945D-06
   94  0.00004296      0.75366382D-06
   95  0.00004348      0.77201397D-06
   96  0.00004401      0.79081049D-06
   97  0.00004454      0.81006422D-06
   98  0.00004508      0.82978626D-06
   99  0.00004563      0.84998800D-06
  100  0.00004618      0.87068108D-06
  101  0.00004674      0.89187743D-06
  102  0.00004730      0.91358927D-06
  103  0.00004788      0.93582913D-06
  104  0.00004846      0.95860982D-06
  105  0.00004905      0.98194447D-06
  106  0.00004964      0.10058465D-05
  107  0.00005024      0.10303298D-05
  108  0.00005085      0.10554084D-05
  109  0.00005147      0.10810967D-05
  110  0.00005209      0.11074095D-05
  111  0.00005272      0.11343621D-05
  112  0.00005336      0.11619699D-05
  113  0.00005401      0.11902488D-05
  114  0.00005466      0.12192152D-05
  115  0.00005533      0.12488856D-05
  116  0.00005600      0.12792773D-05
  117  0.00005668      0.13104076D-05
  118  0.00005736      0.13422945D-05
  119  0.00005806      0.13749564D-05
  120  0.00005876      0.14084121D-05
  121  0.00005947      0.14426807D-05
  122  0.00006020      0.14777821D-05
  123  0.00006093      0.15137365D-05
  124  0.00006166      0.15505644D-05
  125  0.00006241      0.15882871D-05
  126  0.00006317      0.16269264D-05
  127  0.00006393      0.16665043D-05
  128  0.00006471      0.17070437D-05
  129  0.00006549      0.17485679D-05
  130  0.00006629      0.17911008D-05
  131  0.00006709      0.18346667D-05
  132  0.00006790      0.18792908D-05
  133  0.00006873      0.19249987D-05
  134  0.00006956      0.19718166D-05
  135  0.00007040      0.20197714D-05
  136  0.00007126      0.20688908D-05
  137  0.00007212      0.21192028D-05
  138  0.00007300      0.21707365D-05
  139  0.00007388      0.22235213D-05
  140  0.00007478      0.22775876D-05
  141  0.00007568      0.23329665D-05
  142  0.00007660      0.23896896D-05
  143  0.00007753      0.24477896D-05
  144  0.00007847      0.25072998D-05
  145  0.00007942      0.25682544D-05
  146  0.00008038      0.26306883D-05
  147  0.00008136      0.26946372D-05
  148  0.00008234      0.27601380D-05
  149  0.00008334      0.28272280D-05
  150  0.00008435      0.28959459D-05
  151  0.00008538      0.29663310D-05
  152  0.00008641      0.30384236D-05
  153  0.00008746      0.31122650D-05
  154  0.00008852      0.31878975D-05
  155  0.00008959      0.32653645D-05
  156  0.00009068      0.33447102D-05
  157  0.00009178      0.34259803D-05
  158  0.00009289      0.35092211D-05
  159  0.00009402      0.35944803D-05
  160  0.00009515      0.36818067D-05
  161  0.00009631      0.37712503D-05
  162  0.00009748      0.38628622D-05
  163  0.00009866      0.39566949D-05
  164  0.00009985      0.40528020D-05
  165  0.00010106      0.41512384D-05
  166  0.00010229      0.42520604D-05
  167  0.00010353      0.43553257D-05
  168  0.00010478      0.44610933D-05
  169  0.00010605      0.45694235D-05
  170  0.00010734      0.46803782D-05
  171  0.00010864      0.47940209D-05
  172  0.00010996      0.49104164D-05
  173  0.00011129      0.50296311D-05
  174  0.00011264      0.51517330D-05
  175  0.00011401      0.52767920D-05
  176  0.00011539      0.54048792D-05
  177  0.00011679      0.55360677D-05
  178  0.00011820      0.56704324D-05
  179  0.00011964      0.58080499D-05
  180  0.00012109      0.59489985D-05
  181  0.00012255      0.60933586D-05
  182  0.00012404      0.62412124D-05
  183  0.00012554      0.63926442D-05
  184  0.00012707      0.65477401D-05
  185  0.00012861      0.67065885D-05
  186  0.00013017      0.68692797D-05
  187  0.00013174      0.70359064D-05
  188  0.00013334      0.72065633D-05
  189  0.00013496      0.73813475D-05
  190  0.00013659      0.75603583D-05
  191  0.00013825      0.77436975D-05
  192  0.00013992      0.79314692D-05
  193  0.00014162      0.81237802D-05
  194  0.00014334      0.83207397D-05
  195  0.00014508      0.85224595D-05
  196  0.00014683      0.87290541D-05
  197  0.00014861      0.89406407D-05
  198  0.00015042      0.91573394D-05
  199  0.00015224      0.93792731D-05
  200  0.00015409      0.96065675D-05
  201  0.00015595      0.98393516D-05
  202  0.00015784      0.10077757D-04
  203  0.00015976      0.10321919D-04
  204  0.00016169      0.10571976D-04
  205  0.00016365      0.10828070D-04
  206  0.00016564      0.11090345D-04
  207  0.00016765      0.11358949D-04
  208  0.00016968      0.11634035D-04
  209  0.00017174      0.11915759D-04
  210  0.00017382      0.12204279D-04
  211  0.00017592      0.12499758D-04
  212  0.00017806      0.12802363D-04
  213  0.00018022      0.13112266D-04
  214  0.00018240      0.13429640D-04
  215  0.00018461      0.13754666D-04
  216  0.00018685      0.14087527D-04
  217  0.00018912      0.14428409D-04
  218  0.00019141      0.14777506D-04
  219  0.00019373      0.15135013D-04
  220  0.00019608      0.15501133D-04
  221  0.00019845      0.15876072D-04
  222  0.00020086      0.16260039D-04
  223  0.00020329      0.16653253D-04
  224  0.00020576      0.17055932D-04
  225  0.00020825      0.17468305D-04
  226  0.00021078      0.17890602D-04
  227  0.00021333      0.18323061D-04
  228  0.00021592      0.18765924D-04
  229  0.00021854      0.19219440D-04
  230  0.00022119      0.19683864D-04
  231  0.00022387      0.20159456D-04
  232  0.00022658      0.20646482D-04
  233  0.00022933      0.21145215D-04
  234  0.00023211      0.21655934D-04
  235  0.00023492      0.22178926D-04
  236  0.00023777      0.22714483D-04
  237  0.00024065      0.23262904D-04
  238  0.00024357      0.23824496D-04
  239  0.00024652      0.24399572D-04
  240  0.00024951      0.24988454D-04
  241  0.00025254      0.25591471D-04
  242  0.00025560      0.26208958D-04
  243  0.00025870      0.26841260D-04
  244  0.00026183      0.27488730D-04
  245  0.00026501      0.28151727D-04
  246  0.00026822      0.28830622D-04
  247  0.00027147      0.29525791D-04
  248  0.00027476      0.30237621D-04
  249  0.00027809      0.30966509D-04
  250  0.00028146      0.31712858D-04
  251  0.00028488      0.32477084D-04
  252  0.00028833      0.33259610D-04
  253  0.00029183      0.34060870D-04
  254  0.00029536      0.34881308D-04
  255  0.00029894      0.35721379D-04
  256  0.00030257      0.36581548D-04
  257  0.00030624      0.37462290D-04
  258  0.00030995      0.38364093D-04
  259  0.00031371      0.39287455D-04
  260  0.00031751      0.40232886D-04
  261  0.00032136      0.41200908D-04
  262  0.00032525      0.42192054D-04
  263  0.00032920      0.43206871D-04
  264  0.00033319      0.44245917D-04
  265  0.00033723      0.45309765D-04
  266  0.00034132      0.46399001D-04
  267  0.00034545      0.47514221D-04
  268  0.00034964      0.48656041D-04
  269  0.00035388      0.49825085D-04
  270  0.00035817      0.51021995D-04
  271  0.00036251      0.52247428D-04
  272  0.00036691      0.53502055D-04
  273  0.00037135      0.54786562D-04
  274  0.00037586      0.56101652D-04
  275  0.00038041      0.57448044D-04
  276  0.00038502      0.58826473D-04
  277  0.00038969      0.60237691D-04
  278  0.00039442      0.61682468D-04
  279  0.00039920      0.63161591D-04
  280  0.00040404      0.64675865D-04
  281  0.00040894      0.66226114D-04
  282  0.00041389      0.67813181D-04
  283  0.00041891      0.69437926D-04
  284  0.00042399      0.71101233D-04
  285  0.00042913      0.72804002D-04
  286  0.00043433      0.74547157D-04
  287  0.00043960      0.76331639D-04
  288  0.00044493      0.78158415D-04
  289  0.00045032      0.80028471D-04
  290  0.00045578      0.81942816D-04
  291  0.00046130      0.83902483D-04
  292  0.00046690      0.85908527D-04
  293  0.00047256      0.87962028D-04
  294  0.00047828      0.90064091D-04
  295  0.00048408      0.92215843D-04
  296  0.00048995      0.94418440D-04
  297  0.00049589      0.96673063D-04
  298  0.00050190      0.98980920D-04
  299  0.00050799      0.10134324D-03
  300  0.00051415      0.10376130D-03
  301  0.00052038      0.10623637D-03
  302  0.00052669      0.10876979D-03
  303  0.00053307      0.11136290D-03
  304  0.00053953      0.11401707D-03
  305  0.00054608      0.11673373D-03
  306  0.00055270      0.11951432D-03
  307  0.00055940      0.12236030D-03
  308  0.00056618      0.12527318D-03
  309  0.00057304      0.12825452D-03
  310  0.00057999      0.13130587D-03
  311  0.00058702      0.13442886D-03
  312  0.00059413      0.13762513D-03
  313  0.00060134      0.14089636D-03
  314  0.00060863      0.14424428D-03
  315  0.00061601      0.14767063D-03
  316  0.00062347      0.15117722D-03
  317  0.00063103      0.15476589D-03
  318  0.00063868      0.15843851D-03
  319  0.00064642      0.16219700D-03
  320  0.00065426      0.16604332D-03
  321  0.00066219      0.16997947D-03
  322  0.00067022      0.17400751D-03
  323  0.00067835      0.17812953D-03
  324  0.00068657      0.18234766D-03
  325  0.00069489      0.18666408D-03
  326  0.00070332      0.19108104D-03
  327  0.00071184      0.19560082D-03
  328  0.00072047      0.20022573D-03
  329  0.00072921      0.20495817D-03
  330  0.00073805      0.20980057D-03
  331  0.00074699      0.21475541D-03
  332  0.00075605      0.21982524D-03
  333  0.00076521      0.22501264D-03
  334  0.00077449      0.23032027D-03
  335  0.00078388      0.23575082D-03
  336  0.00079338      0.24130708D-03
  337  0.00080300      0.24699185D-03
  338  0.00081274      0.25280803D-03
  339  0.00082259      0.25875856D-03
  340  0.00083256      0.26484644D-03
  341  0.00084265      0.27107475D-03
  342  0.00085287      0.27744663D-03
  343  0.00086321      0.28396527D-03
  344  0.00087367      0.29063395D-03
  345  0.00088426      0.29745601D-03
  346  0.00089498      0.30443485D-03
  347  0.00090583      0.31157397D-03
  348  0.00091682      0.31887690D-03
  349  0.00092793      0.32634729D-03
  350  0.00093918      0.33398882D-03
  351  0.00095056      0.34180529D-03
  352  0.00096209      0.34980055D-03
  353  0.00097375      0.35797854D-03
  354  0.00098556      0.36634327D-03
  355  0.00099750      0.37489886D-03
  356  0.00100960      0.38364948D-03
  357  0.00102184      0.39259941D-03
  358  0.00103422      0.40175301D-03
  359  0.00104676      0.41111472D-03
  360  0.00105945      0.42068909D-03
  361  0.00107229      0.43048074D-03
  362  0.00108529      0.44049439D-03
  363  0.00109845      0.45073486D-03
  364  0.00111177      0.46120707D-03
  365  0.00112525      0.47191603D-03
  366  0.00113889      0.48286686D-03
  367  0.00115269      0.49406476D-03
  368  0.00116667      0.50551505D-03
  369  0.00118081      0.51722317D-03
  370  0.00119513      0.52919462D-03
  371  0.00120961      0.54143507D-03
  372  0.00122428      0.55395024D-03
  373  0.00123912      0.56674601D-03
  374  0.00125414      0.57982834D-03
  375  0.00126935      0.59320333D-03
  376  0.00128473      0.60687718D-03
  377  0.00130031      0.62085621D-03
  378  0.00131607      0.63514688D-03
  379  0.00133203      0.64975574D-03
  380  0.00134817      0.66468950D-03
  381  0.00136452      0.67995498D-03
  382  0.00138106      0.69555911D-03
  383  0.00139780      0.71150898D-03
  384  0.00141475      0.72781181D-03
  385  0.00143190      0.74447492D-03
  386  0.00144926      0.76150581D-03
  387  0.00146683      0.77891208D-03
  388  0.00148461      0.79670150D-03
  389  0.00150261      0.81488196D-03
  390  0.00152082      0.83346150D-03
  391  0.00153926      0.85244830D-03
  392  0.00155792      0.87185070D-03
  393  0.00157681      0.89167717D-03
  394  0.00159592      0.91193635D-03
  395  0.00161527      0.93263702D-03
  396  0.00163485      0.95378810D-03
  397  0.00165467      0.97539870D-03
  398  0.00167473      0.99747806D-03
  399  0.00169503      0.10200356D-02
  400  0.00171558      0.10430809D-02
  401  0.00173638      0.10666236D-02
  402  0.00175743      0.10906737D-02
  403  0.00177873      0.11152412D-02
  404  0.00180030      0.11403363D-02
  405  0.00182212      0.11659695D-02
  406  0.00184421      0.11921513D-02
  407  0.00186657      0.12188925D-02
  408  0.00188920      0.12462039D-02
  409  0.00191210      0.12740966D-02
  410  0.00193528      0.13025819D-02
  411  0.00195874      0.13316713D-02
  412  0.00198249      0.13613763D-02
  413  0.00200652      0.13917087D-02
  414  0.00203084      0.14226806D-02
  415  0.00205546      0.14543040D-02
  416  0.00208038      0.14865913D-02
  417  0.00210560      0.15195551D-02
  418  0.00213113      0.15532080D-02
  419  0.00215696      0.15875628D-02
  420  0.00218311      0.16226328D-02
  421  0.00220958      0.16584311D-02
  422  0.00223636      0.16949711D-02
  423  0.00226348      0.17322666D-02
  424  0.00229092      0.17703313D-02
  425  0.00231869      0.18091791D-02
  426  0.00234680      0.18488244D-02
  427  0.00237525      0.18892814D-02
  428  0.00240404      0.19305647D-02
  429  0.00243319      0.19726890D-02
  430  0.00246268      0.20156692D-02
  431  0.00249254      0.20595206D-02
  432  0.00252275      0.21042582D-02
  433  0.00255334      0.21498976D-02
  434  0.00258429      0.21964544D-02
  435  0.00261562      0.22439444D-02
  436  0.00264733      0.22923836D-02
  437  0.00267942      0.23417881D-02
  438  0.00271191      0.23921743D-02
  439  0.00274478      0.24435587D-02
  440  0.00277806      0.24959579D-02
  441  0.00281173      0.25493887D-02
  442  0.00284582      0.26038681D-02
  443  0.00288032      0.26594133D-02
  444  0.00291524      0.27160414D-02
  445  0.00295058      0.27737699D-02
  446  0.00298635      0.28326164D-02
  447  0.00302255      0.28925985D-02
  448  0.00305919      0.29537341D-02
  449  0.00309628      0.30160412D-02
  450  0.00313382      0.30795377D-02
  451  0.00317181      0.31442419D-02
  452  0.00321026      0.32101720D-02
  453  0.00324918      0.32773464D-02
  454  0.00328857      0.33457837D-02
  455  0.00332843      0.34155023D-02
  456  0.00336878      0.34865209D-02
  457  0.00340962      0.35588581D-02
  458  0.00345096      0.36325328D-02
  459  0.00349279      0.37075637D-02
  460  0.00353513      0.37839696D-02
  461  0.00357799      0.38617695D-02
  462  0.00362137      0.39409821D-02
  463  0.00366527      0.40216264D-02
  464  0.00370970      0.41037212D-02
  465  0.00375467      0.41872853D-02
  466  0.00380019      0.42723376D-02
  467  0.00384626      0.43588968D-02
  468  0.00389289      0.44469815D-02
  469  0.00394008      0.45366105D-02
  470  0.00398785      0.46278022D-02
  471  0.00403619      0.47205749D-02
  472  0.00408512      0.48149470D-02
  473  0.00413464      0.49109365D-02
  474  0.00418477      0.50085614D-02
  475  0.00423550      0.51078394D-02
  476  0.00428685      0.52087881D-02
  477  0.00433882      0.53114248D-02
  478  0.00439141      0.54157665D-02
  479  0.00444465      0.55218300D-02
  480  0.00449853      0.56296318D-02
  481  0.00455307      0.57391881D-02
  482  0.00460827      0.58505147D-02
  483  0.00466413      0.59636269D-02
  484  0.00472067      0.60785398D-02
  485  0.00477790      0.61952681D-02
  486  0.00483582      0.63138258D-02
  487  0.00489445      0.64342266D-02
  488  0.00495378      0.65564837D-02
  489  0.00501384      0.66806095D-02
  490  0.00507462      0.68066161D-02
  491  0.00513614      0.69345149D-02
  492  0.00519840      0.70643166D-02
  493  0.00526142      0.71960311D-02
  494  0.00532521      0.73296678D-02
  495  0.00538976      0.74652353D-02
  496  0.00545510      0.76027411D-02
  497  0.00552123      0.77421923D-02
  498  0.00558817      0.78835947D-02
  499  0.00565591      0.80269536D-02
  500  0.00572448      0.81722728D-02
  501  0.00579388      0.83195556D-02
  502  0.00586411      0.84688038D-02
  503  0.00593520      0.86200185D-02
  504  0.00600716      0.87731993D-02
  505  0.00607998      0.89283447D-02
  506  0.00615369      0.90854521D-02
  507  0.00622829      0.92445174D-02
  508  0.00630379      0.94055352D-02
  509  0.00638021      0.95684986D-02
  510  0.00645756      0.97333994D-02
  511  0.00653584      0.99002277D-02
  512  0.00661508      0.10068972D-01
  513  0.00669527      0.10239620D-01
  514  0.00677644      0.10412156D-01
  515  0.00685859      0.10586564D-01
  516  0.00694173      0.10762825D-01
  517  0.00702589      0.10940920D-01
  518  0.00711106      0.11120825D-01
  519  0.00719727      0.11302518D-01
  520  0.00728452      0.11485972D-01
  521  0.00737283      0.11671158D-01
  522  0.00746221      0.11858046D-01
  523  0.00755267      0.12046603D-01
  524  0.00764423      0.12236794D-01
  525  0.00773690      0.12428581D-01
  526  0.00783070      0.12621925D-01
  527  0.00792563      0.12816782D-01
  528  0.00802171      0.13013107D-01
  529  0.00811896      0.13210853D-01
  530  0.00821738      0.13409968D-01
  531  0.00831700      0.13610400D-01
  532  0.00841783      0.13812092D-01
  533  0.00851987      0.14014985D-01
  534  0.00862316      0.14219016D-01
  535  0.00872770      0.14424120D-01
  536  0.00883350      0.14630229D-01
  537  0.00894059      0.14837270D-01
  538  0.00904898      0.15045169D-01
  539  0.00915868      0.15253846D-01
  540  0.00926971      0.15463221D-01
  541  0.00938208      0.15673207D-01
  542  0.00949582      0.15883716D-01
  543  0.00961094      0.16094655D-01
  544  0.00972745      0.16305928D-01
  545  0.00984537      0.16517435D-01
  546  0.00996473      0.16729071D-01
  547  0.01008553      0.16940731D-01
  548  0.01020779      0.17152301D-01
  549  0.01033154      0.17363667D-01
  550  0.01045679      0.17574709D-01
  551  0.01058356      0.17785304D-01
  552  0.01071186      0.17995324D-01
  553  0.01084172      0.18204638D-01
  554  0.01097315      0.18413109D-01
  555  0.01110618      0.18620599D-01
  556  0.01124082      0.18826963D-01
  557  0.01137709      0.19032053D-01
  558  0.01151501      0.19235716D-01
  559  0.01165461      0.19437796D-01
  560  0.01179590      0.19638133D-01
  561  0.01193890      0.19836561D-01
  562  0.01208363      0.20032910D-01
  563  0.01223012      0.20227009D-01
  564  0.01237838      0.20418679D-01
  565  0.01252845      0.20607740D-01
  566  0.01268033      0.20794005D-01
  567  0.01283405      0.20977284D-01
  568  0.01298963      0.21157386D-01
  569  0.01314711      0.21334112D-01
  570  0.01330649      0.21507262D-01
  571  0.01346780      0.21676630D-01
  572  0.01363107      0.21842009D-01
  573  0.01379632      0.22003186D-01
  574  0.01396357      0.22159948D-01
  575  0.01413285      0.22312075D-01
  576  0.01430418      0.22459347D-01
  577  0.01447759      0.22601538D-01
  578  0.01465310      0.22738424D-01
  579  0.01483073      0.22869774D-01
  580  0.01501053      0.22995356D-01
  581  0.01519250      0.23114937D-01
  582  0.01537667      0.23228282D-01
  583  0.01556308      0.23335152D-01
  584  0.01575175      0.23435311D-01
  585  0.01594271      0.23528518D-01
  586  0.01613598      0.23614532D-01
  587  0.01633160      0.23693115D-01
  588  0.01652958      0.23764023D-01
  589  0.01672997      0.23827018D-01
  590  0.01693279      0.23881859D-01
  591  0.01713806      0.23928307D-01
  592  0.01734582      0.23966125D-01
  593  0.01755610      0.23995077D-01
  594  0.01776894      0.24014931D-01
  595  0.01798435      0.24025454D-01
  596  0.01820237      0.24026421D-01
  597  0.01842303      0.24017608D-01
  598  0.01864638      0.23998795D-01
  599  0.01887242      0.23969769D-01
  600  0.01910121      0.23930319D-01
  601  0.01933277      0.23880244D-01
  602  0.01956714      0.23819348D-01
  603  0.01980435      0.23747440D-01
  604  0.02004444      0.23664340D-01
  605  0.02028744      0.23569875D-01
  606  0.02053338      0.23463882D-01
  607  0.02078230      0.23346207D-01
  608  0.02103424      0.23216708D-01
  609  0.02128924      0.23075253D-01
  610  0.02154733      0.22921724D-01
  611  0.02180854      0.22756013D-01
  612  0.02207293      0.22578030D-01
  613  0.02234051      0.22387695D-01
  614  0.02261135      0.22184947D-01
  615  0.02288546      0.21969739D-01
  616  0.02316290      0.21742042D-01
  617  0.02344370      0.21501845D-01
  618  0.02372791      0.21249156D-01
  619  0.02401556      0.20984003D-01
  620  0.02430669      0.20706432D-01
  621  0.02460136      0.20416514D-01
  622  0.02489960      0.20114340D-01
  623  0.02520146      0.19800026D-01
  624  0.02550697      0.19473710D-01
  625  0.02581619      0.19135556D-01
  626  0.02612916      0.18785755D-01
  627  0.02644592      0.18424524D-01
  628  0.02676652      0.18052106D-01
  629  0.02709101      0.17668775D-01
  630  0.02741943      0.17274833D-01
  631  0.02775183      0.16870612D-01
  632  0.02808826      0.16456475D-01
  633  0.02842878      0.16032818D-01
  634  0.02877341      0.15600066D-01
  635  0.02912223      0.15158681D-01
  636  0.02947528      0.14709156D-01
  637  0.02983260      0.14252018D-01
  638  0.03019426      0.13787832D-01
  639  0.03056030      0.13317194D-01
  640  0.03093078      0.12840740D-01
  641  0.03130575      0.12359139D-01
  642  0.03168527      0.11873098D-01
  643  0.03206939      0.11383359D-01
  644  0.03245816      0.10890705D-01
  645  0.03285165      0.10395951D-01
  646  0.03324990      0.98999517D-02
  647  0.03365299      0.94035990D-02
  648  0.03406096      0.89078206D-02
  649  0.03447388      0.84135811D-02
  650  0.03489180      0.79218811D-02
  651  0.03531479      0.74337568D-02
  652  0.03574291      0.69502797D-02
  653  0.03617622      0.64725552D-02
  654  0.03661478      0.60017224D-02
  655  0.03705865      0.55389528D-02
  656  0.03750791      0.50854492D-02
  657  0.03796262      0.46424444D-02
  658  0.03842283      0.42112001D-02
  659  0.03888863      0.37930047D-02
  660  0.03936007      0.33891724D-02
  661  0.03983723      0.30010406D-02
  662  0.04032017      0.26299683D-02
  663  0.04080897      0.22773338D-02
  664  0.04130369      0.19445321D-02
  665  0.04180441      0.16329728D-02
  666  0.04231120      0.13440769D-02
  667  0.04282414      0.10792744D-02
  668  0.04334329      0.84000067D-03
  669  0.04386874      0.62769373D-03
  670  0.04440055      0.44379048D-03
  671  0.04493882      0.28972322D-03
  672  0.04548361      0.16691587D-03
  673  0.04603500      0.76779952D-04
  674  0.04659308      0.20710546D-04
  675  0.04715792      0.81921864D-07
  676  0.04772961      0.16243101D-04
  677  0.04830823      0.70513227D-04
  678  0.04889387      0.16417679D-03
  679  0.04948660      0.29847868D-03
  680  0.05008652      0.47461916D-03
  681  0.05069372      0.69374861D-03
  682  0.05130827      0.95696228D-03
  683  0.05193028      0.12652948D-02
  684  0.05255982      0.16197146D-02
  685  0.05319700      0.20211186D-02
  686  0.05384190      0.24703261D-02
  687  0.05449462      0.29680732D-02
  688  0.05515525      0.35150073D-02
  689  0.05582389      0.41116810D-02
  690  0.05650064      0.47585462D-02
  691  0.05718559      0.54559488D-02
  692  0.05787885      0.62041225D-02
  693  0.05858051      0.70031836D-02
  694  0.05929067      0.78531248D-02
  695  0.06000945      0.87538103D-02
  696  0.06073693      0.97049703D-02
  697  0.06147324      0.10706196D-01
  698  0.06221848      0.11756934D-01
  699  0.06297274      0.12856482D-01
  700  0.06373616      0.14003986D-01
  701  0.06450882      0.15198433D-01
  702  0.06529086      0.16438648D-01
  703  0.06608237      0.17723293D-01
  704  0.06688348      0.19050862D-01
  705  0.06769430      0.20419677D-01
  706  0.06851495      0.21827888D-01
  707  0.06934555      0.23273471D-01
  708  0.07018622      0.24754226D-01
  709  0.07103708      0.26267776D-01
  710  0.07189826      0.27811567D-01
  711  0.07276987      0.29382872D-01
  712  0.07365205      0.30978786D-01
  713  0.07454493      0.32596234D-01
  714  0.07544863      0.34231969D-01
  715  0.07636329      0.35882578D-01
  716  0.07728903      0.37544487D-01
  717  0.07822600      0.39213962D-01
  718  0.07917432      0.40887120D-01
  719  0.08013415      0.42559932D-01
  720  0.08110560      0.44228229D-01
  721  0.08208884      0.45887718D-01
  722  0.08308399      0.47533983D-01
  723  0.08409121      0.49162499D-01
  724  0.08511064      0.50768643D-01
  725  0.08614243      0.52347707D-01
  726  0.08718672      0.53894909D-01
  727  0.08824368      0.55405406D-01
  728  0.08931345      0.56874313D-01
  729  0.09039619      0.58296716D-01
  730  0.09149205      0.59667688D-01
  731  0.09260120      0.60982307D-01
  732  0.09372379      0.62235674D-01
  733  0.09486000      0.63422934D-01
  734  0.09600997      0.64539294D-01
  735  0.09717389      0.65580040D-01
  736  0.09835192      0.66540566D-01
  737  0.09954423      0.67416389D-01
  738  0.10075100      0.68203171D-01
  739  0.10197239      0.68896747D-01
  740  0.10320859      0.69493141D-01
  741  0.10445978      0.69988595D-01
  742  0.10572613      0.70379589D-01
  743  0.10700784      0.70662864D-01
  744  0.10830509      0.70835446D-01
  745  0.10961806      0.70894670D-01
  746  0.11094695      0.70838203D-01
  747  0.11229194      0.70664064D-01
  748  0.11365325      0.70370648D-01
  749  0.11503105      0.69956749D-01
  750  0.11642556      0.69421577D-01
  751  0.11783698      0.68764779D-01
  752  0.11926550      0.67986459D-01
  753  0.12071135      0.67087195D-01
  754  0.12217472      0.66068055D-01
  755  0.12365583      0.64930611D-01
  756  0.12515490      0.63676954D-01
  757  0.12667214      0.62309705D-01
  758  0.12820777      0.60832023D-01
  759  0.12976202      0.59247615D-01
  760  0.13133511      0.57560741D-01
  761  0.13292727      0.55776216D-01
  762  0.13453874      0.53899413D-01
  763  0.13616973      0.51936261D-01
  764  0.13782051      0.49893240D-01
  765  0.13949129      0.47777374D-01
  766  0.14118233      0.45596225D-01
  767  0.14289387      0.43357875D-01
  768  0.14462615      0.41070917D-01
  769  0.14637944      0.38744434D-01
  770  0.14815399      0.36387976D-01
  771  0.14995004      0.34011541D-01
  772  0.15176787      0.31625543D-01
  773  0.15360774      0.29240784D-01
  774  0.15546991      0.26868423D-01
  775  0.15735465      0.24519938D-01
  776  0.15926225      0.22207088D-01
  777  0.16119297      0.19941869D-01
  778  0.16314709      0.17736477D-01
  779  0.16512491      0.15603254D-01
  780  0.16712670      0.13554643D-01
  781  0.16915276      0.11603135D-01
  782  0.17120338      0.97612186D-02
  783  0.17327886      0.80413231D-02
  784  0.17537950      0.64557620D-02
  785  0.17750561      0.50166761D-02
  786  0.17965749      0.37359740D-02
  787  0.18183546      0.26252725D-02
  788  0.18403983      0.16958367D-02
  789  0.18627093      0.95851938D-03
  790  0.18852907      0.42370072D-03
  791  0.19081459      0.10122854D-03
  792  0.19312782      0.35923675D-06
  793  0.19546908      0.12969988D-03
  794  0.19783874      0.49715180D-03
  795  0.20023711      0.11098560D-02
  796  0.20266457      0.19741409D-02
  797  0.20512145      0.30954724D-02
  798  0.20760812      0.44784071D-02
  799  0.21012493      0.61265486D-02
  800  0.21267225      0.80425075D-02
  801  0.21525045      0.10227866D-01
  802  0.21785991      0.12683144D-01
  803  0.22050101      0.15407775D-01
  804  0.22317412      0.18400080D-01
  805  0.22587963      0.21657255D-01
  806  0.22861795      0.25175354D-01
  807  0.23138946      0.28949283D-01
  808  0.23419457      0.32972805D-01
  809  0.23703369      0.37238538D-01
  810  0.23990722      0.41737969D-01
  811  0.24281559      0.46461473D-01
  812  0.24575922      0.51398331D-01
  813  0.24873853      0.56536767D-01
  814  0.25175396      0.61863975D-01
  815  0.25480595      0.67366166D-01
  816  0.25789494      0.73028615D-01
  817  0.26102137      0.78835712D-01
  818  0.26418571      0.84771020D-01
  819  0.26738840      0.90817341D-01
  820  0.27062992      0.96956784D-01
  821  0.27391074      0.10317084D+00
  822  0.27723133      0.10944045D+00
  823  0.28059218      0.11574611D+00
  824  0.28399377      0.12206793D+00
  825  0.28743660      0.12838573D+00
  826  0.29092116      0.13467914D+00
  827  0.29444797      0.14092769D+00
  828  0.29801753      0.14711089D+00
  829  0.30163037      0.15320835D+00
  830  0.30528700      0.15919983D+00
  831  0.30898796      0.16506540D+00
  832  0.31273379      0.17078549D+00
  833  0.31652503      0.17634099D+00
  834  0.32036223      0.18171332D+00
  835  0.32424595      0.18688459D+00
  836  0.32817675      0.19183759D+00
  837  0.33215520      0.19655595D+00
  838  0.33618188      0.20102415D+00
  839  0.34025738      0.20522767D+00
  840  0.34438229      0.20915298D+00
  841  0.34855720      0.21278764D+00
  842  0.35278272      0.21612037D+00
  843  0.35705947      0.21914106D+00
  844  0.36138806      0.22184084D+00
  845  0.36576913      0.22421211D+00
  846  0.37020332      0.22624857D+00
  847  0.37469125      0.22794524D+00
  848  0.37923360      0.22929846D+00
  849  0.38383100      0.23030593D+00
  850  0.38848415      0.23096667D+00
  851  0.39319370      0.23128104D+00
  852  0.39796035      0.23125074D+00
  853  0.40278478      0.23087873D+00
  854  0.40766770      0.23016925D+00
  855  0.41260981      0.22912778D+00
  856  0.41761184      0.22776097D+00
  857  0.42267450      0.22607663D+00
  858  0.42779854      0.22408365D+00
  859  0.43298470      0.22179195D+00
  860  0.43823373      0.21921241D+00
  861  0.44354639      0.21635682D+00
  862  0.44892346      0.21323778D+00
  863  0.45436571      0.20986866D+00
  864  0.45987394      0.20626349D+00
  865  0.46544894      0.20243691D+00
  866  0.47109153      0.19840405D+00
  867  0.47680252      0.19418049D+00
  868  0.48258275      0.18978215D+00
  869  0.48843305      0.18522520D+00
  870  0.49435427      0.18052602D+00
  871  0.50034728      0.17570104D+00
  872  0.50641294      0.17076676D+00
  873  0.51255213      0.16573958D+00
  874  0.51876575      0.16063577D+00
  875  0.52505469      0.15547140D+00
  876  0.53141987      0.15026224D+00
  877  0.53786222      0.14502373D+00
  878  0.54438267      0.13977086D+00
  879  0.55098216      0.13451819D+00
  880  0.55766166      0.12927973D+00
  881  0.56442214      0.12406893D+00
  882  0.57126457      0.11889860D+00
  883  0.57818995      0.11378090D+00
  884  0.58519928      0.10872731D+00
  885  0.59229360      0.10374856D+00
  886  0.59947391      0.98854651D-01
  887  0.60674127      0.94054817D-01
  888  0.61409673      0.89357509D-01
  889  0.62154136      0.84770391D-01
  890  0.62907624      0.80300339D-01
  891  0.63670247      0.75953441D-01
  892  0.64442115      0.71734999D-01
  893  0.65223340      0.67649548D-01
  894  0.66014035      0.63700864D-01
  895  0.66814317      0.59891987D-01
  896  0.67624300      0.56225242D-01
  897  0.68444102      0.52702263D-01
  898  0.69273843      0.49324027D-01
  899  0.70113643      0.46090880D-01
  900  0.70963623      0.43002574D-01
  901  0.71823908      0.40058300D-01
  902  0.72694621      0.37256729D-01
  903  0.73575891      0.34596046D-01
  904  0.74467844      0.32073993D-01
  905  0.75370609      0.29687906D-01
  906  0.76284320      0.27434756D-01
  907  0.77209106      0.25311189D-01
  908  0.78145104      0.23313564D-01
  909  0.79092449      0.21437993D-01
  910  0.80051279      0.19680379D-01
  911  0.81021732      0.18036451D-01
  912  0.82003950      0.16501798D-01
  913  0.82998076      0.15071906D-01
  914  0.84004253      0.13742187D-01
  915  0.85022628      0.12508010D-01
  916  0.86053348      0.11364730D-01
  917  0.87096564      0.10307710D-01
  918  0.88152427      0.93323507D-02
  919  0.89221089      0.84341082D-02
  920  0.90302707      0.76085149D-02
  921  0.91397438      0.68511974D-02
  922  0.92505439      0.61578921D-02
  923  0.93626873      0.55244585D-02
  924  0.94761902      0.49468910D-02
  925  0.95910691      0.44213285D-02
  926  0.97073406      0.39440624D-02
  927  0.98250217      0.35115427D-02
  928  0.99441294      0.31203826D-02
  929  1.00646810      0.27673615D-02
  930  1.01866941      0.24494265D-02
  931  1.03101864      0.21636930D-02
  932  1.04351757      0.19074437D-02
  933  1.05616802      0.16781265D-02
  934  1.06897184      0.14733519D-02
  935  1.08193087      0.12908890D-02
  936  1.09504701      0.11286616D-02
  937  1.10832215      0.98474224D-03
  938  1.12175822      0.85734760D-03
  939  1.13535718      0.74483189D-03
  940  1.14912100      0.64568079D-03
  941  1.16305167      0.55850484D-03
  942  1.17715123      0.48203279D-03
  943  1.19142171      0.41510483D-03
  944  1.20586519      0.35666575D-03
  945  1.22048377      0.30575828D-03
  946  1.23527957      0.26151635D-03
  947  1.25025474      0.22315870D-03
  948  1.26541144      0.18998247D-03
  949  1.28075190      0.16135717D-03
  950  1.29627832      0.13671878D-03
  951  1.31199297      0.11556419D-03
  952  1.32789812      0.97445882D-04
  953  1.34399609      0.81966910D-04
  954  1.36028922      0.68776194D-04
  955  1.37677986      0.57564101D-04
  956  1.39347042      0.48058331D-04
  957  1.41036332      0.40020108D-04
  958  1.42746101      0.33240652D-04
  959  1.44476597      0.27537940D-04
  960  1.46228071      0.22753743D-04
  961  1.48000779      0.18750910D-04
  962  1.49794977      0.15410919D-04
  963  1.51610926      0.12631640D-04
  964  1.53448890      0.10325337D-04
  965  1.55309135      0.84168590D-05
  966  1.57191931      0.68420330D-05
  967  1.59097553      0.55462232D-05
  968  1.61026276      0.44830566D-05
  969  1.62978381      0.36132938D-05
  970  1.64954151      0.29038344D-05
  971  1.66953873      0.23268430D-05
  972  1.68977837      0.18589856D-05
  973  1.71026338      0.14807629D-05
  974  1.73099672      0.11759322D-05
  975  1.75198142      0.93100685D-06
  976  1.77322051      0.73482454D-06
  977  1.79471707      0.57817705D-06
  978  1.81647424      0.45349295D-06
  979  1.83849517      0.35456725D-06
  980  1.86078306      0.27633178D-06
  981  1.88334114      0.21466081D-06
  982  1.90617269      0.16620719D-06
  983  1.92928102      0.12826471D-06
  984  1.95266949      0.98652930D-07
  985  1.97634150      0.75621121D-07
  986  2.00030049      0.57768525D-07
  987  2.02454992      0.43978360D-07
  988  2.04909333      0.33363434D-07
  989  2.07393428      0.25221483D-07
  990  2.09907637      0.18998646D-07
  991  2.12452325      0.14259709D-07
  992  2.15027863      0.10663956D-07
  993  2.17634623      0.79456444D-08
  994  2.20272985      0.58982922D-08
  995  2.22943331      0.43620728D-08
  996  2.25646050      0.32137485D-08
  997  2.28381534      0.23586633D-08
  998  2.31150180      0.17243983D-08
  999  2.33952389      0.12557673D-08
 1000  2.36788570      0.91088341D-09
 1001  2.39659133      0.65808267D-09
 1002  2.42564496      0.47352610D-09
 1003  2.45505080      0.33933980D-09
 1004  2.48481313      0.24217791D-09
 1005  2.51493626      0.17211723D-09
 1006  2.54542457      0.12181067D-09
 1007  2.57628249      0.85841725D-10
 1008  2.60751449      0.60234371D-10
 1009  2.63912512      0.42082717D-10
 1010  2.67111896      0.29272315D-10
 1011  2.70350066      0.20271438D-10
 1012  2.73627491      0.13975469D-10
 1013  2.76944649      0.95914132D-11
 1014  2.80302020      0.65525909D-11
 1015  2.83700093      0.44559212D-11
 1016  2.87139359      0.30160291D-11
 1017  2.90620320      0.20318265D-11
 1018  2.94143480      0.13622914D-11
 1019  2.97709351      0.90900206D-12
 1020  3.01318450      0.60360102D-12
 1021  3.04971303      0.39884468D-12
 1022  3.08668438      0.26224329D-12
 1023  3.12410393      0.17156509D-12
 1024  3.16197712      0.11167434D-12
 1025  3.20030944      0.72319030D-13
 1026  3.23910646      0.46590548D-13
 1027  3.27837381      0.29857257D-13
 1028  3.31811720      0.19031856D-13
 1029  3.35834239      0.12066024D-13
 1030  3.39905522      0.76044513D-14
 1031  3.44026162      0.47663052D-14
