 ir        r               f(r)
    1  0.00001401      0.13980432D+03
    2  0.00001418      0.13980232D+03
    3  0.00001435      0.13980030D+03
    4  0.00001452      0.13979826D+03
    5  0.00001470      0.13979619D+03
    6  0.00001488      0.13979410D+03
    7  0.00001506      0.13979198D+03
    8  0.00001524      0.13978984D+03
    9  0.00001542      0.13978767D+03
   10  0.00001561      0.13978547D+03
   11  0.00001580      0.13978325D+03
   12  0.00001599      0.13978100D+03
   13  0.00001619      0.13977873D+03
   14  0.00001638      0.13977642D+03
   15  0.00001658      0.13977409D+03
   16  0.00001678      0.13977173D+03
   17  0.00001699      0.13976934D+03
   18  0.00001719      0.13976692D+03
   19  0.00001740      0.13976448D+03
   20  0.00001761      0.13976200D+03
   21  0.00001782      0.13975949D+03
   22  0.00001804      0.13975696D+03
   23  0.00001826      0.13975439D+03
   24  0.00001848      0.13975179D+03
   25  0.00001870      0.13974916D+03
   26  0.00001893      0.13974650D+03
   27  0.00001916      0.13974380D+03
   28  0.00001939      0.13974108D+03
   29  0.00001963      0.13973832D+03
   30  0.00001987      0.13973552D+03
   31  0.00002011      0.13973270D+03
   32  0.00002035      0.13972984D+03
   33  0.00002060      0.13972694D+03
   34  0.00002085      0.13972401D+03
   35  0.00002110      0.13972104D+03
   36  0.00002136      0.13971804D+03
   37  0.00002161      0.13971500D+03
   38  0.00002188      0.13971193D+03
   39  0.00002214      0.13970882D+03
   40  0.00002241      0.13970566D+03
   41  0.00002268      0.13970248D+03
   42  0.00002296      0.13969925D+03
   43  0.00002323      0.13969598D+03
   44  0.00002352      0.13969268D+03
   45  0.00002380      0.13968933D+03
   46  0.00002409      0.13968595D+03
   47  0.00002438      0.13968252D+03
   48  0.00002468      0.13967905D+03
   49  0.00002498      0.13967554D+03
   50  0.00002528      0.13967199D+03
   51  0.00002559      0.13966839D+03
   52  0.00002590      0.13966475D+03
   53  0.00002621      0.13966107D+03
   54  0.00002653      0.13965734D+03
   55  0.00002685      0.13965357D+03
   56  0.00002718      0.13964975D+03
   57  0.00002750      0.13964589D+03
   58  0.00002784      0.13964197D+03
   59  0.00002818      0.13963802D+03
   60  0.00002852      0.13963401D+03
   61  0.00002886      0.13962995D+03
   62  0.00002921      0.13962585D+03
   63  0.00002957      0.13962170D+03
   64  0.00002993      0.13961749D+03
   65  0.00003029      0.13961324D+03
   66  0.00003066      0.13960893D+03
   67  0.00003103      0.13960457D+03
   68  0.00003140      0.13960016D+03
   69  0.00003178      0.13959570D+03
   70  0.00003217      0.13959118D+03
   71  0.00003256      0.13958660D+03
   72  0.00003295      0.13958198D+03
   73  0.00003335      0.13957729D+03
   74  0.00003376      0.13957255D+03
   75  0.00003417      0.13956775D+03
   76  0.00003458      0.13956290D+03
   77  0.00003500      0.13955798D+03
   78  0.00003542      0.13955301D+03
   79  0.00003585      0.13954797D+03
   80  0.00003629      0.13954288D+03
   81  0.00003673      0.13953772D+03
   82  0.00003717      0.13953250D+03
   83  0.00003762      0.13952722D+03
   84  0.00003808      0.13952187D+03
   85  0.00003854      0.13951646D+03
   86  0.00003901      0.13951098D+03
   87  0.00003948      0.13950544D+03
   88  0.00003996      0.13949983D+03
   89  0.00004045      0.13949416D+03
   90  0.00004094      0.13948841D+03
   91  0.00004143      0.13948259D+03
   92  0.00004193      0.13947671D+03
   93  0.00004244      0.13947075D+03
   94  0.00004296      0.13946472D+03
   95  0.00004348      0.13945862D+03
   96  0.00004401      0.13945245D+03
   97  0.00004454      0.13944620D+03
   98  0.00004508      0.13943987D+03
   99  0.00004563      0.13943347D+03
  100  0.00004618      0.13942699D+03
  101  0.00004674      0.13942043D+03
  102  0.00004730      0.13941380D+03
  103  0.00004788      0.13940708D+03
  104  0.00004846      0.13940028D+03
  105  0.00004905      0.13939340D+03
  106  0.00004964      0.13938644D+03
  107  0.00005024      0.13937940D+03
  108  0.00005085      0.13937226D+03
  109  0.00005147      0.13936505D+03
  110  0.00005209      0.13935774D+03
  111  0.00005272      0.13935035D+03
  112  0.00005336      0.13934286D+03
  113  0.00005401      0.13933529D+03
  114  0.00005466      0.13932763D+03
  115  0.00005533      0.13931987D+03
  116  0.00005600      0.13931202D+03
  117  0.00005668      0.13930408D+03
  118  0.00005736      0.13929603D+03
  119  0.00005806      0.13928790D+03
  120  0.00005876      0.13927966D+03
  121  0.00005947      0.13927133D+03
  122  0.00006020      0.13926289D+03
  123  0.00006093      0.13925435D+03
  124  0.00006166      0.13924571D+03
  125  0.00006241      0.13923697D+03
  126  0.00006317      0.13922812D+03
  127  0.00006393      0.13921916D+03
  128  0.00006471      0.13921009D+03
  129  0.00006549      0.13920092D+03
  130  0.00006629      0.13919163D+03
  131  0.00006709      0.13918224D+03
  132  0.00006790      0.13917273D+03
  133  0.00006873      0.13916310D+03
  134  0.00006956      0.13915336D+03
  135  0.00007040      0.13914350D+03
  136  0.00007126      0.13913352D+03
  137  0.00007212      0.13912343D+03
  138  0.00007300      0.13911321D+03
  139  0.00007388      0.13910286D+03
  140  0.00007478      0.13909240D+03
  141  0.00007568      0.13908180D+03
  142  0.00007660      0.13907108D+03
  143  0.00007753      0.13906023D+03
  144  0.00007847      0.13904925D+03
  145  0.00007942      0.13903814D+03
  146  0.00008038      0.13902689D+03
  147  0.00008136      0.13901551D+03
  148  0.00008234      0.13900399D+03
  149  0.00008334      0.13899233D+03
  150  0.00008435      0.13898054D+03
  151  0.00008538      0.13896859D+03
  152  0.00008641      0.13895651D+03
  153  0.00008746      0.13894428D+03
  154  0.00008852      0.13893190D+03
  155  0.00008959      0.13891938D+03
  156  0.00009068      0.13890670D+03
  157  0.00009178      0.13889387D+03
  158  0.00009289      0.13888089D+03
  159  0.00009402      0.13886775D+03
  160  0.00009515      0.13885445D+03
  161  0.00009631      0.13884100D+03
  162  0.00009748      0.13882738D+03
  163  0.00009866      0.13881359D+03
  164  0.00009985      0.13879964D+03
  165  0.00010106      0.13878553D+03
  166  0.00010229      0.13877124D+03
  167  0.00010353      0.13875678D+03
  168  0.00010478      0.13874215D+03
  169  0.00010605      0.13872734D+03
  170  0.00010734      0.13871236D+03
  171  0.00010864      0.13869719D+03
  172  0.00010996      0.13868184D+03
  173  0.00011129      0.13866631D+03
  174  0.00011264      0.13865059D+03
  175  0.00011401      0.13863468D+03
  176  0.00011539      0.13861859D+03
  177  0.00011679      0.13860229D+03
  178  0.00011820      0.13858581D+03
  179  0.00011964      0.13856912D+03
  180  0.00012109      0.13855223D+03
  181  0.00012255      0.13853514D+03
  182  0.00012404      0.13851785D+03
  183  0.00012554      0.13850035D+03
  184  0.00012707      0.13848264D+03
  185  0.00012861      0.13846471D+03
  186  0.00013017      0.13844658D+03
  187  0.00013174      0.13842822D+03
  188  0.00013334      0.13840964D+03
  189  0.00013496      0.13839084D+03
  190  0.00013659      0.13837182D+03
  191  0.00013825      0.13835257D+03
  192  0.00013992      0.13833308D+03
  193  0.00014162      0.13831337D+03
  194  0.00014334      0.13829341D+03
  195  0.00014508      0.13827322D+03
  196  0.00014683      0.13825279D+03
  197  0.00014861      0.13823211D+03
  198  0.00015042      0.13821118D+03
  199  0.00015224      0.13819000D+03
  200  0.00015409      0.13816857D+03
  201  0.00015595      0.13814689D+03
  202  0.00015784      0.13812494D+03
  203  0.00015976      0.13810273D+03
  204  0.00016169      0.13808026D+03
  205  0.00016365      0.13805751D+03
  206  0.00016564      0.13803450D+03
  207  0.00016765      0.13801121D+03
  208  0.00016968      0.13798764D+03
  209  0.00017174      0.13796379D+03
  210  0.00017382      0.13793965D+03
  211  0.00017592      0.13791522D+03
  212  0.00017806      0.13789051D+03
  213  0.00018022      0.13786550D+03
  214  0.00018240      0.13784018D+03
  215  0.00018461      0.13781457D+03
  216  0.00018685      0.13778865D+03
  217  0.00018912      0.13776243D+03
  218  0.00019141      0.13773588D+03
  219  0.00019373      0.13770903D+03
  220  0.00019608      0.13768185D+03
  221  0.00019845      0.13765435D+03
  222  0.00020086      0.13762652D+03
  223  0.00020329      0.13759835D+03
  224  0.00020576      0.13756986D+03
  225  0.00020825      0.13754102D+03
  226  0.00021078      0.13751184D+03
  227  0.00021333      0.13748231D+03
  228  0.00021592      0.13745243D+03
  229  0.00021854      0.13742219D+03
  230  0.00022119      0.13739159D+03
  231  0.00022387      0.13736063D+03
  232  0.00022658      0.13732930D+03
  233  0.00022933      0.13729760D+03
  234  0.00023211      0.13726552D+03
  235  0.00023492      0.13723306D+03
  236  0.00023777      0.13720022D+03
  237  0.00024065      0.13716698D+03
  238  0.00024357      0.13713335D+03
  239  0.00024652      0.13709932D+03
  240  0.00024951      0.13706488D+03
  241  0.00025254      0.13703004D+03
  242  0.00025560      0.13699478D+03
  243  0.00025870      0.13695910D+03
  244  0.00026183      0.13692300D+03
  245  0.00026501      0.13688648D+03
  246  0.00026822      0.13684951D+03
  247  0.00027147      0.13681211D+03
  248  0.00027476      0.13677427D+03
  249  0.00027809      0.13673598D+03
  250  0.00028146      0.13669724D+03
  251  0.00028488      0.13665803D+03
  252  0.00028833      0.13661836D+03
  253  0.00029183      0.13657823D+03
  254  0.00029536      0.13653761D+03
  255  0.00029894      0.13649652D+03
  256  0.00030257      0.13645494D+03
  257  0.00030624      0.13641287D+03
  258  0.00030995      0.13637031D+03
  259  0.00031371      0.13632723D+03
  260  0.00031751      0.13628366D+03
  261  0.00032136      0.13623956D+03
  262  0.00032525      0.13619495D+03
  263  0.00032920      0.13614981D+03
  264  0.00033319      0.13610413D+03
  265  0.00033723      0.13605792D+03
  266  0.00034132      0.13601117D+03
  267  0.00034545      0.13596386D+03
  268  0.00034964      0.13591600D+03
  269  0.00035388      0.13586757D+03
  270  0.00035817      0.13581857D+03
  271  0.00036251      0.13576900D+03
  272  0.00036691      0.13571884D+03
  273  0.00037135      0.13566809D+03
  274  0.00037586      0.13561675D+03
  275  0.00038041      0.13556480D+03
  276  0.00038502      0.13551224D+03
  277  0.00038969      0.13545907D+03
  278  0.00039442      0.13540527D+03
  279  0.00039920      0.13535084D+03
  280  0.00040404      0.13529577D+03
  281  0.00040894      0.13524006D+03
  282  0.00041389      0.13518370D+03
  283  0.00041891      0.13512667D+03
  284  0.00042399      0.13506898D+03
  285  0.00042913      0.13501061D+03
  286  0.00043433      0.13495156D+03
  287  0.00043960      0.13489182D+03
  288  0.00044493      0.13483138D+03
  289  0.00045032      0.13477023D+03
  290  0.00045578      0.13470837D+03
  291  0.00046130      0.13464579D+03
  292  0.00046690      0.13458248D+03
  293  0.00047256      0.13451843D+03
  294  0.00047828      0.13445364D+03
  295  0.00048408      0.13438809D+03
  296  0.00048995      0.13432178D+03
  297  0.00049589      0.13425469D+03
  298  0.00050190      0.13418683D+03
  299  0.00050799      0.13411817D+03
  300  0.00051415      0.13404872D+03
  301  0.00052038      0.13397847D+03
  302  0.00052669      0.13390739D+03
  303  0.00053307      0.13383550D+03
  304  0.00053953      0.13376277D+03
  305  0.00054608      0.13368920D+03
  306  0.00055270      0.13361477D+03
  307  0.00055940      0.13353949D+03
  308  0.00056618      0.13346333D+03
  309  0.00057304      0.13338629D+03
  310  0.00057999      0.13330837D+03
  311  0.00058702      0.13322954D+03
  312  0.00059413      0.13314981D+03
  313  0.00060134      0.13306915D+03
  314  0.00060863      0.13298757D+03
  315  0.00061601      0.13290504D+03
  316  0.00062347      0.13282157D+03
  317  0.00063103      0.13273714D+03
  318  0.00063868      0.13265173D+03
  319  0.00064642      0.13256535D+03
  320  0.00065426      0.13247797D+03
  321  0.00066219      0.13238959D+03
  322  0.00067022      0.13230020D+03
  323  0.00067835      0.13220979D+03
  324  0.00068657      0.13211834D+03
  325  0.00069489      0.13202584D+03
  326  0.00070332      0.13193229D+03
  327  0.00071184      0.13183766D+03
  328  0.00072047      0.13174196D+03
  329  0.00072921      0.13164517D+03
  330  0.00073805      0.13154727D+03
  331  0.00074699      0.13144826D+03
  332  0.00075605      0.13134813D+03
  333  0.00076521      0.13124685D+03
  334  0.00077449      0.13114443D+03
  335  0.00078388      0.13104084D+03
  336  0.00079338      0.13093608D+03
  337  0.00080300      0.13083013D+03
  338  0.00081274      0.13072298D+03
  339  0.00082259      0.13061462D+03
  340  0.00083256      0.13050503D+03
  341  0.00084265      0.13039421D+03
  342  0.00085287      0.13028214D+03
  343  0.00086321      0.13016880D+03
  344  0.00087367      0.13005419D+03
  345  0.00088426      0.12993829D+03
  346  0.00089498      0.12982108D+03
  347  0.00090583      0.12970257D+03
  348  0.00091682      0.12958272D+03
  349  0.00092793      0.12946152D+03
  350  0.00093918      0.12933898D+03
  351  0.00095056      0.12921506D+03
  352  0.00096209      0.12908975D+03
  353  0.00097375      0.12896305D+03
  354  0.00098556      0.12883494D+03
  355  0.00099750      0.12870540D+03
  356  0.00100960      0.12857442D+03
  357  0.00102184      0.12844198D+03
  358  0.00103422      0.12830807D+03
  359  0.00104676      0.12817268D+03
  360  0.00105945      0.12803579D+03
  361  0.00107229      0.12789738D+03
  362  0.00108529      0.12775745D+03
  363  0.00109845      0.12761597D+03
  364  0.00111177      0.12747293D+03
  365  0.00112525      0.12732832D+03
  366  0.00113889      0.12718212D+03
  367  0.00115269      0.12703431D+03
  368  0.00116667      0.12688488D+03
  369  0.00118081      0.12673382D+03
  370  0.00119513      0.12658110D+03
  371  0.00120961      0.12642671D+03
  372  0.00122428      0.12627064D+03
  373  0.00123912      0.12611287D+03
  374  0.00125414      0.12595339D+03
  375  0.00126935      0.12579217D+03
  376  0.00128473      0.12562920D+03
  377  0.00130031      0.12546447D+03
  378  0.00131607      0.12529795D+03
  379  0.00133203      0.12512964D+03
  380  0.00134817      0.12495951D+03
  381  0.00136452      0.12478755D+03
  382  0.00138106      0.12461374D+03
  383  0.00139780      0.12443806D+03
  384  0.00141475      0.12426050D+03
  385  0.00143190      0.12408105D+03
  386  0.00144926      0.12389967D+03
  387  0.00146683      0.12371636D+03
  388  0.00148461      0.12353110D+03
  389  0.00150261      0.12334387D+03
  390  0.00152082      0.12315465D+03
  391  0.00153926      0.12296343D+03
  392  0.00155792      0.12277019D+03
  393  0.00157681      0.12257491D+03
  394  0.00159592      0.12237757D+03
  395  0.00161527      0.12217815D+03
  396  0.00163485      0.12197664D+03
  397  0.00165467      0.12177303D+03
  398  0.00167473      0.12156728D+03
  399  0.00169503      0.12135939D+03
  400  0.00171558      0.12114933D+03
  401  0.00173638      0.12093709D+03
  402  0.00175743      0.12072264D+03
  403  0.00177873      0.12050598D+03
  404  0.00180030      0.12028708D+03
  405  0.00182212      0.12006593D+03
  406  0.00184421      0.11984250D+03
  407  0.00186657      0.11961678D+03
  408  0.00188920      0.11938874D+03
  409  0.00191210      0.11915838D+03
  410  0.00193528      0.11892567D+03
  411  0.00195874      0.11869060D+03
  412  0.00198249      0.11845314D+03
  413  0.00200652      0.11821328D+03
  414  0.00203084      0.11797100D+03
  415  0.00205546      0.11772628D+03
  416  0.00208038      0.11747910D+03
  417  0.00210560      0.11722944D+03
  418  0.00213113      0.11697729D+03
  419  0.00215696      0.11672263D+03
  420  0.00218311      0.11646544D+03
  421  0.00220958      0.11620570D+03
  422  0.00223636      0.11594339D+03
  423  0.00226348      0.11567850D+03
  424  0.00229092      0.11541101D+03
  425  0.00231869      0.11514089D+03
  426  0.00234680      0.11486814D+03
  427  0.00237525      0.11459272D+03
  428  0.00240404      0.11431464D+03
  429  0.00243319      0.11403386D+03
  430  0.00246268      0.11375037D+03
  431  0.00249254      0.11346416D+03
  432  0.00252275      0.11317520D+03
  433  0.00255334      0.11288348D+03
  434  0.00258429      0.11258898D+03
  435  0.00261562      0.11229168D+03
  436  0.00264733      0.11199158D+03
  437  0.00267942      0.11168864D+03
  438  0.00271191      0.11138286D+03
  439  0.00274478      0.11107422D+03
  440  0.00277806      0.11076270D+03
  441  0.00281173      0.11044828D+03
  442  0.00284582      0.11013096D+03
  443  0.00288032      0.10981071D+03
  444  0.00291524      0.10948752D+03
  445  0.00295058      0.10916137D+03
  446  0.00298635      0.10883226D+03
  447  0.00302255      0.10850016D+03
  448  0.00305919      0.10816505D+03
  449  0.00309628      0.10782694D+03
  450  0.00313382      0.10748580D+03
  451  0.00317181      0.10714161D+03
  452  0.00321026      0.10679438D+03
  453  0.00324918      0.10644407D+03
  454  0.00328857      0.10609068D+03
  455  0.00332843      0.10573421D+03
  456  0.00336878      0.10537462D+03
  457  0.00340962      0.10501193D+03
  458  0.00345096      0.10464610D+03
  459  0.00349279      0.10427714D+03
  460  0.00353513      0.10390503D+03
  461  0.00357799      0.10352975D+03
  462  0.00362137      0.10315132D+03
  463  0.00366527      0.10276970D+03
  464  0.00370970      0.10238490D+03
  465  0.00375467      0.10199690D+03
  466  0.00380019      0.10160570D+03
  467  0.00384626      0.10121129D+03
  468  0.00389289      0.10081366D+03
  469  0.00394008      0.10041282D+03
  470  0.00398785      0.10000874D+03
  471  0.00403619      0.99601426D+02
  472  0.00408512      0.99190877D+02
  473  0.00413464      0.98777084D+02
  474  0.00418477      0.98360046D+02
  475  0.00423550      0.97939758D+02
  476  0.00428685      0.97516220D+02
  477  0.00433882      0.97089429D+02
  478  0.00439141      0.96659384D+02
  479  0.00444465      0.96226086D+02
  480  0.00449853      0.95789534D+02
  481  0.00455307      0.95349730D+02
  482  0.00460827      0.94906676D+02
  483  0.00466413      0.94460374D+02
  484  0.00472067      0.94010829D+02
  485  0.00477790      0.93558043D+02
  486  0.00483582      0.93102023D+02
  487  0.00489445      0.92642774D+02
  488  0.00495378      0.92180302D+02
  489  0.00501384      0.91714616D+02
  490  0.00507462      0.91245724D+02
  491  0.00513614      0.90773636D+02
  492  0.00519840      0.90298361D+02
  493  0.00526142      0.89819910D+02
  494  0.00532521      0.89338297D+02
  495  0.00538976      0.88853534D+02
  496  0.00545510      0.88365636D+02
  497  0.00552123      0.87874617D+02
  498  0.00558817      0.87380494D+02
  499  0.00565591      0.86883285D+02
  500  0.00572448      0.86383006D+02
  501  0.00579388      0.85879680D+02
  502  0.00586411      0.85373324D+02
  503  0.00593520      0.84863963D+02
  504  0.00600716      0.84351617D+02
  505  0.00607998      0.83836313D+02
  506  0.00615369      0.83318074D+02
  507  0.00622829      0.82796927D+02
  508  0.00630379      0.82272901D+02
  509  0.00638021      0.81746023D+02
  510  0.00645756      0.81216326D+02
  511  0.00653584      0.80683839D+02
  512  0.00661508      0.80148596D+02
  513  0.00669527      0.79610632D+02
  514  0.00677644      0.79069982D+02
  515  0.00685859      0.78526683D+02
  516  0.00694173      0.77980773D+02
  517  0.00702589      0.77432292D+02
  518  0.00711106      0.76881282D+02
  519  0.00719727      0.76327785D+02
  520  0.00728452      0.75771846D+02
  521  0.00737283      0.75213509D+02
  522  0.00746221      0.74652823D+02
  523  0.00755267      0.74089836D+02
  524  0.00764423      0.73524598D+02
  525  0.00773690      0.72957161D+02
  526  0.00783070      0.72387579D+02
  527  0.00792563      0.71815905D+02
  528  0.00802171      0.71242198D+02
  529  0.00811896      0.70666514D+02
  530  0.00821738      0.70088914D+02
  531  0.00831700      0.69509459D+02
  532  0.00841783      0.68928212D+02
  533  0.00851987      0.68345238D+02
  534  0.00862316      0.67760603D+02
  535  0.00872770      0.67174375D+02
  536  0.00883350      0.66586624D+02
  537  0.00894059      0.65997421D+02
  538  0.00904898      0.65406840D+02
  539  0.00915868      0.64814954D+02
  540  0.00926971      0.64221841D+02
  541  0.00938208      0.63627579D+02
  542  0.00949582      0.63032248D+02
  543  0.00961094      0.62435928D+02
  544  0.00972745      0.61838705D+02
  545  0.00984537      0.61240662D+02
  546  0.00996473      0.60641886D+02
  547  0.01008553      0.60042466D+02
  548  0.01020779      0.59442492D+02
  549  0.01033154      0.58842055D+02
  550  0.01045679      0.58241250D+02
  551  0.01058356      0.57640171D+02
  552  0.01071186      0.57038915D+02
  553  0.01084172      0.56437580D+02
  554  0.01097315      0.55836267D+02
  555  0.01110618      0.55235078D+02
  556  0.01124082      0.54634115D+02
  557  0.01137709      0.54033484D+02
  558  0.01151501      0.53433290D+02
  559  0.01165461      0.52833642D+02
  560  0.01179590      0.52234649D+02
  561  0.01193890      0.51636423D+02
  562  0.01208363      0.51039075D+02
  563  0.01223012      0.50442719D+02
  564  0.01237838      0.49847470D+02
  565  0.01252845      0.49253445D+02
  566  0.01268033      0.48660762D+02
  567  0.01283405      0.48069539D+02
  568  0.01298963      0.47479897D+02
  569  0.01314711      0.46891956D+02
  570  0.01330649      0.46305841D+02
  571  0.01346780      0.45721673D+02
  572  0.01363107      0.45139578D+02
  573  0.01379632      0.44559681D+02
  574  0.01396357      0.43982109D+02
  575  0.01413285      0.43406988D+02
  576  0.01430418      0.42834448D+02
  577  0.01447759      0.42264615D+02
  578  0.01465310      0.41697621D+02
  579  0.01483073      0.41133594D+02
  580  0.01501053      0.40572666D+02
  581  0.01519250      0.40014966D+02
  582  0.01537667      0.39460626D+02
  583  0.01556308      0.38909778D+02
  584  0.01575175      0.38362552D+02
  585  0.01594271      0.37819080D+02
  586  0.01613598      0.37279494D+02
  587  0.01633160      0.36743926D+02
  588  0.01652958      0.36212505D+02
  589  0.01672997      0.35685364D+02
  590  0.01693279      0.35162632D+02
  591  0.01713806      0.34644440D+02
  592  0.01734582      0.34130916D+02
  593  0.01755610      0.33622188D+02
  594  0.01776894      0.33118386D+02
  595  0.01798435      0.32619634D+02
  596  0.01820237      0.32126058D+02
  597  0.01842303      0.31637783D+02
  598  0.01864638      0.31154932D+02
  599  0.01887242      0.30677625D+02
  600  0.01910121      0.30205983D+02
  601  0.01933277      0.29740122D+02
  602  0.01956714      0.29280160D+02
  603  0.01980435      0.28826211D+02
  604  0.02004444      0.28378385D+02
  605  0.02028744      0.27936793D+02
  606  0.02053338      0.27501541D+02
  607  0.02078230      0.27072734D+02
  608  0.02103424      0.26650474D+02
  609  0.02128924      0.26234860D+02
  610  0.02154733      0.25825986D+02
  611  0.02180854      0.25423946D+02
  612  0.02207293      0.25028829D+02
  613  0.02234051      0.24640720D+02
  614  0.02261135      0.24259701D+02
  615  0.02288546      0.23885851D+02
  616  0.02316290      0.23519243D+02
  617  0.02344370      0.23159948D+02
  618  0.02372791      0.22808032D+02
  619  0.02401556      0.22463556D+02
  620  0.02430669      0.22126576D+02
  621  0.02460136      0.21797145D+02
  622  0.02489960      0.21475309D+02
  623  0.02520146      0.21161112D+02
  624  0.02550697      0.20854590D+02
  625  0.02581619      0.20555774D+02
  626  0.02612916      0.20264692D+02
  627  0.02644592      0.19981362D+02
  628  0.02676652      0.19705801D+02
  629  0.02709101      0.19438017D+02
  630  0.02741943      0.19178013D+02
  631  0.02775183      0.18925787D+02
  632  0.02808826      0.18681328D+02
  633  0.02842878      0.18444621D+02
  634  0.02877341      0.18215643D+02
  635  0.02912223      0.17994367D+02
  636  0.02947528      0.17780756D+02
  637  0.02983260      0.17574768D+02
  638  0.03019426      0.17376355D+02
  639  0.03056030      0.17185459D+02
  640  0.03093078      0.17002019D+02
  641  0.03130575      0.16825964D+02
  642  0.03168527      0.16657217D+02
  643  0.03206939      0.16495694D+02
  644  0.03245816      0.16341302D+02
  645  0.03285165      0.16193944D+02
  646  0.03324990      0.16053514D+02
  647  0.03365299      0.15919897D+02
  648  0.03406096      0.15792974D+02
  649  0.03447388      0.15672616D+02
  650  0.03489180      0.15558689D+02
  651  0.03531479      0.15451051D+02
  652  0.03574291      0.15349553D+02
  653  0.03617622      0.15254037D+02
  654  0.03661478      0.15164342D+02
  655  0.03705865      0.15080296D+02
  656  0.03750791      0.15001722D+02
  657  0.03796262      0.14928438D+02
  658  0.03842283      0.14860252D+02
  659  0.03888863      0.14796969D+02
  660  0.03936007      0.14738385D+02
  661  0.03983723      0.14684292D+02
  662  0.04032017      0.14634474D+02
  663  0.04080897      0.14588711D+02
  664  0.04130369      0.14546778D+02
  665  0.04180441      0.14508443D+02
  666  0.04231120      0.14473471D+02
  667  0.04282414      0.14441619D+02
  668  0.04334329      0.14412644D+02
  669  0.04386874      0.14386295D+02
  670  0.04440055      0.14362320D+02
  671  0.04493882      0.14340462D+02
  672  0.04548361      0.14320461D+02
  673  0.04603500      0.14302055D+02
  674  0.04659308      0.14284978D+02
  675  0.04715792      0.14268964D+02
  676  0.04772961      0.14253743D+02
  677  0.04830823      0.14239047D+02
  678  0.04889387      0.14224604D+02
  679  0.04948660      0.14210143D+02
  680  0.05008652      0.14195394D+02
  681  0.05069372      0.14180086D+02
  682  0.05130827      0.14163950D+02
  683  0.05193028      0.14146718D+02
  684  0.05255982      0.14128124D+02
  685  0.05319700      0.14107906D+02
  686  0.05384190      0.14085802D+02
  687  0.05449462      0.14061557D+02
  688  0.05515525      0.14034918D+02
  689  0.05582389      0.14005637D+02
  690  0.05650064      0.13973471D+02
  691  0.05718559      0.13938183D+02
  692  0.05787885      0.13899542D+02
  693  0.05858051      0.13857325D+02
  694  0.05929067      0.13811313D+02
  695  0.06000945      0.13761299D+02
  696  0.06073693      0.13707081D+02
  697  0.06147324      0.13648468D+02
  698  0.06221848      0.13585277D+02
  699  0.06297274      0.13517335D+02
  700  0.06373616      0.13444481D+02
  701  0.06450882      0.13366564D+02
  702  0.06529086      0.13283442D+02
  703  0.06608237      0.13194989D+02
  704  0.06688348      0.13101089D+02
  705  0.06769430      0.13001637D+02
  706  0.06851495      0.12896545D+02
  707  0.06934555      0.12785736D+02
  708  0.07018622      0.12669146D+02
  709  0.07103708      0.12546728D+02
  710  0.07189826      0.12418448D+02
  711  0.07276987      0.12284285D+02
  712  0.07365205      0.12144236D+02
  713  0.07454493      0.11998311D+02
  714  0.07544863      0.11846538D+02
  715  0.07636329      0.11688957D+02
  716  0.07728903      0.11525626D+02
  717  0.07822600      0.11356619D+02
  718  0.07917432      0.11182026D+02
  719  0.08013415      0.11001950D+02
  720  0.08110560      0.10816512D+02
  721  0.08208884      0.10625850D+02
  722  0.08308399      0.10430114D+02
  723  0.08409121      0.10229473D+02
  724  0.08511064      0.10024109D+02
  725  0.08614243      0.98142185D+01
  726  0.08718672      0.96000144D+01
  727  0.08824368      0.93817228D+01
  728  0.08931345      0.91595837D+01
  729  0.09039619      0.89338508D+01
  730  0.09149205      0.87047903D+01
  731  0.09260120      0.84726811D+01
  732  0.09372379      0.82378139D+01
  733  0.09486000      0.80004904D+01
  734  0.09600997      0.77610228D+01
  735  0.09717389      0.75197332D+01
  736  0.09835192      0.72769528D+01
  737  0.09954423      0.70330208D+01
  738  0.10075100      0.67882839D+01
  739  0.10197239      0.65430954D+01
  740  0.10320859      0.62978142D+01
  741  0.10445978      0.60528037D+01
  742  0.10572613      0.58084314D+01
  743  0.10700784      0.55650671D+01
  744  0.10830509      0.53230825D+01
  745  0.10961806      0.50828500D+01
  746  0.11094695      0.48447413D+01
  747  0.11229194      0.46091270D+01
  748  0.11365325      0.43763747D+01
  749  0.11503105      0.41468485D+01
  750  0.11642556      0.39209077D+01
  751  0.11783698      0.36989055D+01
  752  0.11926550      0.34811884D+01
  753  0.12071135      0.32680943D+01
  754  0.12217472      0.30599521D+01
  755  0.12365583      0.28570804D+01
  756  0.12515490      0.26597864D+01
  757  0.12667214      0.24683646D+01
  758  0.12820777      0.22830963D+01
  759  0.12976202      0.21042483D+01
  760  0.13133511      0.19320720D+01
  761  0.13292727      0.17668024D+01
  762  0.13453874      0.16086574D+01
  763  0.13616973      0.14578368D+01
  764  0.13782051      0.13145218D+01
  765  0.13949129      0.11788739D+01
  766  0.14118233      0.10510345D+01
  767  0.14289387      0.93112436D+00
  768  0.14462615      0.81924282D+00
  769  0.14637944      0.71546753D+00
  770  0.14815399      0.61985402D+00
  771  0.14995004      0.53243537D+00
  772  0.15176787      0.45322196D+00
  773  0.15360774      0.38220137D+00
  774  0.15546991      0.31933825D+00
  775  0.15735465      0.26457435D+00
  776  0.15926225      0.21782864D+00
  777  0.16119297      0.17899742D+00
  778  0.16314709      0.14795469D+00
  779  0.16512491      0.12455240D+00
  780  0.16712670      0.10862096D+00
  781  0.16915276      0.99969720D-01
  782  0.17120338      0.98387627D-01
  783  0.17327886      0.10364387D+00
  784  0.17537950      0.11548869D+00
  785  0.17750561      0.13365422D+00
  786  0.17965749      0.15785542D+00
  787  0.18183546      0.18779107D+00
  788  0.18403983      0.22314487D+00
  789  0.18627093      0.26358658D+00
  790  0.18852907      0.30877319D+00
  791  0.19081459      0.35835023D+00
  792  0.19312782      0.41195306D+00
  793  0.19546908      0.46920821D+00
  794  0.19783874      0.52973484D+00
  795  0.20023711      0.59314614D+00
  796  0.20266457      0.65905081D+00
  797  0.20512145      0.72705455D+00
  798  0.20760812      0.79676159D+00
  799  0.21012493      0.86777617D+00
  800  0.21267225      0.93970413D+00
  801  0.21525045      0.10121544D+01
  802  0.21785991      0.10847404D+01
  803  0.22050101      0.11570817D+01
  804  0.22317412      0.12288055D+01
  805  0.22587963      0.12995480D+01
  806  0.22861795      0.13689555D+01
  807  0.23138946      0.14366864D+01
  808  0.23419457      0.15024120D+01
  809  0.23703369      0.15658179D+01
  810  0.23990722      0.16266050D+01
  811  0.24281559      0.16844911D+01
  812  0.24575922      0.17392113D+01
  813  0.24873853      0.17905194D+01
  814  0.25175396      0.18381886D+01
  815  0.25480595      0.18820123D+01
  816  0.25789494      0.19218047D+01
  817  0.26102137      0.19574014D+01
  818  0.26418571      0.19886602D+01
  819  0.26738840      0.20154610D+01
  820  0.27062992      0.20377061D+01
  821  0.27391074      0.20553210D+01
  822  0.27723133      0.20682536D+01
  823  0.28059218      0.20764746D+01
  824  0.28399377      0.20799774D+01
  825  0.28743660      0.20787777D+01
  826  0.29092116      0.20729130D+01
  827  0.29444797      0.20624424D+01
  828  0.29801753      0.20474458D+01
  829  0.30163037      0.20280235D+01
  830  0.30528700      0.20042949D+01
  831  0.30898796      0.19763984D+01
  832  0.31273379      0.19444899D+01
  833  0.31652503      0.19087418D+01
  834  0.32036223      0.18693424D+01
  835  0.32424595      0.18264942D+01
  836  0.32817675      0.17804130D+01
  837  0.33215520      0.17313266D+01
  838  0.33618188      0.16794734D+01
  839  0.34025738      0.16251013D+01
  840  0.34438229      0.15684659D+01
  841  0.34855720      0.15098297D+01
  842  0.35278272      0.14494602D+01
  843  0.35705947      0.13876286D+01
  844  0.36138806      0.13246087D+01
  845  0.36576913      0.12606751D+01
  846  0.37020332      0.11961020D+01
  847  0.37469125      0.11311621D+01
  848  0.37923360      0.10661247D+01
  849  0.38383100      0.10012550D+01
  850  0.38848415      0.93681238D+00
  851  0.39319370      0.87304963D+00
  852  0.39796035      0.81021155D+00
  853  0.40278478      0.74853393D+00
  854  0.40766770      0.68824260D+00
  855  0.41260981      0.62955245D+00
  856  0.41761184      0.57266659D+00
  857  0.42267450      0.51777552D+00
  858  0.42779854      0.46505652D+00
  859  0.43298470      0.41467294D+00
  860  0.43823373      0.36677369D+00
  861  0.44354639      0.32149281D+00
  862  0.44892346      0.27894912D+00
  863  0.45436571      0.23924587D+00
  864  0.45987394      0.20247064D+00
  865  0.46544894      0.16869518D+00
  866  0.47109153      0.13797541D+00
  867  0.47680252      0.11035150D+00
  868  0.48258275      0.85847990D-01
  869  0.48843305      0.64474036D-01
  870  0.49435427      0.46223713D-01
  871  0.50034728      0.31076388D-01
  872  0.50641294      0.18997164D-01
  873  0.51255213      0.99374010D-02
  874  0.51876575      0.38352810D-02
  875  0.52505469      0.61644650D-03
  876  0.53141987      0.19468241D-03
  877  0.53786222      0.24726486D-02
  878  0.54438267      0.73426549D-02
  879  0.55098216      0.14687474D-01
  880  0.55766166      0.24381184D-01
  881  0.56442214      0.36290043D-01
  882  0.57126457      0.50273378D-01
  883  0.57818995      0.66184493D-01
  884  0.58519928      0.83871586D-01
  885  0.59229360      0.10317867D+00
  886  0.59947391      0.12394651D+00
  887  0.60674127      0.14601349D+00
  888  0.61409673      0.16921658D+00
  889  0.62154136      0.19339215D+00
  890  0.62907624      0.21837691D+00
  891  0.63670247      0.24400869D+00
  892  0.64442115      0.27012724D+00
  893  0.65223340      0.29657506D+00
  894  0.66014035      0.32319807D+00
  895  0.66814317      0.34984635D+00
  896  0.67624300      0.37637473D+00
  897  0.68444102      0.40264346D+00
  898  0.69273843      0.42851869D+00
  899  0.70113643      0.45387301D+00
  900  0.70963623      0.47858590D+00
  901  0.71823908      0.50254408D+00
  902  0.72694621      0.52564191D+00
  903  0.73575891      0.54778160D+00
  904  0.74467844      0.56887352D+00
  905  0.75370609      0.58883633D+00
  906  0.76284320      0.60759711D+00
  907  0.77209106      0.62509145D+00
  908  0.78145104      0.64126346D+00
  909  0.79092449      0.65606576D+00
  910  0.80051279      0.66945943D+00
  911  0.81021732      0.68141383D+00
  912  0.82003950      0.69190652D+00
  913  0.82998076      0.70092303D+00
  914  0.84004253      0.70845664D+00
  915  0.85022628      0.71450810D+00
  916  0.86053348      0.71908534D+00
  917  0.87096564      0.72220315D+00
  918  0.88152427      0.72388283D+00
  919  0.89221089      0.72415179D+00
  920  0.90302707      0.72304318D+00
  921  0.91397438      0.72059547D+00
  922  0.92505439      0.71685201D+00
  923  0.93626873      0.71186061D+00
  924  0.94761902      0.70567309D+00
  925  0.95910691      0.69834481D+00
  926  0.97073406      0.68993426D+00
  927  0.98250217      0.68050255D+00
  928  0.99441294      0.67011303D+00
  929  1.00646810      0.65883081D+00
  930  1.01866941      0.64672231D+00
  931  1.03101864      0.63385490D+00
  932  1.04351757      0.62029646D+00
  933  1.05616802      0.60611498D+00
  934  1.06897184      0.59137823D+00
  935  1.08193087      0.57615336D+00
  936  1.09504701      0.56050661D+00
  937  1.10832215      0.54450300D+00
  938  1.12175822      0.52820602D+00
  939  1.13535718      0.51167739D+00
  940  1.14912100      0.49497684D+00
  941  1.16305167      0.47816187D+00
  942  1.17715123      0.46128757D+00
  943  1.19142171      0.44440649D+00
  944  1.20586519      0.42756848D+00
  945  1.22048377      0.41082057D+00
  946  1.23527957      0.39420691D+00
  947  1.25025474      0.37776870D+00
  948  1.26541144      0.36154412D+00
  949  1.28075190      0.34556836D+00
  950  1.29627832      0.32987356D+00
  951  1.31199297      0.31448889D+00
  952  1.32789812      0.29944051D+00
  953  1.34399609      0.28475169D+00
  954  1.36028922      0.27044285D+00
  955  1.37677986      0.25653161D+00
  956  1.39347042      0.24303292D+00
  957  1.41036332      0.22995914D+00
  958  1.42746101      0.21732015D+00
  959  1.44476597      0.20512347D+00
  960  1.46228071      0.19337439D+00
  961  1.48000779      0.18207608D+00
  962  1.49794977      0.17122971D+00
  963  1.51610926      0.16083465D+00
  964  1.53448890      0.15088850D+00
  965  1.55309135      0.14138733D+00
  966  1.57191931      0.13232574D+00
  967  1.59097553      0.12369704D+00
  968  1.61026276      0.11549333D+00
  969  1.62978381      0.10770570D+00
  970  1.64954151      0.10032427D+00
  971  1.66953873      0.93338390D-01
  972  1.68977837      0.86736696D-01
  973  1.71026338      0.80507252D-01
  974  1.73099672      0.74637642D-01
  975  1.75198142      0.69115072D-01
  976  1.77322051      0.63926466D-01
  977  1.79471707      0.59058549D-01
  978  1.81647424      0.54497932D-01
  979  1.83849517      0.50231182D-01
  980  1.86078306      0.46244896D-01
  981  1.88334114      0.42525761D-01
  982  1.90617269      0.39060609D-01
  983  1.92928102      0.35836472D-01
  984  1.95266949      0.32840623D-01
  985  1.97634150      0.30060619D-01
  986  2.00030049      0.27484335D-01
  987  2.02454992      0.25099991D-01
  988  2.04909333      0.22896178D-01
  989  2.07393428      0.20861880D-01
  990  2.09907637      0.18986488D-01
  991  2.12452325      0.17259812D-01
  992  2.15027863      0.15672092D-01
  993  2.17634623      0.14214000D-01
  994  2.20272985      0.12876644D-01
  995  2.22943331      0.11651567D-01
  996  2.25646050      0.10530743D-01
  997  2.28381534      0.95065743D-02
  998  2.31150180      0.85718801D-02
  999  2.33952389      0.77198915D-02
 1000  2.36788570      0.69442389D-02
 1001  2.39659133      0.62389409D-02
 1002  2.42564496      0.55995117D-02
 1003  2.45505080      0.50213930D-02
 1004  2.48481313      0.44991324D-02
 1005  2.51493626      0.40277222D-02
 1006  2.54542457      0.36025668D-02
 1007  2.57628249      0.32194514D-02
 1008  2.60751449      0.28745144D-02
 1009  2.63912512      0.25642198D-02
 1010  2.67111896      0.22853328D-02
 1011  2.70350066      0.20348966D-02
 1012  2.73627491      0.18102104D-02
 1013  2.76944649      0.16088096D-02
 1014  2.80302020      0.14284469D-02
 1015  2.83700093      0.12670750D-02
 1016  2.87139359      0.11228302D-02
 1017  2.90620320      0.99401774D-03
 1018  2.94143480      0.87909760D-03
 1019  2.97709351      0.77667172D-03
 1020  3.01318450      0.68547210D-03
 1021  3.04971303      0.60434970D-03
 1022  3.08668438      0.53226429D-03
 1023  3.12410393      0.46827504D-03
 1024  3.16197712      0.41153180D-03
 1025  3.20030944      0.36126715D-03
 1026  3.23910646      0.31678899D-03
 1027  3.27837381      0.27747380D-03
 1028  3.31811720      0.24276040D-03
 1029  3.35834239      0.21214423D-03
 1030  3.39905522      0.18517211D-03
 1031  3.44026162      0.16143743D-03
 1032  3.48196755      0.00000000D+00
 1033  3.52417908      0.00000000D+00
 1034  3.56690234      0.00000000D+00
 1035  3.61014353      0.00000000D+00
 1036  3.65390892      0.00000000D+00
 1037  3.69820488      0.00000000D+00
 1038  3.74303783      0.00000000D+00
 1039  3.78841429      0.00000000D+00
 1040  3.83434085      0.00000000D+00
 1041  3.88082416      0.00000000D+00
 1042  3.92787099      0.00000000D+00
 1043  3.97548816      0.00000000D+00
 1044  4.02368259      0.00000000D+00
 1045  4.07246128      0.00000000D+00
 1046  4.12183131      0.00000000D+00
 1047  4.17179984      0.00000000D+00
 1048  4.22237413      0.00000000D+00
 1049  4.27356154      0.00000000D+00
 1050  4.32536948      0.00000000D+00
 1051  4.37780549      0.00000000D+00
 1052  4.43087717      0.00000000D+00
 1053  4.48459223      0.00000000D+00
 1054  4.53895848      0.00000000D+00
 1055  4.59398380      0.00000000D+00
 1056  4.64967619      0.00000000D+00
 1057  4.70604373      0.00000000D+00
 1058  4.76309461      0.00000000D+00
 1059  4.82083711      0.00000000D+00
 1060  4.87927962      0.00000000D+00
 1061  4.93843062      0.00000000D+00
 1062  4.99829870      0.00000000D+00
 1063  5.05889256      0.00000000D+00
 1064  5.12022099      0.00000000D+00
 1065  5.18229289      0.00000000D+00
 1066  5.24511729      0.00000000D+00
 1067  5.30870330      0.00000000D+00
 1068  5.37306016      0.00000000D+00
 1069  5.43819721      0.00000000D+00
 1070  5.50412391      0.00000000D+00
 1071  5.57084984      0.00000000D+00
 1072  5.63838467      0.00000000D+00
 1073  5.70673822      0.00000000D+00
 1074  5.77592042      0.00000000D+00
 1075  5.84594130      0.00000000D+00
 1076  5.91681104      0.00000000D+00
 1077  5.98853993      0.00000000D+00
 1078  6.06113837      0.00000000D+00
 1079  6.13461692      0.00000000D+00
 1080  6.20898625      0.00000000D+00
 1081  6.28425714      0.00000000D+00
 1082  6.36044054      0.00000000D+00
 1083  6.43754750      0.00000000D+00
 1084  6.51558922      0.00000000D+00
 1085  6.59457703      0.00000000D+00
 1086  6.67452241      0.00000000D+00
 1087  6.75543695      0.00000000D+00
 1088  6.83733241      0.00000000D+00
 1089  6.92022068      0.00000000D+00
 1090  7.00411380      0.00000000D+00
 1091  7.08902394      0.00000000D+00
 1092  7.17496344      0.00000000D+00
 1093  7.26194478      0.00000000D+00
 1094  7.34998058      0.00000000D+00
 1095  7.43908363      0.00000000D+00
 1096  7.52926687      0.00000000D+00
 1097  7.62054339      0.00000000D+00
 1098  7.71292645      0.00000000D+00
 1099  7.80642945      0.00000000D+00
 1100  7.90106599      0.00000000D+00
 1101  7.99684979      0.00000000D+00
