 ir        r               f(r)
    1  0.00001465      0.21955272D-07
    2  0.00001483      0.22488043D-07
    3  0.00001501      0.23033740D-07
    4  0.00001519      0.23592675D-07
    5  0.00001537      0.24165171D-07
    6  0.00001556      0.24751555D-07
    7  0.00001574      0.25352165D-07
    8  0.00001593      0.25967346D-07
    9  0.00001613      0.26597451D-07
   10  0.00001632      0.27242842D-07
   11  0.00001652      0.27903889D-07
   12  0.00001672      0.28580973D-07
   13  0.00001692      0.29274483D-07
   14  0.00001712      0.29984816D-07
   15  0.00001733      0.30712380D-07
   16  0.00001754      0.31457594D-07
   17  0.00001775      0.32220885D-07
   18  0.00001797      0.33002692D-07
   19  0.00001818      0.33803463D-07
   20  0.00001840      0.34623659D-07
   21  0.00001862      0.35463751D-07
   22  0.00001885      0.36324220D-07
   23  0.00001908      0.37205562D-07
   24  0.00001931      0.38108281D-07
   25  0.00001954      0.39032898D-07
   26  0.00001977      0.39979941D-07
   27  0.00002001      0.40949955D-07
   28  0.00002025      0.41943498D-07
   29  0.00002050      0.42961139D-07
   30  0.00002075      0.44003462D-07
   31  0.00002100      0.45071067D-07
   32  0.00002125      0.46164565D-07
   33  0.00002151      0.47284585D-07
   34  0.00002177      0.48431770D-07
   35  0.00002203      0.49606778D-07
   36  0.00002229      0.50810284D-07
   37  0.00002256      0.52042978D-07
   38  0.00002284      0.53305568D-07
   39  0.00002311      0.54598779D-07
   40  0.00002339      0.55923353D-07
   41  0.00002367      0.57280050D-07
   42  0.00002396      0.58669648D-07
   43  0.00002425      0.60092946D-07
   44  0.00002454      0.61550760D-07
   45  0.00002483      0.63043927D-07
   46  0.00002513      0.64573303D-07
   47  0.00002544      0.66139767D-07
   48  0.00002574      0.67744216D-07
   49  0.00002606      0.69387572D-07
   50  0.00002637      0.71070777D-07
   51  0.00002669      0.72794798D-07
   52  0.00002701      0.74560623D-07
   53  0.00002734      0.76369265D-07
   54  0.00002767      0.78221763D-07
   55  0.00002800      0.80119178D-07
   56  0.00002834      0.82062599D-07
   57  0.00002868      0.84053141D-07
   58  0.00002903      0.86091946D-07
   59  0.00002938      0.88180183D-07
   60  0.00002973      0.90319050D-07
   61  0.00003009      0.92509774D-07
   62  0.00003045      0.94753611D-07
   63  0.00003082      0.97051847D-07
   64  0.00003119      0.99405802D-07
   65  0.00003157      0.10181682D-06
   66  0.00003195      0.10428630D-06
   67  0.00003233      0.10681564D-06
   68  0.00003272      0.10940629D-06
   69  0.00003312      0.11205975D-06
   70  0.00003352      0.11477753D-06
   71  0.00003392      0.11756119D-06
   72  0.00003433      0.12041233D-06
   73  0.00003475      0.12333258D-06
   74  0.00003517      0.12632362D-06
   75  0.00003559      0.12938715D-06
   76  0.00003602      0.13252494D-06
   77  0.00003645      0.13573879D-06
   78  0.00003689      0.13903053D-06
   79  0.00003734      0.14240206D-06
   80  0.00003779      0.14585530D-06
   81  0.00003824      0.14939223D-06
   82  0.00003871      0.15301489D-06
   83  0.00003917      0.15672534D-06
   84  0.00003965      0.16052571D-06
   85  0.00004012      0.16441818D-06
   86  0.00004061      0.16840498D-06
   87  0.00004110      0.17248840D-06
   88  0.00004159      0.17667077D-06
   89  0.00004210      0.18095448D-06
   90  0.00004260      0.18534200D-06
   91  0.00004312      0.18983583D-06
   92  0.00004364      0.19443855D-06
   93  0.00004416      0.19915279D-06
   94  0.00004470      0.20398126D-06
   95  0.00004524      0.20892671D-06
   96  0.00004578      0.21399199D-06
   97  0.00004634      0.21917998D-06
   98  0.00004689      0.22449367D-06
   99  0.00004746      0.22993609D-06
  100  0.00004803      0.23551035D-06
  101  0.00004861      0.24121966D-06
  102  0.00004920      0.24706727D-06
  103  0.00004979      0.25305653D-06
  104  0.00005039      0.25919087D-06
  105  0.00005100      0.26547381D-06
  106  0.00005162      0.27190893D-06
  107  0.00005224      0.27849992D-06
  108  0.00005287      0.28525054D-06
  109  0.00005351      0.29216467D-06
  110  0.00005415      0.29924626D-06
  111  0.00005481      0.30649935D-06
  112  0.00005547      0.31392810D-06
  113  0.00005614      0.32153675D-06
  114  0.00005681      0.32932966D-06
  115  0.00005750      0.33731128D-06
  116  0.00005819      0.34548618D-06
  117  0.00005890      0.35385903D-06
  118  0.00005961      0.36243462D-06
  119  0.00006033      0.37121784D-06
  120  0.00006105      0.38021373D-06
  121  0.00006179      0.38942742D-06
  122  0.00006254      0.39886418D-06
  123  0.00006329      0.40852940D-06
  124  0.00006405      0.41842861D-06
  125  0.00006483      0.42856745D-06
  126  0.00006561      0.43895173D-06
  127  0.00006640      0.44958738D-06
  128  0.00006720      0.46048048D-06
  129  0.00006801      0.47163723D-06
  130  0.00006883      0.48306403D-06
  131  0.00006966      0.49476738D-06
  132  0.00007050      0.50675399D-06
  133  0.00007135      0.51903068D-06
  134  0.00007222      0.53160448D-06
  135  0.00007309      0.54448255D-06
  136  0.00007397      0.55767225D-06
  137  0.00007486      0.57118111D-06
  138  0.00007576      0.58501684D-06
  139  0.00007668      0.59918734D-06
  140  0.00007760      0.61370068D-06
  141  0.00007854      0.62856515D-06
  142  0.00007949      0.64378924D-06
  143  0.00008045      0.65938162D-06
  144  0.00008142      0.67535119D-06
  145  0.00008240      0.69170705D-06
  146  0.00008339      0.70845854D-06
  147  0.00008440      0.72561521D-06
  148  0.00008542      0.74318683D-06
  149  0.00008645      0.76118342D-06
  150  0.00008749      0.77961525D-06
  151  0.00008855      0.79849282D-06
  152  0.00008962      0.81782688D-06
  153  0.00009070      0.83762846D-06
  154  0.00009179      0.85790883D-06
  155  0.00009290      0.87867954D-06
  156  0.00009402      0.89995244D-06
  157  0.00009515      0.92173963D-06
  158  0.00009630      0.94405352D-06
  159  0.00009746      0.96690682D-06
  160  0.00009864      0.99031253D-06
  161  0.00009983      0.10142840D-05
  162  0.00010104      0.10388348D-05
  163  0.00010225      0.10639790D-05
  164  0.00010349      0.10897309D-05
  165  0.00010474      0.11161051D-05
  166  0.00010600      0.11431166D-05
  167  0.00010728      0.11707808D-05
  168  0.00010857      0.11991134D-05
  169  0.00010988      0.12281305D-05
  170  0.00011121      0.12578487D-05
  171  0.00011255      0.12882847D-05
  172  0.00011391      0.13194560D-05
  173  0.00011528      0.13513802D-05
  174  0.00011668      0.13840755D-05
  175  0.00011808      0.14175605D-05
  176  0.00011951      0.14518541D-05
  177  0.00012095      0.14869759D-05
  178  0.00012241      0.15229457D-05
  179  0.00012389      0.15597841D-05
  180  0.00012538      0.15975119D-05
  181  0.00012689      0.16361505D-05
  182  0.00012842      0.16757219D-05
  183  0.00012997      0.17162485D-05
  184  0.00013154      0.17577533D-05
  185  0.00013313      0.18002599D-05
  186  0.00013474      0.18437924D-05
  187  0.00013636      0.18883753D-05
  188  0.00013801      0.19340341D-05
  189  0.00013967      0.19807946D-05
  190  0.00014136      0.20286832D-05
  191  0.00014306      0.20777272D-05
  192  0.00014479      0.21279543D-05
  193  0.00014654      0.21793930D-05
  194  0.00014830      0.22320723D-05
  195  0.00015009      0.22860222D-05
  196  0.00015190      0.23412731D-05
  197  0.00015374      0.23978563D-05
  198  0.00015559      0.24558038D-05
  199  0.00015747      0.25151485D-05
  200  0.00015937      0.25759238D-05
  201  0.00016129      0.26381641D-05
  202  0.00016324      0.27019047D-05
  203  0.00016521      0.27671816D-05
  204  0.00016720      0.28340316D-05
  205  0.00016922      0.29024925D-05
  206  0.00017126      0.29726030D-05
  207  0.00017333      0.30444026D-05
  208  0.00017542      0.31179320D-05
  209  0.00017753      0.31932326D-05
  210  0.00017968      0.32703470D-05
  211  0.00018184      0.33493185D-05
  212  0.00018404      0.34301918D-05
  213  0.00018626      0.35130125D-05
  214  0.00018851      0.35978273D-05
  215  0.00019078      0.36846839D-05
  216  0.00019308      0.37736313D-05
  217  0.00019541      0.38647197D-05
  218  0.00019777      0.39580003D-05
  219  0.00020016      0.40535257D-05
  220  0.00020257      0.41513496D-05
  221  0.00020501      0.42515271D-05
  222  0.00020749      0.43541145D-05
  223  0.00020999      0.44591696D-05
  224  0.00021253      0.45667513D-05
  225  0.00021509      0.46769203D-05
  226  0.00021768      0.47897384D-05
  227  0.00022031      0.49052690D-05
  228  0.00022297      0.50235770D-05
  229  0.00022566      0.51447288D-05
  230  0.00022838      0.52687924D-05
  231  0.00023114      0.53958375D-05
  232  0.00023393      0.55259353D-05
  233  0.00023675      0.56591587D-05
  234  0.00023961      0.57955826D-05
  235  0.00024250      0.59352832D-05
  236  0.00024542      0.60783390D-05
  237  0.00024838      0.62248299D-05
  238  0.00025138      0.63748382D-05
  239  0.00025441      0.65284476D-05
  240  0.00025748      0.66857442D-05
  241  0.00026059      0.68468159D-05
  242  0.00026373      0.70117529D-05
  243  0.00026692      0.71806473D-05
  244  0.00027014      0.73535934D-05
  245  0.00027340      0.75306879D-05
  246  0.00027669      0.77120297D-05
  247  0.00028003      0.78977200D-05
  248  0.00028341      0.80878623D-05
  249  0.00028683      0.82825627D-05
  250  0.00029029      0.84819299D-05
  251  0.00029379      0.86860748D-05
  252  0.00029734      0.88951112D-05
  253  0.00030093      0.91091556D-05
  254  0.00030456      0.93283270D-05
  255  0.00030823      0.95527474D-05
  256  0.00031195      0.97825416D-05
  257  0.00031572      0.10017837D-04
  258  0.00031952      0.10258766D-04
  259  0.00032338      0.10505460D-04
  260  0.00032728      0.10758057D-04
  261  0.00033123      0.11016698D-04
  262  0.00033523      0.11281526D-04
  263  0.00033927      0.11552687D-04
  264  0.00034337      0.11830332D-04
  265  0.00034751      0.12114615D-04
  266  0.00035170      0.12405694D-04
  267  0.00035594      0.12703728D-04
  268  0.00036024      0.13008884D-04
  269  0.00036459      0.13321329D-04
  270  0.00036898      0.13641237D-04
  271  0.00037344      0.13968785D-04
  272  0.00037794      0.14304152D-04
  273  0.00038250      0.14647525D-04
  274  0.00038712      0.14999092D-04
  275  0.00039179      0.15359048D-04
  276  0.00039652      0.15727590D-04
  277  0.00040130      0.16104922D-04
  278  0.00040614      0.16491251D-04
  279  0.00041104      0.16886790D-04
  280  0.00041600      0.17291757D-04
  281  0.00042102      0.17706373D-04
  282  0.00042610      0.18130866D-04
  283  0.00043124      0.18565470D-04
  284  0.00043645      0.19010423D-04
  285  0.00044171      0.19465969D-04
  286  0.00044704      0.19932357D-04
  287  0.00045243      0.20409842D-04
  288  0.00045789      0.20898687D-04
  289  0.00046342      0.21399158D-04
  290  0.00046901      0.21911528D-04
  291  0.00047467      0.22436078D-04
  292  0.00048040      0.22973094D-04
  293  0.00048619      0.23522868D-04
  294  0.00049206      0.24085701D-04
  295  0.00049799      0.24661899D-04
  296  0.00050400      0.25251776D-04
  297  0.00051008      0.25855652D-04
  298  0.00051624      0.26473856D-04
  299  0.00052247      0.27106723D-04
  300  0.00052877      0.27754598D-04
  301  0.00053515      0.28417831D-04
  302  0.00054161      0.29096781D-04
  303  0.00054814      0.29791818D-04
  304  0.00055476      0.30503316D-04
  305  0.00056145      0.31231661D-04
  306  0.00056822      0.31977246D-04
  307  0.00057508      0.32740473D-04
  308  0.00058202      0.33521755D-04
  309  0.00058904      0.34321513D-04
  310  0.00059615      0.35140177D-04
  311  0.00060334      0.35978188D-04
  312  0.00061062      0.36835997D-04
  313  0.00061799      0.37714064D-04
  314  0.00062544      0.38612861D-04
  315  0.00063299      0.39532869D-04
  316  0.00064063      0.40474583D-04
  317  0.00064836      0.41438506D-04
  318  0.00065618      0.42425153D-04
  319  0.00066410      0.43435052D-04
  320  0.00067211      0.44468743D-04
  321  0.00068022      0.45526776D-04
  322  0.00068843      0.46609716D-04
  323  0.00069673      0.47718139D-04
  324  0.00070514      0.48852634D-04
  325  0.00071365      0.50013804D-04
  326  0.00072226      0.51202266D-04
  327  0.00073097      0.52418650D-04
  328  0.00073979      0.53663601D-04
  329  0.00074872      0.54937776D-04
  330  0.00075775      0.56241851D-04
  331  0.00076690      0.57576512D-04
  332  0.00077615      0.58942465D-04
  333  0.00078551      0.60340428D-04
  334  0.00079499      0.61771139D-04
  335  0.00080458      0.63235348D-04
  336  0.00081429      0.64733825D-04
  337  0.00082412      0.66267356D-04
  338  0.00083406      0.67836743D-04
  339  0.00084412      0.69442810D-04
  340  0.00085431      0.71086393D-04
  341  0.00086461      0.72768353D-04
  342  0.00087505      0.74489565D-04
  343  0.00088560      0.76250925D-04
  344  0.00089629      0.78053350D-04
  345  0.00090710      0.79897776D-04
  346  0.00091805      0.81785160D-04
  347  0.00092913      0.83716478D-04
  348  0.00094034      0.85692731D-04
  349  0.00095168      0.87714938D-04
  350  0.00096316      0.89784144D-04
  351  0.00097479      0.91901413D-04
  352  0.00098655      0.94067836D-04
  353  0.00099845      0.96284525D-04
  354  0.00101050      0.98552617D-04
  355  0.00102269      0.10087327D-03
  356  0.00103503      0.10324768D-03
  357  0.00104752      0.10567705D-03
  358  0.00106016      0.10816263D-03
  359  0.00107295      0.11070567D-03
  360  0.00108589      0.11330748D-03
  361  0.00109899      0.11596936D-03
  362  0.00111225      0.11869267D-03
  363  0.00112567      0.12147879D-03
  364  0.00113926      0.12432912D-03
  365  0.00115300      0.12724510D-03
  366  0.00116691      0.13022820D-03
  367  0.00118099      0.13327992D-03
  368  0.00119524      0.13640178D-03
  369  0.00120966      0.13959534D-03
  370  0.00122426      0.14286222D-03
  371  0.00123903      0.14620402D-03
  372  0.00125398      0.14962242D-03
  373  0.00126911      0.15311912D-03
  374  0.00128442      0.15669585D-03
  375  0.00129992      0.16035437D-03
  376  0.00131560      0.16409650D-03
  377  0.00133148      0.16792408D-03
  378  0.00134754      0.17183900D-03
  379  0.00136380      0.17584316D-03
  380  0.00138026      0.17993855D-03
  381  0.00139691      0.18412716D-03
  382  0.00141376      0.18841102D-03
  383  0.00143082      0.19279224D-03
  384  0.00144809      0.19727292D-03
  385  0.00146556      0.20185526D-03
  386  0.00148324      0.20654145D-03
  387  0.00150114      0.21133377D-03
  388  0.00151925      0.21623452D-03
  389  0.00153758      0.22124604D-03
  390  0.00155613      0.22637075D-03
  391  0.00157491      0.23161108D-03
  392  0.00159391      0.23696954D-03
  393  0.00161314      0.24244867D-03
  394  0.00163260      0.24805107D-03
  395  0.00165230      0.25377939D-03
  396  0.00167224      0.25963633D-03
  397  0.00169241      0.26562464D-03
  398  0.00171283      0.27174714D-03
  399  0.00173350      0.27800669D-03
  400  0.00175442      0.28440620D-03
  401  0.00177558      0.29094866D-03
  402  0.00179701      0.29763710D-03
  403  0.00181869      0.30447461D-03
  404  0.00184063      0.31146435D-03
  405  0.00186284      0.31860952D-03
  406  0.00188532      0.32591340D-03
  407  0.00190807      0.33337933D-03
  408  0.00193109      0.34101071D-03
  409  0.00195439      0.34881100D-03
  410  0.00197797      0.35678373D-03
  411  0.00200183      0.36493249D-03
  412  0.00202599      0.37326095D-03
  413  0.00205043      0.38177283D-03
  414  0.00207517      0.39047194D-03
  415  0.00210021      0.39936215D-03
  416  0.00212555      0.40844738D-03
  417  0.00215119      0.41773166D-03
  418  0.00217715      0.42721907D-03
  419  0.00220342      0.43691377D-03
  420  0.00223000      0.44681997D-03
  421  0.00225691      0.45694201D-03
  422  0.00228414      0.46728425D-03
  423  0.00231170      0.47785116D-03
  424  0.00233959      0.48864728D-03
  425  0.00236782      0.49967722D-03
  426  0.00239639      0.51094569D-03
  427  0.00242530      0.52245747D-03
  428  0.00245457      0.53421741D-03
  429  0.00248418      0.54623046D-03
  430  0.00251416      0.55850165D-03
  431  0.00254449      0.57103609D-03
  432  0.00257519      0.58383897D-03
  433  0.00260626      0.59691559D-03
  434  0.00263771      0.61027131D-03
  435  0.00266953      0.62391159D-03
  436  0.00270174      0.63784197D-03
  437  0.00273434      0.65206810D-03
  438  0.00276733      0.66659569D-03
  439  0.00280072      0.68143056D-03
  440  0.00283451      0.69657862D-03
  441  0.00286871      0.71204586D-03
  442  0.00290333      0.72783839D-03
  443  0.00293836      0.74396237D-03
  444  0.00297381      0.76042409D-03
  445  0.00300969      0.77722991D-03
  446  0.00304600      0.79438631D-03
  447  0.00308276      0.81189983D-03
  448  0.00311995      0.82977714D-03
  449  0.00315759      0.84802498D-03
  450  0.00319569      0.86665020D-03
  451  0.00323425      0.88565974D-03
  452  0.00327327      0.90506063D-03
  453  0.00331277      0.92486000D-03
  454  0.00335274      0.94506508D-03
  455  0.00339319      0.96568319D-03
  456  0.00343413      0.98672175D-03
  457  0.00347557      0.10081883D-02
  458  0.00351750      0.10300904D-02
  459  0.00355994      0.10524357D-02
  460  0.00360289      0.10752322D-02
  461  0.00364637      0.10984876D-02
  462  0.00369036      0.11222099D-02
  463  0.00373489      0.11464072D-02
  464  0.00377995      0.11710877D-02
  465  0.00382556      0.11962597D-02
  466  0.00387171      0.12219314D-02
  467  0.00391843      0.12481114D-02
  468  0.00396571      0.12748081D-02
  469  0.00401356      0.13020301D-02
  470  0.00406198      0.13297861D-02
  471  0.00411099      0.13580849D-02
  472  0.00416059      0.13869354D-02
  473  0.00421079      0.14163464D-02
  474  0.00426160      0.14463271D-02
  475  0.00431302      0.14768863D-02
  476  0.00436506      0.15080334D-02
  477  0.00441772      0.15397775D-02
  478  0.00447103      0.15721279D-02
  479  0.00452497      0.16050940D-02
  480  0.00457957      0.16386851D-02
  481  0.00463482      0.16729107D-02
  482  0.00469074      0.17077804D-02
  483  0.00474734      0.17433036D-02
  484  0.00480462      0.17794901D-02
  485  0.00486259      0.18163494D-02
  486  0.00492126      0.18538913D-02
  487  0.00498064      0.18921255D-02
  488  0.00504073      0.19310617D-02
  489  0.00510155      0.19707096D-02
  490  0.00516310      0.20110792D-02
  491  0.00522540      0.20521801D-02
  492  0.00528845      0.20940222D-02
  493  0.00535226      0.21366152D-02
  494  0.00541683      0.21799690D-02
  495  0.00548219      0.22240934D-02
  496  0.00554834      0.22689981D-02
  497  0.00561528      0.23146928D-02
  498  0.00568303      0.23611872D-02
  499  0.00575160      0.24084910D-02
  500  0.00582100      0.24566137D-02
  501  0.00589123      0.25055650D-02
  502  0.00596231      0.25553542D-02
  503  0.00603425      0.26059907D-02
  504  0.00610706      0.26574839D-02
  505  0.00618074      0.27098429D-02
  506  0.00625532      0.27630768D-02
  507  0.00633079      0.28171946D-02
  508  0.00640717      0.28722051D-02
  509  0.00648448      0.29281169D-02
  510  0.00656272      0.29849387D-02
  511  0.00664190      0.30426787D-02
  512  0.00672204      0.31013451D-02
  513  0.00680315      0.31609459D-02
  514  0.00688523      0.32214889D-02
  515  0.00696830      0.32829816D-02
  516  0.00705238      0.33454312D-02
  517  0.00713747      0.34088450D-02
  518  0.00722359      0.34732295D-02
  519  0.00731075      0.35385913D-02
  520  0.00739895      0.36049366D-02
  521  0.00748823      0.36722713D-02
  522  0.00757858      0.37406008D-02
  523  0.00767002      0.38099303D-02
  524  0.00776256      0.38802646D-02
  525  0.00785622      0.39516081D-02
  526  0.00795101      0.40239648D-02
  527  0.00804694      0.40973381D-02
  528  0.00814403      0.41717311D-02
  529  0.00824230      0.42471465D-02
  530  0.00834174      0.43235863D-02
  531  0.00844239      0.44010520D-02
  532  0.00854425      0.44795447D-02
  533  0.00864734      0.45590649D-02
  534  0.00875168      0.46396123D-02
  535  0.00885727      0.47211861D-02
  536  0.00896414      0.48037850D-02
  537  0.00907230      0.48874067D-02
  538  0.00918176      0.49720486D-02
  539  0.00929254      0.50577070D-02
  540  0.00940466      0.51443777D-02
  541  0.00951814      0.52320555D-02
  542  0.00963298      0.53207346D-02
  543  0.00974921      0.54104081D-02
  544  0.00986684      0.55010686D-02
  545  0.00998588      0.55927074D-02
  546  0.01010637      0.56853151D-02
  547  0.01022831      0.57788813D-02
  548  0.01035172      0.58733944D-02
  549  0.01047662      0.59688422D-02
  550  0.01060302      0.60652110D-02
  551  0.01073096      0.61624862D-02
  552  0.01086043      0.62606521D-02
  553  0.01099147      0.63596917D-02
  554  0.01112409      0.64595869D-02
  555  0.01125831      0.65603184D-02
  556  0.01139414      0.66618656D-02
  557  0.01153162      0.67642064D-02
  558  0.01167076      0.68673178D-02
  559  0.01181157      0.69711750D-02
  560  0.01195408      0.70757519D-02
  561  0.01209832      0.71810212D-02
  562  0.01224429      0.72869537D-02
  563  0.01239202      0.73935192D-02
  564  0.01254154      0.75006855D-02
  565  0.01269286      0.76084190D-02
  566  0.01284601      0.77166844D-02
  567  0.01300100      0.78254450D-02
  568  0.01315787      0.79346622D-02
  569  0.01331662      0.80442955D-02
  570  0.01347729      0.81543031D-02
  571  0.01363991      0.82646411D-02
  572  0.01380448      0.83752638D-02
  573  0.01397104      0.84861238D-02
  574  0.01413961      0.85971716D-02
  575  0.01431021      0.87083560D-02
  576  0.01448287      0.88196239D-02
  577  0.01465761      0.89309200D-02
  578  0.01483447      0.90421871D-02
  579  0.01501345      0.91533661D-02
  580  0.01519460      0.92643959D-02
  581  0.01537793      0.93752131D-02
  582  0.01556347      0.94857525D-02
  583  0.01575125      0.95959465D-02
  584  0.01594130      0.97057258D-02
  585  0.01613364      0.98150186D-02
  586  0.01632830      0.99237513D-02
  587  0.01652531      0.10031848D-01
  588  0.01672470      0.10139230D-01
  589  0.01692649      0.10245818D-01
  590  0.01713072      0.10351530D-01
  591  0.01733741      0.10456280D-01
  592  0.01754660      0.10559983D-01
  593  0.01775831      0.10662549D-01
  594  0.01797257      0.10763888D-01
  595  0.01818942      0.10863907D-01
  596  0.01840889      0.10962510D-01
  597  0.01863100      0.11059602D-01
  598  0.01885580      0.11155082D-01
  599  0.01908330      0.11248850D-01
  600  0.01931355      0.11340803D-01
  601  0.01954658      0.11430835D-01
  602  0.01978242      0.11518841D-01
  603  0.02002111      0.11604712D-01
  604  0.02026267      0.11688338D-01
  605  0.02050715      0.11769606D-01
  606  0.02075458      0.11848404D-01
  607  0.02100500      0.11924616D-01
  608  0.02125844      0.11998127D-01
  609  0.02151493      0.12068818D-01
  610  0.02177452      0.12136570D-01
  611  0.02203724      0.12201265D-01
  612  0.02230314      0.12262780D-01
  613  0.02257224      0.12320994D-01
  614  0.02284458      0.12375784D-01
  615  0.02312021      0.12427027D-01
  616  0.02339917      0.12474601D-01
  617  0.02368150      0.12518379D-01
  618  0.02396723      0.12558240D-01
  619  0.02425641      0.12594057D-01
  620  0.02454907      0.12625709D-01
  621  0.02484527      0.12653071D-01
  622  0.02514504      0.12676021D-01
  623  0.02544843      0.12694437D-01
  624  0.02575548      0.12708198D-01
  625  0.02606624      0.12717184D-01
  626  0.02638074      0.12721277D-01
  627  0.02669904      0.12720362D-01
  628  0.02702118      0.12714323D-01
  629  0.02734720      0.12703049D-01
  630  0.02767716      0.12686431D-01
  631  0.02801110      0.12664361D-01
  632  0.02834907      0.12636737D-01
  633  0.02869112      0.12603459D-01
  634  0.02903730      0.12564431D-01
  635  0.02938765      0.12519561D-01
  636  0.02974223      0.12468761D-01
  637  0.03010108      0.12411948D-01
  638  0.03046427      0.12349046D-01
  639  0.03083184      0.12279983D-01
  640  0.03120384      0.12204692D-01
  641  0.03158033      0.12123114D-01
  642  0.03196137      0.12035196D-01
  643  0.03234700      0.11940893D-01
  644  0.03273728      0.11840165D-01
  645  0.03313228      0.11732982D-01
  646  0.03353204      0.11619323D-01
  647  0.03393662      0.11499174D-01
  648  0.03434608      0.11372530D-01
  649  0.03476049      0.11239399D-01
  650  0.03517989      0.11099795D-01
  651  0.03560436      0.10953744D-01
  652  0.03603395      0.10801284D-01
  653  0.03646872      0.10642464D-01
  654  0.03690873      0.10477343D-01
  655  0.03735406      0.10305995D-01
  656  0.03780475      0.10128504D-01
  657  0.03826089      0.99449705D-02
  658  0.03872253      0.97555059D-02
  659  0.03918974      0.95602366D-02
  660  0.03966258      0.93593035D-02
  661  0.04014114      0.91528623D-02
  662  0.04062546      0.89410839D-02
  663  0.04111563      0.87241551D-02
  664  0.04161171      0.85022784D-02
  665  0.04211378      0.82756730D-02
  666  0.04262191      0.80445747D-02
  667  0.04313617      0.78092363D-02
  668  0.04365663      0.75699281D-02
  669  0.04418337      0.73269378D-02
  670  0.04471647      0.70805714D-02
  671  0.04525600      0.68311527D-02
  672  0.04580203      0.65790237D-02
  673  0.04635466      0.63245452D-02
  674  0.04691396      0.60680965D-02
  675  0.04748000      0.58100754D-02
  676  0.04805287      0.55508986D-02
  677  0.04863266      0.52910015D-02
  678  0.04921944      0.50308383D-02
  679  0.04981330      0.47708818D-02
  680  0.05041432      0.45116232D-02
  681  0.05102260      0.42535723D-02
  682  0.05163822      0.39972567D-02
  683  0.05226126      0.37432220D-02
  684  0.05289182      0.34920312D-02
  685  0.05352999      0.32442644D-02
  686  0.05417586      0.30005182D-02
  687  0.05482953      0.27614054D-02
  688  0.05549107      0.25275541D-02
  689  0.05616061      0.22996073D-02
  690  0.05683821      0.20782217D-02
  691  0.05752400      0.18640676D-02
  692  0.05821806      0.16578274D-02
  693  0.05892049      0.14601947D-02
  694  0.05963140      0.12718736D-02
  695  0.06035089      0.10935771D-02
  696  0.06107906      0.92602622D-03
  697  0.06181601      0.76994847D-03
  698  0.06256185      0.62607662D-03
  699  0.06331670      0.49514715D-03
  700  0.06408065      0.37789866D-03
  701  0.06485382      0.27507028D-03
  702  0.06563632      0.18739991D-03
  703  0.06642826      0.11562240D-03
  704  0.06722975      0.60467640D-04
  705  0.06804091      0.22658591D-04
  706  0.06886187      0.29091909D-05
  707  0.06969272      0.19222214D-05
  708  0.07053361      0.20387069D-04
  709  0.07138463      0.58977425D-04
  710  0.07224593      0.11834890D-03
  711  0.07311762      0.19913660D-03
  712  0.07399982      0.30195256D-03
  713  0.07489267      0.42738326D-03
  714  0.07579629      0.57598688D-03
  715  0.07671082      0.74829075D-03
  716  0.07763638      0.94478850D-03
  717  0.07857310      0.11659374D-02
  718  0.07952113      0.14121555D-02
  719  0.08048060      0.16838188D-02
  720  0.08145164      0.19812586D-02
  721  0.08243440      0.23047583D-02
  722  0.08342902      0.26545510D-02
  723  0.08443564      0.30308162D-02
  724  0.08545440      0.34336774D-02
  725  0.08648546      0.38631992D-02
  726  0.08752895      0.43193846D-02
  727  0.08858504      0.48021720D-02
  728  0.08965387      0.53114332D-02
  729  0.09073559      0.58469705D-02
  730  0.09183037      0.64085142D-02
  731  0.09293835      0.69957206D-02
  732  0.09405971      0.76081696D-02
  733  0.09519459      0.82453625D-02
  734  0.09634317      0.89067207D-02
  735  0.09750560      0.95915833D-02
  736  0.09868206      0.10299206D-01
  737  0.09987272      0.11028759D-01
  738  0.10107774      0.11779327D-01
  739  0.10229730      0.12549908D-01
  740  0.10353157      0.13339412D-01
  741  0.10478074      0.14146661D-01
  742  0.10604498      0.14970388D-01
  743  0.10732447      0.15809240D-01
  744  0.10861940      0.16661776D-01
  745  0.10992995      0.17526467D-01
  746  0.11125632      0.18401700D-01
  747  0.11259869      0.19285777D-01
  748  0.11395726      0.20176918D-01
  749  0.11533221      0.21073265D-01
  750  0.11672376      0.21972880D-01
  751  0.11813210      0.22873753D-01
  752  0.11955743      0.23773801D-01
  753  0.12099996      0.24670877D-01
  754  0.12245989      0.25562768D-01
  755  0.12393744      0.26447205D-01
  756  0.12543281      0.27321867D-01
  757  0.12694623      0.28184384D-01
  758  0.12847791      0.29032345D-01
  759  0.13002807      0.29863303D-01
  760  0.13159693      0.30674786D-01
  761  0.13318472      0.31464299D-01
  762  0.13479167      0.32229333D-01
  763  0.13641801      0.32967376D-01
  764  0.13806397      0.33675917D-01
  765  0.13972979      0.34352459D-01
  766  0.14141570      0.34994527D-01
  767  0.14312196      0.35599673D-01
  768  0.14484881      0.36165494D-01
  769  0.14659649      0.36689635D-01
  770  0.14836526      0.37169803D-01
  771  0.15015537      0.37603777D-01
  772  0.15196708      0.37989418D-01
  773  0.15380065      0.38324679D-01
  774  0.15565634      0.38607620D-01
  775  0.15753442      0.38836416D-01
  776  0.15943516      0.39009366D-01
  777  0.16135884      0.39124912D-01
  778  0.16330573      0.39181640D-01
  779  0.16527610      0.39178298D-01
  780  0.16727025      0.39113806D-01
  781  0.16928846      0.38987264D-01
  782  0.17133102      0.38797965D-01
  783  0.17339823      0.38545401D-01
  784  0.17549037      0.38229279D-01
  785  0.17760776      0.37849525D-01
  786  0.17975070      0.37406294D-01
  787  0.18191949      0.36899978D-01
  788  0.18411445      0.36331216D-01
  789  0.18633590      0.35700896D-01
  790  0.18858415      0.35010166D-01
  791  0.19085952      0.34260435D-01
  792  0.19316235      0.33453380D-01
  793  0.19549296      0.32590949D-01
  794  0.19785169      0.31675361D-01
  795  0.20023888      0.30709114D-01
  796  0.20265488      0.29694975D-01
  797  0.20510002      0.28635988D-01
  798  0.20757467      0.27535469D-01
  799  0.21007918      0.26397001D-01
  800  0.21261390      0.25224433D-01
  801  0.21517921      0.24021869D-01
  802  0.21777547      0.22793668D-01
  803  0.22040305      0.21544429D-01
  804  0.22306234      0.20278983D-01
  805  0.22575371      0.19002385D-01
  806  0.22847755      0.17719897D-01
  807  0.23123426      0.16436978D-01
  808  0.23402424      0.15159263D-01
  809  0.23684787      0.13892554D-01
  810  0.23970557      0.12642797D-01
  811  0.24259776      0.11416062D-01
  812  0.24552483      0.10218527D-01
  813  0.24848723      0.90564541D-02
  814  0.25148537      0.79361648D-02
  815  0.25451968      0.68640196D-02
  816  0.25759060      0.58463919D-02
  817  0.26069858      0.48896425D-02
  818  0.26384405      0.40000932D-02
  819  0.26702748      0.31840001D-02
  820  0.27024932      0.24475259D-02
  821  0.27351003      0.17967122D-02
  822  0.27681008      0.12374508D-02
  823  0.28014995      0.77545528D-03
  824  0.28353012      0.41623290D-03
  825  0.28695107      0.16505572D-03
  826  0.29041329      0.26932585D-04
  827  0.29391729      0.65813413D-05
  828  0.29746357      0.10840154D-03
  829  0.30105264      0.33644792D-03
  830  0.30468501      0.69440468D-03
  831  0.30836120      0.11855608D-02
  832  0.31208175      0.18127866D-02
  833  0.31584719      0.25785115D-02
  834  0.31965807      0.34847031D-02
  835  0.32351492      0.45328484D-02
  836  0.32741831      0.57239362D-02
  837  0.33136880      0.70584420D-02
  838  0.33536695      0.85363139D-02
  839  0.33941334      0.10156962D-01
  840  0.34350855      0.11919249D-01
  841  0.34765318      0.13821484D-01
  842  0.35184781      0.15861417D-01
  843  0.35609305      0.18036238D-01
  844  0.36038951      0.20342580D-01
  845  0.36473782      0.22776518D-01
  846  0.36913858      0.25333580D-01
  847  0.37359245      0.28008752D-01
  848  0.37810005      0.30796492D-01
  849  0.38266204      0.33690745D-01
  850  0.38727907      0.36684958D-01
  851  0.39195181      0.39772102D-01
  852  0.39668093      0.42944692D-01
  853  0.40146711      0.46194816D-01
  854  0.40631104      0.49514159D-01
  855  0.41121341      0.52894032D-01
  856  0.41617493      0.56325410D-01
  857  0.42119632      0.59798960D-01
  858  0.42627829      0.63305080D-01
  859  0.43142158      0.66833938D-01
  860  0.43662692      0.70375509D-01
  861  0.44189507      0.73919618D-01
  862  0.44722678      0.77455981D-01
  863  0.45262282      0.80974250D-01
  864  0.45808397      0.84464054D-01
  865  0.46361101      0.87915046D-01
  866  0.46920474      0.91316946D-01
  867  0.47486596      0.94659586D-01
  868  0.48059549      0.97932954D-01
  869  0.48639414      0.10112724D+00
  870  0.49226276      0.10423287D+00
  871  0.49820219      0.10724057D+00
  872  0.50421328      0.11014138D+00
  873  0.51029689      0.11292669D+00
  874  0.51645391      0.11558832D+00
  875  0.52268522      0.11811850D+00
  876  0.52899171      0.12050996D+00
  877  0.53537430      0.12275589D+00
  878  0.54183389      0.12485005D+00
  879  0.54837142      0.12678670D+00
  880  0.55498783      0.12856073D+00
  881  0.56168407      0.13016757D+00
  882  0.56846110      0.13160331D+00
  883  0.57531991      0.13286462D+00
  884  0.58226146      0.13394882D+00
  885  0.58928678      0.13485386D+00
  886  0.59639685      0.13557834D+00
  887  0.60359272      0.13612149D+00
  888  0.61087540      0.13648317D+00
  889  0.61824596      0.13666387D+00
  890  0.62570544      0.13666471D+00
  891  0.63325493      0.13648740D+00
  892  0.64089551      0.13613423D+00
  893  0.64862827      0.13560809D+00
  894  0.65645434      0.13491240D+00
  895  0.66437483      0.13405108D+00
  896  0.67239089      0.13302859D+00
  897  0.68050366      0.13184983D+00
  898  0.68871432      0.13052014D+00
  899  0.69702405      0.12904529D+00
  900  0.70543403      0.12743140D+00
  901  0.71394549      0.12568493D+00
  902  0.72255965      0.12381267D+00
  903  0.73127774      0.12182164D+00
  904  0.74010101      0.11971913D+00
  905  0.74903075      0.11751261D+00
  906  0.75806823      0.11520969D+00
  907  0.76721475      0.11281814D+00
  908  0.77647162      0.11034579D+00
  909  0.78584019      0.10780052D+00
  910  0.79532180      0.10519024D+00
  911  0.80491780      0.10252283D+00
  912  0.81462959      0.99806141D-01
  913  0.82445855      0.97047916D-01
  914  0.83440611      0.94255801D-01
  915  0.84447369      0.91437301D-01
  916  0.85466274      0.88599752D-01
  917  0.86497472      0.85750302D-01
  918  0.87541113      0.82895883D-01
  919  0.88597346      0.80043193D-01
  920  0.89666323      0.77198674D-01
  921  0.90748197      0.74368499D-01
  922  0.91843125      0.71558551D-01
  923  0.92951264      0.68774415D-01
  924  0.94072774      0.66021366D-01
  925  0.95207815      0.63304356D-01
  926  0.96356551      0.60628013D-01
  927  0.97519147      0.57996630D-01
  928  0.98695770      0.55414166D-01
  929  0.99886590      0.52884242D-01
  930  1.01091778      0.50410141D-01
  931  1.02311507      0.47994812D-01
  932  1.03545953      0.45640873D-01
  933  1.04795293      0.43350613D-01
  934  1.06059707      0.41126003D-01
  935  1.07339377      0.38968699D-01
  936  1.08634487      0.36880055D-01
  937  1.09945224      0.34861130D-01
  938  1.11271775      0.32912700D-01
  939  1.12614331      0.31035268D-01
  940  1.13973087      0.29229081D-01
  941  1.15348236      0.27494138D-01
  942  1.16739977      0.25830205D-01
  943  1.18148511      0.24236830D-01
  944  1.19574039      0.22713360D-01
  945  1.21016767      0.21258949D-01
  946  1.22476903      0.19872577D-01
  947  1.23954655      0.18553066D-01
  948  1.25450238      0.17299091D-01
  949  1.26963866      0.16109196D-01
  950  1.28495756      0.14981809D-01
  951  1.30046130      0.13915257D-01
  952  1.31615210      0.12907777D-01
  953  1.33203221      0.11957531D-01
  954  1.34810393      0.11062617D-01
  955  1.36436956      0.10221085D-01
  956  1.38083145      0.94309460D-02
  957  1.39749196      0.86901823D-02
  958  1.41435349      0.79967607D-02
  959  1.43141846      0.73486408D-02
  960  1.44868933      0.67437847D-02
  961  1.46616858      0.61801654D-02
  962  1.48385873      0.56557751D-02
  963  1.50176232      0.51686321D-02
  964  1.51988193      0.47167877D-02
  965  1.53822016      0.42983318D-02
  966  1.55677965      0.39113984D-02
  967  1.57556307      0.35541703D-02
  968  1.59457313      0.32248828D-02
  969  1.61381255      0.29218275D-02
  970  1.63328411      0.26433548D-02
  971  1.65299060      0.23878765D-02
  972  1.67293486      0.21538675D-02
  973  1.69311976      0.19398668D-02
  974  1.71354820      0.17444788D-02
  975  1.73422313      0.15663735D-02
  976  1.75514750      0.14042864D-02
  977  1.77632435      0.12570183D-02
  978  1.79775670      0.11234346D-02
  979  1.81944765      0.10024644D-02
  980  1.84140031      0.89309915D-03
  981  1.86361784      0.79439121D-03
  982  1.88610344      0.70545226D-03
  983  1.90886034      0.62545143D-03
  984  1.93189181      0.55361331D-03
  985  1.95520117      0.48921585D-03
  986  1.97879177      0.43158820D-03
  987  2.00266701      0.38010844D-03
  988  2.02683031      0.33420123D-03
  989  2.05128516      0.29333557D-03
  990  2.07603507      0.25702234D-03
  991  2.10108360      0.22481208D-03
  992  2.12643436      0.19629260D-03
  993  2.15209099      0.17108672D-03
  994  2.17805718      0.14885007D-03
  995  2.20433666      0.12926889D-03
  996  2.23093323      0.11205793D-03
  997  2.25785069      0.96958444D-04
  998  2.28509293      0.83736204D-04
  999  2.31266386      0.72179664D-04
 1000  2.34056745      0.62098163D-04
 1001  2.36880772      0.53320247D-04
 1002  2.39738872      0.45695634D-04
 1003  2.42631456      0.39088483D-04
 1004  2.45558941      0.33373732D-04
 1005  2.48521748      0.28440207D-04
 1006  2.51520303      0.24189271D-04
 1007  2.54555037      0.20533588D-04
 1008  2.57626386      0.17395974D-04
 1009  2.60734794      0.14708360D-04
 1010  2.63880706      0.12410835D-04
 1011  2.67064575      0.10450774D-04
 1012  2.70286859      0.87820543D-05
 1013  2.73548022      0.73643309D-05
 1014  2.76848533      0.61623911D-05
 1015  2.80188867      0.51455664D-05
 1016  2.83569503      0.42872046D-05
 1017  2.86990929      0.35641947D-05
 1018  2.90453636      0.29565408D-05
 1019  2.93958122      0.24469815D-05
 1020  2.97504893      0.20206493D-05
 1021  3.01094457      0.16647686D-05
 1022  3.04727331      0.13683869D-05
 1023  3.08404037      0.11221363D-05
 1024  3.12125106      0.91802385D-06
 1025  3.15891071      0.74924593D-06
 1026  3.19702474      0.61002547D-06
 1027  3.23559865      0.49546916D-06
 1028  3.27463796      0.40144260D-06
 1029  3.31414831      0.32446142D-06
 1030  3.35413538      0.26159658D-06
 1031  3.39460491      0.00000000D+00
 1032  3.43556273      0.00000000D+00
 1033  3.47701473      0.00000000D+00
 1034  3.51896687      0.00000000D+00
 1035  3.56142518      0.00000000D+00
 1036  3.60439578      0.00000000D+00
 1037  3.64788485      0.00000000D+00
 1038  3.69189863      0.00000000D+00
 1039  3.73644346      0.00000000D+00
 1040  3.78152576      0.00000000D+00
