 ir        r               f(r)
    1  0.00001465      0.26204132D-15
    2  0.00001483      0.27491734D-15
    3  0.00001501      0.28842605D-15
    4  0.00001519      0.30259851D-15
    5  0.00001537      0.31746735D-15
    6  0.00001556      0.33306678D-15
    7  0.00001574      0.34943270D-15
    8  0.00001593      0.36660277D-15
    9  0.00001613      0.38461650D-15
   10  0.00001632      0.40351535D-15
   11  0.00001652      0.42334279D-15
   12  0.00001672      0.44414446D-15
   13  0.00001692      0.46596822D-15
   14  0.00001712      0.48886429D-15
   15  0.00001733      0.51288536D-15
   16  0.00001754      0.53808670D-15
   17  0.00001775      0.56452631D-15
   18  0.00001797      0.59226501D-15
   19  0.00001818      0.62136664D-15
   20  0.00001840      0.65189817D-15
   21  0.00001862      0.68392985D-15
   22  0.00001885      0.71753538D-15
   23  0.00001908      0.75279208D-15
   24  0.00001931      0.78978110D-15
   25  0.00001954      0.82858753D-15
   26  0.00001977      0.86930067D-15
   27  0.00002001      0.91201420D-15
   28  0.00002025      0.95682639D-15
   29  0.00002050      0.10038404D-14
   30  0.00002075      0.10531643D-14
   31  0.00002100      0.11049117D-14
   32  0.00002125      0.11592016D-14
   33  0.00002151      0.12161589D-14
   34  0.00002177      0.12759147D-14
   35  0.00002203      0.13386065D-14
   36  0.00002229      0.14043785D-14
   37  0.00002256      0.14733821D-14
   38  0.00002284      0.15457759D-14
   39  0.00002311      0.16217267D-14
   40  0.00002339      0.17014091D-14
   41  0.00002367      0.17850064D-14
   42  0.00002396      0.18727110D-14
   43  0.00002425      0.19647248D-14
   44  0.00002454      0.20612593D-14
   45  0.00002483      0.21625367D-14
   46  0.00002513      0.22687900D-14
   47  0.00002544      0.23802637D-14
   48  0.00002574      0.24972142D-14
   49  0.00002606      0.26199106D-14
   50  0.00002637      0.27486352D-14
   51  0.00002669      0.28836842D-14
   52  0.00002701      0.30253681D-14
   53  0.00002734      0.31740131D-14
   54  0.00002767      0.33299610D-14
   55  0.00002800      0.34935707D-14
   56  0.00002834      0.36652185D-14
   57  0.00002868      0.38452993D-14
   58  0.00002903      0.40342275D-14
   59  0.00002938      0.42324376D-14
   60  0.00002973      0.44403856D-14
   61  0.00003009      0.46585500D-14
   62  0.00003045      0.48874326D-14
   63  0.00003082      0.51275599D-14
   64  0.00003119      0.53794844D-14
   65  0.00003157      0.56437855D-14
   66  0.00003195      0.59210713D-14
   67  0.00003233      0.62119797D-14
   68  0.00003272      0.65171798D-14
   69  0.00003312      0.68373738D-14
   70  0.00003352      0.71732981D-14
   71  0.00003392      0.75257256D-14
   72  0.00003433      0.78954668D-14
   73  0.00003475      0.82833724D-14
   74  0.00003517      0.86903346D-14
   75  0.00003559      0.91172894D-14
   76  0.00003602      0.95652191D-14
   77  0.00003645      0.10035154D-13
   78  0.00003689      0.10528175D-13
   79  0.00003734      0.11045416D-13
   80  0.00003779      0.11588067D-13
   81  0.00003824      0.12157376D-13
   82  0.00003871      0.12754652D-13
   83  0.00003917      0.13381270D-13
   84  0.00003965      0.14038670D-13
   85  0.00004012      0.14728365D-13
   86  0.00004061      0.15451940D-13
   87  0.00004110      0.16211061D-13
   88  0.00004159      0.17007473D-13
   89  0.00004210      0.17843007D-13
   90  0.00004260      0.18719586D-13
   91  0.00004312      0.19639226D-13
   92  0.00004364      0.20604041D-13
   93  0.00004416      0.21616250D-13
   94  0.00004470      0.22678182D-13
   95  0.00004524      0.23792279D-13
   96  0.00004578      0.24961102D-13
   97  0.00004634      0.26187340D-13
   98  0.00004689      0.27473813D-13
   99  0.00004746      0.28823479D-13
  100  0.00004803      0.30239442D-13
  101  0.00004861      0.31724959D-13
  102  0.00004920      0.33283445D-13
  103  0.00004979      0.34918485D-13
  104  0.00005039      0.36633837D-13
  105  0.00005100      0.38433448D-13
  106  0.00005162      0.40321454D-13
  107  0.00005224      0.42302198D-13
  108  0.00005287      0.44380233D-13
  109  0.00005351      0.46560339D-13
  110  0.00005415      0.48847529D-13
  111  0.00005481      0.51247060D-13
  112  0.00005547      0.53764452D-13
  113  0.00005614      0.56405491D-13
  114  0.00005681      0.59176250D-13
  115  0.00005750      0.62083100D-13
  116  0.00005819      0.65132725D-13
  117  0.00005890      0.68332136D-13
  118  0.00005961      0.71688689D-13
  119  0.00006033      0.75210101D-13
  120  0.00006105      0.78904467D-13
  121  0.00006179      0.82780283D-13
  122  0.00006254      0.86846457D-13
  123  0.00006329      0.91112338D-13
  124  0.00006405      0.95587734D-13
  125  0.00006483      0.10028293D-12
  126  0.00006561      0.10520873D-12
  127  0.00006640      0.11037644D-12
  128  0.00006720      0.11579795D-12
  129  0.00006801      0.12148573D-12
  130  0.00006883      0.12745284D-12
  131  0.00006966      0.13371300D-12
  132  0.00007050      0.14028061D-12
  133  0.00007135      0.14717076D-12
  134  0.00007222      0.15439928D-12
  135  0.00007309      0.16198280D-12
  136  0.00007397      0.16993873D-12
  137  0.00007486      0.17828538D-12
  138  0.00007576      0.18704191D-12
  139  0.00007668      0.19622847D-12
  140  0.00007760      0.20586615D-12
  141  0.00007854      0.21597712D-12
  142  0.00007949      0.22658461D-12
  143  0.00008045      0.23771299D-12
  144  0.00008142      0.24938785D-12
  145  0.00008240      0.26163600D-12
  146  0.00008339      0.27448560D-12
  147  0.00008440      0.28796618D-12
  148  0.00008542      0.30210871D-12
  149  0.00008645      0.31694570D-12
  150  0.00008749      0.33251123D-12
  151  0.00008855      0.34884107D-12
  152  0.00008962      0.36597275D-12
  153  0.00009070      0.38394562D-12
  154  0.00009179      0.40280099D-12
  155  0.00009290      0.42258217D-12
  156  0.00009402      0.44333461D-12
  157  0.00009515      0.46510600D-12
  158  0.00009630      0.48794635D-12
  159  0.00009746      0.51190813D-12
  160  0.00009864      0.53704640D-12
  161  0.00009983      0.56341890D-12
  162  0.00010104      0.59108621D-12
  163  0.00010225      0.62011190D-12
  164  0.00010349      0.65056264D-12
  165  0.00010474      0.68250837D-12
  166  0.00010600      0.71602248D-12
  167  0.00010728      0.75118195D-12
  168  0.00010857      0.78806752D-12
  169  0.00010988      0.82676393D-12
  170  0.00011121      0.86736005D-12
  171  0.00011255      0.90994911D-12
  172  0.00011391      0.95462893D-12
  173  0.00011528      0.10015021D-11
  174  0.00011668      0.10506763D-11
  175  0.00011808      0.11022645D-11
  176  0.00011951      0.11563850D-11
  177  0.00012095      0.12131622D-11
  178  0.00012241      0.12727265D-11
  179  0.00012389      0.13352146D-11
  180  0.00012538      0.14007700D-11
  181  0.00012689      0.14695433D-11
  182  0.00012842      0.15416923D-11
  183  0.00012997      0.16173826D-11
  184  0.00013154      0.16967881D-11
  185  0.00013313      0.17800910D-11
  186  0.00013474      0.18674826D-11
  187  0.00013636      0.19591635D-11
  188  0.00013801      0.20553442D-11
  189  0.00013967      0.21562453D-11
  190  0.00014136      0.22620987D-11
  191  0.00014306      0.23731471D-11
  192  0.00014479      0.24896454D-11
  193  0.00014654      0.26118612D-11
  194  0.00014830      0.27400748D-11
  195  0.00015009      0.28745805D-11
  196  0.00015190      0.30156869D-11
  197  0.00015374      0.31637180D-11
  198  0.00015559      0.33190133D-11
  199  0.00015747      0.34819292D-11
  200  0.00015937      0.36528396D-11
  201  0.00016129      0.38321365D-11
  202  0.00016324      0.40202314D-11
  203  0.00016521      0.42175558D-11
  204  0.00016720      0.44245624D-11
  205  0.00016922      0.46417261D-11
  206  0.00017126      0.48695450D-11
  207  0.00017333      0.51085418D-11
  208  0.00017542      0.53592646D-11
  209  0.00017753      0.56222886D-11
  210  0.00017968      0.58982170D-11
  211  0.00018184      0.61876827D-11
  212  0.00018404      0.64913495D-11
  213  0.00018626      0.68099139D-11
  214  0.00018851      0.71441063D-11
  215  0.00019078      0.74946931D-11
  216  0.00019308      0.78624782D-11
  217  0.00019541      0.82483048D-11
  218  0.00019777      0.86530577D-11
  219  0.00020016      0.90776647D-11
  220  0.00020257      0.95230993D-11
  221  0.00020501      0.99903827D-11
  222  0.00020749      0.10480586D-10
  223  0.00020999      0.10994833D-10
  224  0.00021253      0.11534302D-10
  225  0.00021509      0.12100229D-10
  226  0.00021768      0.12693913D-10
  227  0.00022031      0.13316712D-10
  228  0.00022297      0.13970055D-10
  229  0.00022566      0.14655439D-10
  230  0.00022838      0.15374434D-10
  231  0.00023114      0.16128688D-10
  232  0.00023393      0.16919927D-10
  233  0.00023675      0.17749967D-10
  234  0.00023961      0.18620707D-10
  235  0.00024250      0.19534142D-10
  236  0.00024542      0.20492365D-10
  237  0.00024838      0.21497570D-10
  238  0.00025138      0.22552060D-10
  239  0.00025441      0.23658250D-10
  240  0.00025748      0.24818672D-10
  241  0.00026059      0.26035985D-10
  242  0.00026373      0.27312975D-10
  243  0.00026692      0.28652566D-10
  244  0.00027014      0.30057825D-10
  245  0.00027340      0.31531969D-10
  246  0.00027669      0.33078373D-10
  247  0.00028003      0.34700576D-10
  248  0.00028341      0.36402292D-10
  249  0.00028683      0.38187414D-10
  250  0.00029029      0.40060029D-10
  251  0.00029379      0.42024421D-10
  252  0.00029734      0.44085085D-10
  253  0.00030093      0.46246737D-10
  254  0.00030456      0.48514321D-10
  255  0.00030823      0.50893026D-10
  256  0.00031195      0.53388292D-10
  257  0.00031572      0.56005827D-10
  258  0.00031952      0.58751618D-10
  259  0.00032338      0.61631945D-10
  260  0.00032728      0.64653393D-10
  261  0.00033123      0.67822873D-10
  262  0.00033523      0.71147631D-10
  263  0.00033927      0.74635268D-10
  264  0.00034337      0.78293757D-10
  265  0.00034751      0.82131461D-10
  266  0.00035170      0.86157152D-10
  267  0.00035594      0.90380031D-10
  268  0.00036024      0.94809748D-10
  269  0.00036459      0.99456425D-10
  270  0.00036898      0.10433068D-09
  271  0.00037344      0.10944365D-09
  272  0.00037794      0.11480701D-09
  273  0.00038250      0.12043302D-09
  274  0.00038712      0.12633452D-09
  275  0.00039179      0.13252500D-09
  276  0.00039652      0.13901859D-09
  277  0.00040130      0.14583011D-09
  278  0.00040614      0.15297513D-09
  279  0.00041104      0.16046994D-09
  280  0.00041600      0.16833167D-09
  281  0.00042102      0.17657825D-09
  282  0.00042610      0.18522851D-09
  283  0.00043124      0.19430218D-09
  284  0.00043645      0.20381997D-09
  285  0.00044171      0.21380360D-09
  286  0.00044704      0.22427584D-09
  287  0.00045243      0.23526057D-09
  288  0.00045789      0.24678286D-09
  289  0.00046342      0.25886898D-09
  290  0.00046901      0.27154649D-09
  291  0.00047467      0.28484429D-09
  292  0.00048040      0.29879270D-09
  293  0.00048619      0.31342351D-09
  294  0.00049206      0.32877008D-09
  295  0.00049799      0.34486738D-09
  296  0.00050400      0.36175208D-09
  297  0.00051008      0.37946266D-09
  298  0.00051624      0.39803947D-09
  299  0.00052247      0.41752481D-09
  300  0.00052877      0.43796307D-09
  301  0.00053515      0.45940079D-09
  302  0.00054161      0.48188679D-09
  303  0.00054814      0.50547224D-09
  304  0.00055476      0.53021086D-09
  305  0.00056145      0.55615893D-09
  306  0.00056822      0.58337552D-09
  307  0.00057508      0.61192254D-09
  308  0.00058202      0.64186495D-09
  309  0.00058904      0.67327087D-09
  310  0.00059615      0.70621171D-09
  311  0.00060334      0.74076239D-09
  312  0.00061062      0.77700147D-09
  313  0.00061799      0.81501134D-09
  314  0.00062544      0.85487841D-09
  315  0.00063299      0.89669326D-09
  316  0.00064063      0.94055094D-09
  317  0.00064836      0.98655108D-09
  318  0.00065618      0.10347982D-08
  319  0.00066410      0.10854018D-08
  320  0.00067211      0.11384769D-08
  321  0.00068022      0.11941440D-08
  322  0.00068843      0.12525294D-08
  323  0.00069673      0.13137657D-08
  324  0.00070514      0.13779919D-08
  325  0.00071365      0.14453536D-08
  326  0.00072226      0.15160038D-08
  327  0.00073097      0.15901025D-08
  328  0.00073979      0.16678180D-08
  329  0.00074872      0.17493264D-08
  330  0.00075775      0.18348125D-08
  331  0.00076690      0.19244700D-08
  332  0.00077615      0.20185021D-08
  333  0.00078551      0.21171220D-08
  334  0.00079499      0.22205529D-08
  335  0.00080458      0.23290292D-08
  336  0.00081429      0.24427964D-08
  337  0.00082412      0.25621122D-08
  338  0.00083406      0.26872466D-08
  339  0.00084412      0.28184829D-08
  340  0.00085431      0.29561178D-08
  341  0.00086461      0.31004629D-08
  342  0.00087505      0.32518444D-08
  343  0.00088560      0.34106048D-08
  344  0.00089629      0.35771030D-08
  345  0.00090710      0.37517152D-08
  346  0.00091805      0.39348360D-08
  347  0.00092913      0.41268791D-08
  348  0.00094034      0.43282783D-08
  349  0.00095168      0.45394883D-08
  350  0.00096316      0.47609860D-08
  351  0.00097479      0.49932713D-08
  352  0.00098655      0.52368683D-08
  353  0.00099845      0.54923267D-08
  354  0.00101050      0.57602225D-08
  355  0.00102269      0.60411599D-08
  356  0.00103503      0.63357721D-08
  357  0.00104752      0.66447231D-08
  358  0.00106016      0.69687091D-08
  359  0.00107295      0.73084598D-08
  360  0.00108589      0.76647403D-08
  361  0.00109899      0.80383528D-08
  362  0.00111225      0.84301381D-08
  363  0.00112567      0.88409779D-08
  364  0.00113926      0.92717963D-08
  365  0.00115300      0.97235621D-08
  366  0.00116691      0.10197291D-07
  367  0.00118099      0.10694048D-07
  368  0.00119524      0.11214949D-07
  369  0.00120966      0.11761164D-07
  370  0.00122426      0.12333920D-07
  371  0.00123903      0.12934503D-07
  372  0.00125398      0.13564260D-07
  373  0.00126911      0.14224604D-07
  374  0.00128442      0.14917016D-07
  375  0.00129992      0.15643050D-07
  376  0.00131560      0.16404332D-07
  377  0.00133148      0.17202568D-07
  378  0.00134754      0.18039546D-07
  379  0.00136380      0.18917140D-07
  380  0.00138026      0.19837315D-07
  381  0.00139691      0.20802129D-07
  382  0.00141376      0.21813742D-07
  383  0.00143082      0.22874415D-07
  384  0.00144809      0.23986519D-07
  385  0.00146556      0.25152540D-07
  386  0.00148324      0.26375081D-07
  387  0.00150114      0.27656873D-07
  388  0.00151925      0.29000776D-07
  389  0.00153758      0.30409790D-07
  390  0.00155613      0.31887058D-07
  391  0.00157491      0.33435872D-07
  392  0.00159391      0.35059684D-07
  393  0.00161314      0.36762113D-07
  394  0.00163260      0.38546950D-07
  395  0.00165230      0.40418166D-07
  396  0.00167224      0.42379927D-07
  397  0.00169241      0.44436596D-07
  398  0.00171283      0.46592744D-07
  399  0.00173350      0.48853164D-07
  400  0.00175442      0.51222877D-07
  401  0.00177558      0.53707145D-07
  402  0.00179701      0.56311481D-07
  403  0.00181869      0.59041662D-07
  404  0.00184063      0.61903743D-07
  405  0.00186284      0.64904068D-07
  406  0.00188532      0.68049282D-07
  407  0.00190807      0.71346352D-07
  408  0.00193109      0.74802573D-07
  409  0.00195439      0.78425593D-07
  410  0.00197797      0.82223421D-07
  411  0.00200183      0.86204453D-07
  412  0.00202599      0.90377481D-07
  413  0.00205043      0.94751718D-07
  414  0.00207517      0.99336819D-07
  415  0.00210021      0.10414290D-06
  416  0.00212555      0.10918054D-06
  417  0.00215119      0.11446086D-06
  418  0.00217715      0.11999547D-06
  419  0.00220342      0.12579656D-06
  420  0.00223000      0.13187689D-06
  421  0.00225691      0.13824983D-06
  422  0.00228414      0.14492937D-06
  423  0.00231170      0.15193019D-06
  424  0.00233959      0.15926765D-06
  425  0.00236782      0.16695784D-06
  426  0.00239639      0.17501763D-06
  427  0.00242530      0.18346467D-06
  428  0.00245457      0.19231745D-06
  429  0.00248418      0.20159535D-06
  430  0.00251416      0.21131864D-06
  431  0.00254449      0.22150859D-06
  432  0.00257519      0.23218745D-06
  433  0.00260626      0.24337852D-06
  434  0.00263771      0.25510621D-06
  435  0.00266953      0.26739608D-06
  436  0.00270174      0.28027491D-06
  437  0.00273434      0.29377073D-06
  438  0.00276733      0.30791289D-06
  439  0.00280072      0.32273213D-06
  440  0.00283451      0.33826065D-06
  441  0.00286871      0.35453216D-06
  442  0.00290333      0.37158193D-06
  443  0.00293836      0.38944694D-06
  444  0.00297381      0.40816587D-06
  445  0.00300969      0.42777923D-06
  446  0.00304600      0.44832944D-06
  447  0.00308276      0.46986091D-06
  448  0.00311995      0.49242013D-06
  449  0.00315759      0.51605577D-06
  450  0.00319569      0.54081878D-06
  451  0.00323425      0.56676250D-06
  452  0.00327327      0.59394277D-06
  453  0.00331277      0.62241805D-06
  454  0.00335274      0.65224951D-06
  455  0.00339319      0.68350120D-06
  456  0.00343413      0.71624016D-06
  457  0.00347557      0.75053654D-06
  458  0.00351750      0.78646379D-06
  459  0.00355994      0.82409875D-06
  460  0.00360289      0.86352188D-06
  461  0.00364637      0.90481736D-06
  462  0.00369036      0.94807327D-06
  463  0.00373489      0.99338183D-06
  464  0.00377995      0.10408395D-05
  465  0.00382556      0.10905473D-05
  466  0.00387171      0.11426107D-05
  467  0.00391843      0.11971404D-05
  468  0.00396571      0.12542520D-05
  469  0.00401356      0.13140666D-05
  470  0.00406198      0.13767106D-05
  471  0.00411099      0.14423166D-05
  472  0.00416059      0.15110232D-05
  473  0.00421079      0.15829753D-05
  474  0.00426160      0.16583245D-05
  475  0.00431302      0.17372295D-05
  476  0.00436506      0.18198562D-05
  477  0.00441772      0.19063783D-05
  478  0.00447103      0.19969771D-05
  479  0.00452497      0.20918427D-05
  480  0.00457957      0.21911736D-05
  481  0.00463482      0.22951774D-05
  482  0.00469074      0.24040714D-05
  483  0.00474734      0.25180827D-05
  484  0.00480462      0.26374487D-05
  485  0.00486259      0.27624180D-05
  486  0.00492126      0.28932500D-05
  487  0.00498064      0.30302165D-05
  488  0.00504073      0.31736011D-05
  489  0.00510155      0.33237008D-05
  490  0.00516310      0.34808257D-05
  491  0.00522540      0.36453003D-05
  492  0.00528845      0.38174636D-05
  493  0.00535226      0.39976701D-05
  494  0.00541683      0.41862901D-05
  495  0.00548219      0.43837109D-05
  496  0.00554834      0.45903373D-05
  497  0.00561528      0.48065920D-05
  498  0.00568303      0.50329171D-05
  499  0.00575160      0.52697746D-05
  500  0.00582100      0.55176470D-05
  501  0.00589123      0.57770386D-05
  502  0.00596231      0.60484764D-05
  503  0.00603425      0.63325108D-05
  504  0.00610706      0.66297171D-05
  505  0.00618074      0.69406961D-05
  506  0.00625532      0.72660754D-05
  507  0.00633079      0.76065106D-05
  508  0.00640717      0.79626866D-05
  509  0.00648448      0.83353186D-05
  510  0.00656272      0.87251536D-05
  511  0.00664190      0.91329717D-05
  512  0.00672204      0.95595875D-05
  513  0.00680315      0.10005852D-04
  514  0.00688523      0.10472652D-04
  515  0.00696830      0.10960917D-04
  516  0.00705238      0.11471614D-04
  517  0.00713747      0.12005753D-04
  518  0.00722359      0.12564391D-04
  519  0.00731075      0.13148628D-04
  520  0.00739895      0.13759613D-04
  521  0.00748823      0.14398547D-04
  522  0.00757858      0.15066681D-04
  523  0.00767002      0.15765323D-04
  524  0.00776256      0.16495835D-04
  525  0.00785622      0.17259640D-04
  526  0.00795101      0.18058222D-04
  527  0.00804694      0.18893129D-04
  528  0.00814403      0.19765977D-04
  529  0.00824230      0.20678451D-04
  530  0.00834174      0.21632308D-04
  531  0.00844239      0.22629381D-04
  532  0.00854425      0.23671581D-04
  533  0.00864734      0.24760901D-04
  534  0.00875168      0.25899419D-04
  535  0.00885727      0.27089303D-04
  536  0.00896414      0.28332812D-04
  537  0.00907230      0.29632300D-04
  538  0.00918176      0.30990223D-04
  539  0.00929254      0.32409138D-04
  540  0.00940466      0.33891713D-04
  541  0.00951814      0.35440726D-04
  542  0.00963298      0.37059072D-04
  543  0.00974921      0.38749769D-04
  544  0.00986684      0.40515960D-04
  545  0.00998588      0.42360918D-04
  546  0.01010637      0.44288055D-04
  547  0.01022831      0.46300922D-04
  548  0.01035172      0.48403220D-04
  549  0.01047662      0.50598800D-04
  550  0.01060302      0.52891674D-04
  551  0.01073096      0.55286017D-04
  552  0.01086043      0.57786179D-04
  553  0.01099147      0.60396683D-04
  554  0.01112409      0.63122241D-04
  555  0.01125831      0.65967755D-04
  556  0.01139414      0.68938324D-04
  557  0.01153162      0.72039258D-04
  558  0.01167076      0.75276077D-04
  559  0.01181157      0.78654526D-04
  560  0.01195408      0.82180579D-04
  561  0.01209832      0.85860449D-04
  562  0.01224429      0.89700599D-04
  563  0.01239202      0.93707747D-04
  564  0.01254154      0.97888877D-04
  565  0.01269286      0.10225125D-03
  566  0.01284601      0.10680242D-03
  567  0.01300100      0.11155021D-03
  568  0.01315787      0.11650280D-03
  569  0.01331662      0.12166863D-03
  570  0.01347729      0.12705652D-03
  571  0.01363991      0.13267559D-03
  572  0.01380448      0.13853533D-03
  573  0.01397104      0.14464561D-03
  574  0.01413961      0.15101666D-03
  575  0.01431021      0.15765909D-03
  576  0.01448287      0.16458394D-03
  577  0.01465761      0.17180264D-03
  578  0.01483447      0.17932707D-03
  579  0.01501345      0.18716956D-03
  580  0.01519460      0.19534288D-03
  581  0.01537793      0.20386029D-03
  582  0.01556347      0.21273554D-03
  583  0.01575125      0.22198288D-03
  584  0.01594130      0.23161709D-03
  585  0.01613364      0.24165349D-03
  586  0.01632830      0.25210795D-03
  587  0.01652531      0.26299693D-03
  588  0.01672470      0.27433745D-03
  589  0.01692649      0.28614719D-03
  590  0.01713072      0.29844440D-03
  591  0.01733741      0.31124803D-03
  592  0.01754660      0.32457767D-03
  593  0.01775831      0.33845360D-03
  594  0.01797257      0.35289681D-03
  595  0.01818942      0.36792901D-03
  596  0.01840889      0.38357267D-03
  597  0.01863100      0.39985102D-03
  598  0.01885580      0.41678808D-03
  599  0.01908330      0.43440868D-03
  600  0.01931355      0.45273849D-03
  601  0.01954658      0.47180403D-03
  602  0.01978242      0.49163270D-03
  603  0.02002111      0.51225280D-03
  604  0.02026267      0.53369355D-03
  605  0.02050715      0.55598512D-03
  606  0.02075458      0.57915865D-03
  607  0.02100500      0.60324627D-03
  608  0.02125844      0.62828111D-03
  609  0.02151493      0.65429737D-03
  610  0.02177452      0.68133029D-03
  611  0.02203724      0.70941620D-03
  612  0.02230314      0.73859253D-03
  613  0.02257224      0.76889786D-03
  614  0.02284458      0.80037192D-03
  615  0.02312021      0.83305559D-03
  616  0.02339917      0.86699098D-03
  617  0.02368150      0.90222142D-03
  618  0.02396723      0.93879145D-03
  619  0.02425641      0.97674692D-03
  620  0.02454907      0.10161349D-02
  621  0.02484527      0.10570039D-02
  622  0.02514504      0.10994035D-02
  623  0.02544843      0.11433849D-02
  624  0.02575548      0.11890005D-02
  625  0.02606624      0.12363041D-02
  626  0.02638074      0.12853509D-02
  627  0.02669904      0.13361975D-02
  628  0.02702118      0.13889019D-02
  629  0.02734720      0.14435236D-02
  630  0.02767716      0.15001234D-02
  631  0.02801110      0.15587637D-02
  632  0.02834907      0.16195083D-02
  633  0.02869112      0.16824223D-02
  634  0.02903730      0.17475726D-02
  635  0.02938765      0.18150271D-02
  636  0.02974223      0.18848556D-02
  637  0.03010108      0.19571291D-02
  638  0.03046427      0.20319201D-02
  639  0.03083184      0.21093025D-02
  640  0.03120384      0.21893516D-02
  641  0.03158033      0.22721442D-02
  642  0.03196137      0.23577584D-02
  643  0.03234700      0.24462737D-02
  644  0.03273728      0.25377709D-02
  645  0.03313228      0.26323321D-02
  646  0.03353204      0.27300405D-02
  647  0.03393662      0.28309809D-02
  648  0.03434608      0.29352389D-02
  649  0.03476049      0.30429013D-02
  650  0.03517989      0.31540561D-02
  651  0.03560436      0.32687921D-02
  652  0.03603395      0.33871993D-02
  653  0.03646872      0.35093683D-02
  654  0.03690873      0.36353905D-02
  655  0.03735406      0.37653582D-02
  656  0.03780475      0.38993640D-02
  657  0.03826089      0.40375013D-02
  658  0.03872253      0.41798637D-02
  659  0.03918974      0.43265451D-02
  660  0.03966258      0.44776396D-02
  661  0.04014114      0.46332411D-02
  662  0.04062546      0.47934438D-02
  663  0.04111563      0.49583413D-02
  664  0.04161171      0.51280269D-02
  665  0.04211378      0.53025932D-02
  666  0.04262191      0.54821321D-02
  667  0.04313617      0.56667346D-02
  668  0.04365663      0.58564905D-02
  669  0.04418337      0.60514882D-02
  670  0.04471647      0.62518146D-02
  671  0.04525600      0.64575548D-02
  672  0.04580203      0.66687918D-02
  673  0.04635466      0.68856064D-02
  674  0.04691396      0.71080767D-02
  675  0.04748000      0.73362783D-02
  676  0.04805287      0.75702834D-02
  677  0.04863266      0.78101609D-02
  678  0.04921944      0.80559760D-02
  679  0.04981330      0.83077901D-02
  680  0.05041432      0.85656601D-02
  681  0.05102260      0.88296380D-02
  682  0.05163822      0.90997713D-02
  683  0.05226126      0.93761017D-02
  684  0.05289182      0.96586653D-02
  685  0.05352999      0.99474920D-02
  686  0.05417586      0.10242605D-01
  687  0.05482953      0.10544022D-01
  688  0.05549107      0.10851750D-01
  689  0.05616061      0.11165792D-01
  690  0.05683821      0.11486141D-01
  691  0.05752400      0.11812782D-01
  692  0.05821806      0.12145688D-01
  693  0.05892049      0.12484828D-01
  694  0.05963140      0.12830156D-01
  695  0.06035089      0.13181617D-01
  696  0.06107906      0.13539147D-01
  697  0.06181601      0.13902668D-01
  698  0.06256185      0.14272091D-01
  699  0.06331670      0.14647314D-01
  700  0.06408065      0.15028224D-01
  701  0.06485382      0.15414693D-01
  702  0.06563632      0.15806578D-01
  703  0.06642826      0.16203725D-01
  704  0.06722975      0.16605961D-01
  705  0.06804091      0.17013102D-01
  706  0.06886187      0.17424945D-01
  707  0.06969272      0.17841271D-01
  708  0.07053361      0.18261846D-01
  709  0.07138463      0.18686418D-01
  710  0.07224593      0.19114718D-01
  711  0.07311762      0.19546457D-01
  712  0.07399982      0.19981329D-01
  713  0.07489267      0.20419011D-01
  714  0.07579629      0.20859158D-01
  715  0.07671082      0.21301408D-01
  716  0.07763638      0.21745378D-01
  717  0.07857310      0.22190665D-01
  718  0.07952113      0.22636848D-01
  719  0.08048060      0.23083482D-01
  720  0.08145164      0.23530106D-01
  721  0.08243440      0.23976236D-01
  722  0.08342902      0.24421366D-01
  723  0.08443564      0.24864974D-01
  724  0.08545440      0.25306514D-01
  725  0.08648546      0.25745420D-01
  726  0.08752895      0.26181108D-01
  727  0.08858504      0.26612971D-01
  728  0.08965387      0.27040386D-01
  729  0.09073559      0.27462709D-01
  730  0.09183037      0.27879276D-01
  731  0.09293835      0.28289407D-01
  732  0.09405971      0.28692404D-01
  733  0.09519459      0.29087552D-01
  734  0.09634317      0.29474120D-01
  735  0.09750560      0.29851361D-01
  736  0.09868206      0.30218516D-01
  737  0.09987272      0.30574810D-01
  738  0.10107774      0.30919458D-01
  739  0.10229730      0.31251664D-01
  740  0.10353157      0.31570623D-01
  741  0.10478074      0.31875522D-01
  742  0.10604498      0.32165541D-01
  743  0.10732447      0.32439857D-01
  744  0.10861940      0.32697642D-01
  745  0.10992995      0.32938070D-01
  746  0.11125632      0.33160314D-01
  747  0.11259869      0.33363552D-01
  748  0.11395726      0.33546965D-01
  749  0.11533221      0.33709745D-01
  750  0.11672376      0.33851093D-01
  751  0.11813210      0.33970222D-01
  752  0.11955743      0.34066362D-01
  753  0.12099996      0.34138761D-01
  754  0.12245989      0.34186689D-01
  755  0.12393744      0.34209437D-01
  756  0.12543281      0.34206328D-01
  757  0.12694623      0.34176711D-01
  758  0.12847791      0.34119972D-01
  759  0.13002807      0.34035531D-01
  760  0.13159693      0.33922851D-01
  761  0.13318472      0.33781435D-01
  762  0.13479167      0.33610837D-01
  763  0.13641801      0.33410659D-01
  764  0.13806397      0.33180556D-01
  765  0.13972979      0.32920245D-01
  766  0.14141570      0.32629499D-01
  767  0.14312196      0.32308159D-01
  768  0.14484881      0.31956131D-01
  769  0.14659649      0.31573397D-01
  770  0.14836526      0.31160010D-01
  771  0.15015537      0.30716104D-01
  772  0.15196708      0.30241893D-01
  773  0.15380065      0.29737676D-01
  774  0.15565634      0.29203841D-01
  775  0.15753442      0.28640867D-01
  776  0.15943516      0.28049327D-01
  777  0.16135884      0.27429888D-01
  778  0.16330573      0.26783320D-01
  779  0.16527610      0.26110491D-01
  780  0.16727025      0.25412374D-01
  781  0.16928846      0.24690047D-01
  782  0.17133102      0.23944695D-01
  783  0.17339823      0.23177610D-01
  784  0.17549037      0.22390195D-01
  785  0.17760776      0.21583962D-01
  786  0.17975070      0.20760534D-01
  787  0.18191949      0.19921642D-01
  788  0.18411445      0.19069131D-01
  789  0.18633590      0.18204952D-01
  790  0.18858415      0.17331167D-01
  791  0.19085952      0.16449941D-01
  792  0.19316235      0.15563549D-01
  793  0.19549296      0.14674363D-01
  794  0.19785169      0.13784859D-01
  795  0.20023888      0.12897607D-01
  796  0.20265488      0.12015270D-01
  797  0.20510002      0.11140599D-01
  798  0.20757467      0.10276430D-01
  799  0.21007918      0.94256742D-02
  800  0.21261390      0.85913180D-02
  801  0.21517921      0.77764127D-02
  802  0.21777547      0.69840693D-02
  803  0.22040305      0.62174506D-02
  804  0.22306234      0.54797642D-02
  805  0.22575371      0.47742535D-02
  806  0.22847755      0.41041894D-02
  807  0.23123426      0.34728610D-02
  808  0.23402424      0.28835660D-02
  809  0.23684787      0.23396008D-02
  810  0.23970557      0.18442498D-02
  811  0.24259776      0.14007748D-02
  812  0.24552483      0.10124038D-02
  813  0.24848723      0.68231966D-03
  814  0.25148537      0.41364809D-03
  815  0.25451968      0.20944596D-03
  816  0.25759060      0.72688989D-04
  817  0.26069858      0.62594584D-05
  818  0.26384405      0.12933783D-04
  819  0.26702748      0.95370013D-04
  820  0.27024932      0.25609534D-03
  821  0.27351003      0.49749362D-03
  822  0.27681008      0.82179306D-03
  823  0.28014995      0.12310540D-02
  824  0.28353012      0.17271568D-02
  825  0.28695107      0.23117905D-02
  826  0.29041329      0.29864409D-02
  827  0.29391729      0.37523800D-02
  828  0.29746357      0.46106553D-02
  829  0.30105264      0.55620799D-02
  830  0.30468501      0.66072230D-02
  831  0.30836120      0.77464008D-02
  832  0.31208175      0.89796692D-02
  833  0.31584719      0.10306816D-01
  834  0.31965807      0.11727353D-01
  835  0.32351492      0.13240513D-01
  836  0.32741831      0.14845245D-01
  837  0.33136880      0.16540205D-01
  838  0.33536695      0.18323762D-01
  839  0.33941334      0.20193989D-01
  840  0.34350855      0.22148666D-01
  841  0.34765318      0.24185278D-01
  842  0.35184781      0.26301020D-01
  843  0.35609305      0.28492798D-01
  844  0.36038951      0.30757232D-01
  845  0.36473782      0.33090663D-01
  846  0.36913858      0.35489158D-01
  847  0.37359245      0.37948521D-01
  848  0.37810005      0.40464296D-01
  849  0.38266204      0.43031784D-01
  850  0.38727907      0.45646050D-01
  851  0.39195181      0.48301936D-01
  852  0.39668093      0.50994078D-01
  853  0.40146711      0.53716917D-01
  854  0.40631104      0.56464715D-01
  855  0.41121341      0.59231578D-01
  856  0.41617493      0.62011466D-01
  857  0.42119632      0.64798218D-01
  858  0.42627829      0.67585568D-01
  859  0.43142158      0.70367167D-01
  860  0.43662692      0.73136607D-01
  861  0.44189507      0.75887437D-01
  862  0.44722678      0.78613191D-01
  863  0.45262282      0.81307406D-01
  864  0.45808397      0.83963650D-01
  865  0.46361101      0.86575541D-01
  866  0.46920474      0.89136771D-01
  867  0.47486596      0.91641131D-01
  868  0.48059549      0.94082532D-01
  869  0.48639414      0.96455030D-01
  870  0.49226276      0.98752843D-01
  871  0.49820219      0.10097038D+00
  872  0.50421328      0.10310225D+00
  873  0.51029689      0.10514331D+00
  874  0.51645391      0.10708864D+00
  875  0.52268522      0.10893359D+00
  876  0.52899171      0.11067381D+00
  877  0.53537430      0.11230524D+00
  878  0.54183389      0.11382412D+00
  879  0.54837142      0.11522704D+00
  880  0.55498783      0.11651090D+00
  881  0.56168407      0.11767297D+00
  882  0.56846110      0.11871087D+00
  883  0.57531991      0.11962258D+00
  884  0.58226146      0.12040647D+00
  885  0.58928678      0.12106125D+00
  886  0.59639685      0.12158603D+00
  887  0.60359272      0.12198028D+00
  888  0.61087540      0.12224387D+00
  889  0.61824596      0.12237702D+00
  890  0.62570544      0.12238031D+00
  891  0.63325493      0.12225471D+00
  892  0.64089551      0.12200153D+00
  893  0.64862827      0.12162241D+00
  894  0.65645434      0.12111935D+00
  895  0.66437483      0.12049466D+00
  896  0.67239089      0.11975095D+00
  897  0.68050366      0.11889116D+00
  898  0.68871432      0.11791847D+00
  899  0.69702405      0.11683635D+00
  900  0.70543403      0.11564850D+00
  901  0.71394549      0.11435889D+00
  902  0.72255965      0.11297164D+00
  903  0.73127774      0.11149113D+00
  904  0.74010101      0.10992185D+00
  905  0.74903075      0.10826849D+00
  906  0.75806823      0.10653586D+00
  907  0.76721475      0.10472888D+00
  908  0.77647162      0.10285257D+00
  909  0.78584019      0.10091202D+00
  910  0.79532180      0.98912375D-01
  911  0.80491780      0.96858823D-01
  912  0.81462959      0.94756562D-01
  913  0.82445855      0.92610790D-01
  914  0.83440611      0.90426683D-01
  915  0.84447369      0.88209383D-01
  916  0.85466274      0.85963973D-01
  917  0.86497472      0.83695472D-01
  918  0.87541113      0.81408808D-01
  919  0.88597346      0.79108812D-01
  920  0.89666323      0.76800201D-01
  921  0.90748197      0.74487566D-01
  922  0.91843125      0.72175361D-01
  923  0.92951264      0.69867891D-01
  924  0.94072774      0.67569304D-01
  925  0.95207815      0.65283579D-01
  926  0.96356551      0.63014523D-01
  927  0.97519147      0.60765760D-01
  928  0.98695770      0.58540728D-01
  929  0.99886590      0.56342673D-01
  930  1.01091778      0.54174645D-01
  931  1.02311507      0.52039495D-01
  932  1.03545953      0.49939876D-01
  933  1.04795293      0.47878236D-01
  934  1.06059707      0.45856824D-01
  935  1.07339377      0.43877687D-01
  936  1.08634487      0.41942673D-01
  937  1.09945224      0.40053431D-01
  938  1.11271775      0.38211416D-01
  939  1.12614331      0.36417894D-01
  940  1.13973087      0.34673941D-01
  941  1.15348236      0.32980453D-01
  942  1.16739977      0.31338149D-01
  943  1.18148511      0.29747574D-01
  944  1.19574039      0.28209113D-01
  945  1.21016767      0.26722988D-01
  946  1.22476903      0.25289274D-01
  947  1.23954655      0.23907897D-01
  948  1.25450238      0.22578650D-01
  949  1.26963866      0.21301194D-01
  950  1.28495756      0.20075072D-01
  951  1.30046130      0.18899710D-01
  952  1.31615210      0.17774430D-01
  953  1.33203221      0.16698458D-01
  954  1.34810393      0.15670928D-01
  955  1.36436956      0.14690893D-01
  956  1.38083145      0.13757334D-01
  957  1.39749196      0.12869163D-01
  958  1.41435349      0.12025237D-01
  959  1.43141846      0.11224358D-01
  960  1.44868933      0.10465289D-01
  961  1.46616858      0.97467516D-02
  962  1.48385873      0.90674398D-02
  963  1.50176232      0.84260234D-02
  964  1.51988193      0.78211546D-02
  965  1.53822016      0.72514741D-02
  966  1.55677965      0.67156167D-02
  967  1.57556307      0.62122163D-02
  968  1.59457313      0.57399110D-02
  969  1.61381255      0.52973476D-02
  970  1.63328411      0.48831862D-02
  971  1.65299060      0.44961036D-02
  972  1.67293486      0.41347973D-02
  973  1.69311976      0.37979886D-02
  974  1.71354820      0.34844255D-02
  975  1.73422313      0.31928856D-02
  976  1.75514750      0.29221778D-02
  977  1.77632435      0.26711452D-02
  978  1.79775670      0.24386658D-02
  979  1.81944765      0.22236548D-02
  980  1.84140031      0.20250652D-02
  981  1.86361784      0.18418889D-02
  982  1.88610344      0.16731573D-02
  983  1.90886034      0.15179419D-02
  984  1.93189181      0.13753541D-02
  985  1.95520117      0.12445457D-02
  986  1.97879177      0.11247085D-02
  987  2.00266701      0.10150737D-02
  988  2.02683031      0.91491199D-03
  989  2.05128516      0.82353232D-03
  990  2.07603507      0.74028149D-03
  991  2.10108360      0.66454317D-03
  992  2.12643436      0.59573692D-03
  993  2.15209099      0.53331714D-03
  994  2.17805718      0.47677197D-03
  995  2.20433666      0.42562207D-03
  996  2.23093323      0.37941941D-03
  997  2.25785069      0.33774600D-03
  998  2.28509293      0.30021260D-03
  999  2.31266386      0.26645739D-03
 1000  2.34056745      0.23614468D-03
 1001  2.36880772      0.20896362D-03
 1002  2.39738872      0.18464107D-03
 1003  2.42631456      0.16292052D-03
 1004  2.45558941      0.14355074D-03
 1005  2.48521748      0.12630177D-03
 1006  2.51520303      0.11096343D-03
 1007  2.54555037      0.97343919D-04
 1008  2.57626386      0.85268410D-04
 1009  2.60734794      0.74577830D-04
 1010  2.63880706      0.65127632D-04
 1011  2.67064575      0.56786675D-04
 1012  2.70286859      0.49436161D-04
 1013  2.73548022      0.42968641D-04
 1014  2.76848533      0.37287085D-04
 1015  2.80188867      0.32304008D-04
 1016  2.83569503      0.27940662D-04
 1017  2.86990929      0.24126278D-04
 1018  2.90453636      0.20797361D-04
 1019  2.93958122      0.17897041D-04
 1020  2.97504893      0.15374468D-04
 1021  3.01094457      0.13184249D-04
 1022  3.04727331      0.11285938D-04
 1023  3.08404037      0.96435589D-05
 1024  3.12125106      0.82251666D-05
 1025  3.15891071      0.70024492D-05
 1026  3.19702474      0.59503600D-05
 1027  3.23559865      0.50467819D-05
 1028  3.27463796      0.42722214D-05
 1029  3.31414831      0.36095305D-05
 1030  3.35413538      0.30436531D-05
 1031  3.39460491      0.00000000D+00
 1032  3.43556273      0.00000000D+00
 1033  3.47701473      0.00000000D+00
 1034  3.51896687      0.00000000D+00
 1035  3.56142518      0.00000000D+00
 1036  3.60439578      0.00000000D+00
 1037  3.64788485      0.00000000D+00
 1038  3.69189863      0.00000000D+00
 1039  3.73644346      0.00000000D+00
 1040  3.78152576      0.00000000D+00
