 ir        r              f(r)*r^2
    1  0.00001465      0.26253622D-15
    2  0.00001483      0.27543657D-15
    3  0.00001501      0.28897078D-15
    4  0.00001519      0.30317002D-15
    5  0.00001537      0.31806694D-15
    6  0.00001556      0.33369583D-15
    7  0.00001574      0.35009266D-15
    8  0.00001593      0.36729516D-15
    9  0.00001613      0.38534291D-15
   10  0.00001632      0.40427745D-15
   11  0.00001652      0.42414234D-15
   12  0.00001672      0.44498329D-15
   13  0.00001692      0.46684827D-15
   14  0.00001712      0.48978758D-15
   15  0.00001733      0.51385402D-15
   16  0.00001754      0.53910296D-15
   17  0.00001775      0.56559250D-15
   18  0.00001797      0.59338359D-15
   19  0.00001818      0.62254019D-15
   20  0.00001840      0.65312938D-15
   21  0.00001862      0.68522155D-15
   22  0.00001885      0.71889055D-15
   23  0.00001908      0.75421385D-15
   24  0.00001931      0.79127272D-15
   25  0.00001954      0.83015244D-15
   26  0.00001977      0.87094247D-15
   27  0.00002001      0.91373667D-15
   28  0.00002025      0.95863351D-15
   29  0.00002050      0.10057363D-14
   30  0.00002075      0.10551534D-14
   31  0.00002100      0.11069985D-14
   32  0.00002125      0.11613909D-14
   33  0.00002151      0.12184558D-14
   34  0.00002177      0.12783245D-14
   35  0.00002203      0.13411347D-14
   36  0.00002229      0.14070309D-14
   37  0.00002256      0.14761648D-14
   38  0.00002284      0.15486954D-14
   39  0.00002311      0.16247896D-14
   40  0.00002339      0.17046224D-14
   41  0.00002367      0.17883777D-14
   42  0.00002396      0.18762479D-14
   43  0.00002425      0.19684355D-14
   44  0.00002454      0.20651523D-14
   45  0.00002483      0.21666210D-14
   46  0.00002513      0.22730750D-14
   47  0.00002544      0.23847592D-14
   48  0.00002574      0.25019306D-14
   49  0.00002606      0.26248587D-14
   50  0.00002637      0.27538264D-14
   51  0.00002669      0.28891304D-14
   52  0.00002701      0.30310820D-14
   53  0.00002734      0.31800077D-14
   54  0.00002767      0.33362501D-14
   55  0.00002800      0.35001688D-14
   56  0.00002834      0.36721408D-14
   57  0.00002868      0.38525618D-14
   58  0.00002903      0.40418468D-14
   59  0.00002938      0.42404312D-14
   60  0.00002973      0.44487720D-14
   61  0.00003009      0.46673484D-14
   62  0.00003045      0.48966633D-14
   63  0.00003082      0.51372441D-14
   64  0.00003119      0.53896444D-14
   65  0.00003157      0.56544447D-14
   66  0.00003195      0.59322542D-14
   67  0.00003233      0.62237120D-14
   68  0.00003272      0.65294885D-14
   69  0.00003312      0.68502872D-14
   70  0.00003352      0.71868460D-14
   71  0.00003392      0.75399391D-14
   72  0.00003433      0.79103786D-14
   73  0.00003475      0.82990168D-14
   74  0.00003517      0.87067476D-14
   75  0.00003559      0.91345088D-14
   76  0.00003602      0.95832845D-14
   77  0.00003645      0.10054107D-13
   78  0.00003689      0.10548059D-13
   79  0.00003734      0.11066277D-13
   80  0.00003779      0.11609953D-13
   81  0.00003824      0.12180337D-13
   82  0.00003871      0.12778741D-13
   83  0.00003917      0.13406542D-13
   84  0.00003965      0.14065184D-13
   85  0.00004012      0.14756181D-13
   86  0.00004061      0.15481124D-13
   87  0.00004110      0.16241678D-13
   88  0.00004159      0.17039594D-13
   89  0.00004210      0.17876707D-13
   90  0.00004260      0.18754941D-13
   91  0.00004312      0.19676318D-13
   92  0.00004364      0.20642955D-13
   93  0.00004416      0.21657076D-13
   94  0.00004470      0.22721013D-13
   95  0.00004524      0.23837214D-13
   96  0.00004578      0.25008245D-13
   97  0.00004634      0.26236799D-13
   98  0.00004689      0.27525701D-13
   99  0.00004746      0.28877917D-13
  100  0.00004803      0.30296554D-13
  101  0.00004861      0.31784876D-13
  102  0.00004920      0.33346306D-13
  103  0.00004979      0.34984433D-13
  104  0.00005039      0.36703026D-13
  105  0.00005100      0.38506035D-13
  106  0.00005162      0.40397607D-13
  107  0.00005224      0.42382092D-13
  108  0.00005287      0.44464052D-13
  109  0.00005351      0.46648276D-13
  110  0.00005415      0.48939785D-13
  111  0.00005481      0.51343848D-13
  112  0.00005547      0.53865994D-13
  113  0.00005614      0.56512021D-13
  114  0.00005681      0.59288013D-13
  115  0.00005750      0.62200354D-13
  116  0.00005819      0.65255738D-13
  117  0.00005890      0.68461192D-13
  118  0.00005961      0.71824084D-13
  119  0.00006033      0.75352146D-13
  120  0.00006105      0.79053491D-13
  121  0.00006179      0.82936626D-13
  122  0.00006254      0.87010480D-13
  123  0.00006329      0.91284418D-13
  124  0.00006405      0.95768266D-13
  125  0.00006483      0.10047233D-12
  126  0.00006561      0.10540743D-12
  127  0.00006640      0.11058490D-12
  128  0.00006720      0.11601666D-12
  129  0.00006801      0.12171517D-12
  130  0.00006883      0.12769355D-12
  131  0.00006966      0.13396554D-12
  132  0.00007050      0.14054555D-12
  133  0.00007135      0.14744871D-12
  134  0.00007222      0.15469089D-12
  135  0.00007309      0.16228872D-12
  136  0.00007397      0.17025969D-12
  137  0.00007486      0.17862210D-12
  138  0.00007576      0.18739517D-12
  139  0.00007668      0.19659908D-12
  140  0.00007760      0.20625496D-12
  141  0.00007854      0.21638503D-12
  142  0.00007949      0.22701255D-12
  143  0.00008045      0.23816195D-12
  144  0.00008142      0.24985885D-12
  145  0.00008240      0.26213014D-12
  146  0.00008339      0.27500401D-12
  147  0.00008440      0.28851005D-12
  148  0.00008542      0.30267929D-12
  149  0.00008645      0.31754430D-12
  150  0.00008749      0.33313923D-12
  151  0.00008855      0.34949991D-12
  152  0.00008962      0.36666394D-12
  153  0.00009070      0.38467076D-12
  154  0.00009179      0.40356174D-12
  155  0.00009290      0.42338028D-12
  156  0.00009402      0.44417192D-12
  157  0.00009515      0.46598443D-12
  158  0.00009630      0.48886791D-12
  159  0.00009746      0.51287495D-12
  160  0.00009864      0.53806069D-12
  161  0.00009983      0.56448300D-12
  162  0.00010104      0.59220257D-12
  163  0.00010225      0.62128308D-12
  164  0.00010349      0.65179133D-12
  165  0.00010474      0.68379740D-12
  166  0.00010600      0.71737480D-12
  167  0.00010728      0.75260067D-12
  168  0.00010857      0.78955591D-12
  169  0.00010988      0.82832540D-12
  170  0.00011121      0.86899819D-12
  171  0.00011255      0.91166769D-12
  172  0.00011391      0.95643189D-12
  173  0.00011528      0.10033936D-11
  174  0.00011668      0.10526607D-11
  175  0.00011808      0.11043463D-11
  176  0.00011951      0.11585690D-11
  177  0.00012095      0.12154535D-11
  178  0.00012241      0.12751303D-11
  179  0.00012389      0.13377364D-11
  180  0.00012538      0.14034156D-11
  181  0.00012689      0.14723188D-11
  182  0.00012842      0.15446040D-11
  183  0.00012997      0.16204373D-11
  184  0.00013154      0.16999927D-11
  185  0.00013313      0.17834530D-11
  186  0.00013474      0.18710097D-11
  187  0.00013636      0.19628637D-11
  188  0.00013801      0.20592260D-11
  189  0.00013967      0.21603177D-11
  190  0.00014136      0.22663710D-11
  191  0.00014306      0.23776291D-11
  192  0.00014479      0.24943475D-11
  193  0.00014654      0.26167941D-11
  194  0.00014830      0.27452498D-11
  195  0.00015009      0.28800095D-11
  196  0.00015190      0.30213825D-11
  197  0.00015374      0.31696931D-11
  198  0.00015559      0.33252817D-11
  199  0.00015747      0.34885053D-11
  200  0.00015937      0.36597385D-11
  201  0.00016129      0.38393741D-11
  202  0.00016324      0.40278242D-11
  203  0.00016521      0.42255213D-11
  204  0.00016720      0.44329188D-11
  205  0.00016922      0.46504927D-11
  206  0.00017126      0.48787419D-11
  207  0.00017333      0.51181900D-11
  208  0.00017542      0.53693864D-11
  209  0.00017753      0.56329072D-11
  210  0.00017968      0.59093567D-11
  211  0.00018184      0.61993691D-11
  212  0.00018404      0.65036094D-11
  213  0.00018626      0.68227754D-11
  214  0.00018851      0.71575990D-11
  215  0.00019078      0.75088480D-11
  216  0.00019308      0.78773277D-11
  217  0.00019541      0.82638830D-11
  218  0.00019777      0.86694003D-11
  219  0.00020016      0.90948093D-11
  220  0.00020257      0.95410852D-11
  221  0.00020501      0.10009251D-10
  222  0.00020749      0.10500380D-10
  223  0.00020999      0.11015598D-10
  224  0.00021253      0.11556086D-10
  225  0.00021509      0.12123082D-10
  226  0.00021768      0.12717887D-10
  227  0.00022031      0.13341863D-10
  228  0.00022297      0.13996440D-10
  229  0.00022566      0.14683118D-10
  230  0.00022838      0.15403471D-10
  231  0.00023114      0.16159149D-10
  232  0.00023393      0.16951883D-10
  233  0.00023675      0.17783490D-10
  234  0.00023961      0.18655875D-10
  235  0.00024250      0.19571035D-10
  236  0.00024542      0.20531068D-10
  237  0.00024838      0.21538172D-10
  238  0.00025138      0.22594653D-10
  239  0.00025441      0.23702932D-10
  240  0.00025748      0.24865546D-10
  241  0.00026059      0.26085158D-10
  242  0.00026373      0.27364560D-10
  243  0.00026692      0.28706681D-10
  244  0.00027014      0.30114594D-10
  245  0.00027340      0.31591522D-10
  246  0.00027669      0.33140847D-10
  247  0.00028003      0.34766114D-10
  248  0.00028341      0.36471043D-10
  249  0.00028683      0.38259537D-10
  250  0.00029029      0.40135688D-10
  251  0.00029379      0.42103791D-10
  252  0.00029734      0.44168347D-10
  253  0.00030093      0.46334081D-10
  254  0.00030456      0.48605948D-10
  255  0.00030823      0.50989145D-10
  256  0.00031195      0.53489124D-10
  257  0.00031572      0.56111603D-10
  258  0.00031952      0.58862580D-10
  259  0.00032338      0.61748346D-10
  260  0.00032728      0.64775501D-10
  261  0.00033123      0.67950967D-10
  262  0.00033523      0.71282004D-10
  263  0.00033927      0.74776228D-10
  264  0.00034337      0.78441627D-10
  265  0.00034751      0.82286579D-10
  266  0.00035170      0.86319873D-10
  267  0.00035594      0.90550727D-10
  268  0.00036024      0.94988810D-10
  269  0.00036459      0.99644263D-10
  270  0.00036898      0.10452772D-09
  271  0.00037344      0.10965035D-09
  272  0.00037794      0.11502384D-09
  273  0.00038250      0.12066047D-09
  274  0.00038712      0.12657312D-09
  275  0.00039179      0.13277529D-09
  276  0.00039652      0.13928114D-09
  277  0.00040130      0.14610553D-09
  278  0.00040614      0.15326404D-09
  279  0.00041104      0.16077301D-09
  280  0.00041600      0.16864959D-09
  281  0.00042102      0.17691175D-09
  282  0.00042610      0.18557834D-09
  283  0.00043124      0.19466915D-09
  284  0.00043645      0.20420492D-09
  285  0.00044171      0.21420740D-09
  286  0.00044704      0.22469942D-09
  287  0.00045243      0.23570490D-09
  288  0.00045789      0.24724895D-09
  289  0.00046342      0.25935789D-09
  290  0.00046901      0.27205934D-09
  291  0.00047467      0.28538226D-09
  292  0.00048040      0.29935701D-09
  293  0.00048619      0.31401546D-09
  294  0.00049206      0.32939102D-09
  295  0.00049799      0.34551871D-09
  296  0.00050400      0.36243531D-09
  297  0.00051008      0.38017934D-09
  298  0.00051624      0.39879123D-09
  299  0.00052247      0.41831337D-09
  300  0.00052877      0.43879023D-09
  301  0.00053515      0.46026844D-09
  302  0.00054161      0.48279690D-09
  303  0.00054814      0.50642691D-09
  304  0.00055476      0.53121224D-09
  305  0.00056145      0.55720932D-09
  306  0.00056822      0.58447731D-09
  307  0.00057508      0.61307825D-09
  308  0.00058202      0.64307721D-09
  309  0.00058904      0.67454244D-09
  310  0.00059615      0.70754550D-09
  311  0.00060334      0.74216143D-09
  312  0.00061062      0.77846896D-09
  313  0.00061799      0.81655062D-09
  314  0.00062544      0.85649297D-09
  315  0.00063299      0.89838681D-09
  316  0.00064063      0.94232731D-09
  317  0.00064836      0.98841433D-09
  318  0.00065618      0.10367525D-08
  319  0.00066410      0.10874518D-08
  320  0.00067211      0.11406271D-08
  321  0.00068022      0.11963993D-08
  322  0.00068843      0.12548950D-08
  323  0.00069673      0.13162470D-08
  324  0.00070514      0.13805944D-08
  325  0.00071365      0.14480834D-08
  326  0.00072226      0.15188670D-08
  327  0.00073097      0.15931057D-08
  328  0.00073979      0.16709679D-08
  329  0.00074872      0.17526303D-08
  330  0.00075775      0.18382778D-08
  331  0.00076690      0.19281046D-08
  332  0.00077615      0.20223144D-08
  333  0.00078551      0.21211205D-08
  334  0.00079499      0.22247468D-08
  335  0.00080458      0.23334279D-08
  336  0.00081429      0.24474100D-08
  337  0.00082412      0.25669512D-08
  338  0.00083406      0.26923219D-08
  339  0.00084412      0.28238060D-08
  340  0.00085431      0.29617009D-08
  341  0.00086461      0.31063186D-08
  342  0.00087505      0.32579860D-08
  343  0.00088560      0.34170463D-08
  344  0.00089629      0.35838589D-08
  345  0.00090710      0.37588009D-08
  346  0.00091805      0.39422675D-08
  347  0.00092913      0.41346733D-08
  348  0.00094034      0.43364529D-08
  349  0.00095168      0.45480618D-08
  350  0.00096316      0.47699778D-08
  351  0.00097479      0.50027018D-08
  352  0.00098655      0.52467590D-08
  353  0.00099845      0.55026998D-08
  354  0.00101050      0.57711016D-08
  355  0.00102269      0.60525695D-08
  356  0.00103503      0.63477382D-08
  357  0.00104752      0.66572727D-08
  358  0.00106016      0.69818706D-08
  359  0.00107295      0.73222629D-08
  360  0.00108589      0.76792164D-08
  361  0.00109899      0.80535345D-08
  362  0.00111225      0.84460597D-08
  363  0.00112567      0.88576754D-08
  364  0.00113926      0.92893074D-08
  365  0.00115300      0.97419265D-08
  366  0.00116691      0.10216550D-07
  367  0.00118099      0.10714245D-07
  368  0.00119524      0.11236130D-07
  369  0.00120966      0.11783377D-07
  370  0.00122426      0.12357215D-07
  371  0.00123903      0.12958931D-07
  372  0.00125398      0.13589878D-07
  373  0.00126911      0.14251469D-07
  374  0.00128442      0.14945190D-07
  375  0.00129992      0.15672594D-07
  376  0.00131560      0.16435314D-07
  377  0.00133148      0.17235057D-07
  378  0.00134754      0.18073616D-07
  379  0.00136380      0.18952868D-07
  380  0.00138026      0.19874780D-07
  381  0.00139691      0.20841417D-07
  382  0.00141376      0.21854941D-07
  383  0.00143082      0.22917617D-07
  384  0.00144809      0.24031821D-07
  385  0.00146556      0.25200044D-07
  386  0.00148324      0.26424894D-07
  387  0.00150114      0.27709107D-07
  388  0.00151925      0.29055549D-07
  389  0.00153758      0.30467224D-07
  390  0.00155613      0.31947281D-07
  391  0.00157491      0.33499020D-07
  392  0.00159391      0.35125900D-07
  393  0.00161314      0.36831544D-07
  394  0.00163260      0.38619751D-07
  395  0.00165230      0.40494502D-07
  396  0.00167224      0.42459968D-07
  397  0.00169241      0.44520521D-07
  398  0.00171283      0.46680742D-07
  399  0.00173350      0.48945431D-07
  400  0.00175442      0.51319619D-07
  401  0.00177558      0.53808579D-07
  402  0.00179701      0.56417833D-07
  403  0.00181869      0.59153171D-07
  404  0.00184063      0.62020658D-07
  405  0.00186284      0.65026649D-07
  406  0.00188532      0.68177804D-07
  407  0.00190807      0.71481100D-07
  408  0.00193109      0.74943849D-07
  409  0.00195439      0.78573711D-07
  410  0.00197797      0.82378713D-07
  411  0.00200183      0.86367263D-07
  412  0.00202599      0.90548172D-07
  413  0.00205043      0.94930671D-07
  414  0.00207517      0.99524432D-07
  415  0.00210021      0.10433958D-06
  416  0.00212555      0.10938675D-06
  417  0.00215119      0.11467703D-06
  418  0.00217715      0.12022210D-06
  419  0.00220342      0.12603415D-06
  420  0.00223000      0.13212596D-06
  421  0.00225691      0.13851093D-06
  422  0.00228414      0.14520309D-06
  423  0.00231170      0.15221713D-06
  424  0.00233959      0.15956845D-06
  425  0.00236782      0.16727317D-06
  426  0.00239639      0.17534818D-06
  427  0.00242530      0.18381117D-06
  428  0.00245457      0.19268067D-06
  429  0.00248418      0.20197609D-06
  430  0.00251416      0.21171775D-06
  431  0.00254449      0.22192695D-06
  432  0.00257519      0.23262597D-06
  433  0.00260626      0.24383817D-06
  434  0.00263771      0.25558801D-06
  435  0.00266953      0.26790110D-06
  436  0.00270174      0.28080425D-06
  437  0.00273434      0.29432556D-06
  438  0.00276733      0.30849443D-06
  439  0.00280072      0.32334166D-06
  440  0.00283451      0.33889951D-06
  441  0.00286871      0.35520174D-06
  442  0.00290333      0.37228372D-06
  443  0.00293836      0.39018247D-06
  444  0.00297381      0.40893675D-06
  445  0.00300969      0.42858716D-06
  446  0.00304600      0.44917618D-06
  447  0.00308276      0.47074831D-06
  448  0.00311995      0.49335014D-06
  449  0.00315759      0.51703041D-06
  450  0.00319569      0.54184019D-06
  451  0.00323425      0.56783291D-06
  452  0.00327327      0.59506452D-06
  453  0.00331277      0.62359358D-06
  454  0.00335274      0.65348138D-06
  455  0.00339319      0.68479210D-06
  456  0.00343413      0.71759289D-06
  457  0.00347557      0.75195404D-06
  458  0.00351750      0.78794914D-06
  459  0.00355994      0.82565519D-06
  460  0.00360289      0.86515277D-06
  461  0.00364637      0.90652624D-06
  462  0.00369036      0.94986385D-06
  463  0.00373489      0.99525798D-06
  464  0.00377995      0.10428053D-05
  465  0.00382556      0.10926069D-05
  466  0.00387171      0.11447687D-05
  467  0.00391843      0.11994014D-05
  468  0.00396571      0.12566209D-05
  469  0.00401356      0.13165484D-05
  470  0.00406198      0.13793107D-05
  471  0.00411099      0.14450407D-05
  472  0.00416059      0.15138770D-05
  473  0.00421079      0.15859649D-05
  474  0.00426160      0.16614565D-05
  475  0.00431302      0.17405105D-05
  476  0.00436506      0.18232933D-05
  477  0.00441772      0.19099788D-05
  478  0.00447103      0.20007487D-05
  479  0.00452497      0.20957935D-05
  480  0.00457957      0.21953119D-05
  481  0.00463482      0.22995122D-05
  482  0.00469074      0.24086118D-05
  483  0.00474734      0.25228384D-05
  484  0.00480462      0.26424300D-05
  485  0.00486259      0.27676352D-05
  486  0.00492126      0.28987144D-05
  487  0.00498064      0.30359395D-05
  488  0.00504073      0.31795949D-05
  489  0.00510155      0.33299781D-05
  490  0.00516310      0.34873998D-05
  491  0.00522540      0.36521850D-05
  492  0.00528845      0.38246735D-05
  493  0.00535226      0.40052203D-05
  494  0.00541683      0.41941965D-05
  495  0.00548219      0.43919902D-05
  496  0.00554834      0.45990068D-05
  497  0.00561528      0.48156700D-05
  498  0.00568303      0.50424225D-05
  499  0.00575160      0.52797273D-05
  500  0.00582100      0.55280678D-05
  501  0.00589123      0.57879494D-05
  502  0.00596231      0.60598998D-05
  503  0.00603425      0.63444707D-05
  504  0.00610706      0.66422383D-05
  505  0.00618074      0.69538046D-05
  506  0.00625532      0.72797984D-05
  507  0.00633079      0.76208767D-05
  508  0.00640717      0.79777253D-05
  509  0.00648448      0.83510611D-05
  510  0.00656272      0.87416324D-05
  511  0.00664190      0.91502206D-05
  512  0.00672204      0.95776422D-05
  513  0.00680315      0.10024749D-04
  514  0.00688523      0.10492432D-04
  515  0.00696830      0.10981618D-04
  516  0.00705238      0.11493280D-04
  517  0.00713747      0.12028428D-04
  518  0.00722359      0.12588121D-04
  519  0.00731075      0.13173461D-04
  520  0.00739895      0.13785600D-04
  521  0.00748823      0.14425741D-04
  522  0.00757858      0.15095137D-04
  523  0.00767002      0.15795098D-04
  524  0.00776256      0.16526990D-04
  525  0.00785622      0.17292237D-04
  526  0.00795101      0.18092327D-04
  527  0.00804694      0.18928812D-04
  528  0.00814403      0.19803308D-04
  529  0.00824230      0.20717506D-04
  530  0.00834174      0.21673164D-04
  531  0.00844239      0.22672120D-04
  532  0.00854425      0.23716288D-04
  533  0.00864734      0.24807665D-04
  534  0.00875168      0.25948334D-04
  535  0.00885727      0.27140466D-04
  536  0.00896414      0.28386323D-04
  537  0.00907230      0.29688265D-04
  538  0.00918176      0.31048753D-04
  539  0.00929254      0.32470348D-04
  540  0.00940466      0.33955723D-04
  541  0.00951814      0.35507661D-04
  542  0.00963298      0.37129064D-04
  543  0.00974921      0.38822954D-04
  544  0.00986684      0.40592480D-04
  545  0.00998588      0.42440923D-04
  546  0.01010637      0.44371699D-04
  547  0.01022831      0.46388368D-04
  548  0.01035172      0.48494636D-04
  549  0.01047662      0.50694363D-04
  550  0.01060302      0.52991567D-04
  551  0.01073096      0.55390433D-04
  552  0.01086043      0.57895316D-04
  553  0.01099147      0.60510751D-04
  554  0.01112409      0.63241457D-04
  555  0.01125831      0.66092344D-04
  556  0.01139414      0.69068524D-04
  557  0.01153162      0.72175314D-04
  558  0.01167076      0.75418247D-04
  559  0.01181157      0.78803076D-04
  560  0.01195408      0.82335788D-04
  561  0.01209832      0.86022609D-04
  562  0.01224429      0.89870011D-04
  563  0.01239202      0.93884727D-04
  564  0.01254154      0.98073754D-04
  565  0.01269286      0.10244437D-03
  566  0.01284601      0.10700413D-03
  567  0.01300100      0.11176089D-03
  568  0.01315787      0.11672283D-03
  569  0.01331662      0.12189842D-03
  570  0.01347729      0.12729648D-03
  571  0.01363991      0.13292616D-03
  572  0.01380448      0.13879698D-03
  573  0.01397104      0.14491880D-03
  574  0.01413961      0.15130188D-03
  575  0.01431021      0.15795685D-03
  576  0.01448287      0.16489478D-03
  577  0.01465761      0.17212711D-03
  578  0.01483447      0.17966576D-03
  579  0.01501345      0.18752306D-03
  580  0.01519460      0.19571181D-03
  581  0.01537793      0.20424531D-03
  582  0.01556347      0.21313732D-03
  583  0.01575125      0.22240213D-03
  584  0.01594130      0.23205453D-03
  585  0.01613364      0.24210989D-03
  586  0.01632830      0.25258409D-03
  587  0.01652531      0.26349363D-03
  588  0.01672470      0.27485558D-03
  589  0.01692649      0.28668761D-03
  590  0.01713072      0.29900806D-03
  591  0.01733741      0.31183587D-03
  592  0.01754660      0.32519068D-03
  593  0.01775831      0.33909282D-03
  594  0.01797257      0.35356330D-03
  595  0.01818942      0.36862390D-03
  596  0.01840889      0.38429710D-03
  597  0.01863100      0.40060619D-03
  598  0.01885580      0.41757524D-03
  599  0.01908330      0.43522912D-03
  600  0.01931355      0.45359355D-03
  601  0.01954658      0.47269510D-03
  602  0.01978242      0.49256122D-03
  603  0.02002111      0.51322026D-03
  604  0.02026267      0.53470151D-03
  605  0.02050715      0.55703518D-03
  606  0.02075458      0.58025247D-03
  607  0.02100500      0.60438558D-03
  608  0.02125844      0.62946771D-03
  609  0.02151493      0.65553310D-03
  610  0.02177452      0.68261708D-03
  611  0.02203724      0.71075603D-03
  612  0.02230314      0.73998747D-03
  613  0.02257224      0.77035003D-03
  614  0.02284458      0.80188353D-03
  615  0.02312021      0.83462893D-03
  616  0.02339917      0.86862842D-03
  617  0.02368150      0.90392539D-03
  618  0.02396723      0.94056449D-03
  619  0.02425641      0.97859164D-03
  620  0.02454907      0.10180540D-02
  621  0.02484527      0.10590002D-02
  622  0.02514504      0.11014799D-02
  623  0.02544843      0.11455443D-02
  624  0.02575548      0.11912461D-02
  625  0.02606624      0.12386390D-02
  626  0.02638074      0.12877784D-02
  627  0.02669904      0.13387211D-02
  628  0.02702118      0.13915250D-02
  629  0.02734720      0.14462499D-02
  630  0.02767716      0.15029566D-02
  631  0.02801110      0.15617077D-02
  632  0.02834907      0.16225670D-02
  633  0.02869112      0.16855998D-02
  634  0.02903730      0.17508731D-02
  635  0.02938765      0.18184551D-02
  636  0.02974223      0.18884155D-02
  637  0.03010108      0.19608254D-02
  638  0.03046427      0.20357577D-02
  639  0.03083184      0.21132862D-02
  640  0.03120384      0.21934865D-02
  641  0.03158033      0.22764355D-02
  642  0.03196137      0.23622114D-02
  643  0.03234700      0.24508939D-02
  644  0.03273728      0.25425639D-02
  645  0.03313228      0.26373036D-02
  646  0.03353204      0.27351966D-02
  647  0.03393662      0.28363276D-02
  648  0.03434608      0.29407825D-02
  649  0.03476049      0.30486482D-02
  650  0.03517989      0.31600130D-02
  651  0.03560436      0.32749657D-02
  652  0.03603395      0.33935965D-02
  653  0.03646872      0.35159962D-02
  654  0.03690873      0.36422565D-02
  655  0.03735406      0.37724696D-02
  656  0.03780475      0.39067285D-02
  657  0.03826089      0.40451267D-02
  658  0.03872253      0.41877580D-02
  659  0.03918974      0.43347164D-02
  660  0.03966258      0.44860962D-02
  661  0.04014114      0.46419917D-02
  662  0.04062546      0.48024969D-02
  663  0.04111563      0.49677058D-02
  664  0.04161171      0.51377119D-02
  665  0.04211378      0.53126079D-02
  666  0.04262191      0.54924859D-02
  667  0.04313617      0.56774370D-02
  668  0.04365663      0.58675513D-02
  669  0.04418337      0.60629173D-02
  670  0.04471647      0.62636221D-02
  671  0.04525600      0.64697508D-02
  672  0.04580203      0.66813868D-02
  673  0.04635466      0.68986108D-02
  674  0.04691396      0.71215014D-02
  675  0.04748000      0.73501339D-02
  676  0.04805287      0.75845809D-02
  677  0.04863266      0.78249115D-02
  678  0.04921944      0.80711909D-02
  679  0.04981330      0.83234806D-02
  680  0.05041432      0.85818376D-02
  681  0.05102260      0.88463141D-02
  682  0.05163822      0.91169576D-02
  683  0.05226126      0.93938098D-02
  684  0.05289182      0.96769071D-02
  685  0.05352999      0.99662793D-02
  686  0.05417586      0.10261950D-01
  687  0.05482953      0.10563936D-01
  688  0.05549107      0.10872245D-01
  689  0.05616061      0.11186881D-01
  690  0.05683821      0.11507835D-01
  691  0.05752400      0.11835092D-01
  692  0.05821806      0.12168627D-01
  693  0.05892049      0.12508407D-01
  694  0.05963140      0.12854387D-01
  695  0.06035089      0.13206513D-01
  696  0.06107906      0.13564718D-01
  697  0.06181601      0.13928925D-01
  698  0.06256185      0.14299046D-01
  699  0.06331670      0.14674978D-01
  700  0.06408065      0.15056607D-01
  701  0.06485382      0.15443806D-01
  702  0.06563632      0.15836432D-01
  703  0.06642826      0.16234328D-01
  704  0.06722975      0.16637324D-01
  705  0.06804091      0.17045234D-01
  706  0.06886187      0.17457854D-01
  707  0.06969272      0.17874967D-01
  708  0.07053361      0.18296337D-01
  709  0.07138463      0.18721711D-01
  710  0.07224593      0.19150819D-01
  711  0.07311762      0.19583373D-01
  712  0.07399982      0.20019067D-01
  713  0.07489267      0.20457576D-01
  714  0.07579629      0.20898554D-01
  715  0.07671082      0.21341639D-01
  716  0.07763638      0.21786448D-01
  717  0.07857310      0.22232576D-01
  718  0.07952113      0.22679601D-01
  719  0.08048060      0.23127080D-01
  720  0.08145164      0.23574547D-01
  721  0.08243440      0.24021519D-01
  722  0.08342902      0.24467490D-01
  723  0.08443564      0.24911936D-01
  724  0.08545440      0.25354310D-01
  725  0.08648546      0.25794045D-01
  726  0.08752895      0.26230555D-01
  727  0.08858504      0.26663235D-01
  728  0.08965387      0.27091457D-01
  729  0.09073559      0.27514577D-01
  730  0.09183037      0.27931931D-01
  731  0.09293835      0.28342837D-01
  732  0.09405971      0.28746595D-01
  733  0.09519459      0.29142490D-01
  734  0.09634317      0.29529787D-01
  735  0.09750560      0.29907741D-01
  736  0.09868206      0.30275589D-01
  737  0.09987272      0.30632556D-01
  738  0.10107774      0.30977855D-01
  739  0.10229730      0.31310689D-01
  740  0.10353157      0.31630251D-01
  741  0.10478074      0.31935725D-01
  742  0.10604498      0.32226292D-01
  743  0.10732447      0.32501126D-01
  744  0.10861940      0.32759398D-01
  745  0.10992995      0.33000281D-01
  746  0.11125632      0.33222944D-01
  747  0.11259869      0.33426566D-01
  748  0.11395726      0.33610326D-01
  749  0.11533221      0.33773413D-01
  750  0.11672376      0.33915028D-01
  751  0.11813210      0.34034382D-01
  752  0.11955743      0.34130704D-01
  753  0.12099996      0.34203240D-01
  754  0.12245989      0.34251257D-01
  755  0.12393744      0.34274049D-01
  756  0.12543281      0.34270934D-01
  757  0.12694623      0.34241261D-01
  758  0.12847791      0.34184415D-01
  759  0.13002807      0.34099815D-01
  760  0.13159693      0.33986922D-01
  761  0.13318472      0.33845239D-01
  762  0.13479167      0.33674319D-01
  763  0.13641801      0.33473762D-01
  764  0.13806397      0.33243226D-01
  765  0.13972979      0.32982422D-01
  766  0.14141570      0.32691127D-01
  767  0.14312196      0.32369180D-01
  768  0.14484881      0.32016488D-01
  769  0.14659649      0.31633031D-01
  770  0.14836526      0.31218864D-01
  771  0.15015537      0.30774119D-01
  772  0.15196708      0.30299012D-01
  773  0.15380065      0.29793843D-01
  774  0.15565634      0.29259000D-01
  775  0.15753442      0.28694963D-01
  776  0.15943516      0.28102305D-01
  777  0.16135884      0.27481697D-01
  778  0.16330573      0.26833907D-01
  779  0.16527610      0.26159807D-01
  780  0.16727025      0.25460372D-01
  781  0.16928846      0.24736680D-01
  782  0.17133102      0.23989920D-01
  783  0.17339823      0.23221387D-01
  784  0.17549037      0.22432485D-01
  785  0.17760776      0.21624729D-01
  786  0.17975070      0.20799745D-01
  787  0.18191949      0.19959270D-01
  788  0.18411445      0.19105148D-01
  789  0.18633590      0.18239337D-01
  790  0.18858415      0.17363901D-01
  791  0.19085952      0.16481011D-01
  792  0.19316235      0.15592945D-01
  793  0.19549296      0.14702080D-01
  794  0.19785169      0.13810895D-01
  795  0.20023888      0.12921968D-01
  796  0.20265488      0.12037964D-01
  797  0.20510002      0.11161641D-01
  798  0.20757467      0.10295840D-01
  799  0.21007918      0.94434772D-02
  800  0.21261390      0.86075451D-02
  801  0.21517921      0.77911006D-02
  802  0.21777547      0.69972606D-02
  803  0.22040305      0.62291940D-02
  804  0.22306234      0.54901142D-02
  805  0.22575371      0.47832710D-02
  806  0.22847755      0.41119412D-02
  807  0.23123426      0.34794204D-02
  808  0.23402424      0.28890124D-02
  809  0.23684787      0.23440197D-02
  810  0.23970557      0.18477331D-02
  811  0.24259776      0.14034204D-02
  812  0.24552483      0.10143159D-02
  813  0.24848723      0.68360832D-03
  814  0.25148537      0.41442930D-03
  815  0.25451968      0.20984149D-03
  816  0.25759060      0.72826239D-04
  817  0.26069858      0.62712671D-05
  818  0.26384405      0.12958234D-04
  819  0.26702748      0.95550212D-04
  820  0.27024932      0.25657916D-03
  821  0.27351003      0.49843346D-03
  822  0.27681008      0.82334550D-03
  823  0.28014995      0.12333795D-02
  824  0.28353012      0.17304195D-02
  825  0.28695107      0.23161575D-02
  826  0.29041329      0.29920822D-02
  827  0.29391729      0.37594682D-02
  828  0.29746357      0.46193647D-02
  829  0.30105264      0.55725865D-02
  830  0.30468501      0.66197038D-02
  831  0.30836120      0.77610335D-02
  832  0.31208175      0.89966314D-02
  833  0.31584719      0.10326285D-01
  834  0.31965807      0.11749505D-01
  835  0.32351492      0.13265524D-01
  836  0.32741831      0.14873286D-01
  837  0.33136880      0.16571449D-01
  838  0.33536695      0.18358375D-01
  839  0.33941334      0.20232134D-01
  840  0.34350855      0.22190503D-01
  841  0.34765318      0.24230962D-01
  842  0.35184781      0.26350701D-01
  843  0.35609305      0.28546619D-01
  844  0.36038951      0.30815330D-01
  845  0.36473782      0.33153169D-01
  846  0.36913858      0.35556195D-01
  847  0.37359245      0.38020203D-01
  848  0.37810005      0.40540730D-01
  849  0.38266204      0.43113068D-01
  850  0.38727907      0.45732272D-01
  851  0.39195181      0.48393175D-01
  852  0.39668093      0.51090402D-01
  853  0.40146711      0.53818384D-01
  854  0.40631104      0.56571373D-01
  855  0.41121341      0.59343462D-01
  856  0.41617493      0.62128601D-01
  857  0.42119632      0.64920616D-01
  858  0.42627829      0.67713231D-01
  859  0.43142158      0.70500084D-01
  860  0.43662692      0.73274755D-01
  861  0.44189507      0.76030781D-01
  862  0.44722678      0.78761683D-01
  863  0.45262282      0.81460988D-01
  864  0.45808397      0.84122249D-01
  865  0.46361101      0.86739073D-01
  866  0.46920474      0.89305141D-01
  867  0.47486596      0.91814231D-01
  868  0.48059549      0.94260244D-01
  869  0.48639414      0.96637222D-01
  870  0.49226276      0.98939375D-01
  871  0.49820219      0.10116110D+00
  872  0.50421328      0.10329700D+00
  873  0.51029689      0.10534191D+00
  874  0.51645391      0.10729091D+00
  875  0.52268522      0.10913935D+00
  876  0.52899171      0.11088286D+00
  877  0.53537430      0.11251737D+00
  878  0.54183389      0.11403912D+00
  879  0.54837142      0.11544468D+00
  880  0.55498783      0.11673097D+00
  881  0.56168407      0.11789523D+00
  882  0.56846110      0.11893509D+00
  883  0.57531991      0.11984853D+00
  884  0.58226146      0.12063389D+00
  885  0.58928678      0.12128991D+00
  886  0.59639685      0.12181567D+00
  887  0.60359272      0.12221067D+00
  888  0.61087540      0.12247476D+00
  889  0.61824596      0.12260816D+00
  890  0.62570544      0.12261146D+00
  891  0.63325493      0.12248562D+00
  892  0.64089551      0.12223196D+00
  893  0.64862827      0.12185212D+00
  894  0.65645434      0.12134811D+00
  895  0.66437483      0.12072224D+00
  896  0.67239089      0.11997713D+00
  897  0.68050366      0.11911571D+00
  898  0.68871432      0.11814118D+00
  899  0.69702405      0.11705701D+00
  900  0.70543403      0.11586693D+00
  901  0.71394549      0.11457487D+00
  902  0.72255965      0.11318501D+00
  903  0.73127774      0.11170169D+00
  904  0.74010101      0.11012945D+00
  905  0.74903075      0.10847297D+00
  906  0.75806823      0.10673706D+00
  907  0.76721475      0.10492667D+00
  908  0.77647162      0.10304681D+00
  909  0.78584019      0.10110260D+00
  910  0.79532180      0.99099176D-01
  911  0.80491780      0.97041746D-01
  912  0.81462959      0.94935514D-01
  913  0.82445855      0.92785688D-01
  914  0.83440611      0.90597455D-01
  915  0.84447369      0.88375966D-01
  916  0.85466274      0.86126316D-01
  917  0.86497472      0.83853529D-01
  918  0.87541113      0.81562546D-01
  919  0.88597346      0.79258205D-01
  920  0.89666323      0.76945234D-01
  921  0.90748197      0.74628231D-01
  922  0.91843125      0.72311659D-01
  923  0.92951264      0.69999831D-01
  924  0.94072774      0.67696902D-01
  925  0.95207815      0.65406860D-01
  926  0.96356551      0.63133519D-01
  927  0.97519147      0.60880509D-01
  928  0.98695770      0.58651274D-01
  929  0.99886590      0.56449068D-01
  930  1.01091778      0.54276945D-01
  931  1.02311507      0.52137763D-01
  932  1.03545953      0.50034178D-01
  933  1.04795293      0.47968644D-01
  934  1.06059707      0.45943415D-01
  935  1.07339377      0.43960540D-01
  936  1.08634487      0.42021872D-01
  937  1.09945224      0.40129062D-01
  938  1.11271775      0.38283569D-01
  939  1.12614331      0.36486660D-01
  940  1.13973087      0.34739413D-01
  941  1.15348236      0.33042727D-01
  942  1.16739977      0.31397321D-01
  943  1.18148511      0.29803743D-01
  944  1.19574039      0.28262377D-01
  945  1.21016767      0.26773446D-01
  946  1.22476903      0.25337024D-01
  947  1.23954655      0.23953038D-01
  948  1.25450238      0.22621281D-01
  949  1.26963866      0.21341413D-01
  950  1.28495756      0.20112975D-01
  951  1.30046130      0.18935394D-01
  952  1.31615210      0.17807990D-01
  953  1.33203221      0.16729986D-01
  954  1.34810393      0.15700515D-01
  955  1.36436956      0.14718630D-01
  956  1.38083145      0.13783308D-01
  957  1.39749196      0.12893460D-01
  958  1.41435349      0.12047940D-01
  959  1.43141846      0.11245550D-01
  960  1.44868933      0.10485047D-01
  961  1.46616858      0.97651530D-02
  962  1.48385873      0.90845586D-02
  963  1.50176232      0.84419311D-02
  964  1.51988193      0.78359202D-02
  965  1.53822016      0.72651642D-02
  966  1.55677965      0.67282950D-02
  967  1.57556307      0.62239442D-02
  968  1.59457313      0.57507471D-02
  969  1.61381255      0.53073482D-02
  970  1.63328411      0.48924049D-02
  971  1.65299060      0.45045914D-02
  972  1.67293486      0.41426030D-02
  973  1.69311976      0.38051584D-02
  974  1.71354820      0.34910033D-02
  975  1.73422313      0.31989129D-02
  976  1.75514750      0.29276941D-02
  977  1.77632435      0.26761875D-02
  978  1.79775670      0.24432693D-02
  979  1.81944765      0.22278524D-02
  980  1.84140031      0.20288878D-02
  981  1.86361784      0.18453657D-02
  982  1.88610344      0.16763156D-02
  983  1.90886034      0.15208071D-02
  984  1.93189181      0.13779502D-02
  985  1.95520117      0.12468949D-02
  986  1.97879177      0.11268314D-02
  987  2.00266701      0.10169897D-02
  988  2.02683031      0.91663884D-03
  989  2.05128516      0.82508666D-03
  990  2.07603507      0.74167868D-03
  991  2.10108360      0.66579738D-03
  992  2.12643436      0.59686124D-03
  993  2.15209099      0.53432363D-03
  994  2.17805718      0.47767172D-03
  995  2.20433666      0.42642527D-03
  996  2.23093323      0.38013539D-03
  997  2.25785069      0.33838332D-03
  998  2.28509293      0.30077906D-03
  999  2.31266386      0.26696013D-03
 1000  2.34056745      0.23659021D-03
 1001  2.36880772      0.20935783D-03
 1002  2.39738872      0.18498936D-03
 1003  2.42631456      0.16322781D-03
 1004  2.45558941      0.14382146D-03
 1005  2.48521748      0.12653992D-03
 1006  2.51520303      0.11117262D-03
 1007  2.54555037      0.97527396D-04
 1008  2.57626386      0.85429089D-04
 1009  2.60734794      0.74718326D-04
 1010  2.63880706      0.65250286D-04
 1011  2.67064575      0.56893582D-04
 1012  2.70286859      0.49529190D-04
 1013  2.73548022      0.43049460D-04
 1014  2.76848533      0.37357178D-04
 1015  2.80188867      0.32364693D-04
 1016  2.83569503      0.27993110D-04
 1017  2.86990929      0.24171524D-04
 1018  2.90453636      0.20836322D-04
 1019  2.93958122      0.17930527D-04
 1020  2.97504893      0.15403191D-04
 1021  3.01094457      0.13208838D-04
 1022  3.04727331      0.11306943D-04
 1023  3.08404037      0.96614630D-05
 1024  3.12125106      0.82403929D-05
 1025  3.15891071      0.70153672D-05
 1026  3.19702474      0.59612917D-05
 1027  3.23559865      0.50560077D-05
 1028  3.27463796      0.42799849D-05
 1029  3.31414831      0.36160429D-05
 1030  3.35413538      0.30490971D-05
