 ir        r              f(r)*r^2
    1  0.00001465      0.15022792D-06
    2  0.00001483      0.15387338D-06
    3  0.00001501      0.15760728D-06
    4  0.00001519      0.16143177D-06
    5  0.00001537      0.16534904D-06
    6  0.00001556      0.16936135D-06
    7  0.00001574      0.17347100D-06
    8  0.00001593      0.17768034D-06
    9  0.00001613      0.18199181D-06
   10  0.00001632      0.18640786D-06
   11  0.00001652      0.19093105D-06
   12  0.00001672      0.19556397D-06
   13  0.00001692      0.20030927D-06
   14  0.00001712      0.20516969D-06
   15  0.00001733      0.21014801D-06
   16  0.00001754      0.21524710D-06
   17  0.00001775      0.22046989D-06
   18  0.00001797      0.22581936D-06
   19  0.00001818      0.23129861D-06
   20  0.00001840      0.23691076D-06
   21  0.00001862      0.24265905D-06
   22  0.00001885      0.24854677D-06
   23  0.00001908      0.25457731D-06
   24  0.00001931      0.26075412D-06
   25  0.00001954      0.26708076D-06
   26  0.00001977      0.27356086D-06
   27  0.00002001      0.28019814D-06
   28  0.00002025      0.28699641D-06
   29  0.00002050      0.29395957D-06
   30  0.00002075      0.30109162D-06
   31  0.00002100      0.30839665D-06
   32  0.00002125      0.31587887D-06
   33  0.00002151      0.32354255D-06
   34  0.00002177      0.33139211D-06
   35  0.00002203      0.33943205D-06
   36  0.00002229      0.34766698D-06
   37  0.00002256      0.35610163D-06
   38  0.00002284      0.36474084D-06
   39  0.00002311      0.37358958D-06
   40  0.00002339      0.38265291D-06
   41  0.00002367      0.39193605D-06
   42  0.00002396      0.40144431D-06
   43  0.00002425      0.41118316D-06
   44  0.00002454      0.42115818D-06
   45  0.00002483      0.43137511D-06
   46  0.00002513      0.44183979D-06
   47  0.00002544      0.45255824D-06
   48  0.00002574      0.46353661D-06
   49  0.00002606      0.47478120D-06
   50  0.00002637      0.48629845D-06
   51  0.00002669      0.49809498D-06
   52  0.00002701      0.51017756D-06
   53  0.00002734      0.52255311D-06
   54  0.00002767      0.53522873D-06
   55  0.00002800      0.54821171D-06
   56  0.00002834      0.56150948D-06
   57  0.00002868      0.57512967D-06
   58  0.00002903      0.58908010D-06
   59  0.00002938      0.60336876D-06
   60  0.00002973      0.61800386D-06
   61  0.00003009      0.63299378D-06
   62  0.00003045      0.64834713D-06
   63  0.00003082      0.66407271D-06
   64  0.00003119      0.68017953D-06
   65  0.00003157      0.69667684D-06
   66  0.00003195      0.71357409D-06
   67  0.00003233      0.73088097D-06
   68  0.00003272      0.74860741D-06
   69  0.00003312      0.76676357D-06
   70  0.00003352      0.78535985D-06
   71  0.00003392      0.80440693D-06
   72  0.00003433      0.82391571D-06
   73  0.00003475      0.84389739D-06
   74  0.00003517      0.86436342D-06
   75  0.00003559      0.88532552D-06
   76  0.00003602      0.90679571D-06
   77  0.00003645      0.92878631D-06
   78  0.00003689      0.95130990D-06
   79  0.00003734      0.97437941D-06
   80  0.00003779      0.99800804D-06
   81  0.00003824      0.10222094D-05
   82  0.00003871      0.10469972D-05
   83  0.00003917      0.10723858D-05
   84  0.00003965      0.10983897D-05
   85  0.00004012      0.11250237D-05
   86  0.00004061      0.11523032D-05
   87  0.00004110      0.11802438D-05
   88  0.00004159      0.12088614D-05
   89  0.00004210      0.12381726D-05
   90  0.00004260      0.12681939D-05
   91  0.00004312      0.12989428D-05
   92  0.00004364      0.13304367D-05
   93  0.00004416      0.13626936D-05
   94  0.00004470      0.13957322D-05
   95  0.00004524      0.14295713D-05
   96  0.00004578      0.14642302D-05
   97  0.00004634      0.14997288D-05
   98  0.00004689      0.15360874D-05
   99  0.00004746      0.15733269D-05
  100  0.00004803      0.16114686D-05
  101  0.00004861      0.16505342D-05
  102  0.00004920      0.16905462D-05
  103  0.00004979      0.17315275D-05
  104  0.00005039      0.17735014D-05
  105  0.00005100      0.18164921D-05
  106  0.00005162      0.18605241D-05
  107  0.00005224      0.19056227D-05
  108  0.00005287      0.19518135D-05
  109  0.00005351      0.19991231D-05
  110  0.00005415      0.20475786D-05
  111  0.00005481      0.20972075D-05
  112  0.00005547      0.21480384D-05
  113  0.00005614      0.22001002D-05
  114  0.00005681      0.22534229D-05
  115  0.00005750      0.23080367D-05
  116  0.00005819      0.23639731D-05
  117  0.00005890      0.24212639D-05
  118  0.00005961      0.24799420D-05
  119  0.00006033      0.25400408D-05
  120  0.00006105      0.26015948D-05
  121  0.00006179      0.26646390D-05
  122  0.00006254      0.27292096D-05
  123  0.00006329      0.27953434D-05
  124  0.00006405      0.28630783D-05
  125  0.00006483      0.29324529D-05
  126  0.00006561      0.30035069D-05
  127  0.00006640      0.30762808D-05
  128  0.00006720      0.31508163D-05
  129  0.00006801      0.32271559D-05
  130  0.00006883      0.33053432D-05
  131  0.00006966      0.33854229D-05
  132  0.00007050      0.34674407D-05
  133  0.00007135      0.35514434D-05
  134  0.00007222      0.36374790D-05
  135  0.00007309      0.37255966D-05
  136  0.00007397      0.38158466D-05
  137  0.00007486      0.39082804D-05
  138  0.00007576      0.40029507D-05
  139  0.00007668      0.40999117D-05
  140  0.00007760      0.41992186D-05
  141  0.00007854      0.43009280D-05
  142  0.00007949      0.44050982D-05
  143  0.00008045      0.45117883D-05
  144  0.00008142      0.46210594D-05
  145  0.00008240      0.47329736D-05
  146  0.00008339      0.48475950D-05
  147  0.00008440      0.49649887D-05
  148  0.00008542      0.50852217D-05
  149  0.00008645      0.52083626D-05
  150  0.00008749      0.53344816D-05
  151  0.00008855      0.54636505D-05
  152  0.00008962      0.55959429D-05
  153  0.00009070      0.57314343D-05
  154  0.00009179      0.58702019D-05
  155  0.00009290      0.60123246D-05
  156  0.00009402      0.61578834D-05
  157  0.00009515      0.63069613D-05
  158  0.00009630      0.64596431D-05
  159  0.00009746      0.66160158D-05
  160  0.00009864      0.67761683D-05
  161  0.00009983      0.69401920D-05
  162  0.00010104      0.71081800D-05
  163  0.00010225      0.72802281D-05
  164  0.00010349      0.74564341D-05
  165  0.00010474      0.76368983D-05
  166  0.00010600      0.78217233D-05
  167  0.00010728      0.80110143D-05
  168  0.00010857      0.82048789D-05
  169  0.00010988      0.84034274D-05
  170  0.00011121      0.86067726D-05
  171  0.00011255      0.88150301D-05
  172  0.00011391      0.90283183D-05
  173  0.00011528      0.92467585D-05
  174  0.00011668      0.94704747D-05
  175  0.00011808      0.96995940D-05
  176  0.00011951      0.99342466D-05
  177  0.00012095      0.10174566D-04
  178  0.00012241      0.10420688D-04
  179  0.00012389      0.10672753D-04
  180  0.00012538      0.10930904D-04
  181  0.00012689      0.11195287D-04
  182  0.00012842      0.11466053D-04
  183  0.00012997      0.11743354D-04
  184  0.00013154      0.12027349D-04
  185  0.00013313      0.12318199D-04
  186  0.00013474      0.12616068D-04
  187  0.00013636      0.12921125D-04
  188  0.00013801      0.13233543D-04
  189  0.00013967      0.13553500D-04
  190  0.00014136      0.13881176D-04
  191  0.00014306      0.14216757D-04
  192  0.00014479      0.14560434D-04
  193  0.00014654      0.14912401D-04
  194  0.00014830      0.15272857D-04
  195  0.00015009      0.15642007D-04
  196  0.00015190      0.16020059D-04
  197  0.00015374      0.16407227D-04
  198  0.00015559      0.16803731D-04
  199  0.00015747      0.17209795D-04
  200  0.00015937      0.17625647D-04
  201  0.00016129      0.18051525D-04
  202  0.00016324      0.18487667D-04
  203  0.00016521      0.18934321D-04
  204  0.00016720      0.19391740D-04
  205  0.00016922      0.19860181D-04
  206  0.00017126      0.20339909D-04
  207  0.00017333      0.20831196D-04
  208  0.00017542      0.21334318D-04
  209  0.00017753      0.21849560D-04
  210  0.00017968      0.22377211D-04
  211  0.00018184      0.22917571D-04
  212  0.00018404      0.23470944D-04
  213  0.00018626      0.24037641D-04
  214  0.00018851      0.24617983D-04
  215  0.00019078      0.25212297D-04
  216  0.00019308      0.25820917D-04
  217  0.00019541      0.26444186D-04
  218  0.00019777      0.27082455D-04
  219  0.00020016      0.27736084D-04
  220  0.00020257      0.28405441D-04
  221  0.00020501      0.29090901D-04
  222  0.00020749      0.29792852D-04
  223  0.00020999      0.30511688D-04
  224  0.00021253      0.31247813D-04
  225  0.00021509      0.32001641D-04
  226  0.00021768      0.32773595D-04
  227  0.00022031      0.33564109D-04
  228  0.00022297      0.34373628D-04
  229  0.00022566      0.35202605D-04
  230  0.00022838      0.36051507D-04
  231  0.00023114      0.36920809D-04
  232  0.00023393      0.37810999D-04
  233  0.00023675      0.38722576D-04
  234  0.00023961      0.39656052D-04
  235  0.00024250      0.40611950D-04
  236  0.00024542      0.41590805D-04
  237  0.00024838      0.42593165D-04
  238  0.00025138      0.43619593D-04
  239  0.00025441      0.44670661D-04
  240  0.00025748      0.45746959D-04
  241  0.00026059      0.46849088D-04
  242  0.00026373      0.47977665D-04
  243  0.00026692      0.49133320D-04
  244  0.00027014      0.50316700D-04
  245  0.00027340      0.51528465D-04
  246  0.00027669      0.52769292D-04
  247  0.00028003      0.54039873D-04
  248  0.00028341      0.55340918D-04
  249  0.00028683      0.56673152D-04
  250  0.00029029      0.58037317D-04
  251  0.00029379      0.59434175D-04
  252  0.00029734      0.60864502D-04
  253  0.00030093      0.62329097D-04
  254  0.00030456      0.63828773D-04
  255  0.00030823      0.65364366D-04
  256  0.00031195      0.66936729D-04
  257  0.00031572      0.68546737D-04
  258  0.00031952      0.70195284D-04
  259  0.00032338      0.71883286D-04
  260  0.00032728      0.73611681D-04
  261  0.00033123      0.75381427D-04
  262  0.00033523      0.77193507D-04
  263  0.00033927      0.79048925D-04
  264  0.00034337      0.80948710D-04
  265  0.00034751      0.82893914D-04
  266  0.00035170      0.84885614D-04
  267  0.00035594      0.86924912D-04
  268  0.00036024      0.89012938D-04
  269  0.00036459      0.91150844D-04
  270  0.00036898      0.93339814D-04
  271  0.00037344      0.95581055D-04
  272  0.00037794      0.97875806D-04
  273  0.00038250      0.10022533D-03
  274  0.00038712      0.10263093D-03
  275  0.00039179      0.10509393D-03
  276  0.00039652      0.10761568D-03
  277  0.00040130      0.11019757D-03
  278  0.00040614      0.11284103D-03
  279  0.00041104      0.11554751D-03
  280  0.00041600      0.11831850D-03
  281  0.00042102      0.12115551D-03
  282  0.00042610      0.12406011D-03
  283  0.00043124      0.12703390D-03
  284  0.00043645      0.13007849D-03
  285  0.00044171      0.13319557D-03
  286  0.00044704      0.13638683D-03
  287  0.00045243      0.13965404D-03
  288  0.00045789      0.14299896D-03
  289  0.00046342      0.14642345D-03
  290  0.00046901      0.14992935D-03
  291  0.00047467      0.15351860D-03
  292  0.00048040      0.15719314D-03
  293  0.00048619      0.16095499D-03
  294  0.00049206      0.16480619D-03
  295  0.00049799      0.16874884D-03
  296  0.00050400      0.17278509D-03
  297  0.00051008      0.17691713D-03
  298  0.00051624      0.18114721D-03
  299  0.00052247      0.18547763D-03
  300  0.00052877      0.18991074D-03
  301  0.00053515      0.19444894D-03
  302  0.00054161      0.19909469D-03
  303  0.00054814      0.20385051D-03
  304  0.00055476      0.20871897D-03
  305  0.00056145      0.21370271D-03
  306  0.00056822      0.21880441D-03
  307  0.00057508      0.22402684D-03
  308  0.00058202      0.22937281D-03
  309  0.00058904      0.23484520D-03
  310  0.00059615      0.24044696D-03
  311  0.00060334      0.24618111D-03
  312  0.00061062      0.25205072D-03
  313  0.00061799      0.25805896D-03
  314  0.00062544      0.26420904D-03
  315  0.00063299      0.27050427D-03
  316  0.00064063      0.27694803D-03
  317  0.00064836      0.28354375D-03
  318  0.00065618      0.29029497D-03
  319  0.00066410      0.29720530D-03
  320  0.00067211      0.30427842D-03
  321  0.00068022      0.31151812D-03
  322  0.00068843      0.31892824D-03
  323  0.00069673      0.32651274D-03
  324  0.00070514      0.33427565D-03
  325  0.00071365      0.34222109D-03
  326  0.00072226      0.35035328D-03
  327  0.00073097      0.35867653D-03
  328  0.00073979      0.36719526D-03
  329  0.00074872      0.37591397D-03
  330  0.00075775      0.38483727D-03
  331  0.00076690      0.39396988D-03
  332  0.00077615      0.40331660D-03
  333  0.00078551      0.41288237D-03
  334  0.00079499      0.42267222D-03
  335  0.00080458      0.43269131D-03
  336  0.00081429      0.44294488D-03
  337  0.00082412      0.45343831D-03
  338  0.00083406      0.46417712D-03
  339  0.00084412      0.47516691D-03
  340  0.00085431      0.48641343D-03
  341  0.00086461      0.49792256D-03
  342  0.00087505      0.50970028D-03
  343  0.00088560      0.52175275D-03
  344  0.00089629      0.53408621D-03
  345  0.00090710      0.54670709D-03
  346  0.00091805      0.55962192D-03
  347  0.00092913      0.57283740D-03
  348  0.00094034      0.58636037D-03
  349  0.00095168      0.60019780D-03
  350  0.00096316      0.61435685D-03
  351  0.00097479      0.62884480D-03
  352  0.00098655      0.64366911D-03
  353  0.00099845      0.65883740D-03
  354  0.00101050      0.67435745D-03
  355  0.00102269      0.69023720D-03
  356  0.00103503      0.70648478D-03
  357  0.00104752      0.72310849D-03
  358  0.00106016      0.74011680D-03
  359  0.00107295      0.75751838D-03
  360  0.00108589      0.77532206D-03
  361  0.00109899      0.79353689D-03
  362  0.00111225      0.81217210D-03
  363  0.00112567      0.83123710D-03
  364  0.00113926      0.85074154D-03
  365  0.00115300      0.87069523D-03
  366  0.00116691      0.89110823D-03
  367  0.00118099      0.91199079D-03
  368  0.00119524      0.93335339D-03
  369  0.00120966      0.95520672D-03
  370  0.00122426      0.97756169D-03
  371  0.00123903      0.10004295D-02
  372  0.00125398      0.10238214D-02
  373  0.00126911      0.10477492D-02
  374  0.00128442      0.10722247D-02
  375  0.00129992      0.10972599D-02
  376  0.00131560      0.11228673D-02
  377  0.00133148      0.11490595D-02
  378  0.00134754      0.11758494D-02
  379  0.00136380      0.12032501D-02
  380  0.00138026      0.12312751D-02
  381  0.00139691      0.12599380D-02
  382  0.00141376      0.12892529D-02
  383  0.00143082      0.13192340D-02
  384  0.00144809      0.13498959D-02
  385  0.00146556      0.13812535D-02
  386  0.00148324      0.14133219D-02
  387  0.00150114      0.14461165D-02
  388  0.00151925      0.14796533D-02
  389  0.00153758      0.15139482D-02
  390  0.00155613      0.15490177D-02
  391  0.00157491      0.15848786D-02
  392  0.00159391      0.16215480D-02
  393  0.00161314      0.16590433D-02
  394  0.00163260      0.16973822D-02
  395  0.00165230      0.17365830D-02
  396  0.00167224      0.17766641D-02
  397  0.00169241      0.18176444D-02
  398  0.00171283      0.18595431D-02
  399  0.00173350      0.19023798D-02
  400  0.00175442      0.19461746D-02
  401  0.00177558      0.19909477D-02
  402  0.00179701      0.20367200D-02
  403  0.00181869      0.20835127D-02
  404  0.00184063      0.21313472D-02
  405  0.00186284      0.21802458D-02
  406  0.00188532      0.22302306D-02
  407  0.00190807      0.22813247D-02
  408  0.00193109      0.23335513D-02
  409  0.00195439      0.23869341D-02
  410  0.00197797      0.24414972D-02
  411  0.00200183      0.24972653D-02
  412  0.00202599      0.25542635D-02
  413  0.00205043      0.26125173D-02
  414  0.00207517      0.26720528D-02
  415  0.00210021      0.27328964D-02
  416  0.00212555      0.27950751D-02
  417  0.00215119      0.28586163D-02
  418  0.00217715      0.29235481D-02
  419  0.00220342      0.29898990D-02
  420  0.00223000      0.30576979D-02
  421  0.00225691      0.31269743D-02
  422  0.00228414      0.31977583D-02
  423  0.00231170      0.32700804D-02
  424  0.00233959      0.33439717D-02
  425  0.00236782      0.34194639D-02
  426  0.00239639      0.34965891D-02
  427  0.00242530      0.35753801D-02
  428  0.00245457      0.36558703D-02
  429  0.00248418      0.37380935D-02
  430  0.00251416      0.38220841D-02
  431  0.00254449      0.39078772D-02
  432  0.00257519      0.39955084D-02
  433  0.00260626      0.40850139D-02
  434  0.00263771      0.41764305D-02
  435  0.00266953      0.42697957D-02
  436  0.00270174      0.43651474D-02
  437  0.00273434      0.44625243D-02
  438  0.00276733      0.45619656D-02
  439  0.00280072      0.46635112D-02
  440  0.00283451      0.47672016D-02
  441  0.00286871      0.48730779D-02
  442  0.00290333      0.49811819D-02
  443  0.00293836      0.50915560D-02
  444  0.00297381      0.52042432D-02
  445  0.00300969      0.53192872D-02
  446  0.00304600      0.54367324D-02
  447  0.00308276      0.55566237D-02
  448  0.00311995      0.56790068D-02
  449  0.00315759      0.58039280D-02
  450  0.00319569      0.59314342D-02
  451  0.00323425      0.60615730D-02
  452  0.00327327      0.61943928D-02
  453  0.00331277      0.63299425D-02
  454  0.00335274      0.64682716D-02
  455  0.00339319      0.66094305D-02
  456  0.00343413      0.67534700D-02
  457  0.00347557      0.69004417D-02
  458  0.00351750      0.70503978D-02
  459  0.00355994      0.72033913D-02
  460  0.00360289      0.73594757D-02
  461  0.00364637      0.75187052D-02
  462  0.00369036      0.76811345D-02
  463  0.00373489      0.78468192D-02
  464  0.00377995      0.80158154D-02
  465  0.00382556      0.81881798D-02
  466  0.00387171      0.83639697D-02
  467  0.00391843      0.85432431D-02
  468  0.00396571      0.87260586D-02
  469  0.00401356      0.89124754D-02
  470  0.00406198      0.91025531D-02
  471  0.00411099      0.92963522D-02
  472  0.00416059      0.94939335D-02
  473  0.00421079      0.96953584D-02
  474  0.00426160      0.99006888D-02
  475  0.00431302      0.10109987D-01
  476  0.00436506      0.10323317D-01
  477  0.00441772      0.10540741D-01
  478  0.00447103      0.10762324D-01
  479  0.00452497      0.10988130D-01
  480  0.00457957      0.11218223D-01
  481  0.00463482      0.11452669D-01
  482  0.00469074      0.11691534D-01
  483  0.00474734      0.11934884D-01
  484  0.00480462      0.12182784D-01
  485  0.00486259      0.12435301D-01
  486  0.00492126      0.12692504D-01
  487  0.00498064      0.12954457D-01
  488  0.00504073      0.13221229D-01
  489  0.00510155      0.13492888D-01
  490  0.00516310      0.13769501D-01
  491  0.00522540      0.14051135D-01
  492  0.00528845      0.14337859D-01
  493  0.00535226      0.14629740D-01
  494  0.00541683      0.14926847D-01
  495  0.00548219      0.15229247D-01
  496  0.00554834      0.15537007D-01
  497  0.00561528      0.15850196D-01
  498  0.00568303      0.16168880D-01
  499  0.00575160      0.16493126D-01
  500  0.00582100      0.16823002D-01
  501  0.00589123      0.17158574D-01
  502  0.00596231      0.17499906D-01
  503  0.00603425      0.17847066D-01
  504  0.00610706      0.18200118D-01
  505  0.00618074      0.18559125D-01
  506  0.00625532      0.18924151D-01
  507  0.00633079      0.19295260D-01
  508  0.00640717      0.19672513D-01
  509  0.00648448      0.20055970D-01
  510  0.00656272      0.20445692D-01
  511  0.00664190      0.20841738D-01
  512  0.00672204      0.21244165D-01
  513  0.00680315      0.21653029D-01
  514  0.00688523      0.22068386D-01
  515  0.00696830      0.22490288D-01
  516  0.00705238      0.22918789D-01
  517  0.00713747      0.23353938D-01
  518  0.00722359      0.23795783D-01
  519  0.00731075      0.24244372D-01
  520  0.00739895      0.24699749D-01
  521  0.00748823      0.25161956D-01
  522  0.00757858      0.25631034D-01
  523  0.00767002      0.26107020D-01
  524  0.00776256      0.26589951D-01
  525  0.00785622      0.27079858D-01
  526  0.00795101      0.27576772D-01
  527  0.00804694      0.28080720D-01
  528  0.00814403      0.28591726D-01
  529  0.00824230      0.29109812D-01
  530  0.00834174      0.29634994D-01
  531  0.00844239      0.30167287D-01
  532  0.00854425      0.30706702D-01
  533  0.00864734      0.31253245D-01
  534  0.00875168      0.31806919D-01
  535  0.00885727      0.32367722D-01
  536  0.00896414      0.32935650D-01
  537  0.00907230      0.33510692D-01
  538  0.00918176      0.34092832D-01
  539  0.00929254      0.34682053D-01
  540  0.00940466      0.35278329D-01
  541  0.00951814      0.35881629D-01
  542  0.00963298      0.36491920D-01
  543  0.00974921      0.37109160D-01
  544  0.00986684      0.37733303D-01
  545  0.00998588      0.38364295D-01
  546  0.01010637      0.39002079D-01
  547  0.01022831      0.39646589D-01
  548  0.01035172      0.40297752D-01
  549  0.01047662      0.40955491D-01
  550  0.01060302      0.41619720D-01
  551  0.01073096      0.42290345D-01
  552  0.01086043      0.42967266D-01
  553  0.01099147      0.43650374D-01
  554  0.01112409      0.44339554D-01
  555  0.01125831      0.45034681D-01
  556  0.01139414      0.45735621D-01
  557  0.01153162      0.46442234D-01
  558  0.01167076      0.47154368D-01
  559  0.01181157      0.47871865D-01
  560  0.01195408      0.48594555D-01
  561  0.01209832      0.49322259D-01
  562  0.01224429      0.50054790D-01
  563  0.01239202      0.50791948D-01
  564  0.01254154      0.51533525D-01
  565  0.01269286      0.52279302D-01
  566  0.01284601      0.53029049D-01
  567  0.01300100      0.53782523D-01
  568  0.01315787      0.54539474D-01
  569  0.01331662      0.55299637D-01
  570  0.01347729      0.56062736D-01
  571  0.01363991      0.56828484D-01
  572  0.01380448      0.57596582D-01
  573  0.01397104      0.58366718D-01
  574  0.01413961      0.59138567D-01
  575  0.01431021      0.59911792D-01
  576  0.01448287      0.60686043D-01
  577  0.01465761      0.61460958D-01
  578  0.01483447      0.62236158D-01
  579  0.01501345      0.63011256D-01
  580  0.01519460      0.63785846D-01
  581  0.01537793      0.64559513D-01
  582  0.01556347      0.65331824D-01
  583  0.01575125      0.66102335D-01
  584  0.01594130      0.66870587D-01
  585  0.01613364      0.67636106D-01
  586  0.01632830      0.68398404D-01
  587  0.01652531      0.69156979D-01
  588  0.01672470      0.69911315D-01
  589  0.01692649      0.70660881D-01
  590  0.01713072      0.71405131D-01
  591  0.01733741      0.72143507D-01
  592  0.01754660      0.72875433D-01
  593  0.01775831      0.73600321D-01
  594  0.01797257      0.74317568D-01
  595  0.01818942      0.75026558D-01
  596  0.01840889      0.75726658D-01
  597  0.01863100      0.76417226D-01
  598  0.01885580      0.77097600D-01
  599  0.01908330      0.77767111D-01
  600  0.01931355      0.78425071D-01
  601  0.01954658      0.79070784D-01
  602  0.01978242      0.79703537D-01
  603  0.02002111      0.80322607D-01
  604  0.02026267      0.80927259D-01
  605  0.02050715      0.81516746D-01
  606  0.02075458      0.82090310D-01
  607  0.02100500      0.82647183D-01
  608  0.02125844      0.83186585D-01
  609  0.02151493      0.83707728D-01
  610  0.02177452      0.84209817D-01
  611  0.02203724      0.84692044D-01
  612  0.02230314      0.85153599D-01
  613  0.02257224      0.85593661D-01
  614  0.02284458      0.86011406D-01
  615  0.02312021      0.86406002D-01
  616  0.02339917      0.86776617D-01
  617  0.02368150      0.87122411D-01
  618  0.02396723      0.87442547D-01
  619  0.02425641      0.87736183D-01
  620  0.02454907      0.88002479D-01
  621  0.02484527      0.88240596D-01
  622  0.02514504      0.88449698D-01
  623  0.02544843      0.88628952D-01
  624  0.02575548      0.88777531D-01
  625  0.02606624      0.88894613D-01
  626  0.02638074      0.88979388D-01
  627  0.02669904      0.89031053D-01
  628  0.02702118      0.89048816D-01
  629  0.02734720      0.89031900D-01
  630  0.02767716      0.88979541D-01
  631  0.02801110      0.88890994D-01
  632  0.02834907      0.88765530D-01
  633  0.02869112      0.88602442D-01
  634  0.02903730      0.88401046D-01
  635  0.02938765      0.88160682D-01
  636  0.02974223      0.87880716D-01
  637  0.03010108      0.87560543D-01
  638  0.03046427      0.87199591D-01
  639  0.03083184      0.86797320D-01
  640  0.03120384      0.86353225D-01
  641  0.03158033      0.85866842D-01
  642  0.03196137      0.85337744D-01
  643  0.03234700      0.84765552D-01
  644  0.03273728      0.84149928D-01
  645  0.03313228      0.83490585D-01
  646  0.03353204      0.82787288D-01
  647  0.03393662      0.82039854D-01
  648  0.03434608      0.81248156D-01
  649  0.03476049      0.80412129D-01
  650  0.03517989      0.79531768D-01
  651  0.03560436      0.78607133D-01
  652  0.03603395      0.77638352D-01
  653  0.03646872      0.76625623D-01
  654  0.03690873      0.75569219D-01
  655  0.03735406      0.74469488D-01
  656  0.03780475      0.73326856D-01
  657  0.03826089      0.72141833D-01
  658  0.03872253      0.70915012D-01
  659  0.03918974      0.69647075D-01
  660  0.03966258      0.68338791D-01
  661  0.04014114      0.66991026D-01
  662  0.04062546      0.65604738D-01
  663  0.04111563      0.64180984D-01
  664  0.04161171      0.62720922D-01
  665  0.04211378      0.61225812D-01
  666  0.04262191      0.59697020D-01
  667  0.04313617      0.58136019D-01
  668  0.04365663      0.56544391D-01
  669  0.04418337      0.54923829D-01
  670  0.04471647      0.53276141D-01
  671  0.04525600      0.51603249D-01
  672  0.04580203      0.49907190D-01
  673  0.04635466      0.48190121D-01
  674  0.04691396      0.46454316D-01
  675  0.04748000      0.44702170D-01
  676  0.04805287      0.42936199D-01
  677  0.04863266      0.41159039D-01
  678  0.04921944      0.39373447D-01
  679  0.04981330      0.37582304D-01
  680  0.05041432      0.35788609D-01
  681  0.05102260      0.33995483D-01
  682  0.05163822      0.32206167D-01
  683  0.05226126      0.30424021D-01
  684  0.05289182      0.28652522D-01
  685  0.05352999      0.26895263D-01
  686  0.05417586      0.25155948D-01
  687  0.05482953      0.23438396D-01
  688  0.05549107      0.21746530D-01
  689  0.05616061      0.20084381D-01
  690  0.05683821      0.18456081D-01
  691  0.05752400      0.16865856D-01
  692  0.05821806      0.15318030D-01
  693  0.05892049      0.13817011D-01
  694  0.05963140      0.12367292D-01
  695  0.06035089      0.10973442D-01
  696  0.06107906      0.96401009D-02
  697  0.06181601      0.83719738D-02
  698  0.06256185      0.71738227D-02
  699  0.06331670      0.60504593D-02
  700  0.06408065      0.50067373D-02
  701  0.06485382      0.40475438D-02
  702  0.06563632      0.31777906D-02
  703  0.06642826      0.24024046D-02
  704  0.06722975      0.17263184D-02
  705  0.06804091      0.11544597D-02
  706  0.06886187      0.69174075D-03
  707  0.06969272      0.34304755D-03
  708  0.07053361      0.11322796D-03
  709  0.07138463      0.70799603D-05
  710  0.07224593      0.29339360D-04
  711  0.07311762      0.18466708D-03
  712  0.07399982      0.47763616D-03
  713  0.07489267      0.91271837D-03
  714  0.07579629      0.14942706D-02
  715  0.07671082      0.22265207D-02
  716  0.07763638      0.31135537D-02
  717  0.07857310      0.41592969D-02
  718  0.07952113      0.53675057D-02
  719  0.08048060      0.67417483D-02
  720  0.08145164      0.82853914D-02
  721  0.08243440      0.10001585D-01
  722  0.08342902      0.11893246D-01
  723  0.08443564      0.13963048D-01
  724  0.08545440      0.16213398D-01
  725  0.08648546      0.18646431D-01
  726  0.08752895      0.21263987D-01
  727  0.08858504      0.24067604D-01
  728  0.08965387      0.27058498D-01
  729  0.09073559      0.30237550D-01
  730  0.09183037      0.33605297D-01
  731  0.09293835      0.37161912D-01
  732  0.09405971      0.40907198D-01
  733  0.09519459      0.44840572D-01
  734  0.09634317      0.48961055D-01
  735  0.09750560      0.53267259D-01
  736  0.09868206      0.57757382D-01
  737  0.09987272      0.62429194D-01
  738  0.10107774      0.67280031D-01
  739  0.10229730      0.72306788D-01
  740  0.10353157      0.77505911D-01
  741  0.10478074      0.82873393D-01
  742  0.10604498      0.88404770D-01
  743  0.10732447      0.94095118D-01
  744  0.10861940      0.99939050D-01
  745  0.10992995      0.10593072D+00
  746  0.11125632      0.11206381D+00
  747  0.11259869      0.11833156D+00
  748  0.11395726      0.12472674D+00
  749  0.11533221      0.13124168D+00
  750  0.11672376      0.13786826D+00
  751  0.11813210      0.14459793D+00
  752  0.11955743      0.15142171D+00
  753  0.12099996      0.15833021D+00
  754  0.12245989      0.16531364D+00
  755  0.12393744      0.17236182D+00
  756  0.12543281      0.17946421D+00
  757  0.12694623      0.18660992D+00
  758  0.12847791      0.19378771D+00
  759  0.13002807      0.20098604D+00
  760  0.13159693      0.20819310D+00
  761  0.13318472      0.21539680D+00
  762  0.13479167      0.22258481D+00
  763  0.13641801      0.22974459D+00
  764  0.13806397      0.23686343D+00
  765  0.13972979      0.24392847D+00
  766  0.14141570      0.25092671D+00
  767  0.14312196      0.25784508D+00
  768  0.14484881      0.26467046D+00
  769  0.14659649      0.27138970D+00
  770  0.14836526      0.27798967D+00
  771  0.15015537      0.28445729D+00
  772  0.15196708      0.29077957D+00
  773  0.15380065      0.29694365D+00
  774  0.15565634      0.30293684D+00
  775  0.15753442      0.30874664D+00
  776  0.15943516      0.31436081D+00
  777  0.16135884      0.31976736D+00
  778  0.16330573      0.32495466D+00
  779  0.16527610      0.32991139D+00
  780  0.16727025      0.33462666D+00
  781  0.16928846      0.33908999D+00
  782  0.17133102      0.34329137D+00
  783  0.17339823      0.34722130D+00
  784  0.17549037      0.35087080D+00
  785  0.17760776      0.35423146D+00
  786  0.17975070      0.35729548D+00
  787  0.18191949      0.36005568D+00
  788  0.18411445      0.36250554D+00
  789  0.18633590      0.36463922D+00
  790  0.18858415      0.36645157D+00
  791  0.19085952      0.36793820D+00
  792  0.19316235      0.36909544D+00
  793  0.19549296      0.36992039D+00
  794  0.19785169      0.37041095D+00
  795  0.20023888      0.37056578D+00
  796  0.20265488      0.37038435D+00
  797  0.20510002      0.36986694D+00
  798  0.20757467      0.36901464D+00
  799  0.21007918      0.36782934D+00
  800  0.21261390      0.36631376D+00
  801  0.21517921      0.36447139D+00
  802  0.21777547      0.36230654D+00
  803  0.22040305      0.35982428D+00
  804  0.22306234      0.35703047D+00
  805  0.22575371      0.35393170D+00
  806  0.22847755      0.35053530D+00
  807  0.23123426      0.34684930D+00
  808  0.23402424      0.34288241D+00
  809  0.23684787      0.33864399D+00
  810  0.23970557      0.33414403D+00
  811  0.24259776      0.32939310D+00
  812  0.24552483      0.32440230D+00
  813  0.24848723      0.31918327D+00
  814  0.25148537      0.31374810D+00
  815  0.25451968      0.30810931D+00
  816  0.25759060      0.30227983D+00
  817  0.26069858      0.29627289D+00
  818  0.26384405      0.29010204D+00
  819  0.26702748      0.28378106D+00
  820  0.27024932      0.27732393D+00
  821  0.27351003      0.27074478D+00
  822  0.27681008      0.26405783D+00
  823  0.28014995      0.25727737D+00
  824  0.28353012      0.25041766D+00
  825  0.28695107      0.24349294D+00
  826  0.29041329      0.23651733D+00
  827  0.29391729      0.22950481D+00
  828  0.29746357      0.22246918D+00
  829  0.30105264      0.21542399D+00
  830  0.30468501      0.20838253D+00
  831  0.30836120      0.20135775D+00
  832  0.31208175      0.19436226D+00
  833  0.31584719      0.18740826D+00
  834  0.31965807      0.18050752D+00
  835  0.32351492      0.17367135D+00
  836  0.32741831      0.16691057D+00
  837  0.33136880      0.16023546D+00
  838  0.33536695      0.15365578D+00
  839  0.33941334      0.14718072D+00
  840  0.34350855      0.14081887D+00
  841  0.34765318      0.13457823D+00
  842  0.35184781      0.12846620D+00
  843  0.35609305      0.12248954D+00
  844  0.36038951      0.11665440D+00
  845  0.36473782      0.11096629D+00
  846  0.36913858      0.10543009D+00
  847  0.37359245      0.10005007D+00
  848  0.37810005      0.94829874D-01
  849  0.38266204      0.89772525D-01
  850  0.38727907      0.84880455D-01
  851  0.39195181      0.80155508D-01
  852  0.39668093      0.75598959D-01
  853  0.40146711      0.71211529D-01
  854  0.40631104      0.66993409D-01
  855  0.41121341      0.62944277D-01
  856  0.41617493      0.59063327D-01
  857  0.42119632      0.55349290D-01
  858  0.42627829      0.51800461D-01
  859  0.43142158      0.48414727D-01
  860  0.43662692      0.45189594D-01
  861  0.44189507      0.42122217D-01
  862  0.44722678      0.39209426D-01
  863  0.45262282      0.36447759D-01
  864  0.45808397      0.33833489D-01
  865  0.46361101      0.31362655D-01
  866  0.46920474      0.29031088D-01
  867  0.47486596      0.26834445D-01
  868  0.48059549      0.24768231D-01
  869  0.48639414      0.22827829D-01
  870  0.49226276      0.21008529D-01
  871  0.49820219      0.19305548D-01
  872  0.50421328      0.17714059D-01
  873  0.51029689      0.16229213D-01
  874  0.51645391      0.14846159D-01
  875  0.52268522      0.13560066D-01
  876  0.52899171      0.12366145D-01
  877  0.53537430      0.11259662D-01
  878  0.54183389      0.10235957D-01
  879  0.54837142      0.92904592D-02
  880  0.55498783      0.84186994D-02
  881  0.56168407      0.76163222D-02
  882  0.56846110      0.68790970D-02
  883  0.57531991      0.62029265D-02
  884  0.58226146      0.55838545D-02
  885  0.58928678      0.50180723D-02
  886  0.59639685      0.45019239D-02
  887  0.60359272      0.40319093D-02
  888  0.61087540      0.36046874D-02
  889  0.61824596      0.32170775D-02
  890  0.62570544      0.28660597D-02
  891  0.63325493      0.25487743D-02
  892  0.64089551      0.22625205D-02
  893  0.64862827      0.20047543D-02
  894  0.65645434      0.17730854D-02
  895  0.66437483      0.15652739D-02
  896  0.67239089      0.13792259D-02
  897  0.68050366      0.12129894D-02
  898  0.68871432      0.10647489D-02
  899  0.69702405      0.93281997D-03
  900  0.70543403      0.81564434D-03
  901  0.71394549      0.71178346D-03
  902  0.72255965      0.61991290D-03
  903  0.73127774      0.53881628D-03
  904  0.74010101      0.46737925D-03
  905  0.74903075      0.40458348D-03
  906  0.75806823      0.34950072D-03
  907  0.76721475      0.30128696D-03
  908  0.77647162      0.25917666D-03
  909  0.78584019      0.22247726D-03
  910  0.79532180      0.19056375D-03
  911  0.80491780      0.16287353D-03
  912  0.81462959      0.13890145D-03
  913  0.82445855      0.11819511D-03
  914  0.83440611      0.10035036D-03
  915  0.84447369      0.85007095D-04
  916  0.85466274      0.71845277D-04
  917  0.86497472      0.60581210D-04
  918  0.87541113      0.50964063D-04
  919  0.88597346      0.42772645D-04
  920  0.89666323      0.35812412D-04
  921  0.90748197      0.29912708D-04
  922  0.91843125      0.24924230D-04
  923  0.92951264      0.20716701D-04
  924  0.94072774      0.17176756D-04
  925  0.95207815      0.14206010D-04
  926  0.96356551      0.11719309D-04
  927  0.97519147      0.96431567D-05
  928  0.98695770      0.79142908D-05
  929  0.99886590      0.64784097D-05
  930  1.01091778      0.52890339D-05
  931  1.02311507      0.43064912D-05
  932  1.03545953      0.34970160D-05
  933  1.04795293      0.28319523D-05
  934  1.06059707      0.22870504D-05
  935  1.07339377      0.18418493D-05
  936  1.08634487      0.14791352D-05
  937  1.09945224      0.11844693D-05
  938  1.11271775      0.94577633D-06
  939  1.12614331      0.75298806D-06
  940  1.13973087      0.59773536D-06
  941  1.15348236      0.47308262D-06
  942  1.16739977      0.37330003D-06
  943  1.18148511      0.29366869D-06
  944  1.19574039      0.23031451D-06
  945  1.21016767      0.18006702D-06
  946  1.22476903      0.14033997D-06
  947  1.23954655      0.10903042D-06
  948  1.25450238      0.84434072D-07
  949  1.26963866      0.65174245D-07
  950  1.28495756      0.50142587D-07
  951  1.30046130      0.38449788D-07
  952  1.31615210      0.29384715D-07
  953  1.33203221      0.22380664D-07
  954  1.34810393      0.16987592D-07
  955  1.36436956      0.12849352D-07
  956  1.38083145      0.96851020D-08
  957  1.39749196      0.72741710D-08
  958  1.41435349      0.54437943D-08
  959  1.43141846      0.40592064D-08
  960  1.44868933      0.30156707D-08
  961  1.46616858      0.22320912D-08
  962  1.48385873      0.16459130D-08
  963  1.50176232      0.12090664D-08
  964  1.51988193      0.88475487D-09
  965  1.53822016      0.64492069D-09
  966  1.55677965      0.46825338D-09
  967  1.57556307      0.33863145D-09
  968  1.59457313      0.24390780D-09
  969  1.61381255      0.17496699D-09
  970  1.63328411      0.12499664D-09
  971  1.65299060      0.88926648D-10
  972  1.67293486      0.62999354D-10
  973  1.69311976      0.44441621D-10
  974  1.71354820      0.31215627D-10
  975  1.73422313      0.21830372D-10
  976  1.75514750      0.15199711D-10
  977  1.77632435      0.10535925D-10
  978  1.79775670      0.72702746D-11
  979  1.81944765      0.49939851D-11
  980  1.84140031      0.34145944D-11
  981  1.86361784      0.23238246D-11
  982  1.88610344      0.15740428D-11
  983  1.90886034      0.10610970D-11
  984  1.93189181      0.71186063D-12
  985  1.95520117      0.47523896D-12
  986  1.97879177      0.31570521D-12
  987  2.00266701      0.20867928D-12
  988  2.02683031      0.13723967D-12
  989  2.05128516      0.89796086D-13
  990  2.07603507      0.58450318D-13
  991  2.10108360      0.37847929D-13
  992  2.12643436      0.24377934D-13
  993  2.15209099      0.15617974D-13
  994  2.17805718      0.99517327D-14
  995  2.20433666      0.63065524D-14
  996  2.23093323      0.39744529D-14
  997  2.25785069      0.24907298D-14
  998  2.28509293      0.15520815D-14
  999  2.31266386      0.96165156D-15
 1000  2.34056745      0.59235940D-15
 1001  2.36880772      0.36277783D-15
 1002  2.39738872      0.22086028D-15
 1003  2.42631456      0.13368791D-15
 1004  2.45558941      0.80464288D-16
 1005  2.48521748      0.48164713D-16
 1006  2.51520303      0.28689263D-16
 1007  2.54555037      0.17009002D-16
 1008  2.57626386      0.10045232D-16
 1009  2.60734794      0.59595641D-17
 1010  2.63880706      0.34775063D-17
 1011  2.67064575      0.19999149D-17
 1012  2.70286859      0.11425002D-17
 1013  2.73548022      0.64828688D-18
 1014  2.76848533      0.36534990D-18
 1015  2.80188867      0.00000000D+00
 1016  2.83569503      0.00000000D+00
 1017  2.86990929      0.00000000D+00
 1018  2.90453636      0.00000000D+00
 1019  2.93958122      0.00000000D+00
 1020  2.97504893      0.00000000D+00
 1021  3.01094457      0.00000000D+00
 1022  3.04727331      0.00000000D+00
 1023  3.08404037      0.00000000D+00
 1024  3.12125106      0.00000000D+00
 1025  3.15891071      0.00000000D+00
 1026  3.19702474      0.00000000D+00
 1027  3.23559865      0.00000000D+00
 1028  3.27463796      0.00000000D+00
 1029  3.31414831      0.00000000D+00
 1030  3.35413538      0.00000000D+00
