 ir        r              f(r)*r^2
    1  0.00001465      0.22060422D-07
    2  0.00001483      0.22595745D-07
    3  0.00001501      0.23144055D-07
    4  0.00001519      0.23705667D-07
    5  0.00001537      0.24280904D-07
    6  0.00001556      0.24870097D-07
    7  0.00001574      0.25473584D-07
    8  0.00001593      0.26091711D-07
    9  0.00001613      0.26724833D-07
   10  0.00001632      0.27373315D-07
   11  0.00001652      0.28037529D-07
   12  0.00001672      0.28717856D-07
   13  0.00001692      0.29414686D-07
   14  0.00001712      0.30128421D-07
   15  0.00001733      0.30859470D-07
   16  0.00001754      0.31608253D-07
   17  0.00001775      0.32375200D-07
   18  0.00001797      0.33160751D-07
   19  0.00001818      0.33965357D-07
   20  0.00001840      0.34789482D-07
   21  0.00001862      0.35633597D-07
   22  0.00001885      0.36498187D-07
   23  0.00001908      0.37383750D-07
   24  0.00001931      0.38290793D-07
   25  0.00001954      0.39219837D-07
   26  0.00001977      0.40171416D-07
   27  0.00002001      0.41146076D-07
   28  0.00002025      0.42144377D-07
   29  0.00002050      0.43166891D-07
   30  0.00002075      0.44214207D-07
   31  0.00002100      0.45286924D-07
   32  0.00002125      0.46385660D-07
   33  0.00002151      0.47511044D-07
   34  0.00002177      0.48663723D-07
   35  0.00002203      0.49844359D-07
   36  0.00002229      0.51053628D-07
   37  0.00002256      0.52292226D-07
   38  0.00002284      0.53560863D-07
   39  0.00002311      0.54860268D-07
   40  0.00002339      0.56191185D-07
   41  0.00002367      0.57554380D-07
   42  0.00002396      0.58950634D-07
   43  0.00002425      0.60380748D-07
   44  0.00002454      0.61845544D-07
   45  0.00002483      0.63345862D-07
   46  0.00002513      0.64882563D-07
   47  0.00002544      0.66456529D-07
   48  0.00002574      0.68068662D-07
   49  0.00002606      0.69719888D-07
   50  0.00002637      0.71411155D-07
   51  0.00002669      0.73143433D-07
   52  0.00002701      0.74917714D-07
   53  0.00002734      0.76735019D-07
   54  0.00002767      0.78596388D-07
   55  0.00002800      0.80502891D-07
   56  0.00002834      0.82455620D-07
   57  0.00002868      0.84455695D-07
   58  0.00002903      0.86504264D-07
   59  0.00002938      0.88602503D-07
   60  0.00002973      0.90751613D-07
   61  0.00003009      0.92952829D-07
   62  0.00003045      0.95207412D-07
   63  0.00003082      0.97516656D-07
   64  0.00003119      0.99881884D-07
   65  0.00003157      0.10230445D-06
   66  0.00003195      0.10478575D-06
   67  0.00003233      0.10732721D-06
   68  0.00003272      0.10993027D-06
   69  0.00003312      0.11259643D-06
   70  0.00003352      0.11532723D-06
   71  0.00003392      0.11812422D-06
   72  0.00003433      0.12098902D-06
   73  0.00003475      0.12392325D-06
   74  0.00003517      0.12692861D-06
   75  0.00003559      0.13000682D-06
   76  0.00003602      0.13315964D-06
   77  0.00003645      0.13638888D-06
   78  0.00003689      0.13969639D-06
   79  0.00003734      0.14308406D-06
   80  0.00003779      0.14655384D-06
   81  0.00003824      0.15010771D-06
   82  0.00003871      0.15374772D-06
   83  0.00003917      0.15747594D-06
   84  0.00003965      0.16129451D-06
   85  0.00004012      0.16520563D-06
   86  0.00004061      0.16921152D-06
   87  0.00004110      0.17331449D-06
   88  0.00004159      0.17751689D-06
   89  0.00004210      0.18182112D-06
   90  0.00004260      0.18622965D-06
   91  0.00004312      0.19074501D-06
   92  0.00004364      0.19536977D-06
   93  0.00004416      0.20010659D-06
   94  0.00004470      0.20495818D-06
   95  0.00004524      0.20992732D-06
   96  0.00004578      0.21501686D-06
   97  0.00004634      0.22022970D-06
   98  0.00004689      0.22556883D-06
   99  0.00004746      0.23103731D-06
  100  0.00004803      0.23663828D-06
  101  0.00004861      0.24237492D-06
  102  0.00004920      0.24825054D-06
  103  0.00004979      0.25426849D-06
  104  0.00005039      0.26043221D-06
  105  0.00005100      0.26674523D-06
  106  0.00005162      0.27321117D-06
  107  0.00005224      0.27983373D-06
  108  0.00005287      0.28661669D-06
  109  0.00005351      0.29356393D-06
  110  0.00005415      0.30067943D-06
  111  0.00005481      0.30796726D-06
  112  0.00005547      0.31543159D-06
  113  0.00005614      0.32307668D-06
  114  0.00005681      0.33090691D-06
  115  0.00005750      0.33892676D-06
  116  0.00005819      0.34714081D-06
  117  0.00005890      0.35555376D-06
  118  0.00005961      0.36417042D-06
  119  0.00006033      0.37299571D-06
  120  0.00006105      0.38203468D-06
  121  0.00006179      0.39129250D-06
  122  0.00006254      0.40077445D-06
  123  0.00006329      0.41048596D-06
  124  0.00006405      0.42043258D-06
  125  0.00006483      0.43061998D-06
  126  0.00006561      0.44105400D-06
  127  0.00006640      0.45174058D-06
  128  0.00006720      0.46268584D-06
  129  0.00006801      0.47389603D-06
  130  0.00006883      0.48537755D-06
  131  0.00006966      0.49713696D-06
  132  0.00007050      0.50918097D-06
  133  0.00007135      0.52151646D-06
  134  0.00007222      0.53415048D-06
  135  0.00007309      0.54709023D-06
  136  0.00007397      0.56034310D-06
  137  0.00007486      0.57391666D-06
  138  0.00007576      0.58781865D-06
  139  0.00007668      0.60205701D-06
  140  0.00007760      0.61663986D-06
  141  0.00007854      0.63157553D-06
  142  0.00007949      0.64687252D-06
  143  0.00008045      0.66253958D-06
  144  0.00008142      0.67858563D-06
  145  0.00008240      0.69501983D-06
  146  0.00008339      0.71185155D-06
  147  0.00008440      0.72909038D-06
  148  0.00008542      0.74674616D-06
  149  0.00008645      0.76482894D-06
  150  0.00008749      0.78334905D-06
  151  0.00008855      0.80231703D-06
  152  0.00008962      0.82174368D-06
  153  0.00009070      0.84164009D-06
  154  0.00009179      0.86201759D-06
  155  0.00009290      0.88288778D-06
  156  0.00009402      0.90426256D-06
  157  0.00009515      0.92615410D-06
  158  0.00009630      0.94857485D-06
  159  0.00009746      0.97153760D-06
  160  0.00009864      0.99505541D-06
  161  0.00009983      0.10191417D-05
  162  0.00010104      0.10438101D-05
  163  0.00010225      0.10690747D-05
  164  0.00010349      0.10949499D-05
  165  0.00010474      0.11214504D-05
  166  0.00010600      0.11485913D-05
  167  0.00010728      0.11763880D-05
  168  0.00010857      0.12048563D-05
  169  0.00010988      0.12340124D-05
  170  0.00011121      0.12638728D-05
  171  0.00011255      0.12944547D-05
  172  0.00011391      0.13257753D-05
  173  0.00011528      0.13578524D-05
  174  0.00011668      0.13907043D-05
  175  0.00011808      0.14243496D-05
  176  0.00011951      0.14588074D-05
  177  0.00012095      0.14940974D-05
  178  0.00012241      0.15302395D-05
  179  0.00012389      0.15672543D-05
  180  0.00012538      0.16051628D-05
  181  0.00012689      0.16439865D-05
  182  0.00012842      0.16837474D-05
  183  0.00012997      0.17244681D-05
  184  0.00013154      0.17661717D-05
  185  0.00013313      0.18088819D-05
  186  0.00013474      0.18526228D-05
  187  0.00013636      0.18974193D-05
  188  0.00013801      0.19432967D-05
  189  0.00013967      0.19902812D-05
  190  0.00014136      0.20383992D-05
  191  0.00014306      0.20876781D-05
  192  0.00014479      0.21381457D-05
  193  0.00014654      0.21898307D-05
  194  0.00014830      0.22427623D-05
  195  0.00015009      0.22969706D-05
  196  0.00015190      0.23524861D-05
  197  0.00015374      0.24093403D-05
  198  0.00015559      0.24675653D-05
  199  0.00015747      0.25271942D-05
  200  0.00015937      0.25882606D-05
  201  0.00016129      0.26507990D-05
  202  0.00016324      0.27148449D-05
  203  0.00016521      0.27804344D-05
  204  0.00016720      0.28476045D-05
  205  0.00016922      0.29163933D-05
  206  0.00017126      0.29868396D-05
  207  0.00017333      0.30589831D-05
  208  0.00017542      0.31328647D-05
  209  0.00017753      0.32085259D-05
  210  0.00017968      0.32860096D-05
  211  0.00018184      0.33653593D-05
  212  0.00018404      0.34466200D-05
  213  0.00018626      0.35298373D-05
  214  0.00018851      0.36150582D-05
  215  0.00019078      0.37023309D-05
  216  0.00019308      0.37917043D-05
  217  0.00019541      0.38832289D-05
  218  0.00019777      0.39769563D-05
  219  0.00020016      0.40729392D-05
  220  0.00020257      0.41712316D-05
  221  0.00020501      0.42718888D-05
  222  0.00020749      0.43749676D-05
  223  0.00020999      0.44805258D-05
  224  0.00021253      0.45886228D-05
  225  0.00021509      0.46993194D-05
  226  0.00021768      0.48126778D-05
  227  0.00022031      0.49287617D-05
  228  0.00022297      0.50476363D-05
  229  0.00022566      0.51693683D-05
  230  0.00022838      0.52940261D-05
  231  0.00023114      0.54216797D-05
  232  0.00023393      0.55524005D-05
  233  0.00023675      0.56862620D-05
  234  0.00023961      0.58233392D-05
  235  0.00024250      0.59637089D-05
  236  0.00024542      0.61074498D-05
  237  0.00024838      0.62546424D-05
  238  0.00025138      0.64053690D-05
  239  0.00025441      0.65597142D-05
  240  0.00025748      0.67177641D-05
  241  0.00026059      0.68796073D-05
  242  0.00026373      0.70453341D-05
  243  0.00026692      0.72150374D-05
  244  0.00027014      0.73888118D-05
  245  0.00027340      0.75667545D-05
  246  0.00027669      0.77489648D-05
  247  0.00028003      0.79355443D-05
  248  0.00028341      0.81265973D-05
  249  0.00028683      0.83222302D-05
  250  0.00029029      0.85225522D-05
  251  0.00029379      0.87276748D-05
  252  0.00029734      0.89377124D-05
  253  0.00030093      0.91527819D-05
  254  0.00030456      0.93730029D-05
  255  0.00030823      0.95984982D-05
  256  0.00031195      0.98293929D-05
  257  0.00031572      0.10065816D-04
  258  0.00031952      0.10307898D-04
  259  0.00032338      0.10555774D-04
  260  0.00032728      0.10809581D-04
  261  0.00033123      0.11069460D-04
  262  0.00033523      0.11335556D-04
  263  0.00033927      0.11608016D-04
  264  0.00034337      0.11886991D-04
  265  0.00034751      0.12172636D-04
  266  0.00035170      0.12465108D-04
  267  0.00035594      0.12764570D-04
  268  0.00036024      0.13071187D-04
  269  0.00036459      0.13385129D-04
  270  0.00036898      0.13706569D-04
  271  0.00037344      0.14035685D-04
  272  0.00037794      0.14372659D-04
  273  0.00038250      0.14717676D-04
  274  0.00038712      0.15070927D-04
  275  0.00039179      0.15432606D-04
  276  0.00039652      0.15802914D-04
  277  0.00040130      0.16182053D-04
  278  0.00040614      0.16570232D-04
  279  0.00041104      0.16967666D-04
  280  0.00041600      0.17374572D-04
  281  0.00042102      0.17791174D-04
  282  0.00042610      0.18217700D-04
  283  0.00043124      0.18654386D-04
  284  0.00043645      0.19101470D-04
  285  0.00044171      0.19559197D-04
  286  0.00044704      0.20027818D-04
  287  0.00045243      0.20507591D-04
  288  0.00045789      0.20998776D-04
  289  0.00046342      0.21501644D-04
  290  0.00046901      0.22016468D-04
  291  0.00047467      0.22543531D-04
  292  0.00048040      0.23083118D-04
  293  0.00048619      0.23635526D-04
  294  0.00049206      0.24201054D-04
  295  0.00049799      0.24780012D-04
  296  0.00050400      0.25372714D-04
  297  0.00051008      0.25979482D-04
  298  0.00051624      0.26600647D-04
  299  0.00052247      0.27236545D-04
  300  0.00052877      0.27887522D-04
  301  0.00053515      0.28553931D-04
  302  0.00054161      0.29236134D-04
  303  0.00054814      0.29934499D-04
  304  0.00055476      0.30649405D-04
  305  0.00056145      0.31381238D-04
  306  0.00056822      0.32130394D-04
  307  0.00057508      0.32897277D-04
  308  0.00058202      0.33682300D-04
  309  0.00058904      0.34485888D-04
  310  0.00059615      0.35308473D-04
  311  0.00060334      0.36150498D-04
  312  0.00061062      0.37012414D-04
  313  0.00061799      0.37894687D-04
  314  0.00062544      0.38797788D-04
  315  0.00063299      0.39722203D-04
  316  0.00064063      0.40668427D-04
  317  0.00064836      0.41636966D-04
  318  0.00065618      0.42628339D-04
  319  0.00066410      0.43643075D-04
  320  0.00067211      0.44681716D-04
  321  0.00068022      0.45744817D-04
  322  0.00068843      0.46832943D-04
  323  0.00069673      0.47946674D-04
  324  0.00070514      0.49086603D-04
  325  0.00071365      0.50253334D-04
  326  0.00072226      0.51447488D-04
  327  0.00073097      0.52669698D-04
  328  0.00073979      0.53920611D-04
  329  0.00074872      0.55200889D-04
  330  0.00075775      0.56511208D-04
  331  0.00076690      0.57852262D-04
  332  0.00077615      0.59224756D-04
  333  0.00078551      0.60629415D-04
  334  0.00079499      0.62066978D-04
  335  0.00080458      0.63538200D-04
  336  0.00081429      0.65043853D-04
  337  0.00082412      0.66584728D-04
  338  0.00083406      0.68161632D-04
  339  0.00084412      0.69775390D-04
  340  0.00085431      0.71426846D-04
  341  0.00086461      0.73116861D-04
  342  0.00087505      0.74846316D-04
  343  0.00088560      0.76616112D-04
  344  0.00089629      0.78427170D-04
  345  0.00090710      0.80280429D-04
  346  0.00091805      0.82176852D-04
  347  0.00092913      0.84117420D-04
  348  0.00094034      0.86103137D-04
  349  0.00095168      0.88135029D-04
  350  0.00096316      0.90214145D-04
  351  0.00097479      0.92341555D-04
  352  0.00098655      0.94518353D-04
  353  0.00099845      0.96745659D-04
  354  0.00101050      0.99024613D-04
  355  0.00102269      0.10135638D-03
  356  0.00103503      0.10374216D-03
  357  0.00104752      0.10618317D-03
  358  0.00106016      0.10868065D-03
  359  0.00107295      0.11123587D-03
  360  0.00108589      0.11385014D-03
  361  0.00109899      0.11652477D-03
  362  0.00111225      0.11926112D-03
  363  0.00112567      0.12206059D-03
  364  0.00113926      0.12492457D-03
  365  0.00115300      0.12785452D-03
  366  0.00116691      0.13085190D-03
  367  0.00118099      0.13391823D-03
  368  0.00119524      0.13705504D-03
  369  0.00120966      0.14026391D-03
  370  0.00122426      0.14354642D-03
  371  0.00123903      0.14690423D-03
  372  0.00125398      0.15033901D-03
  373  0.00126911      0.15385245D-03
  374  0.00128442      0.15744631D-03
  375  0.00129992      0.16112235D-03
  376  0.00131560      0.16488240D-03
  377  0.00133148      0.16872832D-03
  378  0.00134754      0.17266198D-03
  379  0.00136380      0.17668533D-03
  380  0.00138026      0.18080033D-03
  381  0.00139691      0.18500899D-03
  382  0.00141376      0.18931337D-03
  383  0.00143082      0.19371557D-03
  384  0.00144809      0.19821772D-03
  385  0.00146556      0.20282200D-03
  386  0.00148324      0.20753064D-03
  387  0.00150114      0.21234591D-03
  388  0.00151925      0.21727012D-03
  389  0.00153758      0.22230565D-03
  390  0.00155613      0.22745490D-03
  391  0.00157491      0.23272033D-03
  392  0.00159391      0.23810445D-03
  393  0.00161314      0.24360982D-03
  394  0.00163260      0.24923905D-03
  395  0.00165230      0.25499481D-03
  396  0.00167224      0.26087980D-03
  397  0.00169241      0.26689679D-03
  398  0.00171283      0.27304861D-03
  399  0.00173350      0.27933814D-03
  400  0.00175442      0.28576830D-03
  401  0.00177558      0.29234210D-03
  402  0.00179701      0.29906257D-03
  403  0.00181869      0.30593283D-03
  404  0.00184063      0.31295604D-03
  405  0.00186284      0.32013543D-03
  406  0.00188532      0.32747429D-03
  407  0.00190807      0.33497598D-03
  408  0.00193109      0.34264390D-03
  409  0.00195439      0.35048155D-03
  410  0.00197797      0.35849246D-03
  411  0.00200183      0.36668025D-03
  412  0.00202599      0.37504860D-03
  413  0.00205043      0.38360125D-03
  414  0.00207517      0.39234202D-03
  415  0.00210021      0.40127480D-03
  416  0.00212555      0.41040355D-03
  417  0.00215119      0.41973230D-03
  418  0.00217715      0.42926514D-03
  419  0.00220342      0.43900627D-03
  420  0.00223000      0.44895992D-03
  421  0.00225691      0.45913043D-03
  422  0.00228414      0.46952220D-03
  423  0.00231170      0.48013972D-03
  424  0.00233959      0.49098754D-03
  425  0.00236782      0.50207031D-03
  426  0.00239639      0.51339275D-03
  427  0.00242530      0.52495966D-03
  428  0.00245457      0.53677592D-03
  429  0.00248418      0.54884651D-03
  430  0.00251416      0.56117647D-03
  431  0.00254449      0.57377094D-03
  432  0.00257519      0.58663514D-03
  433  0.00260626      0.59977438D-03
  434  0.00263771      0.61319407D-03
  435  0.00266953      0.62689967D-03
  436  0.00270174      0.64089677D-03
  437  0.00273434      0.65519103D-03
  438  0.00276733      0.66978820D-03
  439  0.00280072      0.68469412D-03
  440  0.00283451      0.69991473D-03
  441  0.00286871      0.71545605D-03
  442  0.00290333      0.73132421D-03
  443  0.00293836      0.74752541D-03
  444  0.00297381      0.76406597D-03
  445  0.00300969      0.78095228D-03
  446  0.00304600      0.79819084D-03
  447  0.00308276      0.81578825D-03
  448  0.00311995      0.83375117D-03
  449  0.00315759      0.85208641D-03
  450  0.00319569      0.87080083D-03
  451  0.00323425      0.88990141D-03
  452  0.00327327      0.90939521D-03
  453  0.00331277      0.92928941D-03
  454  0.00335274      0.94959126D-03
  455  0.00339319      0.97030811D-03
  456  0.00343413      0.99144743D-03
  457  0.00347557      0.10130168D-02
  458  0.00351750      0.10350238D-02
  459  0.00355994      0.10574761D-02
  460  0.00360289      0.10803817D-02
  461  0.00364637      0.11037485D-02
  462  0.00369036      0.11275845D-02
  463  0.00373489      0.11518977D-02
  464  0.00377995      0.11766964D-02
  465  0.00382556      0.12019889D-02
  466  0.00387171      0.12277836D-02
  467  0.00391843      0.12540889D-02
  468  0.00396571      0.12809135D-02
  469  0.00401356      0.13082659D-02
  470  0.00406198      0.13361548D-02
  471  0.00411099      0.13645892D-02
  472  0.00416059      0.13935778D-02
  473  0.00421079      0.14231297D-02
  474  0.00426160      0.14532539D-02
  475  0.00431302      0.14839596D-02
  476  0.00436506      0.15152558D-02
  477  0.00441772      0.15471519D-02
  478  0.00447103      0.15796573D-02
  479  0.00452497      0.16127812D-02
  480  0.00457957      0.16465332D-02
  481  0.00463482      0.16809227D-02
  482  0.00469074      0.17159594D-02
  483  0.00474734      0.17516528D-02
  484  0.00480462      0.17880126D-02
  485  0.00486259      0.18250484D-02
  486  0.00492126      0.18627701D-02
  487  0.00498064      0.19011874D-02
  488  0.00504073      0.19403101D-02
  489  0.00510155      0.19801479D-02
  490  0.00516310      0.20207108D-02
  491  0.00522540      0.20620085D-02
  492  0.00528845      0.21040510D-02
  493  0.00535226      0.21468481D-02
  494  0.00541683      0.21904095D-02
  495  0.00548219      0.22347452D-02
  496  0.00554834      0.22798649D-02
  497  0.00561528      0.23257785D-02
  498  0.00568303      0.23724956D-02
  499  0.00575160      0.24200259D-02
  500  0.00582100      0.24683791D-02
  501  0.00589123      0.25175648D-02
  502  0.00596231      0.25675925D-02
  503  0.00603425      0.26184715D-02
  504  0.00610706      0.26702113D-02
  505  0.00618074      0.27228211D-02
  506  0.00625532      0.27763100D-02
  507  0.00633079      0.28306869D-02
  508  0.00640717      0.28859609D-02
  509  0.00648448      0.29421405D-02
  510  0.00656272      0.29992344D-02
  511  0.00664190      0.30572509D-02
  512  0.00672204      0.31161983D-02
  513  0.00680315      0.31760846D-02
  514  0.00688523      0.32369175D-02
  515  0.00696830      0.32987047D-02
  516  0.00705238      0.33614534D-02
  517  0.00713747      0.34251709D-02
  518  0.00722359      0.34898637D-02
  519  0.00731075      0.35555386D-02
  520  0.00739895      0.36222017D-02
  521  0.00748823      0.36898588D-02
  522  0.00757858      0.37585156D-02
  523  0.00767002      0.38281771D-02
  524  0.00776256      0.38988483D-02
  525  0.00785622      0.39705335D-02
  526  0.00795101      0.40432366D-02
  527  0.00804694      0.41169614D-02
  528  0.00814403      0.41917107D-02
  529  0.00824230      0.42674872D-02
  530  0.00834174      0.43442931D-02
  531  0.00844239      0.44221299D-02
  532  0.00854425      0.45009985D-02
  533  0.00864734      0.45808995D-02
  534  0.00875168      0.46618327D-02
  535  0.00885727      0.47437972D-02
  536  0.00896414      0.48267916D-02
  537  0.00907230      0.49108139D-02
  538  0.00918176      0.49958611D-02
  539  0.00929254      0.50819298D-02
  540  0.00940466      0.51690155D-02
  541  0.00951814      0.52571133D-02
  542  0.00963298      0.53462170D-02
  543  0.00974921      0.54363201D-02
  544  0.00986684      0.55274147D-02
  545  0.00998588      0.56194924D-02
  546  0.01010637      0.57125436D-02
  547  0.01022831      0.58065579D-02
  548  0.01035172      0.59015238D-02
  549  0.01047662      0.59974286D-02
  550  0.01060302      0.60942590D-02
  551  0.01073096      0.61920001D-02
  552  0.01086043      0.62906361D-02
  553  0.01099147      0.63901500D-02
  554  0.01112409      0.64905237D-02
  555  0.01125831      0.65917376D-02
  556  0.01139414      0.66937711D-02
  557  0.01153162      0.67966021D-02
  558  0.01167076      0.69002073D-02
  559  0.01181157      0.70045618D-02
  560  0.01195408      0.71096396D-02
  561  0.01209832      0.72154131D-02
  562  0.01224429      0.73218530D-02
  563  0.01239202      0.74289288D-02
  564  0.01254154      0.75366083D-02
  565  0.01269286      0.76448578D-02
  566  0.01284601      0.77536418D-02
  567  0.01300100      0.78629233D-02
  568  0.01315787      0.79726635D-02
  569  0.01331662      0.80828219D-02
  570  0.01347729      0.81933564D-02
  571  0.01363991      0.83042228D-02
  572  0.01380448      0.84153753D-02
  573  0.01397104      0.85267662D-02
  574  0.01413961      0.86383458D-02
  575  0.01431021      0.87500628D-02
  576  0.01448287      0.88618635D-02
  577  0.01465761      0.89736926D-02
  578  0.01483447      0.90854926D-02
  579  0.01501345      0.91972042D-02
  580  0.01519460      0.93087657D-02
  581  0.01537793      0.94201136D-02
  582  0.01556347      0.95311824D-02
  583  0.01575125      0.96419042D-02
  584  0.01594130      0.97522092D-02
  585  0.01613364      0.98620255D-02
  586  0.01632830      0.99712789D-02
  587  0.01652531      0.10079893D-01
  588  0.01672470      0.10187790D-01
  589  0.01692649      0.10294888D-01
  590  0.01713072      0.10401106D-01
  591  0.01733741      0.10506358D-01
  592  0.01754660      0.10610557D-01
  593  0.01775831      0.10713615D-01
  594  0.01797257      0.10815439D-01
  595  0.01818942      0.10915937D-01
  596  0.01840889      0.11015013D-01
  597  0.01863100      0.11112569D-01
  598  0.01885580      0.11208507D-01
  599  0.01908330      0.11302724D-01
  600  0.01931355      0.11395117D-01
  601  0.01954658      0.11485581D-01
  602  0.01978242      0.11574008D-01
  603  0.02002111      0.11660291D-01
  604  0.02026267      0.11744317D-01
  605  0.02050715      0.11825974D-01
  606  0.02075458      0.11905149D-01
  607  0.02100500      0.11981727D-01
  608  0.02125844      0.12055589D-01
  609  0.02151493      0.12126619D-01
  610  0.02177452      0.12194696D-01
  611  0.02203724      0.12259700D-01
  612  0.02230314      0.12321510D-01
  613  0.02257224      0.12380002D-01
  614  0.02284458      0.12435055D-01
  615  0.02312021      0.12486544D-01
  616  0.02339917      0.12534345D-01
  617  0.02368150      0.12578333D-01
  618  0.02396723      0.12618385D-01
  619  0.02425641      0.12654374D-01
  620  0.02454907      0.12686177D-01
  621  0.02484527      0.12713671D-01
  622  0.02514504      0.12736730D-01
  623  0.02544843      0.12755234D-01
  624  0.02575548      0.12769061D-01
  625  0.02606624      0.12778090D-01
  626  0.02638074      0.12782203D-01
  627  0.02669904      0.12781283D-01
  628  0.02702118      0.12775216D-01
  629  0.02734720      0.12763888D-01
  630  0.02767716      0.12747190D-01
  631  0.02801110      0.12725015D-01
  632  0.02834907      0.12697258D-01
  633  0.02869112      0.12663821D-01
  634  0.02903730      0.12624606D-01
  635  0.02938765      0.12579520D-01
  636  0.02974223      0.12528477D-01
  637  0.03010108      0.12471393D-01
  638  0.03046427      0.12408190D-01
  639  0.03083184      0.12338796D-01
  640  0.03120384      0.12263144D-01
  641  0.03158033      0.12181175D-01
  642  0.03196137      0.12092836D-01
  643  0.03234700      0.11998081D-01
  644  0.03273728      0.11896871D-01
  645  0.03313228      0.11789175D-01
  646  0.03353204      0.11674971D-01
  647  0.03393662      0.11554246D-01
  648  0.03434608      0.11426997D-01
  649  0.03476049      0.11293228D-01
  650  0.03517989      0.11152955D-01
  651  0.03560436      0.11006205D-01
  652  0.03603395      0.10853015D-01
  653  0.03646872      0.10693434D-01
  654  0.03690873      0.10527522D-01
  655  0.03735406      0.10355353D-01
  656  0.03780475      0.10177013D-01
  657  0.03826089      0.99926000D-02
  658  0.03872253      0.98022279D-02
  659  0.03918974      0.96060234D-02
  660  0.03966258      0.94041280D-02
  661  0.04014114      0.91966981D-02
  662  0.04062546      0.89839055D-02
  663  0.04111563      0.87659377D-02
  664  0.04161171      0.85429984D-02
  665  0.04211378      0.83153078D-02
  666  0.04262191      0.80831026D-02
  667  0.04313617      0.78466371D-02
  668  0.04365663      0.76061828D-02
  669  0.04418337      0.73620288D-02
  670  0.04471647      0.71144825D-02
  671  0.04525600      0.68638692D-02
  672  0.04580203      0.66105327D-02
  673  0.04635466      0.63548355D-02
  674  0.04691396      0.60971585D-02
  675  0.04748000      0.58379017D-02
  676  0.04805287      0.55774836D-02
  677  0.04863266      0.53163418D-02
  678  0.04921944      0.50549326D-02
  679  0.04981330      0.47937311D-02
  680  0.05041432      0.45332308D-02
  681  0.05102260      0.42739440D-02
  682  0.05163822      0.40164008D-02
  683  0.05226126      0.37611495D-02
  684  0.05289182      0.35087557D-02
  685  0.05352999      0.32598022D-02
  686  0.05417586      0.30148887D-02
  687  0.05482953      0.27746307D-02
  688  0.05549107      0.25396595D-02
  689  0.05616061      0.23106209D-02
  690  0.05683821      0.20881750D-02
  691  0.05752400      0.18729953D-02
  692  0.05821806      0.16657673D-02
  693  0.05892049      0.14671881D-02
  694  0.05963140      0.12779651D-02
  695  0.06035089      0.10988147D-02
  696  0.06107906      0.93046131D-03
  697  0.06181601      0.77363605D-03
  698  0.06256185      0.62907516D-03
  699  0.06331670      0.49751861D-03
  700  0.06408065      0.37970858D-03
  701  0.06485382      0.27638771D-03
  702  0.06563632      0.18829746D-03
  703  0.06642826      0.11617618D-03
  704  0.06722975      0.60757258D-04
  705  0.06804091      0.22767121D-04
  706  0.06886187      0.29231281D-05
  707  0.06969272      0.19314241D-05
  708  0.07053361      0.20484698D-04
  709  0.07138463      0.59259868D-04
  710  0.07224593      0.11891569D-03
  711  0.07311762      0.20009029D-03
  712  0.07399982      0.30339867D-03
  713  0.07489267      0.42943008D-03
  714  0.07579629      0.57874541D-03
  715  0.07671082      0.75187448D-03
  716  0.07763638      0.94931332D-03
  717  0.07857310      0.11715214D-02
  718  0.07952113      0.14189187D-02
  719  0.08048060      0.16918831D-02
  720  0.08145164      0.19907474D-02
  721  0.08243440      0.23157964D-02
  722  0.08342902      0.26672644D-02
  723  0.08443564      0.30453316D-02
  724  0.08545440      0.34501223D-02
  725  0.08648546      0.38817012D-02
  726  0.08752895      0.43400714D-02
  727  0.08858504      0.48251710D-02
  728  0.08965387      0.53368713D-02
  729  0.09073559      0.58749734D-02
  730  0.09183037      0.64392066D-02
  731  0.09293835      0.70292253D-02
  732  0.09405971      0.76446075D-02
  733  0.09519459      0.82848522D-02
  734  0.09634317      0.89493778D-02
  735  0.09750560      0.96375204D-02
  736  0.09868206      0.10348532D-01
  737  0.09987272      0.11081579D-01
  738  0.10107774      0.11835742D-01
  739  0.10229730      0.12610014D-01
  740  0.10353157      0.13403299D-01
  741  0.10478074      0.14214414D-01
  742  0.10604498      0.15042086D-01
  743  0.10732447      0.15884956D-01
  744  0.10861940      0.16741575D-01
  745  0.10992995      0.17610407D-01
  746  0.11125632      0.18489832D-01
  747  0.11259869      0.19378143D-01
  748  0.11395726      0.20273553D-01
  749  0.11533221      0.21174192D-01
  750  0.11672376      0.22078116D-01
  751  0.11813210      0.22983303D-01
  752  0.11955743      0.23887662D-01
  753  0.12099996      0.24789034D-01
  754  0.12245989      0.25685197D-01
  755  0.12393744      0.26573871D-01
  756  0.12543281      0.27452722D-01
  757  0.12694623      0.28319369D-01
  758  0.12847791      0.29171391D-01
  759  0.13002807      0.30006330D-01
  760  0.13159693      0.30821699D-01
  761  0.13318472      0.31614993D-01
  762  0.13479167      0.32383691D-01
  763  0.13641801      0.33125269D-01
  764  0.13806397      0.33837204D-01
  765  0.13972979      0.34516986D-01
  766  0.14141570      0.35162129D-01
  767  0.14312196      0.35770174D-01
  768  0.14484881      0.36338705D-01
  769  0.14659649      0.36865356D-01
  770  0.14836526      0.37347824D-01
  771  0.15015537      0.37783876D-01
  772  0.15196708      0.38171364D-01
  773  0.15380065      0.38508231D-01
  774  0.15565634      0.38792527D-01
  775  0.15753442      0.39022418D-01
  776  0.15943516      0.39196198D-01
  777  0.16135884      0.39312296D-01
  778  0.16330573      0.39369296D-01
  779  0.16527610      0.39365939D-01
  780  0.16727025      0.39301138D-01
  781  0.16928846      0.39173990D-01
  782  0.17133102      0.38983784D-01
  783  0.17339823      0.38730011D-01
  784  0.17549037      0.38412375D-01
  785  0.17760776      0.38030802D-01
  786  0.17975070      0.37585448D-01
  787  0.18191949      0.37076707D-01
  788  0.18411445      0.36505221D-01
  789  0.18633590      0.35871882D-01
  790  0.18858415      0.35177844D-01
  791  0.19085952      0.34424522D-01
  792  0.19316235      0.33613602D-01
  793  0.19549296      0.32747040D-01
  794  0.19785169      0.31827068D-01
  795  0.20023888      0.30856192D-01
  796  0.20265488      0.29837196D-01
  797  0.20510002      0.28773137D-01
  798  0.20757467      0.27667347D-01
  799  0.21007918      0.26523427D-01
  800  0.21261390      0.25345243D-01
  801  0.21517921      0.24136920D-01
  802  0.21777547      0.22902836D-01
  803  0.22040305      0.21647613D-01
  804  0.22306234      0.20376107D-01
  805  0.22575371      0.19093395D-01
  806  0.22847755      0.17804765D-01
  807  0.23123426      0.16515701D-01
  808  0.23402424      0.15231866D-01
  809  0.23684787      0.13959091D-01
  810  0.23970557      0.12703348D-01
  811  0.24259776      0.11470737D-01
  812  0.24552483      0.10267467D-01
  813  0.24848723      0.90998283D-02
  814  0.25148537      0.79741734D-02
  815  0.25451968      0.68968933D-02
  816  0.25759060      0.58743918D-02
  817  0.26069858      0.49130601D-02
  818  0.26384405      0.40192504D-02
  819  0.26702748      0.31992487D-02
  820  0.27024932      0.24592474D-02
  821  0.27351003      0.18053167D-02
  822  0.27681008      0.12433768D-02
  823  0.28014995      0.77916870D-03
  824  0.28353012      0.41822598D-03
  825  0.28695107      0.16584595D-03
  826  0.29041329      0.27061453D-04
  827  0.29391729      0.66129269D-05
  828  0.29746357      0.10892100D-03
  829  0.30105264      0.33805982D-03
  830  0.30468501      0.69773125D-03
  831  0.30836120      0.11912400D-02
  832  0.31208175      0.18214702D-02
  833  0.31584719      0.25908628D-02
  834  0.31965807      0.35013948D-02
  835  0.32351492      0.45545605D-02
  836  0.32741831      0.57513534D-02
  837  0.33136880      0.70922511D-02
  838  0.33536695      0.85772017D-02
  839  0.33941334      0.10205612D-01
  840  0.34350855      0.11976340D-01
  841  0.34765318      0.13887686D-01
  842  0.35184781      0.15937389D-01
  843  0.35609305      0.18122628D-01
  844  0.36038951      0.20440016D-01
  845  0.36473782      0.22885612D-01
  846  0.36913858      0.25454921D-01
  847  0.37359245      0.28142906D-01
  848  0.37810005      0.30943999D-01
  849  0.38266204      0.33852114D-01
  850  0.38727907      0.36860668D-01
  851  0.39195181      0.39962598D-01
  852  0.39668093      0.43150384D-01
  853  0.40146711      0.46416075D-01
  854  0.40631104      0.49751315D-01
  855  0.41121341      0.53147377D-01
  856  0.41617493      0.56595190D-01
  857  0.42119632      0.60085377D-01
  858  0.42627829      0.63608290D-01
  859  0.43142158      0.67154049D-01
  860  0.43662692      0.70712583D-01
  861  0.44189507      0.74273666D-01
  862  0.44722678      0.77826967D-01
  863  0.45262282      0.81362086D-01
  864  0.45808397      0.84868605D-01
  865  0.46361101      0.88336125D-01
  866  0.46920474      0.91754318D-01
  867  0.47486596      0.95112967D-01
  868  0.48059549      0.98402013D-01
  869  0.48639414      0.10161160D+00
  870  0.49226276      0.10473211D+00
  871  0.49820219      0.10775421D+00
  872  0.50421328      0.11066890D+00
  873  0.51029689      0.11346756D+00
  874  0.51645391      0.11614193D+00
  875  0.52268522      0.11868424D+00
  876  0.52899171      0.12108715D+00
  877  0.53537430      0.12334384D+00
  878  0.54183389      0.12544802D+00
  879  0.54837142      0.12739395D+00
  880  0.55498783      0.12917647D+00
  881  0.56168407      0.13079101D+00
  882  0.56846110      0.13223362D+00
  883  0.57531991      0.13350097D+00
  884  0.58226146      0.13459036D+00
  885  0.58928678      0.13549974D+00
  886  0.59639685      0.13622769D+00
  887  0.60359272      0.13677343D+00
  888  0.61087540      0.13713684D+00
  889  0.61824596      0.13731841D+00
  890  0.62570544      0.13731925D+00
  891  0.63325493      0.13714108D+00
  892  0.64089551      0.13678623D+00
  893  0.64862827      0.13625757D+00
  894  0.65645434      0.13555854D+00
  895  0.66437483      0.13469310D+00
  896  0.67239089      0.13366571D+00
  897  0.68050366      0.13248130D+00
  898  0.68871432      0.13114524D+00
  899  0.69702405      0.12966332D+00
  900  0.70543403      0.12804170D+00
  901  0.71394549      0.12628687D+00
  902  0.72255965      0.12440564D+00
  903  0.73127774      0.12240507D+00
  904  0.74010101      0.12029249D+00
  905  0.74903075      0.11807540D+00
  906  0.75806823      0.11576145D+00
  907  0.76721475      0.11335844D+00
  908  0.77647162      0.11087425D+00
  909  0.78584019      0.10831679D+00
  910  0.79532180      0.10569401D+00
  911  0.80491780      0.10301383D+00
  912  0.81462959      0.10028412D+00
  913  0.82445855      0.97512685D-01
  914  0.83440611      0.94707197D-01
  915  0.84447369      0.91875197D-01
  916  0.85466274      0.89024058D-01
  917  0.86497472      0.86160961D-01
  918  0.87541113      0.83292871D-01
  919  0.88597346      0.80426518D-01
  920  0.89666323      0.77568376D-01
  921  0.90748197      0.74724646D-01
  922  0.91843125      0.71901240D-01
  923  0.92951264      0.69103770D-01
  924  0.94072774      0.66337535D-01
  925  0.95207815      0.63607513D-01
  926  0.96356551      0.60918353D-01
  927  0.97519147      0.58274367D-01
  928  0.98695770      0.55679535D-01
  929  0.99886590      0.53137495D-01
  930  1.01091778      0.50651545D-01
  931  1.02311507      0.48224649D-01
  932  1.03545953      0.45859436D-01
  933  1.04795293      0.43558208D-01
  934  1.06059707      0.41322944D-01
  935  1.07339377      0.39155309D-01
  936  1.08634487      0.37056663D-01
  937  1.09945224      0.35028069D-01
  938  1.11271775      0.33070308D-01
  939  1.12614331      0.31183885D-01
  940  1.13973087      0.29369048D-01
  941  1.15348236      0.27625796D-01
  942  1.16739977      0.25953895D-01
  943  1.18148511      0.24352890D-01
  944  1.19574039      0.22822124D-01
  945  1.21016767      0.21360748D-01
  946  1.22476903      0.19967738D-01
  947  1.23954655      0.18641907D-01
  948  1.25450238      0.17381927D-01
  949  1.26963866      0.16186334D-01
  950  1.28495756      0.15053549D-01
  951  1.30046130      0.13981889D-01
  952  1.31615210      0.12969585D-01
  953  1.33203221      0.12014788D-01
  954  1.34810393      0.11115589D-01
  955  1.36436956      0.10270027D-01
  956  1.38083145      0.94761042D-02
  957  1.39749196      0.87317934D-02
  958  1.41435349      0.80350513D-02
  959  1.43141846      0.73838278D-02
  960  1.44868933      0.67760753D-02
  961  1.46616858      0.62097571D-02
  962  1.48385873      0.56828558D-02
  963  1.50176232      0.51933801D-02
  964  1.51988193      0.47393721D-02
  965  1.53822016      0.43189124D-02
  966  1.55677965      0.39301263D-02
  967  1.57556307      0.35711876D-02
  968  1.59457313      0.32403234D-02
  969  1.61381255      0.29358169D-02
  970  1.63328411      0.26560109D-02
  971  1.65299060      0.23993093D-02
  972  1.67293486      0.21641797D-02
  973  1.69311976      0.19491543D-02
  974  1.71354820      0.17528308D-02
  975  1.73422313      0.15738727D-02
  976  1.75514750      0.14110095D-02
  977  1.77632435      0.12630362D-02
  978  1.79775670      0.11288129D-02
  979  1.81944765      0.10072635D-02
  980  1.84140031      0.89737459D-03
  981  1.86361784      0.79819402D-03
  982  1.88610344      0.70882923D-03
  983  1.90886034      0.62844535D-03
  984  1.93189181      0.55626326D-03
  985  1.95520117      0.49155746D-03
  986  1.97879177      0.43365390D-03
  987  2.00266701      0.38192764D-03
  988  2.02683031      0.33580064D-03
  989  2.05128516      0.29473931D-03
  990  2.07603507      0.25825222D-03
  991  2.10108360      0.22588774D-03
  992  2.12643436      0.19723171D-03
  993  2.15209099      0.17190515D-03
  994  2.17805718      0.14956203D-03
  995  2.20433666      0.12988709D-03
  996  2.23093323      0.11259373D-03
  997  2.25785069      0.97421953D-04
  998  2.28509293      0.84136408D-04
  999  2.31266386      0.72524537D-04
 1000  2.34056745      0.62394768D-04
 1001  2.36880772      0.53574825D-04
 1002  2.39738872      0.45913704D-04
 1003  2.42631456      0.39274917D-04
 1004  2.45558941      0.33532803D-04
 1005  2.48521748      0.28575655D-04
 1006  2.51520303      0.24304366D-04
 1007  2.54555037      0.20631178D-04
 1008  2.57626386      0.17478541D-04
 1009  2.60734794      0.14778059D-04
 1010  2.63880706      0.12469532D-04
 1011  2.67064575      0.10500087D-04
 1012  2.70286859      0.88233773D-05
 1013  2.73548022      0.73988658D-05
 1014  2.76848533      0.61911710D-05
 1015  2.80188867      0.51694777D-05
 1016  2.83569503      0.43070060D-05
 1017  2.86990929      0.35805344D-05
 1018  2.90453636      0.29699711D-05
 1019  2.93958122      0.24579720D-05
 1020  2.97504893      0.20295985D-05
 1021  3.01094457      0.16720139D-05
 1022  3.04727331      0.13742131D-05
 1023  3.08404037      0.11267835D-05
 1024  3.12125106      0.92169375D-06
 1025  3.15891071      0.75210771D-06
 1026  3.19702474      0.61222065D-06
 1027  3.23559865      0.49711582D-06
 1028  3.27463796      0.40263901D-06
 1029  3.31414831      0.32528918D-06
 1030  3.35413538      0.26212326D-06
