 ir        r            Re[f(r)]            Im[f(r)]
    1  0.00001379     -0.52039074D-19     -0.40007242D-19
    2  0.00001396     -0.54632985D-19     -0.42001421D-19
    3  0.00001413     -0.57356186D-19     -0.44094997D-19
    4  0.00001431     -0.60215121D-19     -0.46292924D-19
    5  0.00001448     -0.63216526D-19     -0.48600382D-19
    6  0.00001466     -0.66367541D-19     -0.51022857D-19
    7  0.00001484     -0.69675596D-19     -0.53566065D-19
    8  0.00001502     -0.73148539D-19     -0.56236037D-19
    9  0.00001520     -0.76794584D-19     -0.59039088D-19
   10  0.00001539     -0.80622356D-19     -0.61981851D-19
   11  0.00001558     -0.84640915D-19     -0.65071288D-19
   12  0.00001577     -0.88859767D-19     -0.68314709D-19
   13  0.00001596     -0.93288897D-19     -0.71719790D-19
   14  0.00001616     -0.97938784D-19     -0.75294588D-19
   15  0.00001636     -0.10282043D-18     -0.79047560D-19
   16  0.00001656     -0.10794539D-18     -0.82987588D-19
   17  0.00001676     -0.11332578D-18     -0.87123994D-19
   18  0.00001696     -0.11897434D-18     -0.91466564D-19
   19  0.00001717     -0.12490444D-18     -0.96025575D-19
   20  0.00001738     -0.13113009D-18     -0.10081181D-18
   21  0.00001759     -0.13766604D-18     -0.10583660D-18
   22  0.00001781     -0.14452775D-18     -0.11111183D-18
   23  0.00001803     -0.15173146D-18     -0.11664998D-18
   24  0.00001825     -0.15929420D-18     -0.12246416D-18
   25  0.00001847     -0.16723387D-18     -0.12856812D-18
   26  0.00001870     -0.17556926D-18     -0.13497631D-18
   27  0.00001893     -0.18432009D-18     -0.14170388D-18
   28  0.00001916     -0.19350706D-18     -0.14876675D-18
   29  0.00001939     -0.20315191D-18     -0.15618164D-18
   30  0.00001963     -0.21327746D-18     -0.16396608D-18
   31  0.00001987     -0.22390766D-18     -0.17213850D-18
   32  0.00002011     -0.23506767D-18     -0.18071823D-18
   33  0.00002036     -0.24678389D-18     -0.18972556D-18
   34  0.00002061     -0.25908403D-18     -0.19918182D-18
   35  0.00002086     -0.27199720D-18     -0.20910936D-18
   36  0.00002112     -0.28555394D-18     -0.21953169D-18
   37  0.00002137     -0.29978634D-18     -0.23047344D-18
   38  0.00002163     -0.31472806D-18     -0.24196052D-18
   39  0.00002190     -0.33041445D-18     -0.25402010D-18
   40  0.00002217     -0.34688262D-18     -0.26668070D-18
   41  0.00002244     -0.36417153D-18     -0.27997229D-18
   42  0.00002271     -0.38232208D-18     -0.29392629D-18
   43  0.00002299     -0.40137722D-18     -0.30857573D-18
   44  0.00002327     -0.42138201D-18     -0.32395527D-18
   45  0.00002356     -0.44238379D-18     -0.34010127D-18
   46  0.00002385     -0.46443223D-18     -0.35705195D-18
   47  0.00002414     -0.48757951D-18     -0.37484739D-18
   48  0.00002443     -0.51188036D-18     -0.39352970D-18
   49  0.00002473     -0.53739228D-18     -0.41314308D-18
   50  0.00002503     -0.56417563D-18     -0.43373391D-18
   51  0.00002534     -0.59229375D-18     -0.45535090D-18
   52  0.00002565     -0.62181316D-18     -0.47804520D-18
   53  0.00002596     -0.65280369D-18     -0.50187048D-18
   54  0.00002628     -0.68533865D-18     -0.52688311D-18
   55  0.00002660     -0.71949500D-18     -0.55314225D-18
   56  0.00002693     -0.75535353D-18     -0.58071002D-18
   57  0.00002726     -0.79299907D-18     -0.60965162D-18
   58  0.00002759     -0.83252066D-18     -0.64003551D-18
   59  0.00002793     -0.87401178D-18     -0.67193356D-18
   60  0.00002827     -0.91757057D-18     -0.70542123D-18
   61  0.00002862     -0.96330007D-18     -0.74057772D-18
   62  0.00002897     -0.10113084D-17     -0.77748619D-18
   63  0.00002932     -0.10617092D-17     -0.81623394D-18
   64  0.00002968     -0.11146217D-17     -0.85691261D-18
   65  0.00003005     -0.11701709D-17     -0.89961842D-18
   66  0.00003041     -0.12284883D-17     -0.94445237D-18
   67  0.00003078     -0.12897117D-17     -0.99152052D-18
   68  0.00003116     -0.13539861D-17     -0.10409342D-17
   69  0.00003154     -0.14214634D-17     -0.10928102D-17
   70  0.00003193     -0.14923033D-17     -0.11472713D-17
   71  0.00003232     -0.15666731D-17     -0.12044463D-17
   72  0.00003272     -0.16447489D-17     -0.12644704D-17
   73  0.00003312     -0.17267154D-17     -0.13274855D-17
   74  0.00003352     -0.18127662D-17     -0.13936408D-17
   75  0.00003393     -0.19031050D-17     -0.14630926D-17
   76  0.00003435     -0.19979454D-17     -0.15360051D-17
   77  0.00003477     -0.20975117D-17     -0.16125509D-17
   78  0.00003519     -0.22020393D-17     -0.16929110D-17
   79  0.00003562     -0.23117755D-17     -0.17772753D-17
   80  0.00003606     -0.24269797D-17     -0.18658434D-17
   81  0.00003650     -0.25479244D-17     -0.19588247D-17
   82  0.00003695     -0.26748955D-17     -0.20564392D-17
   83  0.00003740     -0.28081934D-17     -0.21589176D-17
   84  0.00003786     -0.29481333D-17     -0.22665023D-17
   85  0.00003832     -0.30950460D-17     -0.23794477D-17
   86  0.00003879     -0.32492789D-17     -0.24980208D-17
   87  0.00003926     -0.34111968D-17     -0.26225020D-17
   88  0.00003974     -0.35811825D-17     -0.27531857D-17
   89  0.00004023     -0.37596380D-17     -0.28903809D-17
   90  0.00004072     -0.39469852D-17     -0.30344120D-17
   91  0.00004122     -0.41436670D-17     -0.31856195D-17
   92  0.00004172     -0.43501486D-17     -0.33443609D-17
   93  0.00004223     -0.45669181D-17     -0.35110117D-17
   94  0.00004275     -0.47944880D-17     -0.36859657D-17
   95  0.00004327     -0.50333965D-17     -0.38696367D-17
   96  0.00004380     -0.52842083D-17     -0.40624589D-17
   97  0.00004434     -0.55475164D-17     -0.42648882D-17
   98  0.00004488     -0.58239434D-17     -0.44774031D-17
   99  0.00004543     -0.61141427D-17     -0.47005061D-17
  100  0.00004599     -0.64188005D-17     -0.49347247D-17
  101  0.00004655     -0.67386370D-17     -0.51806125D-17
  102  0.00004712     -0.70744082D-17     -0.54387509D-17
  103  0.00004770     -0.74269080D-17     -0.57097500D-17
  104  0.00004828     -0.77969697D-17     -0.59942506D-17
  105  0.00004887     -0.81854680D-17     -0.62929252D-17
  106  0.00004947     -0.85933214D-17     -0.66064797D-17
  107  0.00005008     -0.90214939D-17     -0.69356555D-17
  108  0.00005069     -0.94709977D-17     -0.72812305D-17
  109  0.00005131     -0.99428953D-17     -0.76440218D-17
  110  0.00005194     -0.10438302D-16     -0.80248867D-17
  111  0.00005257     -0.10958389D-16     -0.84247257D-17
  112  0.00005321     -0.11504386D-16     -0.88444836D-17
  113  0.00005387     -0.12077582D-16     -0.92851527D-17
  114  0.00005453     -0.12679334D-16     -0.97477746D-17
  115  0.00005519     -0.13311062D-16     -0.10233443D-16
  116  0.00005587     -0.13974260D-16     -0.10743304D-16
  117  0.00005655     -0.14670497D-16     -0.11278565D-16
  118  0.00005724     -0.15401416D-16     -0.11840490D-16
  119  0.00005794     -0.16168745D-16     -0.12430407D-16
  120  0.00005865     -0.16974298D-16     -0.13049711D-16
  121  0.00005937     -0.17819979D-16     -0.13699863D-16
  122  0.00006010     -0.18707785D-16     -0.14382402D-16
  123  0.00006083     -0.19639816D-16     -0.15098940D-16
  124  0.00006158     -0.20618273D-16     -0.15851171D-16
  125  0.00006233     -0.21645469D-16     -0.16640871D-16
  126  0.00006309     -0.22723830D-16     -0.17469907D-16
  127  0.00006387     -0.23855905D-16     -0.18340237D-16
  128  0.00006465     -0.25044369D-16     -0.19253919D-16
  129  0.00006544     -0.26292030D-16     -0.20213111D-16
  130  0.00006624     -0.27601835D-16     -0.21220080D-16
  131  0.00006705     -0.28976880D-16     -0.22277204D-16
  132  0.00006787     -0.30420413D-16     -0.23386981D-16
  133  0.00006870     -0.31935845D-16     -0.24552033D-16
  134  0.00006954     -0.33526755D-16     -0.25775113D-16
  135  0.00007039     -0.35196903D-16     -0.27059110D-16
  136  0.00007125     -0.36950234D-16     -0.28407057D-16
  137  0.00007212     -0.38790889D-16     -0.29822139D-16
  138  0.00007301     -0.40723218D-16     -0.31307698D-16
  139  0.00007390     -0.42751784D-16     -0.32867244D-16
  140  0.00007481     -0.44881380D-16     -0.34504461D-16
  141  0.00007572     -0.47117035D-16     -0.36223216D-16
  142  0.00007665     -0.49464030D-16     -0.38027568D-16
  143  0.00007758     -0.51927910D-16     -0.39921780D-16
  144  0.00007853     -0.54514493D-16     -0.41910325D-16
  145  0.00007950     -0.57229888D-16     -0.43997900D-16
  146  0.00008047     -0.60080509D-16     -0.46189436D-16
  147  0.00008145     -0.63073088D-16     -0.48490107D-16
  148  0.00008245     -0.66214692D-16     -0.50905349D-16
  149  0.00008346     -0.69512741D-16     -0.53440863D-16
  150  0.00008448     -0.72975022D-16     -0.56102638D-16
  151  0.00008551     -0.76609712D-16     -0.58896960D-16
  152  0.00008656     -0.80425393D-16     -0.61830427D-16
  153  0.00008762     -0.84431075D-16     -0.64909965D-16
  154  0.00008869     -0.88636218D-16     -0.68142846D-16
  155  0.00008978     -0.93050748D-16     -0.71536703D-16
  156  0.00009088     -0.97685090D-16     -0.75099550D-16
  157  0.00009199     -0.10255018D-15     -0.78839797D-16
  158  0.00009311     -0.10765752D-15     -0.82766277D-16
  159  0.00009425     -0.11301915D-15     -0.86888257D-16
  160  0.00009541     -0.11864773D-15     -0.91215470D-16
  161  0.00009657     -0.12455656D-15     -0.95758130D-16
  162  0.00009775     -0.13075957D-15     -0.10052696D-15
  163  0.00009895     -0.13727142D-15     -0.10553322D-15
  164  0.00010016     -0.14410747D-15     -0.11078872D-15
  165  0.00010139     -0.15128386D-15     -0.11630587D-15
  166  0.00010263     -0.15881752D-15     -0.12209769D-15
  167  0.00010388     -0.16672624D-15     -0.12817786D-15
  168  0.00010516     -0.17502868D-15     -0.13456071D-15
  169  0.00010644     -0.18374443D-15     -0.14126132D-15
  170  0.00010774     -0.19289407D-15     -0.14829549D-15
  171  0.00010906     -0.20249919D-15     -0.15567983D-15
  172  0.00011040     -0.21258244D-15     -0.16343176D-15
  173  0.00011175     -0.22316763D-15     -0.17156957D-15
  174  0.00011312     -0.23427973D-15     -0.18011246D-15
  175  0.00011450     -0.24594495D-15     -0.18908060D-15
  176  0.00011590     -0.25819083D-15     -0.19849513D-15
  177  0.00011732     -0.27104624D-15     -0.20837828D-15
  178  0.00011875     -0.28454152D-15     -0.21875335D-15
  179  0.00012021     -0.29870851D-15     -0.22964482D-15
  180  0.00012168     -0.31358062D-15     -0.24107838D-15
  181  0.00012317     -0.32919294D-15     -0.25308101D-15
  182  0.00012468     -0.34558228D-15     -0.26568101D-15
  183  0.00012620     -0.36278731D-15     -0.27890811D-15
  184  0.00012775     -0.38084860D-15     -0.29279349D-15
  185  0.00012931     -0.39980876D-15     -0.30736992D-15
  186  0.00013089     -0.41971249D-15     -0.32267175D-15
  187  0.00013249     -0.44060673D-15     -0.33873508D-15
  188  0.00013411     -0.46254076D-15     -0.35559779D-15
  189  0.00013575     -0.48556628D-15     -0.37329964D-15
  190  0.00013742     -0.50973760D-15     -0.39188237D-15
  191  0.00013910     -0.53511170D-15     -0.41138978D-15
  192  0.00014080     -0.56174841D-15     -0.43186788D-15
  193  0.00014252     -0.58971052D-15     -0.45336493D-15
  194  0.00014427     -0.61906394D-15     -0.47593162D-15
  195  0.00014603     -0.64987789D-15     -0.49962115D-15
  196  0.00014782     -0.68222498D-15     -0.52448934D-15
  197  0.00014963     -0.71618145D-15     -0.55059482D-15
  198  0.00015146     -0.75182735D-15     -0.57799911D-15
  199  0.00015331     -0.78924668D-15     -0.60676681D-15
  200  0.00015519     -0.82852763D-15     -0.63696570D-15
  201  0.00015709     -0.86976275D-15     -0.66866695D-15
  202  0.00015901     -0.91304922D-15     -0.70194526D-15
  203  0.00016095     -0.95848904D-15     -0.73687904D-15
  204  0.00016292     -0.10061892D-14     -0.77355059D-15
  205  0.00016492     -0.10562622D-14     -0.81204633D-15
  206  0.00016694     -0.11088260D-14     -0.85245693D-15
  207  0.00016898     -0.11640043D-14     -0.89487759D-15
  208  0.00017105     -0.12219271D-14     -0.93940824D-15
  209  0.00017314     -0.12827310D-14     -0.98615376D-15
  210  0.00017526     -0.13465590D-14     -0.10352243D-14
  211  0.00017740     -0.14135615D-14     -0.10867353D-14
  212  0.00017957     -0.14838964D-14     -0.11408082D-14
  213  0.00018177     -0.15577291D-14     -0.11975702D-14
  214  0.00018400     -0.16352336D-14     -0.12571551D-14
  215  0.00018625     -0.17165924D-14     -0.13197031D-14
  216  0.00018853     -0.18019970D-14     -0.13853615D-14
  217  0.00019083     -0.18916485D-14     -0.14542849D-14
  218  0.00019317     -0.19857578D-14     -0.15266354D-14
  219  0.00019553     -0.20845467D-14     -0.16025835D-14
  220  0.00019792     -0.21882474D-14     -0.16823079D-14
  221  0.00020035     -0.22971042D-14     -0.17659961D-14
  222  0.00020280     -0.24113732D-14     -0.18538452D-14
  223  0.00020528     -0.25313232D-14     -0.19460619D-14
  224  0.00020779     -0.26572366D-14     -0.20428632D-14
  225  0.00021033     -0.27894096D-14     -0.21444768D-14
  226  0.00021291     -0.29281532D-14     -0.22511418D-14
  227  0.00021551     -0.30737937D-14     -0.23631091D-14
  228  0.00021815     -0.32266738D-14     -0.24806421D-14
  229  0.00022082     -0.33871530D-14     -0.26040173D-14
  230  0.00022352     -0.35556088D-14     -0.27335249D-14
  231  0.00022626     -0.37324374D-14     -0.28694693D-14
  232  0.00022903     -0.39180545D-14     -0.30121703D-14
  233  0.00023183     -0.41128967D-14     -0.31619635D-14
  234  0.00023467     -0.43174220D-14     -0.33192010D-14
  235  0.00023754     -0.45321113D-14     -0.34842525D-14
  236  0.00024044     -0.47574693D-14     -0.36575060D-14
  237  0.00024339     -0.49940257D-14     -0.38393687D-14
  238  0.00024636     -0.52423365D-14     -0.40302682D-14
  239  0.00024938     -0.55029852D-14     -0.42306529D-14
  240  0.00025243     -0.57765845D-14     -0.44409939D-14
  241  0.00025552     -0.60637771D-14     -0.46617854D-14
  242  0.00025865     -0.63652379D-14     -0.48935462D-14
  243  0.00026181     -0.66816751D-14     -0.51368207D-14
  244  0.00026502     -0.70138320D-14     -0.53921804D-14
  245  0.00026826     -0.73624888D-14     -0.56602251D-14
  246  0.00027154     -0.77284645D-14     -0.59415844D-14
  247  0.00027486     -0.81126184D-14     -0.62369190D-14
  248  0.00027823     -0.85158527D-14     -0.65469224D-14
  249  0.00028163     -0.89391142D-14     -0.68723226D-14
  250  0.00028508     -0.93833964D-14     -0.72138834D-14
  251  0.00028857     -0.98497425D-14     -0.75724066D-14
  252  0.00029210     -0.10339247D-13     -0.79487339D-14
  253  0.00029567     -0.10853059D-13     -0.83437485D-14
  254  0.00029929     -0.11392384D-13     -0.87583773D-14
  255  0.00030295     -0.11958487D-13     -0.91935933D-14
  256  0.00030666     -0.12552697D-13     -0.96504176D-14
  257  0.00031041     -0.13176408D-13     -0.10129922D-13
  258  0.00031421     -0.13831084D-13     -0.10633231D-13
  259  0.00031806     -0.14518258D-13     -0.11161526D-13
  260  0.00032195     -0.15239544D-13     -0.11716044D-13
  261  0.00032589     -0.15996631D-13     -0.12298088D-13
  262  0.00032987     -0.16791297D-13     -0.12909020D-13
  263  0.00033391     -0.17625403D-13     -0.13550275D-13
  264  0.00033800     -0.18500904D-13     -0.14223354D-13
  265  0.00034213     -0.19419854D-13     -0.14929835D-13
  266  0.00034632     -0.20384404D-13     -0.15671374D-13
  267  0.00035056     -0.21396816D-13     -0.16449709D-13
  268  0.00035485     -0.22459462D-13     -0.17266663D-13
  269  0.00035919     -0.23574831D-13     -0.18124149D-13
  270  0.00036358     -0.24745535D-13     -0.19024178D-13
  271  0.00036803     -0.25974317D-13     -0.19968856D-13
  272  0.00037254     -0.27264053D-13     -0.20960395D-13
  273  0.00037710     -0.28617764D-13     -0.22001118D-13
  274  0.00038171     -0.30038619D-13     -0.23093460D-13
  275  0.00038638     -0.31529944D-13     -0.24239980D-13
  276  0.00039111     -0.33095229D-13     -0.25443359D-13
  277  0.00039590     -0.34738137D-13     -0.26706414D-13
  278  0.00040074     -0.36462513D-13     -0.28032101D-13
  279  0.00040564     -0.38272389D-13     -0.29423520D-13
  280  0.00041061     -0.40172001D-13     -0.30883927D-13
  281  0.00041563     -0.42165791D-13     -0.32416737D-13
  282  0.00042072     -0.44258420D-13     -0.34025535D-13
  283  0.00042587     -0.46454783D-13     -0.35714081D-13
  284  0.00043108     -0.48760012D-13     -0.37486324D-13
  285  0.00043635     -0.51179497D-13     -0.39346406D-13
  286  0.00044169     -0.53718892D-13     -0.41298673D-13
  287  0.00044710     -0.56384131D-13     -0.43347688D-13
  288  0.00045257     -0.59181439D-13     -0.45498237D-13
  289  0.00045811     -0.62117352D-13     -0.47755345D-13
  290  0.00046371     -0.65198726D-13     -0.50124281D-13
  291  0.00046939     -0.68432756D-13     -0.52610579D-13
  292  0.00047513     -0.71826993D-13     -0.55220042D-13
  293  0.00048094     -0.75389360D-13     -0.57958763D-13
  294  0.00048683     -0.79128172D-13     -0.60833133D-13
  295  0.00049279     -0.83052152D-13     -0.63849859D-13
  296  0.00049882     -0.87170456D-13     -0.67015980D-13
  297  0.00050492     -0.91492691D-13     -0.70338881D-13
  298  0.00051110     -0.96028937D-13     -0.73826312D-13
  299  0.00051735     -0.10078977D-12     -0.77486405D-13
  300  0.00052368     -0.10578629D-12     -0.81327694D-13
  301  0.00053009     -0.11103015D-12     -0.85359131D-13
  302  0.00053658     -0.11653356D-12     -0.89590113D-13
  303  0.00054314     -0.12230936D-12     -0.94030497D-13
  304  0.00054979     -0.12837098D-12     -0.98690628D-13
  305  0.00055652     -0.13473256D-12     -0.10358136D-12
  306  0.00056333     -0.14140890D-12     -0.10871408D-12
  307  0.00057022     -0.14841556D-12     -0.11410075D-12
  308  0.00057720     -0.15576883D-12     -0.11975389D-12
  309  0.00058426     -0.16348584D-12     -0.12568666D-12
  310  0.00059141     -0.17158453D-12     -0.13191288D-12
  311  0.00059865     -0.18008376D-12     -0.13844701D-12
  312  0.00060597     -0.18900327D-12     -0.14530427D-12
  313  0.00061339     -0.19836383D-12     -0.15250059D-12
  314  0.00062090     -0.20818717D-12     -0.16005271D-12
  315  0.00062849     -0.21849615D-12     -0.16797817D-12
  316  0.00063618     -0.22931471D-12     -0.17629539D-12
  317  0.00064397     -0.24066798D-12     -0.18502370D-12
  318  0.00065185     -0.25258233D-12     -0.19418336D-12
  319  0.00065983     -0.26508544D-12     -0.20379566D-12
  320  0.00066790     -0.27820632D-12     -0.21388289D-12
  321  0.00067607     -0.29197543D-12     -0.22446848D-12
  322  0.00068435     -0.30642472D-12     -0.23557698D-12
  323  0.00069272     -0.32158771D-12     -0.24723417D-12
  324  0.00070120     -0.33749957D-12     -0.25946708D-12
  325  0.00070978     -0.35419718D-12     -0.27230408D-12
  326  0.00071846     -0.37171926D-12     -0.28577492D-12
  327  0.00072725     -0.39010641D-12     -0.29991082D-12
  328  0.00073615     -0.40940123D-12     -0.31474453D-12
  329  0.00074516     -0.42964841D-12     -0.33031041D-12
  330  0.00075428     -0.45089485D-12     -0.34664451D-12
  331  0.00076351     -0.47318971D-12     -0.36378463D-12
  332  0.00077285     -0.49658461D-12     -0.38177044D-12
  333  0.00078231     -0.52113366D-12     -0.40064357D-12
  334  0.00079188     -0.54689365D-12     -0.42044766D-12
  335  0.00080157     -0.57392416D-12     -0.44122850D-12
  336  0.00081138     -0.60228765D-12     -0.46303414D-12
  337  0.00082131     -0.63204969D-12     -0.48591497D-12
  338  0.00083136     -0.66327904D-12     -0.50992385D-12
  339  0.00084153     -0.69604781D-12     -0.53511623D-12
  340  0.00085183     -0.73043168D-12     -0.56155028D-12
  341  0.00086226     -0.76651000D-12     -0.58928702D-12
  342  0.00087281     -0.80436604D-12     -0.61839045D-12
  343  0.00088349     -0.84408711D-12     -0.64892771D-12
  344  0.00089430     -0.88576481D-12     -0.68096921D-12
  345  0.00090524     -0.92949522D-12     -0.71458881D-12
  346  0.00091632     -0.97537912D-12     -0.74986400D-12
  347  0.00092753     -0.10235222D-11     -0.78687605D-12
  348  0.00093888     -0.10740354D-11     -0.82571018D-12
  349  0.00095037     -0.11270349D-11     -0.86645581D-12
  350  0.00096200     -0.11826428D-11     -0.90920670D-12
  351  0.00097377     -0.12409869D-11     -0.95406121D-12
  352  0.00098569     -0.13022014D-11     -0.10011225D-11
  353  0.00099775     -0.13664272D-11     -0.10504988D-11
  354  0.00100996     -0.14338117D-11     -0.11023034D-11
  355  0.00102232     -0.15045098D-11     -0.11566556D-11
  356  0.00103483     -0.15786838D-11     -0.12136800D-11
  357  0.00104749     -0.16565040D-11     -0.12735076D-11
  358  0.00106031     -0.17381489D-11     -0.13362756D-11
  359  0.00107328     -0.18238060D-11     -0.14021281D-11
  360  0.00108642     -0.19136714D-11     -0.14712160D-11
  361  0.00109971     -0.20079514D-11     -0.15436976D-11
  362  0.00111317     -0.21068617D-11     -0.16197391D-11
  363  0.00112679     -0.22106290D-11     -0.16995146D-11
  364  0.00114058     -0.23194907D-11     -0.17832067D-11
  365  0.00115453     -0.24336961D-11     -0.18710069D-11
  366  0.00116866     -0.25535063D-11     -0.19631161D-11
  367  0.00118296     -0.26791952D-11     -0.20597448D-11
  368  0.00119744     -0.28110502D-11     -0.21611138D-11
  369  0.00121209     -0.29493723D-11     -0.22674548D-11
  370  0.00122692     -0.30944774D-11     -0.23790105D-11
  371  0.00124194     -0.32466967D-11     -0.24960356D-11
  372  0.00125713     -0.34063775D-11     -0.26187969D-11
  373  0.00127252     -0.35738838D-11     -0.27475745D-11
  374  0.00128809     -0.37495974D-11     -0.28826618D-11
  375  0.00130385     -0.39339187D-11     -0.30243666D-11
  376  0.00131981     -0.41272672D-11     -0.31730114D-11
  377  0.00133596     -0.43300831D-11     -0.33289348D-11
  378  0.00135230     -0.45428277D-11     -0.34924912D-11
  379  0.00136885     -0.47659847D-11     -0.36640526D-11
  380  0.00138560     -0.50000613D-11     -0.38440089D-11
  381  0.00140256     -0.52455891D-11     -0.40327687D-11
  382  0.00141972     -0.55031254D-11     -0.42307607D-11
  383  0.00143709     -0.57732547D-11     -0.44384341D-11
  384  0.00145468     -0.60565896D-11     -0.46562597D-11
  385  0.00147248     -0.63537722D-11     -0.48847314D-11
  386  0.00149050     -0.66654758D-11     -0.51243668D-11
  387  0.00150874     -0.69924060D-11     -0.53757082D-11
  388  0.00152720     -0.73353028D-11     -0.56393247D-11
  389  0.00154589     -0.76949416D-11     -0.59158122D-11
  390  0.00156480     -0.80721352D-11     -0.62057958D-11
  391  0.00158395     -0.84677358D-11     -0.65099305D-11
  392  0.00160333     -0.88826365D-11     -0.68289030D-11
  393  0.00162295     -0.93177734D-11     -0.71634329D-11
  394  0.00164281     -0.97741278D-11     -0.75142747D-11
  395  0.00166291     -0.10252728D-10     -0.78822190D-11
  396  0.00168326     -0.10754652D-10     -0.82680944D-11
  397  0.00170386     -0.11281030D-10     -0.86727696D-11
  398  0.00172471     -0.11833045D-10     -0.90971548D-11
  399  0.00174582     -0.12411939D-10     -0.95422040D-11
  400  0.00176718     -0.13019012D-10     -0.10008917D-10
  401  0.00178880     -0.13655627D-10     -0.10498342D-10
  402  0.00181069     -0.14323213D-10     -0.11011576D-10
  403  0.00183285     -0.15023265D-10     -0.11549771D-10
  404  0.00185528     -0.15757352D-10     -0.12114132D-10
  405  0.00187798     -0.16527119D-10     -0.12705923D-10
  406  0.00190096     -0.17334287D-10     -0.13326468D-10
  407  0.00192422     -0.18180662D-10     -0.13977154D-10
  408  0.00194777     -0.19068133D-10     -0.14659435D-10
  409  0.00197160     -0.19998683D-10     -0.15374835D-10
  410  0.00199573     -0.20974388D-10     -0.16124949D-10
  411  0.00202015     -0.21997422D-10     -0.16911450D-10
  412  0.00204487     -0.23070065D-10     -0.17736089D-10
  413  0.00206989     -0.24194704D-10     -0.18600704D-10
  414  0.00209522     -0.25373842D-10     -0.19507215D-10
  415  0.00212086     -0.26610097D-10     -0.20457639D-10
  416  0.00214681     -0.27906217D-10     -0.21454086D-10
  417  0.00217308     -0.29265076D-10     -0.22498766D-10
  418  0.00219968     -0.30689688D-10     -0.23593997D-10
  419  0.00222659     -0.32183208D-10     -0.24742204D-10
  420  0.00225384     -0.33748943D-10     -0.25945929D-10
  421  0.00228142     -0.35390356D-10     -0.27207835D-10
  422  0.00230934     -0.37111072D-10     -0.28530708D-10
  423  0.00233759     -0.38914892D-10     -0.29917471D-10
  424  0.00236620     -0.40805794D-10     -0.31371182D-10
  425  0.00239515     -0.42787946D-10     -0.32895045D-10
  426  0.00242446     -0.44865712D-10     -0.34492416D-10
  427  0.00245413     -0.47043662D-10     -0.36166808D-10
  428  0.00248416     -0.49326585D-10     -0.37921901D-10
  429  0.00251456     -0.51719492D-10     -0.39761550D-10
  430  0.00254533     -0.54227633D-10     -0.41689789D-10
  431  0.00257648     -0.56856505D-10     -0.43710846D-10
  432  0.00260800     -0.59611864D-10     -0.45829144D-10
  433  0.00263992     -0.62499736D-10     -0.48049318D-10
  434  0.00267222     -0.65526432D-10     -0.50376219D-10
  435  0.00270492     -0.68698558D-10     -0.52814926D-10
  436  0.00273802     -0.72023033D-10     -0.55370757D-10
  437  0.00277152     -0.75507099D-10     -0.58049280D-10
  438  0.00280544     -0.79158336D-10     -0.60856323D-10
  439  0.00283977     -0.82984683D-10     -0.63797989D-10
  440  0.00287452     -0.86994447D-10     -0.66880665D-10
  441  0.00290969     -0.91196326D-10     -0.70111038D-10
  442  0.00294530     -0.95599425D-10     -0.73496107D-10
  443  0.00298134     -0.10021327D-09     -0.77043197D-10
  444  0.00301782     -0.10504784D-09     -0.80759977D-10
  445  0.00305475     -0.11011357D-09     -0.84654473D-10
  446  0.00309213     -0.11542139D-09     -0.88735084D-10
  447  0.00312997     -0.12098273D-09     -0.93010599D-10
  448  0.00316827     -0.12680956D-09     -0.97490220D-10
  449  0.00320704     -0.13291440D-09     -0.10218357D-09
  450  0.00324628     -0.13931034D-09     -0.10710073D-09
  451  0.00328601     -0.14601112D-09     -0.11225223D-09
  452  0.00332622     -0.15303105D-09     -0.11764910D-09
  453  0.00336692     -0.16038517D-09     -0.12330289D-09
  454  0.00340812     -0.16808917D-09     -0.12922567D-09
  455  0.00344982     -0.17615949D-09     -0.13543007D-09
  456  0.00349204     -0.18461330D-09     -0.14192929D-09
  457  0.00353477     -0.19346860D-09     -0.14873718D-09
  458  0.00357802     -0.20274418D-09     -0.15586818D-09
  459  0.00362181     -0.21245973D-09     -0.16333741D-09
  460  0.00366613     -0.22263582D-09     -0.17116071D-09
  461  0.00371099     -0.23329397D-09     -0.17935462D-09
  462  0.00375640     -0.24445670D-09     -0.18793644D-09
  463  0.00380236     -0.25614754D-09     -0.19692427D-09
  464  0.00384889     -0.26839112D-09     -0.20633704D-09
  465  0.00389599     -0.28121317D-09     -0.21619453D-09
  466  0.00394366     -0.29464062D-09     -0.22651745D-09
  467  0.00399192     -0.30870160D-09     -0.23732743D-09
  468  0.00404077     -0.32342556D-09     -0.24864710D-09
  469  0.00409022     -0.33884325D-09     -0.26050010D-09
  470  0.00414027     -0.35498684D-09     -0.27291117D-09
  471  0.00419093     -0.37188995D-09     -0.28590615D-09
  472  0.00424221     -0.38958773D-09     -0.29951207D-09
  473  0.00429413     -0.40811693D-09     -0.31375717D-09
  474  0.00434667     -0.42751592D-09     -0.32867097D-09
  475  0.00439986     -0.44782486D-09     -0.34428432D-09
  476  0.00445370     -0.46908568D-09     -0.36062948D-09
  477  0.00450820     -0.49134220D-09     -0.37774012D-09
  478  0.00456337     -0.51464024D-09     -0.39565148D-09
  479  0.00461921     -0.53902764D-09     -0.41440032D-09
  480  0.00467573     -0.56455441D-09     -0.43402511D-09
  481  0.00473295     -0.59127279D-09     -0.45456599D-09
  482  0.00479086     -0.61923734D-09     -0.47606493D-09
  483  0.00484949     -0.64850509D-09     -0.49856575D-09
  484  0.00490883     -0.67913559D-09     -0.52211424D-09
  485  0.00496890     -0.71119102D-09     -0.54675822D-09
  486  0.00502970     -0.74473637D-09     -0.57254762D-09
  487  0.00509125     -0.77983947D-09     -0.59953462D-09
  488  0.00515355     -0.81657118D-09     -0.62777367D-09
  489  0.00521661     -0.85500548D-09     -0.65732167D-09
  490  0.00528045     -0.89521961D-09     -0.68823798D-09
  491  0.00534506     -0.93729423D-09     -0.72058463D-09
  492  0.00541047     -0.98131355D-09     -0.75442635D-09
  493  0.00547668     -0.10273655D-08     -0.78983070D-09
  494  0.00554369     -0.10755417D-08     -0.82686822D-09
  495  0.00561153     -0.11259380D-08     -0.86561255D-09
  496  0.00568020     -0.11786544D-08     -0.90614052D-09
  497  0.00574970     -0.12337952D-08     -0.94853232D-09
  498  0.00582006     -0.12914692D-08     -0.99287162D-09
  499  0.00589128     -0.13517899D-08     -0.10392458D-08
  500  0.00596337     -0.14148759D-08     -0.10877458D-08
  501  0.00603634     -0.14808509D-08     -0.11384668D-08
  502  0.00611021     -0.15498436D-08     -0.11915079D-08
  503  0.00618498     -0.16219888D-08     -0.12469725D-08
  504  0.00626066     -0.16974266D-08     -0.13049685D-08
  505  0.00633727     -0.17763033D-08     -0.13656084D-08
  506  0.00641482     -0.18587717D-08     -0.14290094D-08
  507  0.00649332     -0.19449907D-08     -0.14952940D-08
  508  0.00657277     -0.20351263D-08     -0.15645895D-08
  509  0.00665320     -0.21293513D-08     -0.16370290D-08
  510  0.00673462     -0.22278462D-08     -0.17127511D-08
  511  0.00681703     -0.23307987D-08     -0.17919002D-08
  512  0.00690045     -0.24384047D-08     -0.18746269D-08
  513  0.00698489     -0.25508683D-08     -0.19610880D-08
  514  0.00707036     -0.26684023D-08     -0.20514472D-08
  515  0.00715688     -0.27912281D-08     -0.21458748D-08
  516  0.00724445     -0.29195766D-08     -0.22445482D-08
  517  0.00733310     -0.30536884D-08     -0.23476523D-08
  518  0.00742284     -0.31938139D-08     -0.24553797D-08
  519  0.00751367     -0.33402140D-08     -0.25679310D-08
  520  0.00760561     -0.34931604D-08     -0.26855150D-08
  521  0.00769868     -0.36529359D-08     -0.28083492D-08
  522  0.00779289     -0.38198352D-08     -0.29366601D-08
  523  0.00788825     -0.39941648D-08     -0.30706833D-08
  524  0.00798477     -0.41762438D-08     -0.32106643D-08
  525  0.00808248     -0.43664045D-08     -0.33568583D-08
  526  0.00818138     -0.45649925D-08     -0.35095313D-08
  527  0.00828150     -0.47723675D-08     -0.36689596D-08
  528  0.00838284     -0.49889038D-08     -0.38354310D-08
  529  0.00848542     -0.52149906D-08     -0.40092448D-08
  530  0.00858925     -0.54510329D-08     -0.41907124D-08
  531  0.00869435     -0.56974518D-08     -0.43801574D-08
  532  0.00880074     -0.59546853D-08     -0.45779165D-08
  533  0.00890844     -0.62231887D-08     -0.47843399D-08
  534  0.00901745     -0.65034354D-08     -0.49997914D-08
  535  0.00912779     -0.67959174D-08     -0.52246493D-08
  536  0.00923949     -0.71011461D-08     -0.54593068D-08
  537  0.00935255     -0.74196530D-08     -0.57041725D-08
  538  0.00946699     -0.77519902D-08     -0.59596708D-08
  539  0.00958284     -0.80987314D-08     -0.62262427D-08
  540  0.00970010     -0.84604724D-08     -0.65043464D-08
  541  0.00981880     -0.88378320D-08     -0.67944576D-08
  542  0.00993895     -0.92314528D-08     -0.70970703D-08
  543  0.01006057     -0.96420020D-08     -0.74126973D-08
  544  0.01018368     -0.10070172D-07     -0.77418712D-08
  545  0.01030830     -0.10516682D-07     -0.80851444D-08
  546  0.01043444     -0.10982277D-07     -0.84430906D-08
  547  0.01056212     -0.11467732D-07     -0.88163046D-08
  548  0.01069137     -0.11973849D-07     -0.92054038D-08
  549  0.01082220     -0.12501462D-07     -0.96110283D-08
  550  0.01095462     -0.13051433D-07     -0.10033842D-07
  551  0.01108867     -0.13624659D-07     -0.10474534D-07
  552  0.01122436     -0.14222067D-07     -0.10933816D-07
  553  0.01136171     -0.14844620D-07     -0.11412430D-07
  554  0.01150074     -0.15493314D-07     -0.11911141D-07
  555  0.01164148     -0.16169182D-07     -0.12430743D-07
  556  0.01178393     -0.16873295D-07     -0.12972060D-07
  557  0.01192813     -0.17606760D-07     -0.13535942D-07
  558  0.01207409     -0.18370725D-07     -0.14123273D-07
  559  0.01222184     -0.19166378D-07     -0.14734964D-07
  560  0.01237139     -0.19994947D-07     -0.15371963D-07
  561  0.01252278     -0.20857707D-07     -0.16035245D-07
  562  0.01267602     -0.21755971D-07     -0.16725824D-07
  563  0.01283113     -0.22691102D-07     -0.17444746D-07
  564  0.01298814     -0.23664508D-07     -0.18193093D-07
  565  0.01314708     -0.24677644D-07     -0.18971984D-07
  566  0.01330795     -0.25732014D-07     -0.19782576D-07
  567  0.01347080     -0.26829173D-07     -0.20626063D-07
  568  0.01363564     -0.27970728D-07     -0.21503681D-07
  569  0.01380250     -0.29158336D-07     -0.22416706D-07
  570  0.01397139     -0.30393711D-07     -0.23366452D-07
  571  0.01414236     -0.31678621D-07     -0.24354281D-07
  572  0.01431542     -0.33014891D-07     -0.25381596D-07
  573  0.01449059     -0.34404404D-07     -0.26449842D-07
  574  0.01466791     -0.35849102D-07     -0.27560515D-07
  575  0.01484740     -0.37350988D-07     -0.28715153D-07
  576  0.01502908     -0.38912126D-07     -0.29915344D-07
  577  0.01521299     -0.40534644D-07     -0.31162724D-07
  578  0.01539915     -0.42220734D-07     -0.32458977D-07
  579  0.01558758     -0.43972654D-07     -0.33805840D-07
  580  0.01577832     -0.45792728D-07     -0.35205099D-07
  581  0.01597140     -0.47683349D-07     -0.36658594D-07
  582  0.01616684     -0.49646980D-07     -0.38168218D-07
  583  0.01636467     -0.51686151D-07     -0.39735917D-07
  584  0.01656492     -0.53803467D-07     -0.41363694D-07
  585  0.01676762     -0.56001604D-07     -0.43053605D-07
  586  0.01697280     -0.58283312D-07     -0.44807764D-07
  587  0.01718049     -0.60651414D-07     -0.46628343D-07
  588  0.01739073     -0.63108811D-07     -0.48517571D-07
  589  0.01760353     -0.65658479D-07     -0.50477736D-07
  590  0.01781895     -0.68303469D-07     -0.52511184D-07
  591  0.01803699     -0.71046913D-07     -0.54620323D-07
  592  0.01825771     -0.73892018D-07     -0.56807618D-07
  593  0.01848112     -0.76842072D-07     -0.59075597D-07
  594  0.01870727     -0.79900442D-07     -0.61426849D-07
  595  0.01893619     -0.83070573D-07     -0.63864021D-07
  596  0.01916791     -0.86355991D-07     -0.66389825D-07
  597  0.01940246     -0.89760300D-07     -0.69007032D-07
  598  0.01963988     -0.93287184D-07     -0.71718474D-07
  599  0.01988021     -0.96940409D-07     -0.74527044D-07
  600  0.02012348     -0.10072381D-06     -0.77435698D-07
  601  0.02036973     -0.10464132D-06     -0.80447448D-07
  602  0.02061899     -0.10869693D-06     -0.83565369D-07
  603  0.02087130     -0.11289472D-06     -0.86792594D-07
  604  0.02112670     -0.11723883D-06     -0.90132313D-07
  605  0.02138522     -0.12173349D-06     -0.93587773D-07
  606  0.02164690     -0.12638299D-06     -0.97162279D-07
  607  0.02191179     -0.13119172D-06     -0.10085919D-06
  608  0.02217992     -0.13616409D-06     -0.10468191D-06
  609  0.02245133     -0.14130462D-06     -0.10863391D-06
  610  0.02272607     -0.14661786D-06     -0.11271869D-06
  611  0.02300416     -0.15210845D-06     -0.11693981D-06
  612  0.02328566     -0.15778107D-06     -0.12130088D-06
  613  0.02357060     -0.16364046D-06     -0.12580554D-06
  614  0.02385903     -0.16969141D-06     -0.13045746D-06
  615  0.02415098     -0.17593875D-06     -0.13526036D-06
  616  0.02444651     -0.18238736D-06     -0.14021800D-06
  617  0.02474566     -0.18904214D-06     -0.14533415D-06
  618  0.02504847     -0.19590805D-06     -0.15061261D-06
  619  0.02535498     -0.20299005D-06     -0.15605720D-06
  620  0.02566524     -0.21029313D-06     -0.16167175D-06
  621  0.02597930     -0.21782228D-06     -0.16746010D-06
  622  0.02629721     -0.22558251D-06     -0.17342611D-06
  623  0.02661900     -0.23357882D-06     -0.17957361D-06
  624  0.02694473     -0.24181620D-06     -0.18590645D-06
  625  0.02727445     -0.25029963D-06     -0.19242844D-06
  626  0.02760820     -0.25903403D-06     -0.19914338D-06
  627  0.02794603     -0.26802432D-06     -0.20605505D-06
  628  0.02828800     -0.27727536D-06     -0.21316717D-06
  629  0.02863416     -0.28679192D-06     -0.22048344D-06
  630  0.02898455     -0.29657875D-06     -0.22800747D-06
  631  0.02933922     -0.30664046D-06     -0.23574284D-06
  632  0.02969824     -0.31698162D-06     -0.24369305D-06
  633  0.03006165     -0.32760665D-06     -0.25186149D-06
  634  0.03042951     -0.33851986D-06     -0.26025148D-06
  635  0.03080187     -0.34972543D-06     -0.26886623D-06
  636  0.03117879     -0.36122736D-06     -0.27770883D-06
  637  0.03156031     -0.37302951D-06     -0.28678223D-06
  638  0.03194651     -0.38513553D-06     -0.29608925D-06
  639  0.03233743     -0.39754888D-06     -0.30563254D-06
  640  0.03273314     -0.41027280D-06     -0.31541459D-06
  641  0.03313369     -0.42331027D-06     -0.32543770D-06
  642  0.03353914     -0.43666403D-06     -0.33570397D-06
  643  0.03394955     -0.45033653D-06     -0.34621528D-06
  644  0.03436498     -0.46432991D-06     -0.35697328D-06
  645  0.03478550     -0.47864599D-06     -0.36797938D-06
  646  0.03521116     -0.49328626D-06     -0.37923470D-06
  647  0.03564203     -0.50825183D-06     -0.39074011D-06
  648  0.03607817     -0.52354340D-06     -0.40249616D-06
  649  0.03651965     -0.53916127D-06     -0.41450306D-06
  650  0.03696654     -0.55510531D-06     -0.42676071D-06
  651  0.03741889     -0.57137489D-06     -0.43926864D-06
  652  0.03787678     -0.58796892D-06     -0.45202601D-06
  653  0.03834027     -0.60488577D-06     -0.46503155D-06
  654  0.03880943     -0.62212325D-06     -0.47828360D-06
  655  0.03928433     -0.63967864D-06     -0.49178004D-06
  656  0.03976504     -0.65754856D-06     -0.50551830D-06
  657  0.04025164     -0.67572905D-06     -0.51949532D-06
  658  0.04074419     -0.69421545D-06     -0.53370753D-06
  659  0.04124277     -0.71300244D-06     -0.54815082D-06
  660  0.04174745     -0.73208396D-06     -0.56282055D-06
  661  0.04225830     -0.75145322D-06     -0.57771149D-06
  662  0.04277541     -0.77110265D-06     -0.59281782D-06
  663  0.04329884     -0.79102387D-06     -0.60813310D-06
  664  0.04382868     -0.81120766D-06     -0.62365024D-06
  665  0.04436500     -0.83164396D-06     -0.63936151D-06
  666  0.04490788     -0.85232179D-06     -0.65525847D-06
  667  0.04545741     -0.87322928D-06     -0.67133199D-06
  668  0.04601366     -0.89435360D-06     -0.68757220D-06
  669  0.04657672     -0.91568094D-06     -0.70396850D-06
  670  0.04714667     -0.93719650D-06     -0.72050950D-06
  671  0.04772360     -0.95888446D-06     -0.73718304D-06
  672  0.04830758     -0.98072796D-06     -0.75397615D-06
  673  0.04889871     -0.10027091D-05     -0.77087505D-06
  674  0.04949707     -0.10248087D-05     -0.78786511D-06
  675  0.05010275     -0.10470068D-05     -0.80493084D-06
  676  0.05071585     -0.10692821D-05     -0.82205591D-06
  677  0.05133645     -0.10916122D-05     -0.83922310D-06
  678  0.05196464     -0.11139735D-05     -0.85641429D-06
  679  0.05260052     -0.11363413D-05     -0.87361049D-06
  680  0.05324418     -0.11586897D-05     -0.89079178D-06
  681  0.05389572     -0.11809917D-05     -0.90793736D-06
  682  0.05455523     -0.12032189D-05     -0.92502550D-06
  683  0.05522281     -0.12253420D-05     -0.94203359D-06
  684  0.05589856     -0.12473304D-05     -0.95893808D-06
  685  0.05658258     -0.12691523D-05     -0.97571454D-06
  686  0.05727497     -0.12907746D-05     -0.99233767D-06
  687  0.05797583     -0.13121635D-05     -0.10087812D-05
  688  0.05868527     -0.13332836D-05     -0.10250182D-05
  689  0.05940338     -0.13540987D-05     -0.10410207D-05
  690  0.06013029     -0.13745714D-05     -0.10567600D-05
  691  0.06086609     -0.13946633D-05     -0.10722065D-05
  692  0.06161090     -0.14143350D-05     -0.10873299D-05
  693  0.06236482     -0.14335462D-05     -0.11020994D-05
  694  0.06312796     -0.14522557D-05     -0.11164831D-05
  695  0.06390044     -0.14704214D-05     -0.11304487D-05
  696  0.06468238     -0.14880004D-05     -0.11439633D-05
  697  0.06547388     -0.15049491D-05     -0.11569934D-05
  698  0.06627507     -0.15212235D-05     -0.11695050D-05
  699  0.06708607     -0.15367786D-05     -0.11814637D-05
  700  0.06790698     -0.15515694D-05     -0.11928347D-05
  701  0.06873795     -0.15655503D-05     -0.12035831D-05
  702  0.06957908     -0.15786754D-05     -0.12136736D-05
  703  0.07043050     -0.15908987D-05     -0.12230708D-05
  704  0.07129234     -0.16021743D-05     -0.12317394D-05
  705  0.07216473     -0.16124562D-05     -0.12396440D-05
  706  0.07304779     -0.16216988D-05     -0.12467496D-05
  707  0.07394166     -0.16298566D-05     -0.12530213D-05
  708  0.07484647     -0.16368850D-05     -0.12584246D-05
  709  0.07576235     -0.16427396D-05     -0.12629257D-05
  710  0.07668944     -0.16473773D-05     -0.12664911D-05
  711  0.07762787     -0.16507557D-05     -0.12690884D-05
  712  0.07857779     -0.16528337D-05     -0.12706859D-05
  713  0.07953933     -0.16535715D-05     -0.12712531D-05
  714  0.08051263     -0.16529308D-05     -0.12707605D-05
  715  0.08149785     -0.16508752D-05     -0.12691802D-05
  716  0.08249512     -0.16473700D-05     -0.12664855D-05
  717  0.08350459     -0.16423830D-05     -0.12626515D-05
  718  0.08452642     -0.16358841D-05     -0.12576551D-05
  719  0.08556075     -0.16278457D-05     -0.12514753D-05
  720  0.08660774     -0.16182433D-05     -0.12440931D-05
  721  0.08766754     -0.16070552D-05     -0.12354918D-05
  722  0.08874031     -0.15942631D-05     -0.12256572D-05
  723  0.08982620     -0.15798519D-05     -0.12145780D-05
  724  0.09092538     -0.15638105D-05     -0.12022455D-05
  725  0.09203802     -0.15461316D-05     -0.11886542D-05
  726  0.09316427     -0.15268121D-05     -0.11738015D-05
  727  0.09430430     -0.15058532D-05     -0.11576884D-05
  728  0.09545828     -0.14832609D-05     -0.11403196D-05
  729  0.09662638     -0.14590458D-05     -0.11217032D-05
  730  0.09780878     -0.14332236D-05     -0.11018514D-05
  731  0.09900564     -0.14058155D-05     -0.10807802D-05
  732  0.10021715     -0.13768478D-05     -0.10585101D-05
  733  0.10144349     -0.13463527D-05     -0.10350657D-05
  734  0.10268483     -0.13143682D-05     -0.10104762D-05
  735  0.10394136     -0.12809381D-05     -0.98477544D-06
  736  0.10521327     -0.12461127D-05     -0.95800193D-06
  737  0.10650074     -0.12099484D-05     -0.93019907D-06
  738  0.10780396     -0.11725080D-05     -0.90141518D-06
  739  0.10912314     -0.11338610D-05     -0.87170366D-06
  740  0.11045845     -0.10940834D-05     -0.84112298D-06
  741  0.11181011     -0.10532581D-05     -0.80973680D-06
  742  0.11317830     -0.10114746D-05     -0.77761396D-06
  743  0.11456324     -0.96882929D-06     -0.74482854D-06
  744  0.11596513     -0.92542524D-06     -0.71145984D-06
  745  0.11738417     -0.88137240D-06     -0.67759236D-06
  746  0.11882057     -0.83678741D-06     -0.64331576D-06
  747  0.12027455     -0.79179354D-06     -0.60872481D-06
  748  0.12174632     -0.74652056D-06     -0.57391930D-06
  749  0.12323611     -0.70110465D-06     -0.53900389D-06
  750  0.12474412     -0.65568815D-06     -0.50408803D-06
  751  0.12627059     -0.61041939D-06     -0.46928576D-06
  752  0.12781573     -0.56545245D-06     -0.43471551D-06
  753  0.12937979     -0.52094680D-06     -0.40049992D-06
  754  0.13096298     -0.47706708D-06     -0.36676552D-06
  755  0.13256554     -0.43398265D-06     -0.33364254D-06
  756  0.13418772     -0.39186721D-06     -0.30126451D-06
  757  0.13582974     -0.35089838D-06     -0.26976799D-06
  758  0.13749186     -0.31125720D-06     -0.23929216D-06
  759  0.13917432     -0.27312761D-06     -0.20997841D-06
  760  0.14087736     -0.23669586D-06     -0.18196997D-06
  761  0.14260125     -0.20214998D-06     -0.15541136D-06
  762  0.14434623     -0.16967905D-06     -0.13044796D-06
  763  0.14611256     -0.13947261D-06     -0.10722548D-06
  764  0.14790051     -0.11171988D-06     -0.85889388D-07
  765  0.14971034     -0.86609025D-07     -0.66584356D-07
  766  0.15154231     -0.64326402D-07     -0.49453645D-07
  767  0.15339670     -0.45055713D-07     -0.34638487D-07
  768  0.15527378     -0.28977173D-07     -0.22277429D-07
  769  0.15717383     -0.16266638D-07     -0.12505667D-07
  770  0.15909713     -0.70947101D-08     -0.54543588D-08
  771  0.16104397     -0.16258173D-08     -0.12499159D-08
  772  0.16301463     -0.17283862D-10     -0.13287701D-10
  773  0.16500940     -0.24183799D-08     -0.18592320D-08
  774  0.16702858     -0.89693640D-08     -0.68955784D-08
  775  0.16907248     -0.19800519D-07     -0.15222488D-07
  776  0.17114138     -0.35031189D-07     -0.26931710D-07
  777  0.17323560     -0.54768813D-07     -0.42105844D-07
  778  0.17535544     -0.79107980D-07     -0.60817609D-07
  779  0.17750123     -0.10812948D-06     -0.83129119D-07
  780  0.17967327     -0.14189940D-06     -0.10909118D-06
  781  0.18187190     -0.18046822D-06     -0.13874259D-06
  782  0.18409742     -0.22386994D-06     -0.17210950D-06
  783  0.18635018     -0.27212127D-06     -0.20920475D-06
  784  0.18863051     -0.32522085D-06     -0.25002730D-06
  785  0.19093874     -0.38314850D-06     -0.29456164D-06
  786  0.19327521     -0.44586456D-06     -0.34277726D-06
  787  0.19564028     -0.51330926D-06     -0.39462823D-06
  788  0.19803428     -0.58540217D-06     -0.45005271D-06
  789  0.20045759     -0.66204174D-06     -0.50897263D-06
  790  0.20291054     -0.74310492D-06     -0.57129337D-06
  791  0.20539351     -0.82844680D-06     -0.63690356D-06
  792  0.20790687     -0.91790047D-06     -0.70567486D-06
  793  0.21045098     -0.10112768D-05     -0.77746190D-06
  794  0.21302622     -0.11083647D-05     -0.85210228D-06
  795  0.21563298     -0.12089306D-05     -0.92941662D-06
  796  0.21827163     -0.13127196D-05     -0.10092088D-05
  797  0.22094257     -0.14194547D-05     -0.10912659D-05
  798  0.22364620     -0.15288383D-05     -0.11753592D-05
  799  0.22638290     -0.16405521D-05     -0.12612439D-05
  800  0.22915310     -0.17542577D-05     -0.13486599D-05
  801  0.23195720     -0.18695982D-05     -0.14373328D-05
  802  0.23479561     -0.19861983D-05     -0.15269741D-05
  803  0.23766875     -0.21036659D-05     -0.16172823D-05
  804  0.24057705     -0.22215931D-05     -0.17079438D-05
  805  0.24352094     -0.23395576D-05     -0.17986340D-05
  806  0.24650085     -0.24571242D-05     -0.18890183D-05
  807  0.24951723     -0.25738464D-05     -0.19787534D-05
  808  0.25257051     -0.26892680D-05     -0.20674886D-05
  809  0.25566116     -0.28029251D-05     -0.21548674D-05
  810  0.25878963     -0.29143481D-05     -0.22405285D-05
  811  0.26195638     -0.30230635D-05     -0.23241081D-05
  812  0.26516189     -0.31285961D-05     -0.24052408D-05
  813  0.26840661     -0.32304717D-05     -0.24835619D-05
  814  0.27169104     -0.33282186D-05     -0.25587090D-05
  815  0.27501567     -0.34213709D-05     -0.26303238D-05
  816  0.27838097     -0.35094702D-05     -0.26980538D-05
  817  0.28178746     -0.35920686D-05     -0.27615549D-05
  818  0.28523563     -0.36687311D-05     -0.28204924D-05
  819  0.28872600     -0.37390381D-05     -0.28745439D-05
  820  0.29225907     -0.38025880D-05     -0.29234005D-05
  821  0.29583538     -0.38589998D-05     -0.29667695D-05
  822  0.29945545     -0.39079159D-05     -0.30043758D-05
  823  0.30311983     -0.39490041D-05     -0.30359642D-05
  824  0.30682904     -0.39819607D-05     -0.30613009D-05
  825  0.31058363     -0.40065123D-05     -0.30801760D-05
  826  0.31438418     -0.40224188D-05     -0.30924048D-05
  827  0.31823123     -0.40294749D-05     -0.30978295D-05
  828  0.32212535     -0.40275130D-05     -0.30963211D-05
  829  0.32606713     -0.40164045D-05     -0.30877811D-05
  830  0.33005714     -0.39960624D-05     -0.30721422D-05
  831  0.33409598     -0.39664423D-05     -0.30493705D-05
  832  0.33818424     -0.39275444D-05     -0.30194661D-05
  833  0.34232252     -0.38794147D-05     -0.29824644D-05
  834  0.34651145     -0.38221463D-05     -0.29384368D-05
  835  0.35075163     -0.37558801D-05     -0.28874919D-05
  836  0.35504370     -0.36808057D-05     -0.28297753D-05
  837  0.35938829     -0.35971620D-05     -0.27654706D-05
  838  0.36378605     -0.35052373D-05     -0.26947996D-05
  839  0.36823762     -0.34053694D-05     -0.26180219D-05
  840  0.37274366     -0.32979452D-05     -0.25354350D-05
  841  0.37730484     -0.31834005D-05     -0.24473739D-05
  842  0.38192184     -0.30622190D-05     -0.23542105D-05
  843  0.38659533     -0.29349314D-05     -0.22563528D-05
  844  0.39132601     -0.28021140D-05     -0.21542438D-05
  845  0.39611458     -0.26643871D-05     -0.20483604D-05
  846  0.40096175     -0.25224133D-05     -0.19392120D-05
  847  0.40586823     -0.23768952D-05     -0.18273389D-05
  848  0.41083475     -0.22285733D-05     -0.17133101D-05
  849  0.41586204     -0.20782231D-05     -0.15977220D-05
  850  0.42095085     -0.19266522D-05     -0.14811955D-05
  851  0.42610194     -0.17746975D-05     -0.13643739D-05
  852  0.43131605     -0.16232215D-05     -0.12479203D-05
  853  0.43659397     -0.14731089D-05     -0.11325148D-05
  854  0.44193648     -0.13252627D-05     -0.10188518D-05
  855  0.44734435     -0.11806004D-05     -0.90763656D-06
  856  0.45281841     -0.10400499D-05     -0.79958239D-06
  857  0.45835945     -0.90454483D-06     -0.69540714D-06
  858  0.46396829     -0.77502055D-06     -0.59582987D-06
  859  0.46964577     -0.65240934D-06     -0.50156731D-06
  860  0.47539272     -0.53763588D-06     -0.41333035D-06
  861  0.48120999     -0.43161249D-06     -0.33182038D-06
  862  0.48709846     -0.33523441D-06     -0.25772565D-06
  863  0.49305897     -0.24937498D-06     -0.19171758D-06
  864  0.49909242     -0.17488094D-06     -0.13444713D-06
  865  0.50519971     -0.11256761D-06     -0.86541119D-07
  866  0.51138173     -0.63214314D-07     -0.48598681D-07
  867  0.51763939     -0.27559707D-07     -0.21187692D-07
  868  0.52397363     -0.62973604D-08     -0.48413625D-08
  869  0.53038538     -0.71417669D-10     -0.54905358D-10
  870  0.53687559     -0.94724482D-08     -0.72823457D-08
  871  0.54344522     -0.35033497D-07     -0.26933484D-07
  872  0.55009523     -0.77226360D-07     -0.59371034D-07
  873  0.55682663     -0.13645812D-06     -0.10490796D-06
  874  0.56364039     -0.21306795D-06     -0.16380501D-06
  875  0.57053754     -0.30732425D-06     -0.23626853D-06
  876  0.57751908     -0.41942205D-06     -0.32244846D-06
  877  0.58458605     -0.54948082D-06     -0.42243665D-06
  878  0.59173950     -0.69754263D-06     -0.53626544D-06
  879  0.59898049     -0.86357069D-06     -0.66390654D-06
  880  0.60631008     -0.10474482D-05     -0.80527019D-06
  881  0.61372936     -0.12489779D-05     -0.96020468D-06
  882  0.62123943     -0.14678816D-05     -0.11284961D-05
  883  0.62884140     -0.17038004D-05     -0.13098687D-05
  884  0.63653639     -0.19562954D-05     -0.15039850D-05
  885  0.64432555     -0.22248489D-05     -0.17104468D-05
  886  0.65221002     -0.25088652D-05     -0.19287964D-05
  887  0.66019097     -0.28076736D-05     -0.21585180D-05
  888  0.66826958     -0.31205295D-05     -0.23990392D-05
  889  0.67644705     -0.34466180D-05     -0.26497335D-05
  890  0.68472458     -0.37850566D-05     -0.29099225D-05
  891  0.69310340     -0.41348989D-05     -0.31788786D-05
  892  0.70158476     -0.44951382D-05     -0.34558278D-05
  893  0.71016989     -0.48647119D-05     -0.37399533D-05
  894  0.71886009     -0.52425060D-05     -0.40303985D-05
  895  0.72765662     -0.56273599D-05     -0.43262712D-05
  896  0.73656079     -0.60180713D-05     -0.46266472D-05
  897  0.74557392     -0.64134019D-05     -0.49305743D-05
  898  0.75469735     -0.68120828D-05     -0.52370772D-05
  899  0.76393241     -0.72128203D-05     -0.55451610D-05
  900  0.77328048     -0.76143017D-05     -0.58538168D-05
  901  0.78274295     -0.80152015D-05     -0.61620256D-05
  902  0.79232120     -0.84141879D-05     -0.64687633D-05
  903  0.80201666     -0.88099284D-05     -0.67730056D-05
  904  0.81183076     -0.92010967D-05     -0.70737327D-05
  905  0.82176495     -0.95863786D-05     -0.73699345D-05
  906  0.83182071     -0.99644784D-05     -0.76606148D-05
  907  0.84199951     -0.10334125D-04     -0.79447964D-05
  908  0.85230288     -0.10694079D-04     -0.82215260D-05
  909  0.86273232     -0.11043136D-04     -0.84898782D-05
  910  0.87328938     -0.11380135D-04     -0.87489604D-05
  911  0.88397563     -0.11703962D-04     -0.89979168D-05
  912  0.89479265     -0.12013559D-04     -0.92359323D-05
  913  0.90574203     -0.12307923D-04     -0.94622367D-05
  914  0.91682539     -0.12586114D-04     -0.96761078D-05
  915  0.92804438     -0.12847260D-04     -0.98768751D-05
  916  0.93940066     -0.13090560D-04     -0.10063922D-04
  917  0.95089589     -0.13315286D-04     -0.10236690D-04
  918  0.96253180     -0.13520789D-04     -0.10394679D-04
  919  0.97431009     -0.13706497D-04     -0.10537450D-04
  920  0.98623250     -0.13871923D-04     -0.10664628D-04
  921  0.99830081     -0.14016661D-04     -0.10775902D-04
  922  1.01051680     -0.14140392D-04     -0.10871025D-04
  923  1.02288227     -0.14242878D-04     -0.10949816D-04
  924  1.03539905     -0.14323971D-04     -0.11012159D-04
  925  1.04806900     -0.14383604D-04     -0.11058005D-04
  926  1.06089399     -0.14421796D-04     -0.11087366D-04
  927  1.07387592     -0.14438648D-04     -0.11100322D-04
  928  1.08701670     -0.14434342D-04     -0.11097012D-04
  929  1.10031828     -0.14409137D-04     -0.11077635D-04
  930  1.11378263     -0.14363371D-04     -0.11042450D-04
  931  1.12741175     -0.14297451D-04     -0.10991771D-04
  932  1.14120763     -0.14211857D-04     -0.10925967D-04
  933  1.15517234     -0.14107132D-04     -0.10845455D-04
  934  1.16930793     -0.13983883D-04     -0.10750702D-04
  935  1.18361649     -0.13842772D-04     -0.10642217D-04
  936  1.19810014     -0.13684516D-04     -0.10520551D-04
  937  1.21276103     -0.13509879D-04     -0.10386291D-04
  938  1.22760132     -0.13319669D-04     -0.10240059D-04
  939  1.24262321     -0.13114732D-04     -0.10082505D-04
  940  1.25782891     -0.12895948D-04     -0.99143062D-05
  941  1.27322069     -0.12664225D-04     -0.97361595D-05
  942  1.28880081     -0.12420494D-04     -0.95487811D-05
  943  1.30457158     -0.12165705D-04     -0.93529008D-05
  944  1.32053533     -0.11900819D-04     -0.91492584D-05
  945  1.33669443     -0.11626807D-04     -0.89386000D-05
  946  1.35305126     -0.11344642D-04     -0.87216742D-05
  947  1.36960825     -0.11055298D-04     -0.84992287D-05
  948  1.38636785     -0.10759741D-04     -0.82720063D-05
  949  1.40333252     -0.10458926D-04     -0.80407426D-05
  950  1.42050479     -0.10153797D-04     -0.78061616D-05
  951  1.43788720     -0.98452771D-05     -0.75689737D-05
  952  1.45548230     -0.95342684D-05     -0.73298726D-05
  953  1.47329272     -0.92216480D-05     -0.70895324D-05
  954  1.49132108     -0.89082647D-05     -0.68486057D-05
  955  1.50957004     -0.85949364D-05     -0.66077213D-05
  956  1.52804232     -0.82824473D-05     -0.63674821D-05
  957  1.54674064     -0.79715459D-05     -0.61284635D-05
  958  1.56566776     -0.76629429D-05     -0.58912119D-05
  959  1.58482649     -0.73573098D-05     -0.56562434D-05
  960  1.60421966     -0.70552772D-05     -0.54240431D-05
  961  1.62385014     -0.67574342D-05     -0.51950637D-05
  962  1.64372084     -0.64643272D-05     -0.49697253D-05
  963  1.66383469     -0.61764595D-05     -0.47484148D-05
  964  1.68419466     -0.58942912D-05     -0.45314860D-05
  965  1.70480378     -0.56182391D-05     -0.43192592D-05
  966  1.72566509     -0.53486769D-05     -0.41120219D-05
  967  1.74678167     -0.50859358D-05     -0.39100285D-05
  968  1.76815665     -0.48303050D-05     -0.37135015D-05
  969  1.78979319     -0.45820329D-05     -0.35226318D-05
  970  1.81169450     -0.43413278D-05     -0.33375796D-05
  971  1.83386380     -0.41083594D-05     -0.31584753D-05
  972  1.85630439     -0.38832600D-05     -0.29854206D-05
  973  1.87901958     -0.36661262D-05     -0.28184898D-05
  974  1.90201272     -0.34570203D-05     -0.26577308D-05
  975  1.92528723     -0.32559724D-05     -0.25031666D-05
  976  1.94884655     -0.30629816D-05     -0.23547968D-05
  977  1.97269415     -0.28780187D-05     -0.22125988D-05
  978  1.99683357     -0.27010274D-05     -0.20765292D-05
  979  2.02126838     -0.25319266D-05     -0.19465258D-05
  980  2.04600220     -0.23706123D-05     -0.18225086D-05
  981  2.07103868     -0.22169596D-05     -0.17043816D-05
  982  2.09638152     -0.20708248D-05     -0.15920342D-05
  983  2.12203448     -0.19320470D-05     -0.14853429D-05
  984  2.14800134     -0.18004504D-05     -0.13841725D-05
  985  2.17428596     -0.16758460D-05     -0.12883776D-05
  986  2.20089222     -0.15580335D-05     -0.11978042D-05
  987  2.22782405     -0.14468027D-05     -0.11122908D-05
  988  2.25508544     -0.13419358D-05     -0.10316699D-05
  989  2.28268042     -0.12432084D-05     -0.95576912D-06
  990  2.31061308     -0.11503916D-05     -0.88441225D-06
  991  2.33888754     -0.10632528D-05     -0.81742063D-06
  992  2.36750799     -0.98155768D-06     -0.75461403D-06
  993  2.39647866     -0.90507093D-06     -0.69581160D-06
  994  2.42580384     -0.83355773D-06     -0.64083281D-06
  995  2.45548787     -0.76678470D-06     -0.58949821D-06
  996  2.48553513     -0.70452088D-06     -0.54163026D-06
  997  2.51595007     -0.64653858D-06     -0.49705391D-06
  998  2.54673720     -0.59261423D-06     -0.45559729D-06
  999  2.57790106     -0.54252902D-06     -0.41709216D-06
 1000  2.60944626     -0.49606950D-06     -0.38137444D-06
 1001  2.64137748     -0.45302816D-06     -0.34828459D-06
 1002  2.67369943     -0.41320382D-06     -0.31766794D-06
 1003  2.70641690     -0.37642392D-06     -0.28939183D-06
 1004  2.73953473     -0.34250686D-06     -0.26331665D-06
 1005  2.77305781     -0.31128068D-06     -0.23931020D-06
 1006  2.80699111     -0.28257480D-06     -0.21724134D-06
 1007  2.84133964     -0.25622344D-06     -0.19698262D-06
 1008  2.87610848     -0.23206658D-06     -0.17841101D-06
 1009  2.91130278     -0.20995071D-06     -0.16140850D-06
 1010  2.94692775     -0.18972927D-06     -0.14586241D-06
 1011  2.98298866     -0.17126298D-06     -0.13166567D-06
 1012  3.01949083     -0.15441999D-06     -0.11871691D-06
 1013  3.05643967     -0.13907591D-06     -0.10692050D-06
 1014  3.09384065     -0.12511376D-06     -0.96186498D-07
 1015  3.13169929     -0.11242373D-06     -0.86430501D-07
 1016  3.17002121     -0.10090303D-06     -0.77573478D-07
 1017  3.20881205     -0.90455655D-07     -0.69541615D-07
 1018  3.24807758     -0.80992128D-07     -0.62266128D-07
 1019  3.28782359     -0.72429344D-07     -0.55683125D-07
 1020  3.32805596     -0.64690607D-07     -0.49733643D-07
 1021  3.36878064     -0.57704965D-07     -0.44363136D-07
 1022  3.41000367     -0.51406946D-07     -0.39521266D-07
