 ir        r            Re[f(r)]            Im[f(r)]
    1  0.00001379     -0.76503006D-30     -0.17052375D-38
    2  0.00001396     -0.82293869D-30     -0.18343148D-38
    3  0.00001413     -0.88523060D-30     -0.19731623D-38
    4  0.00001431     -0.95223757D-30     -0.21225195D-38
    5  0.00001448     -0.10243160D-29     -0.22831810D-38
    6  0.00001466     -0.11018504D-29     -0.24560038D-38
    7  0.00001484     -0.11852534D-29     -0.26419073D-38
    8  0.00001502     -0.12749693D-29     -0.28418825D-38
    9  0.00001520     -0.13714761D-29     -0.30569943D-38
   10  0.00001539     -0.14752876D-29     -0.32883883D-38
   11  0.00001558     -0.15869569D-29     -0.35372968D-38
   12  0.00001577     -0.17070785D-29     -0.38050457D-38
   13  0.00001596     -0.18362923D-29     -0.40930610D-38
   14  0.00001616     -0.19752865D-29     -0.44028764D-38
   15  0.00001636     -0.21248014D-29     -0.47361422D-38
   16  0.00001656     -0.22856332D-29     -0.50946332D-38
   17  0.00001676     -0.24586384D-29     -0.54802587D-38
   18  0.00001696     -0.26447386D-29     -0.58950725D-38
   19  0.00001717     -0.28449248D-29     -0.63412838D-38
   20  0.00001738     -0.30602632D-29     -0.68212690D-38
   21  0.00001759     -0.32919006D-29     -0.73375844D-38
   22  0.00001781     -0.35410706D-29     -0.78929797D-38
   23  0.00001803     -0.38091003D-29     -0.84904129D-38
   24  0.00001825     -0.40974171D-29     -0.91330657D-38
   25  0.00001847     -0.44075565D-29     -0.98243606D-38
   26  0.00001870     -0.47411701D-29     -0.10567979D-37
   27  0.00001893     -0.51000347D-29     -0.11367882D-37
   28  0.00001916     -0.54860614D-29     -0.12228328D-37
   29  0.00001939     -0.59013061D-29     -0.13153901D-37
   30  0.00001963     -0.63479801D-29     -0.14149529D-37
   31  0.00001987     -0.68284621D-29     -0.15220514D-37
   32  0.00002011     -0.73453111D-29     -0.16372561D-37
   33  0.00002036     -0.79012794D-29     -0.17611804D-37
   34  0.00002061     -0.84993278D-29     -0.18944843D-37
   35  0.00002086     -0.91426412D-29     -0.20378777D-37
   36  0.00002112     -0.98346454D-29     -0.21921241D-37
   37  0.00002137     -0.10579026D-28     -0.23580451D-37
   38  0.00002163     -0.11379746D-28     -0.25365242D-37
   39  0.00002190     -0.12241070D-28     -0.27285118D-37
   40  0.00002217     -0.13167586D-28     -0.29350303D-37
   41  0.00002244     -0.14164226D-28     -0.31571795D-37
   42  0.00002271     -0.15236298D-28     -0.33961425D-37
   43  0.00002299     -0.16389511D-28     -0.36531915D-37
   44  0.00002327     -0.17630006D-28     -0.39296956D-37
   45  0.00002356     -0.18964389D-28     -0.42271272D-37
   46  0.00002385     -0.20399765D-28     -0.45470700D-37
   47  0.00002414     -0.21943779D-28     -0.48912277D-37
   48  0.00002443     -0.23604651D-28     -0.52614331D-37
   49  0.00002473     -0.25391226D-28     -0.56596574D-37
   50  0.00002503     -0.27313017D-28     -0.60880212D-37
   51  0.00002534     -0.29380258D-28     -0.65488055D-37
   52  0.00002565     -0.31603957D-28     -0.70444639D-37
   53  0.00002596     -0.33995953D-28     -0.75776356D-37
   54  0.00002628     -0.36568985D-28     -0.81511597D-37
   55  0.00002660     -0.39336753D-28     -0.87680902D-37
   56  0.00002693     -0.42313994D-28     -0.94317119D-37
   57  0.00002726     -0.45516562D-28     -0.10145558D-36
   58  0.00002759     -0.48961509D-28     -0.10913431D-36
   59  0.00002793     -0.52667177D-28     -0.11739418D-36
   60  0.00002827     -0.56653299D-28     -0.12627917D-36
   61  0.00002862     -0.60941099D-28     -0.13583660D-36
   62  0.00002897     -0.65553406D-28     -0.14611735D-36
   63  0.00002932     -0.70514779D-28     -0.15717616D-36
   64  0.00002968     -0.75851634D-28     -0.16907192D-36
   65  0.00003005     -0.81592388D-28     -0.18186796D-36
   66  0.00003041     -0.87767605D-28     -0.19563241D-36
   67  0.00003078     -0.94410164D-28     -0.21043855D-36
   68  0.00003116     -0.10155543D-27     -0.22636523D-36
   69  0.00003154     -0.10924145D-27     -0.24349724D-36
   70  0.00003193     -0.11750915D-27     -0.26192578D-36
   71  0.00003232     -0.12640253D-27     -0.28174898D-36
   72  0.00003272     -0.13596896D-27     -0.30307238D-36
   73  0.00003312     -0.14625936D-27     -0.32600951D-36
   74  0.00003352     -0.15732852D-27     -0.35068247D-36
   75  0.00003393     -0.16923537D-27     -0.37722264D-36
   76  0.00003435     -0.18204331D-27     -0.40577130D-36
   77  0.00003477     -0.19582051D-27     -0.43648045D-36
   78  0.00003519     -0.21064033D-27     -0.46951358D-36
   79  0.00003562     -0.22658167D-27     -0.50504655D-36
   80  0.00003606     -0.24372938D-27     -0.54326852D-36
   81  0.00003650     -0.26217477D-27     -0.58438297D-36
   82  0.00003695     -0.28201603D-27     -0.62860880D-36
   83  0.00003740     -0.30335878D-27     -0.67618142D-36
   84  0.00003786     -0.32631664D-27     -0.72735411D-36
   85  0.00003832     -0.35101182D-27     -0.78239927D-36
   86  0.00003879     -0.37757580D-27     -0.84160994D-36
   87  0.00003926     -0.40614998D-27     -0.90530131D-36
   88  0.00003974     -0.43688647D-27     -0.97381244D-36
   89  0.00004023     -0.46994889D-27     -0.10475080D-35
   90  0.00004072     -0.50551324D-27     -0.11267804D-35
   91  0.00004122     -0.54376882D-27     -0.12120514D-35
   92  0.00004172     -0.58491929D-27     -0.13037752D-35
   93  0.00004223     -0.62918368D-27     -0.14024398D-35
   94  0.00004275     -0.67679761D-27     -0.15085705D-35
   95  0.00004327     -0.72801453D-27     -0.16227322D-35
   96  0.00004380     -0.78310707D-27     -0.17455325D-35
   97  0.00004434     -0.84236846D-27     -0.18776252D-35
   98  0.00004488     -0.90611414D-27     -0.20197133D-35
   99  0.00004543     -0.97468341D-27     -0.21725532D-35
  100  0.00004599     -0.10484412D-26     -0.23369582D-35
  101  0.00004655     -0.11277802D-26     -0.25138036D-35
  102  0.00004712     -0.12131226D-26     -0.27040304D-35
  103  0.00004770     -0.13049227D-26     -0.29086513D-35
  104  0.00004828     -0.14036689D-26     -0.31287553D-35
  105  0.00004887     -0.15098870D-26     -0.33655138D-35
  106  0.00004947     -0.16241423D-26     -0.36201870D-35
  107  0.00005008     -0.17470427D-26     -0.38941302D-35
  108  0.00005069     -0.18792424D-26     -0.41888014D-35
  109  0.00005131     -0.20214450D-26     -0.45057689D-35
  110  0.00005194     -0.21744073D-26     -0.48467196D-35
  111  0.00005257     -0.23389433D-26     -0.52134680D-35
  112  0.00005321     -0.25159287D-26     -0.56079658D-35
  113  0.00005387     -0.27063053D-26     -0.60323125D-35
  114  0.00005453     -0.29110862D-26     -0.64887663D-35
  115  0.00005519     -0.31313613D-26     -0.69797563D-35
  116  0.00005587     -0.33683027D-26     -0.75078954D-35
  117  0.00005655     -0.36231713D-26     -0.80759940D-35
  118  0.00005724     -0.38973233D-26     -0.86870752D-35
  119  0.00005794     -0.41922177D-26     -0.93443907D-35
  120  0.00005865     -0.45094236D-26     -0.10051438D-34
  121  0.00005937     -0.48506288D-26     -0.10811980D-34
  122  0.00006010     -0.52176491D-26     -0.11630064D-34
  123  0.00006083     -0.56124373D-26     -0.12510042D-34
  124  0.00006158     -0.60370941D-26     -0.13456596D-34
  125  0.00006233     -0.64938789D-26     -0.14474764D-34
  126  0.00006309     -0.69852222D-26     -0.15569962D-34
  127  0.00006387     -0.75137383D-26     -0.16748018D-34
  128  0.00006465     -0.80822392D-26     -0.18015199D-34
  129  0.00006544     -0.86937496D-26     -0.19378249D-34
  130  0.00006624     -0.93515230D-26     -0.20844418D-34
  131  0.00006705     -0.10059059D-25     -0.22421507D-34
  132  0.00006787     -0.10820122D-25     -0.24117907D-34
  133  0.00006870     -0.11638760D-25     -0.25942643D-34
  134  0.00006954     -0.12519330D-25     -0.27905423D-34
  135  0.00007039     -0.13466515D-25     -0.30016688D-34
  136  0.00007125     -0.14485354D-25     -0.32287670D-34
  137  0.00007212     -0.15581268D-25     -0.34730451D-34
  138  0.00007301     -0.16760086D-25     -0.37358024D-34
  139  0.00007390     -0.18028079D-25     -0.40184369D-34
  140  0.00007481     -0.19391993D-25     -0.43224518D-34
  141  0.00007572     -0.20859081D-25     -0.46494645D-34
  142  0.00007665     -0.22437149D-25     -0.50012144D-34
  143  0.00007758     -0.24134590D-25     -0.53795724D-34
  144  0.00007853     -0.25960433D-25     -0.57865512D-34
  145  0.00007950     -0.27924389D-25     -0.62243154D-34
  146  0.00008047     -0.30036905D-25     -0.66951934D-34
  147  0.00008145     -0.32309216D-25     -0.72016898D-34
  148  0.00008245     -0.34753409D-25     -0.77464984D-34
  149  0.00008346     -0.37382481D-25     -0.83325167D-34
  150  0.00008448     -0.40210417D-25     -0.89628616D-34
  151  0.00008551     -0.43252256D-25     -0.96408853D-34
  152  0.00008656     -0.46524174D-25     -0.10370194D-33
  153  0.00008762     -0.50043572D-25     -0.11154665D-33
  154  0.00008869     -0.53829167D-25     -0.11998472D-33
  155  0.00008978     -0.57901088D-25     -0.12906101D-33
  156  0.00009088     -0.62280990D-25     -0.13882379D-33
  157  0.00009199     -0.66992163D-25     -0.14932497D-33
  158  0.00009311     -0.72059659D-25     -0.16062040D-33
  159  0.00009425     -0.77510423D-25     -0.17277013D-33
  160  0.00009541     -0.83373438D-25     -0.18583877D-33
  161  0.00009657     -0.89679878D-25     -0.19989580D-33
  162  0.00009775     -0.96463274D-25     -0.21501597D-33
  163  0.00009895     -0.10375969D-24     -0.23127967D-33
  164  0.00010016     -0.11160793D-24     -0.24877336D-33
  165  0.00010139     -0.12004970D-24     -0.26759006D-33
  166  0.00010263     -0.12912990D-24     -0.28782981D-33
  167  0.00010388     -0.13889679D-24     -0.30960020D-33
  168  0.00010516     -0.14940229D-24     -0.33301696D-33
  169  0.00010644     -0.16070226D-24     -0.35820460D-33
  170  0.00010774     -0.17285677D-24     -0.38529699D-33
  171  0.00010906     -0.18593041D-24     -0.41443816D-33
  172  0.00011040     -0.19999269D-24     -0.44578300D-33
  173  0.00011175     -0.21511836D-24     -0.47949814D-33
  174  0.00011312     -0.23138781D-24     -0.51576278D-33
  175  0.00011450     -0.24888751D-24     -0.55476967D-33
  176  0.00011590     -0.26771048D-24     -0.59672614D-33
  177  0.00011732     -0.28795676D-24     -0.64185517D-33
  178  0.00011875     -0.30973394D-24     -0.69039662D-33
  179  0.00012021     -0.33315777D-24     -0.74260847D-33
  180  0.00012168     -0.35835273D-24     -0.79876818D-33
  181  0.00012317     -0.38545271D-24     -0.85917420D-33
  182  0.00012468     -0.41460171D-24     -0.92414754D-33
  183  0.00012620     -0.44595464D-24     -0.99403346D-33
  184  0.00012775     -0.47967809D-24     -0.10692033D-32
  185  0.00012931     -0.51595125D-24     -0.11500565D-32
  186  0.00013089     -0.55496686D-24     -0.12370227D-32
  187  0.00013249     -0.59693221D-24     -0.13305639D-32
  188  0.00013411     -0.64207027D-24     -0.14311771D-32
  189  0.00013575     -0.69062084D-24     -0.15393969D-32
  190  0.00013742     -0.74284185D-24     -0.16557982D-32
  191  0.00013910     -0.79901074D-24     -0.17809995D-32
  192  0.00014080     -0.85942588D-24     -0.19156657D-32
  193  0.00014252     -0.92440821D-24     -0.20605123D-32
  194  0.00014427     -0.99430291D-24     -0.22163087D-32
  195  0.00014603     -0.10694812D-23     -0.23838824D-32
  196  0.00014782     -0.11503425D-23     -0.25641236D-32
  197  0.00014963     -0.12373162D-23     -0.27579896D-32
  198  0.00015146     -0.13308642D-23     -0.29665100D-32
  199  0.00015331     -0.14314834D-23     -0.31907923D-32
  200  0.00015519     -0.15397082D-23     -0.34320276D-32
  201  0.00015709     -0.16561132D-23     -0.36914970D-32
  202  0.00015901     -0.17813166D-23     -0.39705784D-32
  203  0.00016095     -0.19159833D-23     -0.42707538D-32
  204  0.00016292     -0.20608283D-23     -0.45936170D-32
  205  0.00016492     -0.22166207D-23     -0.49408825D-32
  206  0.00016694     -0.23841877D-23     -0.53143941D-32
  207  0.00016898     -0.25644190D-23     -0.57161348D-32
  208  0.00017105     -0.27582713D-23     -0.61482375D-32
  209  0.00017314     -0.29667739D-23     -0.66129962D-32
  210  0.00017526     -0.31910335D-23     -0.71128782D-32
  211  0.00017740     -0.34322406D-23     -0.76505371D-32
  212  0.00017957     -0.36916755D-23     -0.82288268D-32
  213  0.00018177     -0.39707154D-23     -0.88508170D-32
  214  0.00018400     -0.42708413D-23     -0.95198089D-32
  215  0.00018625     -0.45936459D-23     -0.10239353D-31
  216  0.00018853     -0.49408426D-23     -0.11013269D-31
  217  0.00019083     -0.53142738D-23     -0.11845663D-31
  218  0.00019317     -0.57159212D-23     -0.12740953D-31
  219  0.00019553     -0.61479162D-23     -0.13703889D-31
  220  0.00019792     -0.66125508D-23     -0.14739582D-31
  221  0.00020035     -0.71122905D-23     -0.15853526D-31
  222  0.00020280     -0.76497867D-23     -0.17051632D-31
  223  0.00020528     -0.82278910D-23     -0.18340256D-31
  224  0.00020779     -0.88496702D-23     -0.19726236D-31
  225  0.00021033     -0.95184228D-23     -0.21216923D-31
  226  0.00021291     -0.10237696D-22     -0.22820224D-31
  227  0.00021551     -0.11011306D-22     -0.24544646D-31
  228  0.00021815     -0.11843354D-22     -0.26399333D-31
  229  0.00022082     -0.12738255D-22     -0.28394124D-31
  230  0.00022352     -0.13700754D-22     -0.30539597D-31
  231  0.00022626     -0.14735956D-22     -0.32847131D-31
  232  0.00022903     -0.15849349D-22     -0.35328963D-31
  233  0.00023183     -0.17046838D-22     -0.37998252D-31
  234  0.00023467     -0.18334773D-22     -0.40869153D-31
  235  0.00023754     -0.19719980D-22     -0.43956886D-31
  236  0.00024044     -0.21209806D-22     -0.47277824D-31
  237  0.00024339     -0.22812146D-22     -0.50849572D-31
  238  0.00024636     -0.24535497D-22     -0.54691063D-31
  239  0.00024938     -0.26388991D-22     -0.58822662D-31
  240  0.00025243     -0.28382454D-22     -0.63266267D-31
  241  0.00025552     -0.30526451D-22     -0.68045432D-31
  242  0.00025865     -0.32832344D-22     -0.73185485D-31
  243  0.00026181     -0.35312354D-22     -0.78713666D-31
  244  0.00026502     -0.37979621D-22     -0.84659270D-31
  245  0.00026826     -0.40848279D-22     -0.91053802D-31
  246  0.00027154     -0.43933526D-22     -0.97931144D-31
  247  0.00027486     -0.47251709D-22     -0.10532773D-30
  248  0.00027823     -0.50820405D-22     -0.11328276D-30
  249  0.00028163     -0.54658520D-22     -0.12183836D-30
  250  0.00028508     -0.58786383D-22     -0.13103985D-30
  251  0.00028857     -0.63225857D-22     -0.14093598D-30
  252  0.00029210     -0.68000455D-22     -0.15157915D-30
  253  0.00029567     -0.73135462D-22     -0.16302574D-30
  254  0.00029929     -0.78658069D-22     -0.17533637D-30
  255  0.00030295     -0.84597520D-22     -0.18857621D-30
  256  0.00030666     -0.90985262D-22     -0.20281538D-30
  257  0.00031041     -0.97855111D-22     -0.21812926D-30
  258  0.00031421     -0.10524344D-21     -0.23459893D-30
  259  0.00031806     -0.11318935D-21     -0.25231158D-30
  260  0.00032195     -0.12173491D-21     -0.27136096D-30
  261  0.00032589     -0.13092534D-21     -0.29184790D-30
  262  0.00032987     -0.14080927D-21     -0.31388082D-30
  263  0.00033391     -0.15143903D-21     -0.33757634D-30
  264  0.00033800     -0.16287084D-21     -0.36305984D-30
  265  0.00034213     -0.17516520D-21     -0.39046616D-30
  266  0.00034632     -0.18838714D-21     -0.41994030D-30
  267  0.00035056     -0.20260662D-21     -0.45163820D-30
  268  0.00035485     -0.21789885D-21     -0.48572753D-30
  269  0.00035919     -0.23434470D-21     -0.52238861D-30
  270  0.00036358     -0.25203117D-21     -0.56181535D-30
  271  0.00036803     -0.27105177D-21     -0.60421626D-30
  272  0.00037254     -0.29150709D-21     -0.64981557D-30
  273  0.00037710     -0.31350528D-21     -0.69885439D-30
  274  0.00038171     -0.33716264D-21     -0.75159201D-30
  275  0.00038638     -0.36260422D-21     -0.80830724D-30
  276  0.00039111     -0.38996452D-21     -0.86929989D-30
  277  0.00039590     -0.41938814D-21     -0.93489236D-30
  278  0.00040074     -0.45103058D-21     -0.10054313D-29
  279  0.00040564     -0.48505905D-21     -0.10812896D-29
  280  0.00041061     -0.52165335D-21     -0.11628680D-29
  281  0.00041563     -0.56100683D-21     -0.12505976D-29
  282  0.00042072     -0.60332737D-21     -0.13449419D-29
  283  0.00042587     -0.64883853D-21     -0.14463994D-29
  284  0.00043108     -0.69778069D-21     -0.15555059D-29
  285  0.00043635     -0.75041232D-21     -0.16728377D-29
  286  0.00044169     -0.80701135D-21     -0.17990145D-29
  287  0.00044710     -0.86787664D-21     -0.19347025D-29
  288  0.00045257     -0.93332952D-21     -0.20806184D-29
  289  0.00045811     -0.10037155D-20     -0.22375323D-29
  290  0.00046371     -0.10794062D-20     -0.24062728D-29
  291  0.00046939     -0.11608010D-20     -0.25877305D-29
  292  0.00047513     -0.12483294D-20     -0.27828630D-29
  293  0.00048094     -0.13424534D-20     -0.29927003D-29
  294  0.00048683     -0.14436695D-20     -0.32183496D-29
  295  0.00049279     -0.15525118D-20     -0.34610015D-29
  296  0.00049882     -0.16695543D-20     -0.37219360D-29
  297  0.00050492     -0.17954143D-20     -0.40025297D-29
  298  0.00051110     -0.19307556D-20     -0.43042625D-29
  299  0.00051735     -0.20762919D-20     -0.46287257D-29
  300  0.00052368     -0.22327904D-20     -0.49776303D-29
  301  0.00053009     -0.24010762D-20     -0.53528158D-29
  302  0.00053658     -0.25820364D-20     -0.57562603D-29
  303  0.00054314     -0.27766246D-20     -0.61900905D-29
  304  0.00054979     -0.29858664D-20     -0.66565929D-29
  305  0.00055652     -0.32108641D-20     -0.71582260D-29
  306  0.00056333     -0.34528033D-20     -0.76976331D-29
  307  0.00057022     -0.37129583D-20     -0.82776561D-29
  308  0.00057720     -0.39926995D-20     -0.89013508D-29
  309  0.00058426     -0.42935000D-20     -0.95720022D-29
  310  0.00059141     -0.46169437D-20     -0.10293143D-28
  311  0.00059865     -0.49647335D-20     -0.11068569D-28
  312  0.00060597     -0.53387003D-20     -0.11902365D-28
  313  0.00061339     -0.57408125D-20     -0.12798920D-28
  314  0.00062090     -0.61731861D-20     -0.13762953D-28
  315  0.00062849     -0.66380964D-20     -0.14799538D-28
  316  0.00063618     -0.71379894D-20     -0.15914131D-28
  317  0.00064397     -0.76754946D-20     -0.17112595D-28
  318  0.00065185     -0.82534393D-20     -0.18401235D-28
  319  0.00065983     -0.88748627D-20     -0.19786831D-28
  320  0.00066790     -0.95430324D-20     -0.21276670D-28
  321  0.00067607     -0.10261461D-19     -0.22878586D-28
  322  0.00068435     -0.11033925D-19     -0.24601002D-28
  323  0.00069272     -0.11864485D-19     -0.26452973D-28
  324  0.00070120     -0.12757504D-19     -0.28444234D-28
  325  0.00070978     -0.13717675D-19     -0.30585250D-28
  326  0.00071846     -0.14750042D-19     -0.32887271D-28
  327  0.00072725     -0.15860026D-19     -0.35362392D-28
  328  0.00073615     -0.17053458D-19     -0.38023615D-28
  329  0.00074516     -0.18336603D-19     -0.40884917D-28
  330  0.00075428     -0.19716198D-19     -0.43961326D-28
  331  0.00076351     -0.21199484D-19     -0.47268993D-28
  332  0.00077285     -0.22794245D-19     -0.50825283D-28
  333  0.00078231     -0.24508848D-19     -0.54648864D-28
  334  0.00079188     -0.26352290D-19     -0.58759800D-28
  335  0.00080157     -0.28334239D-19     -0.63179663D-28
  336  0.00081138     -0.30465089D-19     -0.67931641D-28
  337  0.00082131     -0.32756013D-19     -0.73040659D-28
  338  0.00083136     -0.35219022D-19     -0.78533513D-28
  339  0.00084153     -0.37867024D-19     -0.84439003D-28
  340  0.00085183     -0.40713896D-19     -0.90788091D-28
  341  0.00086226     -0.43774555D-19     -0.97614056D-28
  342  0.00087281     -0.47065034D-19     -0.10495267D-27
  343  0.00088349     -0.50602568D-19     -0.11284239D-27
  344  0.00089430     -0.54405679D-19     -0.12132455D-27
  345  0.00090524     -0.58494280D-19     -0.13044358D-27
  346  0.00091632     -0.62889772D-19     -0.14024722D-27
  347  0.00092753     -0.67615158D-19     -0.15078683D-27
  348  0.00093888     -0.72695163D-19     -0.16211756D-27
  349  0.00095037     -0.78156362D-19     -0.17429872D-27
  350  0.00096200     -0.84027319D-19     -0.18739406D-27
  351  0.00097377     -0.90338734D-19     -0.20147210D-27
  352  0.00098569     -0.97123603D-19     -0.21660647D-27
  353  0.00099775     -0.10441739D-18     -0.23287632D-27
  354  0.00100996     -0.11225821D-18     -0.25036673D-27
  355  0.00102232     -0.12068703D-18     -0.26916914D-27
  356  0.00103483     -0.12974788D-18     -0.28938182D-27
  357  0.00104749     -0.13948808D-18     -0.31111039D-27
  358  0.00106031     -0.14995848D-18     -0.33446804D-27
  359  0.00107328     -0.16121375D-18     -0.35957722D-27
  360  0.00108642     -0.17331261D-18     -0.38656886D-27
  361  0.00109971     -0.18631820D-18     -0.41558400D-27
  362  0.00111317     -0.20029837D-18     -0.44677435D-27
  363  0.00112679     -0.21532602D-18     -0.48030234D-27
  364  0.00114058     -0.23147951D-18     -0.51634309D-27
  365  0.00115453     -0.24884305D-18     -0.55508452D-27
  366  0.00116866     -0.26750712D-18     -0.59672872D-27
  367  0.00118296     -0.28756897D-18     -0.64149290D-27
  368  0.00119744     -0.30913310D-18     -0.68961073D-27
  369  0.00121209     -0.33231182D-18     -0.74133253D-27
  370  0.00122692     -0.35722581D-18     -0.79692889D-27
  371  0.00124194     -0.38400473D-18     -0.85668819D-27
  372  0.00125713     -0.41278796D-18     -0.92092225D-27
  373  0.00127252     -0.44372523D-18     -0.98996623D-27
  374  0.00128809     -0.47697745D-18     -0.10641783D-26
  375  0.00130385     -0.51271752D-18     -0.11439455D-26
  376  0.00131981     -0.55113124D-18     -0.12296838D-26
  377  0.00133596     -0.59241824D-18     -0.13218375D-26
  378  0.00135230     -0.63679304D-18     -0.14208754D-26
  379  0.00136885     -0.68448612D-18     -0.15273255D-26
  380  0.00138560     -0.73574515D-18     -0.16417285D-26
  381  0.00140256     -0.79083624D-18     -0.17646922D-26
  382  0.00141972     -0.85004529D-18     -0.18968539D-26
  383  0.00143709     -0.91367952D-18     -0.20388745D-26
  384  0.00145468     -0.98206898D-18     -0.21915144D-26
  385  0.00147248     -0.10555683D-17     -0.23555631D-26
  386  0.00149050     -0.11345586D-17     -0.25318398D-26
  387  0.00150874     -0.12194491D-17     -0.27213040D-26
  388  0.00152720     -0.13106796D-17     -0.29249137D-26
  389  0.00154589     -0.14087228D-17     -0.31437086D-26
  390  0.00156480     -0.15140862D-17     -0.33788475D-26
  391  0.00158395     -0.16273153D-17     -0.36315472D-26
  392  0.00160333     -0.17489959D-17     -0.39031027D-26
  393  0.00162295     -0.18797576D-17     -0.41949502D-26
  394  0.00164281     -0.20202766D-17     -0.45085722D-26
  395  0.00166291     -0.21712793D-17     -0.48457373D-26
  396  0.00168326     -0.23335461D-17     -0.52080135D-26
  397  0.00170386     -0.25079156D-17     -0.55973418D-26
  398  0.00172471     -0.26952882D-17     -0.60157490D-26
  399  0.00174582     -0.28966314D-17     -0.64653166D-26
  400  0.00176718     -0.31129845D-17     -0.69483472D-26
  401  0.00178880     -0.33454638D-17     -0.74674251D-26
  402  0.00181069     -0.35952685D-17     -0.80251856D-26
  403  0.00183285     -0.38636868D-17     -0.86245077D-26
  404  0.00185528     -0.41521023D-17     -0.92684697D-26
  405  0.00187798     -0.44620011D-17     -0.99603813D-26
  406  0.00190096     -0.47949796D-17     -0.10703826D-25
  407  0.00192422     -0.51527524D-17     -0.11502736D-25
  408  0.00194777     -0.55371613D-17     -0.12360993D-25
  409  0.00197160     -0.59501844D-17     -0.13283197D-25
  410  0.00199573     -0.63939462D-17     -0.14274077D-25
  411  0.00202015     -0.68707286D-17     -0.15338682D-25
  412  0.00204487     -0.73829825D-17     -0.16482520D-25
  413  0.00206989     -0.79333399D-17     -0.17711383D-25
  414  0.00209522     -0.85246280D-17     -0.19031677D-25
  415  0.00212086     -0.91598827D-17     -0.20450184D-25
  416  0.00214681     -0.98423647D-17     -0.21974181D-25
  417  0.00217308     -0.10575576D-16     -0.23611660D-25
  418  0.00219968     -0.11363276D-16     -0.25370863D-25
  419  0.00222659     -0.12209504D-16     -0.27260819D-25
  420  0.00225384     -0.13118598D-16     -0.29291178D-25
  421  0.00228142     -0.14095214D-16     -0.31472449D-25
  422  0.00230934     -0.15144353D-16     -0.33815625D-25
  423  0.00233759     -0.16271386D-16     -0.36332632D-25
  424  0.00236620     -0.17482080D-16     -0.39036553D-25
  425  0.00239515     -0.18782628D-16     -0.41941127D-25
  426  0.00242446     -0.20179679D-16     -0.45061217D-25
  427  0.00245413     -0.21680374D-16     -0.48412515D-25
  428  0.00248416     -0.23292378D-16     -0.52012721D-25
  429  0.00251456     -0.25023924D-16     -0.55879641D-25
  430  0.00254533     -0.26883852D-16     -0.60033709D-25
  431  0.00257648     -0.28881650D-16     -0.64495796D-25
  432  0.00260800     -0.31027508D-16     -0.69288791D-25
  433  0.00263992     -0.33332366D-16     -0.74437085D-25
  434  0.00267222     -0.35807970D-16     -0.79967058D-25
  435  0.00270492     -0.38466930D-16     -0.85906951D-25
  436  0.00273802     -0.41322784D-16     -0.92286762D-25
  437  0.00277152     -0.44390066D-16     -0.99138893D-25
  438  0.00280544     -0.47684381D-16     -0.10649876D-24
  439  0.00283977     -0.51222480D-16     -0.11440303D-24
  440  0.00287452     -0.55022346D-16     -0.12289277D-24
  441  0.00290969     -0.59103283D-16     -0.13201109D-24
  442  0.00294530     -0.63486015D-16     -0.14180422D-24
  443  0.00298134     -0.68192788D-16     -0.15232190D-24
  444  0.00301782     -0.73247482D-16     -0.16361823D-24
  445  0.00305475     -0.78675730D-16     -0.17574920D-24
  446  0.00309213     -0.84505047D-16     -0.18877777D-24
  447  0.00312997     -0.90764967D-16     -0.20276904D-24
  448  0.00316827     -0.97487191D-16     -0.21779447D-24
  449  0.00320704     -0.10470574D-15     -0.23393054D-24
  450  0.00324628     -0.11245715D-15     -0.25125786D-24
  451  0.00328601     -0.12078060D-15     -0.26986394D-24
  452  0.00332622     -0.12971817D-15     -0.28984374D-24
  453  0.00336692     -0.13931502D-15     -0.31130075D-24
  454  0.00340812     -0.14961959D-15     -0.33434150D-24
  455  0.00344982     -0.16068391D-15     -0.35908108D-24
  456  0.00349204     -0.17256378D-15     -0.38564801D-24
  457  0.00353477     -0.18531910D-15     -0.41417274D-24
  458  0.00357802     -0.19901415D-15     -0.44480242D-24
  459  0.00362181     -0.21371792D-15     -0.47769171D-24
  460  0.00366613     -0.22950442D-15     -0.51300522D-24
  461  0.00371099     -0.24645310D-15     -0.55092249D-24
  462  0.00375640     -0.26464920D-15     -0.59163223D-24
  463  0.00380236     -0.28418416D-15     -0.63533721D-24
  464  0.00384889     -0.30515615D-15     -0.68226142D-24
  465  0.00389599     -0.32767047D-15     -0.73263902D-24
  466  0.00394366     -0.35184010D-15     -0.78672531D-24
  467  0.00399192     -0.37778628D-15     -0.84479342D-24
  468  0.00404077     -0.40563908D-15     -0.90753187D-24
  469  0.00409022     -0.43553807D-15     -0.97498406D-24
  470  0.00414027     -0.46763297D-15     -0.10480341D-23
  471  0.00419093     -0.50208441D-15     -0.11268478D-23
  472  0.00424221     -0.53906473D-15     -0.12130924D-23
  473  0.00429413     -0.57875880D-15     -0.13051798D-23
  474  0.00434667     -0.62136497D-15     -0.14047687D-23
  475  0.00439986     -0.66709599D-15     -0.15112275D-23
  476  0.00445370     -0.71618009D-15     -0.16274338D-23
  477  0.00450820     -0.76886212D-15     -0.17515808D-23
  478  0.00456337     -0.82540468D-15     -0.18870282D-23
  479  0.00461921     -0.88608949D-15     -0.20323590D-23
  480  0.00467573     -0.95121868D-15     -0.21898874D-23
  481  0.00473295     -0.10211164D-14     -0.23598622D-23
  482  0.00479086     -0.10961301D-14     -0.25444262D-23
  483  0.00484949     -0.11766328D-14     -0.27456611D-23
  484  0.00490883     -0.12630243D-14     -0.29610419D-23
  485  0.00496890     -0.13557333D-14     -0.31939401D-23
  486  0.00502970     -0.14552198D-14     -0.34441467D-23
  487  0.00509125     -0.15619771D-14     -0.37142038D-23
  488  0.00515355     -0.16765339D-14     -0.40045539D-23
  489  0.00521661     -0.17994576D-14     -0.43197276D-23
  490  0.00528045     -0.19313562D-14     -0.46574112D-23
  491  0.00534506     -0.20728821D-14     -0.50224879D-23
  492  0.00541047     -0.22247344D-14     -0.54145412D-23
  493  0.00547668     -0.23876630D-14     -0.58366695D-23
  494  0.00554369     -0.25624718D-14     -0.62883441D-23
  495  0.00561153     -0.27500228D-14     -0.67769985D-23
  496  0.00568020     -0.29512402D-14     -0.73061888D-23
  497  0.00574970     -0.31671147D-14     -0.78763943D-23
  498  0.00582006     -0.33987085D-14     -0.84906439D-23
  499  0.00589128     -0.36471601D-14     -0.91508284D-23
  500  0.00596337     -0.39136903D-14     -0.98603559D-23
  501  0.00603634     -0.41996075D-14     -0.10626862D-22
  502  0.00611021     -0.45063142D-14     -0.11455078D-22
  503  0.00618498     -0.48353137D-14     -0.12341739D-22
  504  0.00626066     -0.51882173D-14     -0.13300176D-22
  505  0.00633727     -0.55667521D-14     -0.14330987D-22
  506  0.00641482     -0.59727688D-14     -0.15437921D-22
  507  0.00649332     -0.64082510D-14     -0.16630842D-22
  508  0.00657277     -0.68753245D-14     -0.17916778D-22
  509  0.00665320     -0.73762672D-14     -0.19296672D-22
  510  0.00673462     -0.79135201D-14     -0.20781696D-22
  511  0.00681703     -0.84896986D-14     -0.22375674D-22
  512  0.00690045     -0.91076053D-14     -0.24091053D-22
  513  0.00698489     -0.97702426D-14     -0.25936618D-22
  514  0.00707036     -0.10480827D-13     -0.27918752D-22
  515  0.00715688     -0.11242806D-13     -0.30050831D-22
  516  0.00724445     -0.12059870D-13     -0.32345046D-22
  517  0.00733310     -0.12935975D-13     -0.34797204D-22
  518  0.00742284     -0.13875356D-13     -0.37425724D-22
  519  0.00751367     -0.14882550D-13     -0.40238630D-22
  520  0.00760561     -0.15962417D-13     -0.43250629D-22
  521  0.00769868     -0.17120161D-13     -0.46476119D-22
  522  0.00779289     -0.18361355D-13     -0.49931043D-22
  523  0.00788825     -0.19691967D-13     -0.53632115D-22
  524  0.00798477     -0.21118388D-13     -0.57603191D-22
  525  0.00808248     -0.22647458D-13     -0.61856093D-22
  526  0.00818138     -0.24286504D-13     -0.66418507D-22
  527  0.00828150     -0.26043366D-13     -0.71303968D-22
  528  0.00838284     -0.27926439D-13     -0.76546688D-22
  529  0.00848542     -0.29944709D-13     -0.82168823D-22
  530  0.00858925     -0.32107792D-13     -0.88196036D-22
  531  0.00869435     -0.34425979D-13     -0.94665462D-22
  532  0.00880074     -0.36910286D-13     -0.10159919D-21
  533  0.00890844     -0.39572496D-13     -0.10903102D-21
  534  0.00901745     -0.42425220D-13     -0.11700815D-21
  535  0.00912779     -0.45481948D-13     -0.12555511D-21
  536  0.00923949     -0.48757110D-13     -0.13470907D-21
  537  0.00935255     -0.52266143D-13     -0.14453416D-21
  538  0.00946699     -0.56025556D-13     -0.15505987D-21
  539  0.00958284     -0.60053005D-13     -0.16634362D-21
  540  0.00970010     -0.64367370D-13     -0.17843285D-21
  541  0.00981880     -0.68988835D-13     -0.19138356D-21
  542  0.00993895     -0.73938981D-13     -0.20526784D-21
  543  0.01006057     -0.79240876D-13     -0.22013669D-21
  544  0.01018368     -0.84919175D-13     -0.23605697D-21
  545  0.01030830     -0.91000226D-13     -0.25310008D-21
  546  0.01043444     -0.97512183D-13     -0.27137395D-21
  547  0.01056212     -0.10448513D-12     -0.29095383D-21
  548  0.01069137     -0.11195119D-12     -0.31192528D-21
  549  0.01082220     -0.11994469D-12     -0.33440028D-21
  550  0.01095462     -0.12850228D-12     -0.35848448D-21
  551  0.01108867     -0.13766310D-12     -0.38425595D-21
  552  0.01122436     -0.14746892D-12     -0.41190030D-21
  553  0.01136171     -0.15796434D-12     -0.44148997D-21
  554  0.01150074     -0.16919696D-12     -0.47312566D-21
  555  0.01164148     -0.18121755D-12     -0.50704248D-21
  556  0.01178393     -0.19408030D-12     -0.54328715D-21
  557  0.01192813     -0.20784300D-12     -0.58211462D-21
  558  0.01207409     -0.22256726D-12     -0.62364220D-21
  559  0.01222184     -0.23831880D-12     -0.66808421D-21
  560  0.01237139     -0.25516764D-12     -0.71567279D-21
  561  0.01252278     -0.27318843D-12     -0.76654875D-21
  562  0.01267602     -0.29246069D-12     -0.82093403D-21
  563  0.01283113     -0.31306914D-12     -0.87904268D-21
  564  0.01298814     -0.33510399D-12     -0.94118687D-21
  565  0.01314708     -0.35866129D-12     -0.10075642D-20
  566  0.01330795     -0.38384326D-12     -0.10784695D-20
  567  0.01347080     -0.41075869D-12     -0.11542543D-20
  568  0.01363564     -0.43952329D-12     -0.12351789D-20
  569  0.01380250     -0.47026014D-12     -0.13216371D-20
  570  0.01397139     -0.50310005D-12     -0.14140122D-20
  571  0.01414236     -0.53818206D-12     -0.15126363D-20
  572  0.01431542     -0.57565390D-12     -0.16179224D-20
  573  0.01449059     -0.61567244D-12     -0.17303281D-20
  574  0.01466791     -0.65840422D-12     -0.18502829D-20
  575  0.01484740     -0.70402600D-12     -0.19782763D-20
  576  0.01502908     -0.75272526D-12     -0.21149107D-20
  577  0.01521299     -0.80470082D-12     -0.22606561D-20
  578  0.01539915     -0.86016340D-12     -0.24161371D-20
  579  0.01558758     -0.91933624D-12     -0.25819956D-20
  580  0.01577832     -0.98245573D-12     -0.27588334D-20
  581  0.01597140     -0.10497721D-11     -0.29473337D-20
  582  0.01616684     -0.11215500D-11     -0.31482178D-20
  583  0.01636467     -0.11980692D-11     -0.33622795D-20
  584  0.01656492     -0.12796256D-11     -0.35903263D-20
  585  0.01676762     -0.13665313D-11     -0.38331923D-20
  586  0.01697280     -0.14591160D-11     -0.40918800D-20
  587  0.01718049     -0.15577274D-11     -0.43672791D-20
  588  0.01739073     -0.16627318D-11     -0.46603681D-20
  589  0.01760353     -0.17745152D-11     -0.49723430D-20
  590  0.01781895     -0.18934839D-11     -0.53042487D-20
  591  0.01803699     -0.20200650D-11     -0.56573053D-20
  592  0.01825771     -0.21547074D-11     -0.60326743D-20
  593  0.01848112     -0.22978825D-11     -0.64316873D-20
  594  0.01870727     -0.24500846D-11     -0.68554748D-20
  595  0.01893619     -0.26118318D-11     -0.73056402D-20
  596  0.01916791     -0.27836664D-11     -0.77835053D-20
  597  0.01940246     -0.29661555D-11     -0.82906910D-20
  598  0.01963988     -0.31598915D-11     -0.88287417D-20
  599  0.01988021     -0.33654922D-11     -0.93993884D-20
  600  0.02012348     -0.35836015D-11     -0.10004421D-19
  601  0.02036973     -0.38148891D-11     -0.10645696D-19
  602  0.02061899     -0.40600509D-11     -0.11325166D-19
  603  0.02087130     -0.43198085D-11     -0.12044556D-19
  604  0.02112670     -0.45949090D-11     -0.12806113D-19
  605  0.02138522     -0.48861248D-11     -0.13611918D-19
  606  0.02164690     -0.51942522D-11     -0.14463903D-19
  607  0.02191179     -0.55201108D-11     -0.15364688D-19
  608  0.02217992     -0.58645420D-11     -0.16316095D-19
  609  0.02245133     -0.62284076D-11     -0.17320749D-19
  610  0.02272607     -0.66125872D-11     -0.18380860D-19
  611  0.02300416     -0.70179764D-11     -0.19498847D-19
  612  0.02328566     -0.74454832D-11     -0.20677143D-19
  613  0.02357060     -0.78960250D-11     -0.21918290D-19
  614  0.02385903     -0.83705244D-11     -0.23224737D-19
  615  0.02415098     -0.88699044D-11     -0.24598854D-19
  616  0.02444651     -0.93950832D-11     -0.26043070D-19
  617  0.02474566     -0.99469680D-11     -0.27559897D-19
  618  0.02504847     -0.10526448D-10     -0.29151801D-19
  619  0.02535498     -0.11134385D-10     -0.30821084D-19
  620  0.02566524     -0.11771607D-10     -0.32569893D-19
  621  0.02597930     -0.12438898D-10     -0.34400320D-19
  622  0.02629721     -0.13136982D-10     -0.36314202D-19
  623  0.02661900     -0.13866515D-10     -0.38313141D-19
  624  0.02694473     -0.14628071D-10     -0.40398594D-19
  625  0.02727445     -0.15422122D-10     -0.42571722D-19
  626  0.02760820     -0.16249025D-10     -0.44833558D-19
  627  0.02794603     -0.17108999D-10     -0.47184519D-19
  628  0.02828800     -0.18002107D-10     -0.49624557D-19
  629  0.02863416     -0.18928228D-10     -0.52153554D-19
  630  0.02898455     -0.19887036D-10     -0.54770269D-19
  631  0.02933922     -0.20877968D-10     -0.57473019D-19
  632  0.02969824     -0.21900194D-10     -0.60259596D-19
  633  0.03006165     -0.22952582D-10     -0.63126848D-19
  634  0.03042951     -0.24033662D-10     -0.66070605D-19
  635  0.03080187     -0.25141585D-10     -0.69085751D-19
  636  0.03117879     -0.26274077D-10     -0.72165993D-19
  637  0.03156031     -0.27428394D-10     -0.75303750D-19
  638  0.03194651     -0.28601268D-10     -0.78490021D-19
  639  0.03233743     -0.29788850D-10     -0.81714539D-19
  640  0.03273314     -0.30986651D-10     -0.84964764D-19
  641  0.03313369     -0.32189476D-10     -0.88226744D-19
  642  0.03353914     -0.33391350D-10     -0.91484230D-19
  643  0.03394955     -0.34585446D-10     -0.94718182D-19
  644  0.03436498     -0.35764000D-10     -0.97907829D-19
  645  0.03478550     -0.36918226D-10     -0.10102902D-18
  646  0.03521116     -0.38038218D-10     -0.10405502D-18
  647  0.03564203     -0.39112853D-10     -0.10695554D-18
  648  0.03607817     -0.40129683D-10     -0.10969685D-18
  649  0.03651965     -0.41074817D-10     -0.11224108D-18
  650  0.03696654     -0.41932805D-10     -0.11454669D-18
  651  0.03741889     -0.42686502D-10     -0.11656682D-18
  652  0.03787678     -0.43316938D-10     -0.11825021D-18
  653  0.03834027     -0.43803167D-10     -0.11954012D-18
  654  0.03880943     -0.44122113D-10     -0.12037400D-18
  655  0.03928433     -0.44248413D-10     -0.12068306D-18
  656  0.03976504     -0.44154242D-10     -0.12039198D-18
  657  0.04025164     -0.43809132D-10     -0.11941828D-18
  658  0.04074419     -0.43179789D-10     -0.11767170D-18
  659  0.04124277     -0.42229888D-10     -0.11505398D-18
  660  0.04174745     -0.40919874D-10     -0.11145788D-18
  661  0.04225830     -0.39206741D-10     -0.10676696D-18
  662  0.04277541     -0.37043810D-10     -0.10085470D-18
  663  0.04329884     -0.34380496D-10     -0.93584064D-19
  664  0.04382868     -0.31162066D-10     -0.84806725D-19
  665  0.04436500     -0.27329391D-10     -0.74362406D-19
  666  0.04490788     -0.22818688D-10     -0.62078141D-19
  667  0.04545741     -0.17561259D-10     -0.47767609D-19
  668  0.04601366     -0.11483218D-10     -0.31230331D-19
  669  0.04657672     -0.45052176D-11     -0.12250938D-19
  670  0.04714667      0.34578290D-11      0.94016306D-20
  671  0.04772360      0.12497033D-10      0.33974909D-19
  672  0.04830758      0.22709810D-10      0.61733708D-19
  673  0.04889871      0.34200171D-10      0.92960920D-19
  674  0.04949707      0.47078994D-10      0.12795832D-18
  675  0.05010275      0.61464313D-10      0.16704735D-18
  676  0.05071585      0.77481582D-10      0.21056996D-18
  677  0.05133645      0.95263939D-10      0.25888929D-18
  678  0.05196464      0.11495246D-09      0.31239052D-18
  679  0.05260052      0.13669638D-09      0.37148142D-18
  680  0.05324418      0.16065334D-09      0.43659323D-18
  681  0.05389572      0.18698953D-09      0.50818113D-18
  682  0.05455523      0.21587990D-09      0.58672481D-18
  683  0.05522281      0.24750824D-09      0.67272886D-18
  684  0.05589856      0.28206731D-09      0.76672304D-18
  685  0.05658258      0.31975887D-09      0.86926298D-18
  686  0.05727497      0.36079367D-09      0.98092979D-18
  687  0.05797583      0.40539138D-09      0.11023305D-17
  688  0.05868527      0.45378043D-09      0.12340975D-17
  689  0.05940338      0.50619788D-09      0.13768883D-17
  690  0.06013029      0.56288901D-09      0.15313850D-17
  691  0.06086609      0.62410702D-09      0.16982930D-17
  692  0.06161090      0.69011252D-09      0.18783414D-17
  693  0.06236482      0.76117289D-09      0.20722797D-17
  694  0.06312796      0.83756159D-09      0.22808772D-17
  695  0.06390044      0.91955726D-09      0.25049217D-17
  696  0.06468238      0.10074427D-08      0.27452148D-17
  697  0.06547388      0.11015039D-08      0.30025719D-17
  698  0.06627507      0.12020282D-08      0.32778167D-17
  699  0.06708607      0.13093035D-08      0.35717794D-17
  700  0.06790698      0.14236159D-08      0.38852916D-17
  701  0.06873795      0.15452480D-08      0.42191807D-17
  702  0.06957908      0.16744771D-08      0.45742680D-17
  703  0.07043050      0.18115723D-08      0.49513584D-17
  704  0.07129234      0.19567925D-08      0.53512363D-17
  705  0.07216473      0.21103831D-08      0.57746599D-17
  706  0.07304779      0.22725733D-08      0.62223516D-17
  707  0.07394166      0.24435726D-08      0.66949913D-17
  708  0.07484647      0.26235675D-08      0.71932057D-17
  709  0.07576235      0.28127176D-08      0.77175595D-17
  710  0.07668944      0.30111513D-08      0.82685479D-17
  711  0.07762787      0.32189623D-08      0.88465830D-17
  712  0.07857779      0.34362044D-08      0.94519813D-17
  713  0.07953933      0.36628872D-08      0.10084955D-16
  714  0.08051263      0.38989712D-08      0.10745600D-16
  715  0.08149785      0.41443628D-08      0.11433875D-16
  716  0.08249512      0.43989092D-08      0.12149598D-16
  717  0.08350459      0.46623929D-08      0.12892427D-16
  718  0.08452642      0.49345269D-08      0.13661852D-16
  719  0.08556075      0.52149490D-08      0.14457175D-16
  720  0.08660774      0.55032167D-08      0.15277501D-16
  721  0.08766754      0.57988020D-08      0.16121717D-16
  722  0.08874031      0.61010865D-08      0.16988488D-16
  723  0.08982620      0.64093567D-08      0.17876237D-16
  724  0.09092538      0.67227994D-08      0.18783135D-16
  725  0.09203802      0.70404981D-08      0.19707088D-16
  726  0.09316427      0.73614288D-08      0.20645733D-16
  727  0.09430430      0.76844582D-08      0.21596422D-16
  728  0.09545828      0.80083404D-08      0.22556225D-16
  729  0.09662638      0.83317163D-08      0.23521902D-16
  730  0.09780878      0.86531131D-08      0.24489927D-16
  731  0.09900564      0.89709448D-08      0.25456477D-16
  732  0.10021715      0.92835140D-08      0.26417426D-16
  733  0.10144349      0.95890155D-08      0.27368362D-16
  734  0.10268483      0.98855403D-08      0.28304584D-16
  735  0.10394136      0.10171082D-07      0.29221116D-16
  736  0.10521327      0.10443546D-07      0.30112744D-16
  737  0.10650074      0.10700755D-07      0.30974006D-16
  738  0.10780396      0.10940465D-07      0.31799218D-16
  739  0.10912314      0.11160378D-07      0.32582549D-16
  740  0.11045845      0.11358156D-07      0.33317988D-16
  741  0.11181011      0.11531437D-07      0.33999440D-16
  742  0.11317830      0.11677861D-07      0.34620729D-16
  743  0.11456324      0.11795084D-07      0.35175672D-16
  744  0.11596513      0.11880809D-07      0.35658125D-16
  745  0.11738417      0.11932809D-07      0.36062044D-16
  746  0.11882057      0.11948956D-07      0.36381537D-16
  747  0.12027455      0.11927250D-07      0.36610967D-16
  748  0.12174632      0.11865854D-07      0.36744972D-16
  749  0.12323611      0.11763126D-07      0.36778590D-16
  750  0.12474412      0.11617654D-07      0.36707303D-16
  751  0.12627059      0.11428294D-07      0.36527144D-16
  752  0.12781573      0.11194206D-07      0.36234767D-16
  753  0.12937979      0.10914890D-07      0.35827517D-16
  754  0.13096298      0.10590230D-07      0.35303554D-16
  755  0.13256554      0.10220524D-07      0.34661903D-16
  756  0.13418772      0.98065244D-08      0.33902531D-16
  757  0.13582974      0.93494738D-08      0.33026432D-16
  758  0.13749186      0.88511366D-08      0.32035717D-16
  759  0.13917432      0.83138308D-08      0.30933635D-16
  760  0.14087736      0.77404550D-08      0.29724668D-16
  761  0.14260125      0.71345130D-08      0.28414539D-16
  762  0.14434623      0.65001327D-08      0.27010281D-16
  763  0.14611256      0.58420815D-08      0.25520219D-16
  764  0.14790051      0.51657748D-08      0.23954014D-16
  765  0.14971034      0.44772794D-08      0.22322626D-16
  766  0.15154231      0.37833099D-08      0.20638298D-16
  767  0.15339670      0.30912182D-08      0.18914512D-16
  768  0.15527378      0.24089760D-08      0.17165920D-16
  769  0.15717383      0.17451486D-08      0.15408266D-16
  770  0.15909713      0.11088627D-08      0.13658277D-16
  771  0.16104397      0.50976430D-09      0.11933552D-16
  772  0.16301463     -0.42029632D-10      0.10252410D-16
  773  0.16500940     -0.53598803D-09      0.86337265D-17
  774  0.16702858     -0.96122983D-09      0.70967602D-17
  775  0.16907248     -0.13065952D-08      0.56609454D-17
  776  0.17114138     -0.15607236D-08      0.43456890D-17
  777  0.17323560     -0.17121378D-08      0.31701261D-17
  778  0.17535544     -0.17493341D-08      0.21528869D-17
  779  0.17750123     -0.16608776D-08      0.13118339D-17
  780  0.17967327     -0.14355019D-08      0.66379482D-18
  781  0.18187190     -0.10622145D-08      0.22428254D-18
  782  0.18409742     -0.53040487D-09      0.72087523D-20
  783  0.18635018      0.17004170D-09      0.24585134D-19
  784  0.18863051      0.10486270D-08      0.28621662D-18
  785  0.19093874      0.21141171D-08      0.79938371D-18
  786  0.19327521      0.33744146D-08      0.15685126D-17
  787  0.19564028      0.48364234D-08      0.25948320D-17
  788  0.19803428      0.65059065D-08      0.38760113D-17
  789  0.20045759      0.83873337D-08      0.54057776D-17
  790  0.20291054      0.10483718D-07      0.71735093D-17
  791  0.20539351      0.12796438D-07      0.91637999D-17
  792  0.20790687      0.15325048D-07      0.11355986D-16
  793  0.21045098      0.18067067D-07      0.13723636D-16
  794  0.21302622      0.21017751D-07      0.16233999D-16
  795  0.21563298      0.24169843D-07      0.18847411D-16
  796  0.21827163      0.27513309D-07      0.21516638D-16
  797  0.22094257      0.31035042D-07      0.24186197D-16
  798  0.22364620      0.34718553D-07      0.26791613D-16
  799  0.22638290      0.38543643D-07      0.29258629D-16
  800  0.22915310      0.42486058D-07      0.31502439D-16
  801  0.23195720      0.46517129D-07      0.33426802D-16
  802  0.23479561      0.50603414D-07      0.34923271D-16
  803  0.23766875      0.54706329D-07      0.35870296D-16
  804  0.24057705      0.58781800D-07      0.36132517D-16
  805  0.24352094      0.62779919D-07      0.35559908D-16
  806  0.24650085      0.66644633D-07      0.33987207D-16
  807  0.24951723      0.70313473D-07      0.31233296D-16
  808  0.25257051      0.73717324D-07      0.27100803D-16
  809  0.25566116      0.76780261D-07      0.21375845D-16
  810  0.25878963      0.79419454D-07      0.13827928D-16
  811  0.26195638      0.81545158D-07      0.42101369D-17
  812  0.26516189      0.83060794D-07     -0.77405109D-17
  813  0.26840661      0.83863141D-07     -0.22302253D-16
  814  0.27169104      0.83842638D-07     -0.39767748D-16
  815  0.27501567      0.82883812D-07     -0.60442591D-16
  816  0.27838097      0.80865834D-07     -0.84643776D-16
  817  0.28178746      0.77663215D-07     -0.11269761D-15
  818  0.28523563      0.73146643D-07     -0.14493727D-15
  819  0.28872600      0.67183957D-07     -0.18170003D-15
  820  0.29225907      0.59641275D-07     -0.22332413D-15
  821  0.29583538      0.50384255D-07     -0.27014515D-15
  822  0.29945545      0.39279509D-07     -0.32249211D-15
  823  0.30311983      0.26196139D-07     -0.38068319D-15
  824  0.30682904      0.11007419D-07     -0.44502096D-15
  825  0.31058363     -0.64074124D-08     -0.51578757D-15
  826  0.31438418     -0.26161239D-07     -0.59323917D-15
  827  0.31823123     -0.48357044D-07     -0.67760057D-15
  828  0.32212535     -0.73085803D-07     -0.76905917D-15
  829  0.32606713     -0.10042428D-06     -0.86775886D-15
  830  0.33005714     -0.13043276D-06     -0.97379380D-15
  831  0.33409598     -0.16315273D-06     -0.10872017D-14
  832  0.33818424     -0.19860445D-06     -0.12079574D-14
  833  0.34232252     -0.23678459D-06     -0.13359657D-14
  834  0.34651145     -0.27766376D-06     -0.14710548D-14
  835  0.35075163     -0.32118401D-06     -0.16129690D-14
  836  0.35504370     -0.36725637D-06     -0.17613617D-14
  837  0.35938829     -0.41575838D-06     -0.19157883D-14
  838  0.36378605     -0.46653156D-06     -0.20756992D-14
  839  0.36823762     -0.51937896D-06     -0.22404321D-14
  840  0.37274366     -0.57406270D-06     -0.24092055D-14
  841  0.37730484     -0.63030151D-06     -0.25811110D-14
  842  0.38192184     -0.68776825D-06     -0.27551061D-14
  843  0.38659533     -0.74608757D-06     -0.29300076D-14
  844  0.39132601     -0.80483345D-06     -0.31044837D-14
  845  0.39611458     -0.86352687D-06     -0.32770475D-14
  846  0.40096175     -0.92163344D-06     -0.34460495D-14
  847  0.40586823     -0.97856115D-06     -0.36096706D-14
  848  0.41083475     -0.10336580D-05     -0.37659157D-14
  849  0.41586204     -0.10862101D-05     -0.39126063D-14
  850  0.42095085     -0.11354390D-05     -0.40473739D-14
  851  0.42610194     -0.11805004D-05     -0.41676543D-14
  852  0.43131605     -0.12204816D-05     -0.42706806D-14
  853  0.43659397     -0.12544002D-05     -0.43534783D-14
  854  0.44193648     -0.12812026D-05     -0.44128597D-14
  855  0.44734435     -0.12997625D-05     -0.44454197D-14
  856  0.45281841     -0.13088801D-05     -0.44475318D-14
  857  0.45835945     -0.13072817D-05     -0.44153459D-14
  858  0.46396829     -0.12936197D-05     -0.43447863D-14
  859  0.46964577     -0.12664726D-05     -0.42315522D-14
  860  0.47539272     -0.12243470D-05     -0.40711190D-14
  861  0.48120999     -0.11656787D-05     -0.38587418D-14
  862  0.48709846     -0.10888361D-05     -0.35894615D-14
  863  0.49305897     -0.99212338D-06     -0.32581126D-14
  864  0.49909242     -0.87378582D-06     -0.28593347D-14
  865  0.50519971     -0.73201546D-06     -0.23875860D-14
  866  0.51138173     -0.56495845D-06     -0.18371612D-14
  867  0.51763939     -0.37072371D-06     -0.12022120D-14
  868  0.52397363     -0.14739296D-06     -0.47677205D-15
  869  0.53038538      0.10696772D-06      0.34521492D-15
  870  0.53687559      0.39429477D-06      0.12698622D-14
  871  0.54344522      0.71651256D-06      0.23033037D-14
  872  0.55009523      0.10755173D-05      0.34516535D-14
  873  0.55682663      0.14731594D-05      0.47209619D-14
  874  0.56364039      0.19112250D-05      0.61171673D-14
  875  0.57053754      0.23914155D-05      0.76460457D-14
  876  0.57751908      0.29153271D-05      0.93131571D-14
  877  0.58458605      0.34844290D-05      0.11123791D-13
  878  0.59173950      0.41000418D-05      0.13082908D-13
  879  0.59898049      0.47633152D-05      0.15195085D-13
  880  0.60631008      0.54752069D-05      0.17464460D-13
  881  0.61372936      0.62364616D-05      0.19894673D-13
  882  0.62123943      0.70475918D-05      0.22488821D-13
  883  0.62884140      0.79088597D-05      0.25249402D-13
  884  0.63653639      0.88202614D-05      0.28178279D-13
  885  0.64432555      0.97815137D-05      0.31276640D-13
  886  0.65221002      0.10792043D-04      0.34544963D-13
  887  0.66019097      0.11850978D-04      0.37982996D-13
  888  0.66826958      0.12957144D-04      0.41589738D-13
  889  0.67644705      0.14109062D-04      0.45363428D-13
  890  0.68472458      0.15304947D-04      0.49301537D-13
  891  0.69310340      0.16542714D-04      0.53400778D-13
  892  0.70158476      0.17819983D-04      0.57657100D-13
  893  0.71016989      0.19134083D-04      0.62065708D-13
  894  0.71886009      0.20482062D-04      0.66621066D-13
  895  0.72765662      0.21860693D-04      0.71316911D-13
  896  0.73656079      0.23266484D-04      0.76146262D-13
  897  0.74557392      0.24695682D-04      0.81101423D-13
  898  0.75469735      0.26144278D-04      0.86173989D-13
  899  0.76393241      0.27608011D-04      0.91354841D-13
  900  0.77328048      0.29082367D-04      0.96634135D-13
  901  0.78274295      0.30562583D-04      0.10200129D-12
  902  0.79232120      0.32043637D-04      0.10744498D-12
  903  0.80201666      0.33520250D-04      0.11295307D-12
  904  0.81183076      0.34986878D-04      0.11851267D-12
  905  0.82176495      0.36437712D-04      0.12411002D-12
  906  0.83182071      0.37866669D-04      0.12973054D-12
  907  0.84199951      0.39267395D-04      0.13535877D-12
  908  0.85230288      0.40633266D-04      0.14097840D-12
  909  0.86273232      0.41957394D-04      0.14657222D-12
  910  0.87328938      0.43232637D-04      0.15212219D-12
  911  0.88397563      0.44451619D-04      0.15760942D-12
  912  0.89479265      0.45606750D-04      0.16301427D-12
  913  0.90574203      0.46690255D-04      0.16831635D-12
  914  0.91682539      0.47694217D-04      0.17349464D-12
  915  0.92804438      0.48610615D-04      0.17852759D-12
  916  0.93940066      0.49431379D-04      0.18339323D-12
  917  0.95089589      0.50148447D-04      0.18806930D-12
  918  0.96253180      0.50753830D-04      0.19253340D-12
  919  0.97431009      0.51239686D-04      0.19676320D-12
  920  0.98623250      0.51598390D-04      0.20073657D-12
  921  0.99830081      0.51822620D-04      0.20443179D-12
  922  1.01051680      0.51905436D-04      0.20782778D-12
  923  1.02288227      0.51840367D-04      0.21090426D-12
  924  1.03539905      0.51621493D-04      0.21364199D-12
  925  1.04806900      0.51243534D-04      0.21602298D-12
  926  1.06089399      0.50701929D-04      0.21803067D-12
  927  1.07387592      0.49992912D-04      0.21965017D-12
  928  1.08701670      0.49113592D-04      0.22086840D-12
  929  1.10031828      0.48062011D-04      0.22167429D-12
  930  1.11378263      0.46837214D-04      0.22205895D-12
  931  1.12741175      0.45439291D-04      0.22201577D-12
  932  1.14120763      0.43869427D-04      0.22154057D-12
  933  1.15517234      0.42129930D-04      0.22063169D-12
  934  1.16930793      0.40224257D-04      0.21929004D-12
  935  1.18361649      0.38157020D-04      0.21751915D-12
  936  1.19810014      0.35933987D-04      0.21532519D-12
  937  1.21276103      0.33562069D-04      0.21271696D-12
  938  1.22760132      0.31049288D-04      0.20970582D-12
  939  1.24262321      0.28404743D-04      0.20630563D-12
  940  1.25782891      0.25638556D-04      0.20253269D-12
  941  1.27322069      0.22761806D-04      0.19840554D-12
  942  1.28880081      0.19786460D-04      0.19394486D-12
  943  1.30457158      0.16725282D-04      0.18917330D-12
  944  1.32053533      0.13591750D-04      0.18411525D-12
  945  1.33669443      0.10399948D-04      0.17879666D-12
  946  1.35305126      0.71644632D-05      0.17324478D-12
  947  1.36960825      0.39002725D-05      0.16748796D-12
  948  1.38636785      0.62262412D-06      0.16155533D-12
  949  1.40333252     -0.26530840D-05      0.15547661D-12
  950  1.42050479     -0.59114294D-05      0.14928183D-12
  951  1.43788720     -0.91370901D-05      0.14300102D-12
  952  1.45548230     -0.12314969D-04      0.13666403D-12
  953  1.47329272     -0.15430316D-04      0.13030020D-12
  954  1.49132108     -0.18468843D-04      0.12393816D-12
  955  1.50957004     -0.21416831D-04      0.11760562D-12
  956  1.52804232     -0.24261240D-04      0.11132907D-12
  957  1.54674064     -0.26989797D-04      0.10513370D-12
  958  1.56566776     -0.29591087D-04      0.99043102D-13
  959  1.58482649     -0.32054636D-04      0.93079205D-13
  960  1.60421966     -0.34370978D-04      0.87262089D-13
  961  1.62385014     -0.36531721D-04      0.81609894D-13
  962  1.64372084     -0.38529591D-04      0.76138730D-13
  963  1.66383469     -0.40358470D-04      0.70862617D-13
  964  1.68419466     -0.42013421D-04      0.65793454D-13
  965  1.70480378     -0.43490689D-04      0.60941008D-13
  966  1.72566509     -0.44787708D-04      0.56312931D-13
  967  1.74678167     -0.45903080D-04      0.51914797D-13
  968  1.76815665     -0.46836559D-04      0.47750168D-13
  969  1.78979319     -0.47589017D-04      0.43820672D-13
  970  1.81169450     -0.48162406D-04      0.40126107D-13
  971  1.83386380     -0.48559709D-04      0.36664559D-13
  972  1.85630439     -0.48784874D-04      0.33432535D-13
  973  1.87901958     -0.48842745D-04      0.30425108D-13
  974  1.90201272     -0.48738984D-04      0.27636069D-13
  975  1.92528723     -0.48479987D-04      0.25058090D-13
  976  1.94884655     -0.48072808D-04      0.22682889D-13
  977  1.97269415     -0.47525069D-04      0.20501395D-13
  978  1.99683357     -0.46844882D-04      0.18503912D-13
  979  2.02126838     -0.46040755D-04      0.16680280D-13
  980  2.04600220     -0.45121510D-04      0.15020028D-13
  981  2.07103868     -0.44096182D-04      0.13512524D-13
  982  2.09638152     -0.42973944D-04      0.12147105D-13
  983  2.12203448     -0.41764015D-04      0.10913206D-13
  984  2.14800134     -0.40475601D-04      0.98004674D-14
  985  2.17428596     -0.39117817D-04      0.87988330D-14
  986  2.20089222     -0.37699633D-04      0.78986305D-14
  987  2.22782405     -0.36229806D-04      0.70906399D-14
  988  2.25508544     -0.34716826D-04      0.63661467D-14
  989  2.28268042     -0.33168866D-04      0.57169800D-14
  990  2.31061308     -0.31593750D-04      0.51355384D-14
  991  2.33888754     -0.29998920D-04      0.46148027D-14
  992  2.36750799     -0.28391414D-04      0.41483371D-14
  993  2.39647866     -0.26777847D-04      0.37302814D-14
  994  2.42580384     -0.25164387D-04      0.33553357D-14
  995  2.45548787     -0.23556747D-04      0.30187359D-14
  996  2.48553513     -0.21960181D-04      0.27162258D-14
  997  2.51595007     -0.20379496D-04      0.24440233D-14
  998  2.54673720     -0.18819052D-04      0.21987851D-14
  999  2.57790106     -0.17282767D-04      0.19775696D-14
 1000  2.60944626     -0.15774124D-04      0.17777993D-14
 1001  2.64137748     -0.14296188D-04      0.15972234D-14
 1002  2.67369943     -0.12851632D-04      0.14338816D-14
 1003  2.70641690     -0.11496920D-04      0.12859108D-14
 1004  2.73953473     -0.10241579D-04      0.11514988D-14
 1005  2.77305781     -0.91001211D-05      0.10290095D-14
 1006  2.80699111     -0.80713203D-05      0.91699103D-15
 1007  2.84133964     -0.71483951D-05      0.81422395D-15
 1008  2.87610848     -0.63218925D-05      0.71971819D-15
 1009  2.91130278     -0.55815467D-05      0.63269148D-15
 1010  2.94692775     -0.49174039D-05      0.55253579D-15
 1011  2.98298866     -0.43204317D-05      0.47877893D-15
 1012  3.01949083     -0.37827775D-05      0.41104682D-15
 1013  3.05643967     -0.32978118D-05      0.34902932D-15
 1014  3.09384065     -0.28606738D-05      0.29245523D-15
 1015  3.13169929     -0.24699069D-05      0.24118320D-15
 1016  3.17002121     -0.21229966D-05      0.19510668D-15
 1017  3.20881205     -0.18179118D-05      0.15409810D-15
 1018  3.24807758     -0.15520207D-05      0.11797310D-15
 1019  3.28782359     -0.13222275D-05      0.86447286D-16
 1020  3.32805596     -0.11246932D-05      0.59068459D-16
 1021  3.36878064     -0.95567471D-06      0.35374427D-16
 1022  3.41000367     -0.81149359D-06      0.14890655D-16
