 ir        r               f(r)
    1  0.00001334      0.12053958D-07
    2  0.00001351      0.12350597D-07
    3  0.00001367      0.12654534D-07
    4  0.00001384      0.12965948D-07
    5  0.00001401      0.13285017D-07
    6  0.00001418      0.13611938D-07
    7  0.00001435      0.13946899D-07
    8  0.00001453      0.14290101D-07
    9  0.00001471      0.14641745D-07
   10  0.00001489      0.15002040D-07
   11  0.00001507      0.15371198D-07
   12  0.00001525      0.15749438D-07
   13  0.00001544      0.16136981D-07
   14  0.00001563      0.16534058D-07
   15  0.00001582      0.16940902D-07
   16  0.00001601      0.17357754D-07
   17  0.00001621      0.17784860D-07
   18  0.00001641      0.18222471D-07
   19  0.00001661      0.18670847D-07
   20  0.00001681      0.19130251D-07
   21  0.00001702      0.19600955D-07
   22  0.00001723      0.20083237D-07
   23  0.00001744      0.20577381D-07
   24  0.00001765      0.21083678D-07
   25  0.00001787      0.21602429D-07
   26  0.00001808      0.22133938D-07
   27  0.00001831      0.22678519D-07
   28  0.00001853      0.23236494D-07
   29  0.00001876      0.23808192D-07
   30  0.00001899      0.24393950D-07
   31  0.00001922      0.24994113D-07
   32  0.00001945      0.25609037D-07
   33  0.00001969      0.26239083D-07
   34  0.00001993      0.26884623D-07
   35  0.00002018      0.27546038D-07
   36  0.00002042      0.28223718D-07
   37  0.00002067      0.28918064D-07
   38  0.00002093      0.29629483D-07
   39  0.00002118      0.30358397D-07
   40  0.00002144      0.31105234D-07
   41  0.00002170      0.31870436D-07
   42  0.00002197      0.32654454D-07
   43  0.00002224      0.33457749D-07
   44  0.00002251      0.34280796D-07
   45  0.00002279      0.35124080D-07
   46  0.00002306      0.35988098D-07
   47  0.00002335      0.36873360D-07
   48  0.00002363      0.37780387D-07
   49  0.00002392      0.38709714D-07
   50  0.00002421      0.39661889D-07
   51  0.00002451      0.40637474D-07
   52  0.00002481      0.41637043D-07
   53  0.00002511      0.42661185D-07
   54  0.00002542      0.43710505D-07
   55  0.00002573      0.44785621D-07
   56  0.00002605      0.45887165D-07
   57  0.00002637      0.47015789D-07
   58  0.00002669      0.48172155D-07
   59  0.00002701      0.49356947D-07
   60  0.00002735      0.50570862D-07
   61  0.00002768      0.51814615D-07
   62  0.00002802      0.53088939D-07
   63  0.00002836      0.54394585D-07
   64  0.00002871      0.55732321D-07
   65  0.00002906      0.57102937D-07
   66  0.00002942      0.58507239D-07
   67  0.00002978      0.59946055D-07
   68  0.00003014      0.61420232D-07
   69  0.00003051      0.62930637D-07
   70  0.00003088      0.64478162D-07
   71  0.00003126      0.66063716D-07
   72  0.00003164      0.67688233D-07
   73  0.00003203      0.69352671D-07
   74  0.00003242      0.71058009D-07
   75  0.00003282      0.72805250D-07
   76  0.00003322      0.74595425D-07
   77  0.00003363      0.76429585D-07
   78  0.00003404      0.78308812D-07
   79  0.00003445      0.80234210D-07
   80  0.00003488      0.82206914D-07
   81  0.00003530      0.84228084D-07
   82  0.00003573      0.86298909D-07
   83  0.00003617      0.88420609D-07
   84  0.00003661      0.90594431D-07
   85  0.00003706      0.92821654D-07
   86  0.00003752      0.95103589D-07
   87  0.00003798      0.97441578D-07
   88  0.00003844      0.99836996D-07
   89  0.00003891      0.10229125D-06
   90  0.00003939      0.10480579D-06
   91  0.00003987      0.10738209D-06
   92  0.00004036      0.11002166D-06
   93  0.00004085      0.11272606D-06
   94  0.00004135      0.11549688D-06
   95  0.00004186      0.11833575D-06
   96  0.00004237      0.12124433D-06
   97  0.00004289      0.12422433D-06
   98  0.00004341      0.12727751D-06
   99  0.00004394      0.13040566D-06
  100  0.00004448      0.13361062D-06
  101  0.00004502      0.13689428D-06
  102  0.00004558      0.14025855D-06
  103  0.00004613      0.14370543D-06
  104  0.00004670      0.14723692D-06
  105  0.00004727      0.15085512D-06
  106  0.00004785      0.15456213D-06
  107  0.00004843      0.15836015D-06
  108  0.00004903      0.16225140D-06
  109  0.00004963      0.16623816D-06
  110  0.00005023      0.17032277D-06
  111  0.00005085      0.17450765D-06
  112  0.00005147      0.17879523D-06
  113  0.00005210      0.18318804D-06
  114  0.00005274      0.18768865D-06
  115  0.00005338      0.19229971D-06
  116  0.00005404      0.19702392D-06
  117  0.00005470      0.20186406D-06
  118  0.00005537      0.20682296D-06
  119  0.00005604      0.21190353D-06
  120  0.00005673      0.21710876D-06
  121  0.00005742      0.22244169D-06
  122  0.00005813      0.22790545D-06
  123  0.00005884      0.23350325D-06
  124  0.00005956      0.23923837D-06
  125  0.00006029      0.24511416D-06
  126  0.00006102      0.25113408D-06
  127  0.00006177      0.25730166D-06
  128  0.00006253      0.26362049D-06
  129  0.00006329      0.27009430D-06
  130  0.00006407      0.27672687D-06
  131  0.00006485      0.28352209D-06
  132  0.00006564      0.29048393D-06
  133  0.00006645      0.29761648D-06
  134  0.00006726      0.30492391D-06
  135  0.00006808      0.31241050D-06
  136  0.00006892      0.32008063D-06
  137  0.00006976      0.32793879D-06
  138  0.00007061      0.33598958D-06
  139  0.00007148      0.34423772D-06
  140  0.00007235      0.35268802D-06
  141  0.00007324      0.36134543D-06
  142  0.00007413      0.37021503D-06
  143  0.00007504      0.37930198D-06
  144  0.00007596      0.38861161D-06
  145  0.00007689      0.39814937D-06
  146  0.00007783      0.40792082D-06
  147  0.00007878      0.41793168D-06
  148  0.00007975      0.42818779D-06
  149  0.00008072      0.43869516D-06
  150  0.00008171      0.44945992D-06
  151  0.00008271      0.46048836D-06
  152  0.00008372      0.47178692D-06
  153  0.00008475      0.48336219D-06
  154  0.00008578      0.49522095D-06
  155  0.00008683      0.50737010D-06
  156  0.00008790      0.51981675D-06
  157  0.00008897      0.53256815D-06
  158  0.00009006      0.54563174D-06
  159  0.00009116      0.55901516D-06
  160  0.00009228      0.57272619D-06
  161  0.00009341      0.58677284D-06
  162  0.00009455      0.60116330D-06
  163  0.00009571      0.61590596D-06
  164  0.00009688      0.63100941D-06
  165  0.00009806      0.64648246D-06
  166  0.00009926      0.66233411D-06
  167  0.00010048      0.67857360D-06
  168  0.00010171      0.69521039D-06
  169  0.00010295      0.71225417D-06
  170  0.00010421      0.72971486D-06
  171  0.00010549      0.74760263D-06
  172  0.00010678      0.76592787D-06
  173  0.00010808      0.78470126D-06
  174  0.00010941      0.80393372D-06
  175  0.00011075      0.82363643D-06
  176  0.00011210      0.84382085D-06
  177  0.00011347      0.86449871D-06
  178  0.00011486      0.88568204D-06
  179  0.00011627      0.90738313D-06
  180  0.00011769      0.92961459D-06
  181  0.00011913      0.95238935D-06
  182  0.00012059      0.97572062D-06
  183  0.00012206      0.99962196D-06
  184  0.00012356      0.10241072D-05
  185  0.00012507      0.10491906D-05
  186  0.00012660      0.10748867D-05
  187  0.00012815      0.11012104D-05
  188  0.00012972      0.11281770D-05
  189  0.00013130      0.11558020D-05
  190  0.00013291      0.11841015D-05
  191  0.00013454      0.12130920D-05
  192  0.00013618      0.12427901D-05
  193  0.00013785      0.12732132D-05
  194  0.00013954      0.13043787D-05
  195  0.00014124      0.13363048D-05
  196  0.00014297      0.13690098D-05
  197  0.00014472      0.14025129D-05
  198  0.00014649      0.14368332D-05
  199  0.00014829      0.14719907D-05
  200  0.00015010      0.15080056D-05
  201  0.00015194      0.15448989D-05
  202  0.00015380      0.15826917D-05
  203  0.00015568      0.16214059D-05
  204  0.00015758      0.16610640D-05
  205  0.00015951      0.17016886D-05
  206  0.00016146      0.17433034D-05
  207  0.00016344      0.17859322D-05
  208  0.00016544      0.18295997D-05
  209  0.00016746      0.18743311D-05
  210  0.00016951      0.19201521D-05
  211  0.00017159      0.19670891D-05
  212  0.00017369      0.20151691D-05
  213  0.00017581      0.20644198D-05
  214  0.00017796      0.21148696D-05
  215  0.00018014      0.21665475D-05
  216  0.00018235      0.22194831D-05
  217  0.00018458      0.22737069D-05
  218  0.00018683      0.23292502D-05
  219  0.00018912      0.23861447D-05
  220  0.00019144      0.24444231D-05
  221  0.00019378      0.25041189D-05
  222  0.00019615      0.25652664D-05
  223  0.00019855      0.26279006D-05
  224  0.00020098      0.26920574D-05
  225  0.00020344      0.27577736D-05
  226  0.00020593      0.28250869D-05
  227  0.00020845      0.28940357D-05
  228  0.00021100      0.29646596D-05
  229  0.00021358      0.30369989D-05
  230  0.00021619      0.31110950D-05
  231  0.00021884      0.31869903D-05
  232  0.00022152      0.32647282D-05
  233  0.00022423      0.33443530D-05
  234  0.00022697      0.34259103D-05
  235  0.00022975      0.35094465D-05
  236  0.00023256      0.35950093D-05
  237  0.00023541      0.36826474D-05
  238  0.00023829      0.37724110D-05
  239  0.00024120      0.38643509D-05
  240  0.00024415      0.39585197D-05
  241  0.00024714      0.40549709D-05
  242  0.00025017      0.41537593D-05
  243  0.00025323      0.42549411D-05
  244  0.00025633      0.43585739D-05
  245  0.00025946      0.44647164D-05
  246  0.00026264      0.45734289D-05
  247  0.00026585      0.46847731D-05
  248  0.00026910      0.47988122D-05
  249  0.00027240      0.49156107D-05
  250  0.00027573      0.50352348D-05
  251  0.00027911      0.51577523D-05
  252  0.00028252      0.52832324D-05
  253  0.00028598      0.54117461D-05
  254  0.00028948      0.55433661D-05
  255  0.00029302      0.56781668D-05
  256  0.00029660      0.58162241D-05
  257  0.00030023      0.59576159D-05
  258  0.00030391      0.61024221D-05
  259  0.00030763      0.62507242D-05
  260  0.00031139      0.64026058D-05
  261  0.00031520      0.65581522D-05
  262  0.00031906      0.67174510D-05
  263  0.00032296      0.68805917D-05
  264  0.00032692      0.70476660D-05
  265  0.00033092      0.72187677D-05
  266  0.00033497      0.73939927D-05
  267  0.00033906      0.75734393D-05
  268  0.00034321      0.77572080D-05
  269  0.00034741      0.79454017D-05
  270  0.00035166      0.81381256D-05
  271  0.00035597      0.83354876D-05
  272  0.00036032      0.85375978D-05
  273  0.00036473      0.87445692D-05
  274  0.00036920      0.89565170D-05
  275  0.00037371      0.91735596D-05
  276  0.00037829      0.93958178D-05
  277  0.00038292      0.96234152D-05
  278  0.00038760      0.98564785D-05
  279  0.00039234      0.10095137D-04
  280  0.00039715      0.10339524D-04
  281  0.00040200      0.10589774D-04
  282  0.00040692      0.10846026D-04
  283  0.00041190      0.11108422D-04
  284  0.00041694      0.11377108D-04
  285  0.00042205      0.11652232D-04
  286  0.00042721      0.11933945D-04
  287  0.00043244      0.12222404D-04
  288  0.00043773      0.12517768D-04
  289  0.00044309      0.12820199D-04
  290  0.00044851      0.13129863D-04
  291  0.00045400      0.13446932D-04
  292  0.00045955      0.13771579D-04
  293  0.00046518      0.14103982D-04
  294  0.00047087      0.14444325D-04
  295  0.00047663      0.14792792D-04
  296  0.00048246      0.15149576D-04
  297  0.00048837      0.15514871D-04
  298  0.00049434      0.15888877D-04
  299  0.00050039      0.16271797D-04
  300  0.00050651      0.16663841D-04
  301  0.00051271      0.17065222D-04
  302  0.00051899      0.17476159D-04
  303  0.00052534      0.17896874D-04
  304  0.00053177      0.18327597D-04
  305  0.00053827      0.18768560D-04
  306  0.00054486      0.19220002D-04
  307  0.00055153      0.19682169D-04
  308  0.00055828      0.20155308D-04
  309  0.00056511      0.20639677D-04
  310  0.00057202      0.21135536D-04
  311  0.00057902      0.21643151D-04
  312  0.00058611      0.22162797D-04
  313  0.00059328      0.22694752D-04
  314  0.00060054      0.23239301D-04
  315  0.00060789      0.23796736D-04
  316  0.00061533      0.24367356D-04
  317  0.00062286      0.24951465D-04
  318  0.00063048      0.25549376D-04
  319  0.00063819      0.26161406D-04
  320  0.00064600      0.26787882D-04
  321  0.00065391      0.27429137D-04
  322  0.00066191      0.28085510D-04
  323  0.00067001      0.28757350D-04
  324  0.00067821      0.29445013D-04
  325  0.00068651      0.30148862D-04
  326  0.00069491      0.30869268D-04
  327  0.00070341      0.31606611D-04
  328  0.00071202      0.32361278D-04
  329  0.00072073      0.33133667D-04
  330  0.00072955      0.33924183D-04
  331  0.00073848      0.34733238D-04
  332  0.00074751      0.35561258D-04
  333  0.00075666      0.36408672D-04
  334  0.00076592      0.37275924D-04
  335  0.00077529      0.38163465D-04
  336  0.00078478      0.39071755D-04
  337  0.00079438      0.40001265D-04
  338  0.00080410      0.40952476D-04
  339  0.00081394      0.41925881D-04
  340  0.00082390      0.42921980D-04
  341  0.00083398      0.43941287D-04
  342  0.00084419      0.44984326D-04
  343  0.00085452      0.46051631D-04
  344  0.00086498      0.47143749D-04
  345  0.00087556      0.48261237D-04
  346  0.00088628      0.49404667D-04
  347  0.00089712      0.50574619D-04
  348  0.00090810      0.51771687D-04
  349  0.00091921      0.52996480D-04
  350  0.00093046      0.54249615D-04
  351  0.00094184      0.55531726D-04
  352  0.00095337      0.56843459D-04
  353  0.00096504      0.58185472D-04
  354  0.00097684      0.59558439D-04
  355  0.00098880      0.60963047D-04
  356  0.00100090      0.62399996D-04
  357  0.00101315      0.63870004D-04
  358  0.00102554      0.65373800D-04
  359  0.00103809      0.66912129D-04
  360  0.00105080      0.68485753D-04
  361  0.00106365      0.70095449D-04
  362  0.00107667      0.71742007D-04
  363  0.00108984      0.73426238D-04
  364  0.00110318      0.75148965D-04
  365  0.00111668      0.76911029D-04
  366  0.00113034      0.78713291D-04
  367  0.00114418      0.80556624D-04
  368  0.00115818      0.82441922D-04
  369  0.00117235      0.84370096D-04
  370  0.00118670      0.86342076D-04
  371  0.00120122      0.88358809D-04
  372  0.00121592      0.90421261D-04
  373  0.00123079      0.92530417D-04
  374  0.00124586      0.94687283D-04
  375  0.00126110      0.96892882D-04
  376  0.00127653      0.99148259D-04
  377  0.00129215      0.10145448D-03
  378  0.00130797      0.10381262D-03
  379  0.00132397      0.10622380D-03
  380  0.00134017      0.10868914D-03
  381  0.00135657      0.11120979D-03
  382  0.00137317      0.11378692D-03
  383  0.00138997      0.11642173D-03
  384  0.00140698      0.11911541D-03
  385  0.00142420      0.12186923D-03
  386  0.00144163      0.12468443D-03
  387  0.00145927      0.12756230D-03
  388  0.00147713      0.13050415D-03
  389  0.00149520      0.13351132D-03
  390  0.00151350      0.13658515D-03
  391  0.00153202      0.13972703D-03
  392  0.00155076      0.14293836D-03
  393  0.00156974      0.14622059D-03
  394  0.00158895      0.14957516D-03
  395  0.00160839      0.15300355D-03
  396  0.00162807      0.15650729D-03
  397  0.00164800      0.16008790D-03
  398  0.00166816      0.16374694D-03
  399  0.00168858      0.16748602D-03
  400  0.00170924      0.17130674D-03
  401  0.00173015      0.17521075D-03
  402  0.00175133      0.17919972D-03
  403  0.00177276      0.18327536D-03
  404  0.00179445      0.18743939D-03
  405  0.00181641      0.19169358D-03
  406  0.00183863      0.19603971D-03
  407  0.00186113      0.20047961D-03
  408  0.00188391      0.20501511D-03
  409  0.00190696      0.20964810D-03
  410  0.00193030      0.21438047D-03
  411  0.00195392      0.21921418D-03
  412  0.00197783      0.22415119D-03
  413  0.00200203      0.22919349D-03
  414  0.00202653      0.23434311D-03
  415  0.00205132      0.23960212D-03
  416  0.00207643      0.24497261D-03
  417  0.00210183      0.25045669D-03
  418  0.00212755      0.25605653D-03
  419  0.00215359      0.26177430D-03
  420  0.00217994      0.26761223D-03
  421  0.00220662      0.27357256D-03
  422  0.00223362      0.27965758D-03
  423  0.00226095      0.28586960D-03
  424  0.00228862      0.29221095D-03
  425  0.00231662      0.29868402D-03
  426  0.00234497      0.30529122D-03
  427  0.00237367      0.31203497D-03
  428  0.00240271      0.31891776D-03
  429  0.00243211      0.32594208D-03
  430  0.00246188      0.33311047D-03
  431  0.00249200      0.34042549D-03
  432  0.00252249      0.34788974D-03
  433  0.00255336      0.35550584D-03
  434  0.00258461      0.36327644D-03
  435  0.00261623      0.37120424D-03
  436  0.00264825      0.37929195D-03
  437  0.00268065      0.38754232D-03
  438  0.00271346      0.39595811D-03
  439  0.00274666      0.40454213D-03
  440  0.00278027      0.41329721D-03
  441  0.00281429      0.42222622D-03
  442  0.00284873      0.43133202D-03
  443  0.00288359      0.44061754D-03
  444  0.00291888      0.45008571D-03
  445  0.00295459      0.45973949D-03
  446  0.00299075      0.46958186D-03
  447  0.00302735      0.47961583D-03
  448  0.00306439      0.48984443D-03
  449  0.00310189      0.50027071D-03
  450  0.00313985      0.51089774D-03
  451  0.00317827      0.52172862D-03
  452  0.00321716      0.53276644D-03
  453  0.00325653      0.54401433D-03
  454  0.00329638      0.55547542D-03
  455  0.00333671      0.56715288D-03
  456  0.00337754      0.57904987D-03
  457  0.00341887      0.59116955D-03
  458  0.00346071      0.60351511D-03
  459  0.00350306      0.61608975D-03
  460  0.00354592      0.62889667D-03
  461  0.00358932      0.64193905D-03
  462  0.00363324      0.65522011D-03
  463  0.00367770      0.66874304D-03
  464  0.00372270      0.68251104D-03
  465  0.00376825      0.69652732D-03
  466  0.00381436      0.71079504D-03
  467  0.00386104      0.72531740D-03
  468  0.00390829      0.74009755D-03
  469  0.00395611      0.75513864D-03
  470  0.00400452      0.77044380D-03
  471  0.00405352      0.78601614D-03
  472  0.00410313      0.80185875D-03
  473  0.00415333      0.81797468D-03
  474  0.00420416      0.83436696D-03
  475  0.00425560      0.85103859D-03
  476  0.00430768      0.86799251D-03
  477  0.00436039      0.88523164D-03
  478  0.00441375      0.90275885D-03
  479  0.00446776      0.92057695D-03
  480  0.00452243      0.93868872D-03
  481  0.00457777      0.95709685D-03
  482  0.00463379      0.97580399D-03
  483  0.00469049      0.99481272D-03
  484  0.00474788      0.10141255D-02
  485  0.00480598      0.10337449D-02
  486  0.00486479      0.10536731D-02
  487  0.00492432      0.10739124D-02
  488  0.00498458      0.10944650D-02
  489  0.00504558      0.11153330D-02
  490  0.00510732      0.11365182D-02
  491  0.00516981      0.11580227D-02
  492  0.00523308      0.11798480D-02
  493  0.00529711      0.12019958D-02
  494  0.00536193      0.12244677D-02
  495  0.00542754      0.12472649D-02
  496  0.00549396      0.12703886D-02
  497  0.00556119      0.12938399D-02
  498  0.00562924      0.13176197D-02
  499  0.00569812      0.13417288D-02
  500  0.00576785      0.13661676D-02
  501  0.00583843      0.13909365D-02
  502  0.00590987      0.14160358D-02
  503  0.00598219      0.14414655D-02
  504  0.00605539      0.14672252D-02
  505  0.00612949      0.14933146D-02
  506  0.00620450      0.15197331D-02
  507  0.00628042      0.15464797D-02
  508  0.00635727      0.15735533D-02
  509  0.00643507      0.16009526D-02
  510  0.00651381      0.16286759D-02
  511  0.00659352      0.16567212D-02
  512  0.00667420      0.16850864D-02
  513  0.00675587      0.17137691D-02
  514  0.00683854      0.17427664D-02
  515  0.00692222      0.17720753D-02
  516  0.00700693      0.18016922D-02
  517  0.00709267      0.18316136D-02
  518  0.00717946      0.18618352D-02
  519  0.00726732      0.18923527D-02
  520  0.00735625      0.19231612D-02
  521  0.00744626      0.19542555D-02
  522  0.00753738      0.19856300D-02
  523  0.00762961      0.20172789D-02
  524  0.00772298      0.20491955D-02
  525  0.00781748      0.20813732D-02
  526  0.00791314      0.21138047D-02
  527  0.00800997      0.21464822D-02
  528  0.00810799      0.21793977D-02
  529  0.00820720      0.22125424D-02
  530  0.00830763      0.22459072D-02
  531  0.00840929      0.22794825D-02
  532  0.00851220      0.23132582D-02
  533  0.00861636      0.23472236D-02
  534  0.00872179      0.23813675D-02
  535  0.00882852      0.24156782D-02
  536  0.00893655      0.24501433D-02
  537  0.00904591      0.24847502D-02
  538  0.00915660      0.25194852D-02
  539  0.00926865      0.25543344D-02
  540  0.00938207      0.25892832D-02
  541  0.00949687      0.26243162D-02
  542  0.00961308      0.26594177D-02
  543  0.00973072      0.26945710D-02
  544  0.00984979      0.27297592D-02
  545  0.00997032      0.27649644D-02
  546  0.01009232      0.28001680D-02
  547  0.01021582      0.28353511D-02
  548  0.01034083      0.28704937D-02
  549  0.01046737      0.29055755D-02
  550  0.01059546      0.29405751D-02
  551  0.01072511      0.29754707D-02
  552  0.01085635      0.30102397D-02
  553  0.01098920      0.30448589D-02
  554  0.01112367      0.30793041D-02
  555  0.01125979      0.31135507D-02
  556  0.01139757      0.31475732D-02
  557  0.01153704      0.31813454D-02
  558  0.01167822      0.32148405D-02
  559  0.01182112      0.32480307D-02
  560  0.01196577      0.32808878D-02
  561  0.01211220      0.33133827D-02
  562  0.01226041      0.33454857D-02
  563  0.01241044      0.33771662D-02
  564  0.01256230      0.34083931D-02
  565  0.01271602      0.34391346D-02
  566  0.01287163      0.34693580D-02
  567  0.01302913      0.34990302D-02
  568  0.01318857      0.35281173D-02
  569  0.01334995      0.35565848D-02
  570  0.01351332      0.35843976D-02
  571  0.01367867      0.36115199D-02
  572  0.01384606      0.36379153D-02
  573  0.01401549      0.36635471D-02
  574  0.01418699      0.36883778D-02
  575  0.01436060      0.37123694D-02
  576  0.01453632      0.37354835D-02
  577  0.01471420      0.37576814D-02
  578  0.01489426      0.37789236D-02
  579  0.01507651      0.37991707D-02
  580  0.01526100      0.38183825D-02
  581  0.01544775      0.38365188D-02
  582  0.01563678      0.38535391D-02
  583  0.01582812      0.38694027D-02
  584  0.01602181      0.38840687D-02
  585  0.01621786      0.38974961D-02
  586  0.01641632      0.39096439D-02
  587  0.01661720      0.39204711D-02
  588  0.01682054      0.39299369D-02
  589  0.01702637      0.39380004D-02
  590  0.01723472      0.39446213D-02
  591  0.01744561      0.39497591D-02
  592  0.01765909      0.39533742D-02
  593  0.01787518      0.39554271D-02
  594  0.01809392      0.39558789D-02
  595  0.01831533      0.39546914D-02
  596  0.01853945      0.39518271D-02
  597  0.01876631      0.39472493D-02
  598  0.01899595      0.39409222D-02
  599  0.01922840      0.39328110D-02
  600  0.01946370      0.39228821D-02
  601  0.01970187      0.39111030D-02
  602  0.01994296      0.38974427D-02
  603  0.02018699      0.38818714D-02
  604  0.02043402      0.38643612D-02
  605  0.02068406      0.38448857D-02
  606  0.02093717      0.38234204D-02
  607  0.02119337      0.37999426D-02
  608  0.02145271      0.37744319D-02
  609  0.02171522      0.37468701D-02
  610  0.02198095      0.37172412D-02
  611  0.02224992      0.36855319D-02
  612  0.02252219      0.36517314D-02
  613  0.02279779      0.36158318D-02
  614  0.02307676      0.35778280D-02
  615  0.02335915      0.35377183D-02
  616  0.02364499      0.34955038D-02
  617  0.02393433      0.34511894D-02
  618  0.02422721      0.34047834D-02
  619  0.02452367      0.33562978D-02
  620  0.02482376      0.33057485D-02
  621  0.02512752      0.32531554D-02
  622  0.02543500      0.31985425D-02
  623  0.02574625      0.31419383D-02
  624  0.02606130      0.30833758D-02
  625  0.02638020      0.30228925D-02
  626  0.02670301      0.29605306D-02
  627  0.02702977      0.28963376D-02
  628  0.02736053      0.28303658D-02
  629  0.02769533      0.27626727D-02
  630  0.02803423      0.26933214D-02
  631  0.02837728      0.26223803D-02
  632  0.02872453      0.25499234D-02
  633  0.02907602      0.24760306D-02
  634  0.02943182      0.24007875D-02
  635  0.02979197      0.23242857D-02
  636  0.03015653      0.22466229D-02
  637  0.03052555      0.21679028D-02
  638  0.03089908      0.20882356D-02
  639  0.03127719      0.20077374D-02
  640  0.03165992      0.19265309D-02
  641  0.03204734      0.18447450D-02
  642  0.03243949      0.17625153D-02
  643  0.03283645      0.16799834D-02
  644  0.03323826      0.15972976D-02
  645  0.03364499      0.15146124D-02
  646  0.03405670      0.14320890D-02
  647  0.03447344      0.13498944D-02
  648  0.03489528      0.12682022D-02
  649  0.03532229      0.11871921D-02
  650  0.03575452      0.11070496D-02
  651  0.03619204      0.10279662D-02
  652  0.03663491      0.95013929D-03
  653  0.03708321      0.87377151D-03
  654  0.03753699      0.79907097D-03
  655  0.03799632      0.72625085D-03
  656  0.03846127      0.65552915D-03
  657  0.03893191      0.58712841D-03
  658  0.03940831      0.52127538D-03
  659  0.03989055      0.45820069D-03
  660  0.04037868      0.39813845D-03
  661  0.04087278      0.34132588D-03
  662  0.04137293      0.28800282D-03
  663  0.04187920      0.23841132D-03
  664  0.04239167      0.19279508D-03
  665  0.04291041      0.15139897D-03
  666  0.04343549      0.11446844D-03
  667  0.04396700      0.82248893D-04
  668  0.04450502      0.54985117D-04
  669  0.04504962      0.32920573D-04
  670  0.04560088      0.16296721D-04
  671  0.04615889      0.53522897D-05
  672  0.04672372      0.32251728D-06
  673  0.04729547      0.14383654D-05
  674  0.04787422      0.89257004D-05
  675  0.04846004      0.23004447D-04
  676  0.04905304      0.43887714D-04
  677  0.04965329      0.71780895D-04
  678  0.05026088      0.10688074D-03
  679  0.05087592      0.14937442D-03
  680  0.05149847      0.19943854D-03
  681  0.05212865      0.25723817D-03
  682  0.05276653      0.32292581D-03
  683  0.05341223      0.39664044D-03
  684  0.05406582      0.47850640D-03
  685  0.05472741      0.56863243D-03
  686  0.05539710      0.66711061D-03
  687  0.05607498      0.77401528D-03
  688  0.05676116      0.88940207D-03
  689  0.05745573      0.10133068D-02
  690  0.05815881      0.11457445D-02
  691  0.05887048      0.12867084D-02
  692  0.05959087      0.14361690D-02
  693  0.06032007      0.15940730D-02
  694  0.06105819      0.17603424D-02
  695  0.06180535      0.19348737D-02
  696  0.06256164      0.21175370D-02
  697  0.06332720      0.23081750D-02
  698  0.06410212      0.25066028D-02
  699  0.06488652      0.27126066D-02
  700  0.06568052      0.29259433D-02
  701  0.06648424      0.31463401D-02
  702  0.06729780      0.33734939D-02
  703  0.06812130      0.36070708D-02
  704  0.06895489      0.38467061D-02
  705  0.06979867      0.40920037D-02
  706  0.07065279      0.43425366D-02
  707  0.07151735      0.45978462D-02
  708  0.07239249      0.48574430D-02
  709  0.07327834      0.51208067D-02
  710  0.07417503      0.53873864D-02
  711  0.07508270      0.56566015D-02
  712  0.07600147      0.59278420D-02
  713  0.07693148      0.62004697D-02
  714  0.07787287      0.64738188D-02
  715  0.07882579      0.67471974D-02
  716  0.07979036      0.70198884D-02
  717  0.08076674      0.72911515D-02
  718  0.08175506      0.75602243D-02
  719  0.08275548      0.78263243D-02
  720  0.08376814      0.80886511D-02
  721  0.08479319      0.83463883D-02
  722  0.08583079      0.85987060D-02
  723  0.08688108      0.88447629D-02
  724  0.08794422      0.90837097D-02
  725  0.08902038      0.93146914D-02
  726  0.09010970      0.95368505D-02
  727  0.09121235      0.97493301D-02
  728  0.09232850      0.99512774D-02
  729  0.09345830      0.10141847D-01
  730  0.09460193      0.10320206D-01
  731  0.09575955      0.10485533D-01
  732  0.09693134      0.10637030D-01
  733  0.09811747      0.10773919D-01
  734  0.09931811      0.10895449D-01
  735  0.10053345      0.11000902D-01
  736  0.10176365      0.11089595D-01
  737  0.10300891      0.11160883D-01
  738  0.10426941      0.11214167D-01
  739  0.10554533      0.11248898D-01
  740  0.10683686      0.11264578D-01
  741  0.10814420      0.11260766D-01
  742  0.10946754      0.11237086D-01
  743  0.11080707      0.11193226D-01
  744  0.11216299      0.11128943D-01
  745  0.11353551      0.11044071D-01
  746  0.11492481      0.10938522D-01
  747  0.11633112      0.10812289D-01
  748  0.11775464      0.10665450D-01
  749  0.11919558      0.10498175D-01
  750  0.12065415      0.10310723D-01
  751  0.12213057      0.10103448D-01
  752  0.12362505      0.98768043D-02
  753  0.12513783      0.96313417D-02
  754  0.12666911      0.93677131D-02
  755  0.12821913      0.90866734D-02
  756  0.12978812      0.87890807D-02
  757  0.13137631      0.84758968D-02
  758  0.13298393      0.81481870D-02
  759  0.13461123      0.78071197D-02
  760  0.13625843      0.74539652D-02
  761  0.13792580      0.70900937D-02
  762  0.13961357      0.67169736D-02
  763  0.14132199      0.63361681D-02
  764  0.14305131      0.59493319D-02
  765  0.14480180      0.55582073D-02
  766  0.14657371      0.51646190D-02
  767  0.14836730      0.47704691D-02
  768  0.15018284      0.43777309D-02
  769  0.15202059      0.39884420D-02
  770  0.15388083      0.36046974D-02
  771  0.15576384      0.32286412D-02
  772  0.15766989      0.28624582D-02
  773  0.15959926      0.25083646D-02
  774  0.16155224      0.21685984D-02
  775  0.16352912      0.18454089D-02
  776  0.16553019      0.15410462D-02
  777  0.16755574      0.12577494D-02
  778  0.16960608      0.99773534D-03
  779  0.17168152      0.76318640D-03
  780  0.17378235      0.55623781D-03
  781  0.17590888      0.37896509D-03
  782  0.17806144      0.23337105D-03
  783  0.18024034      0.12137266D-03
  784  0.18244590      0.44787899D-04
  785  0.18467845      0.53224805D-05
  786  0.18693832      0.45567670D-05
  787  0.18922584      0.43932762D-04
  788  0.19154136      0.12474136D-03
  789  0.19388521      0.24810992D-03
  790  0.19625774      0.41499026D-03
  791  0.19865930      0.62614709D-03
  792  0.20109025      0.88214718D-03
  793  0.20355095      0.11833491D-02
  794  0.20604175      0.15298936D-02
  795  0.20856304      0.19216954D-02
  796  0.21111518      0.23584352D-02
  797  0.21369855      0.28395533D-02
  798  0.21631353      0.33642444D-02
  799  0.21896051      0.39314528D-02
  800  0.22163989      0.45398700D-02
  801  0.22435204      0.51879331D-02
  802  0.22709739      0.58738247D-02
  803  0.22987633      0.65954741D-02
  804  0.23268928      0.73505605D-02
  805  0.23553664      0.81365176D-02
  806  0.23841885      0.89505394D-02
  807  0.24133633      0.97895889D-02
  808  0.24428951      0.10650407D-01
  809  0.24727883      0.11529523D-01
  810  0.25030473      0.12423270D-01
  811  0.25336765      0.13327796D-01
  812  0.25646805      0.14239084D-01
  813  0.25960640      0.15152967D-01
  814  0.26278314      0.16065148D-01
  815  0.26599876      0.16971221D-01
  816  0.26925373      0.17866695D-01
  817  0.27254853      0.18747012D-01
  818  0.27588364      0.19607581D-01
  819  0.27925957      0.20443793D-01
  820  0.28267681      0.21251057D-01
  821  0.28613586      0.22024823D-01
  822  0.28963724      0.22760609D-01
  823  0.29318147      0.23454035D-01
  824  0.29676907      0.24100845D-01
  825  0.30040056      0.24696944D-01
  826  0.30407650      0.25238419D-01
  827  0.30779742      0.25721576D-01
  828  0.31156387      0.26142962D-01
  829  0.31537640      0.26499395D-01
  830  0.31923560      0.26787993D-01
  831  0.32314201      0.27006198D-01
  832  0.32709623      0.27151800D-01
  833  0.33109883      0.27222963D-01
  834  0.33515042      0.27218244D-01
  835  0.33925158      0.27136615D-01
  836  0.34340292      0.26977479D-01
  837  0.34760507      0.26740688D-01
  838  0.35185864      0.26426554D-01
  839  0.35616425      0.26035861D-01
  840  0.36052256      0.25569876D-01
  841  0.36493419      0.25030349D-01
  842  0.36939981      0.24419521D-01
  843  0.37392007      0.23740119D-01
  844  0.37849565      0.22995360D-01
  845  0.38312722      0.22188936D-01
  846  0.38781546      0.21325011D-01
  847  0.39256107      0.20408207D-01
  848  0.39736476      0.19443587D-01
  849  0.40222722      0.18436637D-01
  850  0.40714919      0.17393246D-01
  851  0.41213138      0.16319678D-01
  852  0.41717454      0.15222548D-01
  853  0.42227941      0.14108789D-01
  854  0.42744675      0.12985620D-01
  855  0.43267733      0.11860511D-01
  856  0.43797190      0.10741144D-01
  857  0.44333127      0.96353717D-02
  858  0.44875622      0.85511800D-02
  859  0.45424755      0.74966396D-02
  860  0.45980607      0.64798632D-02
  861  0.46543262      0.55089583D-02
  862  0.47112801      0.45919803D-02
  863  0.47689310      0.37368841D-02
  864  0.48272874      0.29514756D-02
  865  0.48863578      0.22433638D-02
  866  0.49461511      0.16199121D-02
  867  0.50066761      0.10881908D-02
  868  0.50679417      0.65493037D-03
  869  0.51299569      0.32647604D-03
  870  0.51927311      0.10874372D-03
  871  0.52562734      0.71779101D-05
  872  0.53205933      0.26711809D-04
  873  0.53857002      0.17172985D-03
  874  0.54516038      0.44603304D-03
  875  0.55183139      0.85280737D-03
  876  0.55858403      0.13945955D-02
  877  0.56541930      0.20732719D-02
  878  0.57233821      0.28900224D-02
  879  0.57934178      0.38453263D-02
  880  0.58643106      0.49389446D-02
  881  0.59360709      0.61699108D-02
  882  0.60087093      0.75365267D-02
  883  0.60822365      0.90363633D-02
  884  0.61566635      0.10666265D-01
  885  0.62320012      0.12422360D-01
  886  0.63082608      0.14300072D-01
  887  0.63854536      0.16294142D-01
  888  0.64635910      0.18398648D-01
  889  0.65426846      0.20607034D-01
  890  0.66227459      0.22912137D-01
  891  0.67037870      0.25306229D-01
  892  0.67858198      0.27781050D-01
  893  0.68688564      0.30327850D-01
  894  0.69529090      0.32937437D-01
  895  0.70379902      0.35600225D-01
  896  0.71241126      0.38306281D-01
  897  0.72112888      0.41045382D-01
  898  0.72995317      0.43807066D-01
  899  0.73888545      0.46580693D-01
  900  0.74792703      0.49355498D-01
  901  0.75707924      0.52120652D-01
  902  0.76634345      0.54865320D-01
  903  0.77572103      0.57578722D-01
  904  0.78521336      0.60250187D-01
  905  0.79482184      0.62869216D-01
  906  0.80454790      0.65425538D-01
  907  0.81439297      0.67909161D-01
  908  0.82435852      0.70310434D-01
  909  0.83444601      0.72620090D-01
  910  0.84465694      0.74829303D-01
  911  0.85499282      0.76929727D-01
  912  0.86545518      0.78913546D-01
  913  0.87604557      0.80773508D-01
  914  0.88676554      0.82502964D-01
  915  0.89761670      0.84095899D-01
  916  0.90860063      0.85546959D-01
  917  0.91971898      0.86851477D-01
  918  0.93097338      0.88005486D-01
  919  0.94236549      0.89005740D-01
  920  0.95389701      0.89849718D-01
  921  0.96556964      0.90535631D-01
  922  0.97738510      0.91062422D-01
  923  0.98934515      0.91429757D-01
  924  1.00145154      0.91638021D-01
  925  1.01370608      0.91688302D-01
  926  1.02611058      0.91582370D-01
  927  1.03866687      0.91322658D-01
  928  1.05137681      0.90912233D-01
  929  1.06424227      0.90354767D-01
  930  1.07726517      0.89654506D-01
  931  1.09044743      0.88816230D-01
  932  1.10379099      0.87845215D-01
  933  1.11729784      0.86747195D-01
  934  1.13096996      0.85528314D-01
  935  1.14480939      0.84195086D-01
  936  1.15881817      0.82754346D-01
  937  1.17299837      0.81213205D-01
  938  1.18735210      0.79579001D-01
  939  1.20188146      0.77859257D-01
  940  1.21658862      0.76061627D-01
  941  1.23147575      0.74193857D-01
  942  1.24654504      0.72263734D-01
  943  1.26179874      0.70279048D-01
  944  1.27723909      0.68247546D-01
  945  1.29286838      0.66176890D-01
  946  1.30868893      0.64074625D-01
  947  1.32470306      0.61948137D-01
  948  1.34091316      0.59804623D-01
  949  1.35732162      0.57651058D-01
  950  1.37393087      0.55494168D-01
  951  1.39074335      0.53340405D-01
  952  1.40776157      0.51195923D-01
  953  1.42498804      0.49066559D-01
  954  1.44242530      0.46957817D-01
  955  1.46007594      0.44874854D-01
  956  1.47794257      0.42822469D-01
  957  1.49602783      0.40805096D-01
  958  1.51433439      0.38826797D-01
  959  1.53286496      0.36891260D-01
  960  1.55162229      0.35001801D-01
  961  1.57060915      0.33161363D-01
  962  1.58982835      0.31372524D-01
  963  1.60928273      0.29637499D-01
  964  1.62897517      0.27958156D-01
  965  1.64890858      0.26336020D-01
  966  1.66908591      0.24772286D-01
  967  1.68951014      0.23267835D-01
  968  1.71018430      0.21823249D-01
  969  1.73111145      0.20438822D-01
  970  1.75229468      0.19114581D-01
  971  1.77373712      0.17850302D-01
  972  1.79544195      0.16645527D-01
  973  1.81741238      0.15499583D-01
  974  1.83965165      0.14411601D-01
  975  1.86216306      0.13380532D-01
  976  1.88494994      0.12405167D-01
  977  1.90801565      0.11484154D-01
  978  1.93136362      0.10616020D-01
  979  1.95499729      0.97991785D-02
  980  1.97892016      0.90319574D-02
  981  2.00313577      0.83126072D-02
  982  2.02764770      0.76393196D-02
  983  2.05245958      0.70102410D-02
  984  2.07757507      0.64234865D-02
  985  2.10299790      0.58771526D-02
  986  2.12873182      0.53693287D-02
  987  2.15478064      0.48981085D-02
  988  2.18114821      0.44616000D-02
  989  2.20783844      0.40579338D-02
  990  2.23485527      0.36852722D-02
  991  2.26220270      0.33418156D-02
  992  2.28988478      0.30258092D-02
  993  2.31790559      0.27355483D-02
  994  2.34626929      0.24693829D-02
  995  2.37498007      0.22257215D-02
  996  2.40404217      0.20030341D-02
  997  2.43345991      0.17998547D-02
  998  2.46323762      0.16147826D-02
  999  2.49337971      0.14464842D-02
 1000  2.52389065      0.12936926D-02
 1001  2.55477494      0.11552085D-02
 1002  2.58603716      0.10298991D-02
 1003  2.61768192      0.91673166D-03
 1004  2.64971392      0.81471246D-03
 1005  2.68213788      0.72291414D-03
 1006  2.71495861      0.64046117D-03
 1007  2.74818096      0.56653310D-03
 1008  2.78180984      0.50036399D-03
 1009  2.81585023      0.44124124D-03
 1010  2.85030717      0.38850414D-03
 1011  2.88518575      0.34154196D-03
 1012  2.92049113      0.29979185D-03
 1013  2.95622854      0.26273659D-03
 1014  2.99240325      0.22990188D-03
 1015  3.02902063      0.20085298D-03
 1016  3.06608608      0.17519401D-03
 1017  3.10360510      0.15256472D-03
 1018  3.14158323      0.13263851D-03
 1019  3.18002609      0.11512012D-03
 1020  3.21893937      0.99743879D-04
 1021  3.25832882      0.86270462D-04
 1022  3.29820027      0.74484824D-04
 1023  3.33855961      0.64193809D-04
 1024  3.37941283      0.55224105D-04
 1025  3.42076596      0.47420356D-04
 1026  3.46262512      0.40643566D-04
 1027  3.50499649      0.34769616D-04
 1028  3.54788636      0.29687877D-04
 1029  3.59130106      0.25299944D-04
 1030  3.63524702      0.21518454D-04
 1031  3.67973074      0.18266000D-04
 1032  3.72475879      0.15474139D-04
