 ir        r              f(r)*r^2
    1  0.00001334      0.72891001D-07
    2  0.00001351      0.74684794D-07
    3  0.00001367      0.76522717D-07
    4  0.00001384      0.78405857D-07
    5  0.00001401      0.80335324D-07
    6  0.00001418      0.82312260D-07
    7  0.00001435      0.84337829D-07
    8  0.00001453      0.86413230D-07
    9  0.00001471      0.88539686D-07
   10  0.00001489      0.90718453D-07
   11  0.00001507      0.92950818D-07
   12  0.00001525      0.95238098D-07
   13  0.00001544      0.97581644D-07
   14  0.00001563      0.99982839D-07
   15  0.00001582      0.10244310D-06
   16  0.00001601      0.10496388D-06
   17  0.00001621      0.10754667D-06
   18  0.00001641      0.11019298D-06
   19  0.00001661      0.11290439D-06
   20  0.00001681      0.11568250D-06
   21  0.00001702      0.11852893D-06
   22  0.00001723      0.12144538D-06
   23  0.00001744      0.12443356D-06
   24  0.00001765      0.12749524D-06
   25  0.00001787      0.13063223D-06
   26  0.00001808      0.13384636D-06
   27  0.00001831      0.13713955D-06
   28  0.00001853      0.14051374D-06
   29  0.00001876      0.14397090D-06
   30  0.00001899      0.14751310D-06
   31  0.00001922      0.15114241D-06
   32  0.00001945      0.15486097D-06
   33  0.00001969      0.15867099D-06
   34  0.00001993      0.16257470D-06
   35  0.00002018      0.16657441D-06
   36  0.00002042      0.17067248D-06
   37  0.00002067      0.17487133D-06
   38  0.00002093      0.17917343D-06
   39  0.00002118      0.18358132D-06
   40  0.00002144      0.18809760D-06
   41  0.00002170      0.19272493D-06
   42  0.00002197      0.19746605D-06
   43  0.00002224      0.20232375D-06
   44  0.00002251      0.20730088D-06
   45  0.00002279      0.21240040D-06
   46  0.00002306      0.21762530D-06
   47  0.00002335      0.22297866D-06
   48  0.00002363      0.22846365D-06
   49  0.00002392      0.23408349D-06
   50  0.00002421      0.23984150D-06
   51  0.00002451      0.24574107D-06
   52  0.00002481      0.25178568D-06
   53  0.00002511      0.25797889D-06
   54  0.00002542      0.26432436D-06
   55  0.00002573      0.27082582D-06
   56  0.00002605      0.27748710D-06
   57  0.00002637      0.28431213D-06
   58  0.00002669      0.29130494D-06
   59  0.00002701      0.29846963D-06
   60  0.00002735      0.30581045D-06
   61  0.00002768      0.31333170D-06
   62  0.00002802      0.32103782D-06
   63  0.00002836      0.32893335D-06
   64  0.00002871      0.33702295D-06
   65  0.00002906      0.34531137D-06
   66  0.00002942      0.35380350D-06
   67  0.00002978      0.36250435D-06
   68  0.00003014      0.37141903D-06
   69  0.00003051      0.38055280D-06
   70  0.00003088      0.38991103D-06
   71  0.00003126      0.39949924D-06
   72  0.00003164      0.40932307D-06
   73  0.00003203      0.41938831D-06
   74  0.00003242      0.42970088D-06
   75  0.00003282      0.44026685D-06
   76  0.00003322      0.45109245D-06
   77  0.00003363      0.46218405D-06
   78  0.00003404      0.47354817D-06
   79  0.00003445      0.48519150D-06
   80  0.00003488      0.49712090D-06
   81  0.00003530      0.50934339D-06
   82  0.00003573      0.52186616D-06
   83  0.00003617      0.53469658D-06
   84  0.00003661      0.54784219D-06
   85  0.00003706      0.56131074D-06
   86  0.00003752      0.57511014D-06
   87  0.00003798      0.58924852D-06
   88  0.00003844      0.60373418D-06
   89  0.00003891      0.61857566D-06
   90  0.00003939      0.63378167D-06
   91  0.00003987      0.64936116D-06
   92  0.00004036      0.66532330D-06
   93  0.00004085      0.68167746D-06
   94  0.00004135      0.69843327D-06
   95  0.00004186      0.71560057D-06
   96  0.00004237      0.73318945D-06
   97  0.00004289      0.75121026D-06
   98  0.00004341      0.76967359D-06
   99  0.00004394      0.78859029D-06
  100  0.00004448      0.80797147D-06
  101  0.00004502      0.82782852D-06
  102  0.00004558      0.84817311D-06
  103  0.00004613      0.86901720D-06
  104  0.00004670      0.89037302D-06
  105  0.00004727      0.91225313D-06
  106  0.00004785      0.93467037D-06
  107  0.00004843      0.95763791D-06
  108  0.00004903      0.98116924D-06
  109  0.00004963      0.10052782D-05
  110  0.00005023      0.10299789D-05
  111  0.00005085      0.10552858D-05
  112  0.00005147      0.10812139D-05
  113  0.00005210      0.11077783D-05
  114  0.00005274      0.11349946D-05
  115  0.00005338      0.11628789D-05
  116  0.00005404      0.11914474D-05
  117  0.00005470      0.12207169D-05
  118  0.00005537      0.12507046D-05
  119  0.00005604      0.12814281D-05
  120  0.00005673      0.13129054D-05
  121  0.00005742      0.13451550D-05
  122  0.00005813      0.13781957D-05
  123  0.00005884      0.14120470D-05
  124  0.00005956      0.14467287D-05
  125  0.00006029      0.14822612D-05
  126  0.00006102      0.15186651D-05
  127  0.00006177      0.15559620D-05
  128  0.00006253      0.15941736D-05
  129  0.00006329      0.16333224D-05
  130  0.00006407      0.16734312D-05
  131  0.00006485      0.17145236D-05
  132  0.00006564      0.17566237D-05
  133  0.00006645      0.17997560D-05
  134  0.00006726      0.18439459D-05
  135  0.00006808      0.18892192D-05
  136  0.00006892      0.19356025D-05
  137  0.00006976      0.19831228D-05
  138  0.00007061      0.20318080D-05
  139  0.00007148      0.20816866D-05
  140  0.00007235      0.21327878D-05
  141  0.00007324      0.21851414D-05
  142  0.00007413      0.22387781D-05
  143  0.00007504      0.22937293D-05
  144  0.00007596      0.23500270D-05
  145  0.00007689      0.24077043D-05
  146  0.00007783      0.24667948D-05
  147  0.00007878      0.25273330D-05
  148  0.00007975      0.25893544D-05
  149  0.00008072      0.26528952D-05
  150  0.00008171      0.27179925D-05
  151  0.00008271      0.27846843D-05
  152  0.00008372      0.28530097D-05
  153  0.00008475      0.29230084D-05
  154  0.00008578      0.29947214D-05
  155  0.00008683      0.30681905D-05
  156  0.00008790      0.31434586D-05
  157  0.00008897      0.32205696D-05
  158  0.00009006      0.32995686D-05
  159  0.00009116      0.33805016D-05
  160  0.00009228      0.34634158D-05
  161  0.00009341      0.35483596D-05
  162  0.00009455      0.36353826D-05
  163  0.00009571      0.37245353D-05
  164  0.00009688      0.38158698D-05
  165  0.00009806      0.39094394D-05
  166  0.00009926      0.40052985D-05
  167  0.00010048      0.41035030D-05
  168  0.00010171      0.42041101D-05
  169  0.00010295      0.43071783D-05
  170  0.00010421      0.44127677D-05
  171  0.00010549      0.45209398D-05
  172  0.00010678      0.46317574D-05
  173  0.00010808      0.47452851D-05
  174  0.00010941      0.48615889D-05
  175  0.00011075      0.49807364D-05
  176  0.00011210      0.51027969D-05
  177  0.00011347      0.52278415D-05
  178  0.00011486      0.53559427D-05
  179  0.00011627      0.54871749D-05
  180  0.00011769      0.56216145D-05
  181  0.00011913      0.57593396D-05
  182  0.00012059      0.59004300D-05
  183  0.00012206      0.60449677D-05
  184  0.00012356      0.61930367D-05
  185  0.00012507      0.63447227D-05
  186  0.00012660      0.65001139D-05
  187  0.00012815      0.66593003D-05
  188  0.00012972      0.68223743D-05
  189  0.00013130      0.69894303D-05
  190  0.00013291      0.71605653D-05
  191  0.00013454      0.73358783D-05
  192  0.00013618      0.75154709D-05
  193  0.00013785      0.76994471D-05
  194  0.00013954      0.78879135D-05
  195  0.00014124      0.80809790D-05
  196  0.00014297      0.82787555D-05
  197  0.00014472      0.84813573D-05
  198  0.00014649      0.86889016D-05
  199  0.00014829      0.89015084D-05
  200  0.00015010      0.91193006D-05
  201  0.00015194      0.93424040D-05
  202  0.00015380      0.95709475D-05
  203  0.00015568      0.98050630D-05
  204  0.00015758      0.10044886D-04
  205  0.00015951      0.10290554D-04
  206  0.00016146      0.10542210D-04
  207  0.00016344      0.10799998D-04
  208  0.00016544      0.11064068D-04
  209  0.00016746      0.11334570D-04
  210  0.00016951      0.11611662D-04
  211  0.00017159      0.11895503D-04
  212  0.00017369      0.12186256D-04
  213  0.00017581      0.12484089D-04
  214  0.00017796      0.12789172D-04
  215  0.00018014      0.13101682D-04
  216  0.00018235      0.13421798D-04
  217  0.00018458      0.13749705D-04
  218  0.00018683      0.14085590D-04
  219  0.00018912      0.14429647D-04
  220  0.00019144      0.14782072D-04
  221  0.00019378      0.15143070D-04
  222  0.00019615      0.15512845D-04
  223  0.00019855      0.15891611D-04
  224  0.00020098      0.16279585D-04
  225  0.00020344      0.16676989D-04
  226  0.00020593      0.17084051D-04
  227  0.00020845      0.17501003D-04
  228  0.00021100      0.17928085D-04
  229  0.00021358      0.18365541D-04
  230  0.00021619      0.18813621D-04
  231  0.00021884      0.19272581D-04
  232  0.00022152      0.19742684D-04
  233  0.00022423      0.20224197D-04
  234  0.00022697      0.20717396D-04
  235  0.00022975      0.21222563D-04
  236  0.00023256      0.21739985D-04
  237  0.00023541      0.22269957D-04
  238  0.00023829      0.22812782D-04
  239  0.00024120      0.23368769D-04
  240  0.00024415      0.23938234D-04
  241  0.00024714      0.24521501D-04
  242  0.00025017      0.25118902D-04
  243  0.00025323      0.25730777D-04
  244  0.00025633      0.26357473D-04
  245  0.00025946      0.26999346D-04
  246  0.00026264      0.27656762D-04
  247  0.00026585      0.28330091D-04
  248  0.00026910      0.29019717D-04
  249  0.00027240      0.29726031D-04
  250  0.00027573      0.30449432D-04
  251  0.00027911      0.31190329D-04
  252  0.00028252      0.31949143D-04
  253  0.00028598      0.32726302D-04
  254  0.00028948      0.33522245D-04
  255  0.00029302      0.34337423D-04
  256  0.00029660      0.35172294D-04
  257  0.00030023      0.36027331D-04
  258  0.00030391      0.36903015D-04
  259  0.00030763      0.37799840D-04
  260  0.00031139      0.38718311D-04
  261  0.00031520      0.39658945D-04
  262  0.00031906      0.40622270D-04
  263  0.00032296      0.41608829D-04
  264  0.00032692      0.42619175D-04
  265  0.00033092      0.43653876D-04
  266  0.00033497      0.44713512D-04
  267  0.00033906      0.45798677D-04
  268  0.00034321      0.46909979D-04
  269  0.00034741      0.48048040D-04
  270  0.00035166      0.49213497D-04
  271  0.00035597      0.50407002D-04
  272  0.00036032      0.51629221D-04
  273  0.00036473      0.52880837D-04
  274  0.00036920      0.54162547D-04
  275  0.00037371      0.55475066D-04
  276  0.00037829      0.56819126D-04
  277  0.00038292      0.58195474D-04
  278  0.00038760      0.59604876D-04
  279  0.00039234      0.61048115D-04
  280  0.00039715      0.62525992D-04
  281  0.00040200      0.64039327D-04
  282  0.00040692      0.65588960D-04
  283  0.00041190      0.67175748D-04
  284  0.00041694      0.68800570D-04
  285  0.00042205      0.70464324D-04
  286  0.00042721      0.72167929D-04
  287  0.00043244      0.73912326D-04
  288  0.00043773      0.75698477D-04
  289  0.00044309      0.77527367D-04
  290  0.00044851      0.79400001D-04
  291  0.00045400      0.81317410D-04
  292  0.00045955      0.83280647D-04
  293  0.00046518      0.85290791D-04
  294  0.00047087      0.87348944D-04
  295  0.00047663      0.89456233D-04
  296  0.00048246      0.91613812D-04
  297  0.00048837      0.93822861D-04
  298  0.00049434      0.96084587D-04
  299  0.00050039      0.98400223D-04
  300  0.00050651      0.10077103D-03
  301  0.00051271      0.10319831D-03
  302  0.00051899      0.10568337D-03
  303  0.00052534      0.10822756D-03
  304  0.00053177      0.11083227D-03
  305  0.00053827      0.11349891D-03
  306  0.00054486      0.11622893D-03
  307  0.00055153      0.11902379D-03
  308  0.00055828      0.12188502D-03
  309  0.00056511      0.12481415D-03
  310  0.00057202      0.12781276D-03
  311  0.00057902      0.13088247D-03
  312  0.00058611      0.13402493D-03
  313  0.00059328      0.13724183D-03
  314  0.00060054      0.14053489D-03
  315  0.00060789      0.14390588D-03
  316  0.00061533      0.14735660D-03
  317  0.00062286      0.15088890D-03
  318  0.00063048      0.15450466D-03
  319  0.00063819      0.15820580D-03
  320  0.00064600      0.16199431D-03
  321  0.00065391      0.16587218D-03
  322  0.00066191      0.16984149D-03
  323  0.00067001      0.17390433D-03
  324  0.00067821      0.17806285D-03
  325  0.00068651      0.18231926D-03
  326  0.00069491      0.18667579D-03
  327  0.00070341      0.19113475D-03
  328  0.00071202      0.19569848D-03
  329  0.00072073      0.20036938D-03
  330  0.00072955      0.20514989D-03
  331  0.00073848      0.21004253D-03
  332  0.00074751      0.21504984D-03
  333  0.00075666      0.22017445D-03
  334  0.00076592      0.22541903D-03
  335  0.00077529      0.23078629D-03
  336  0.00078478      0.23627904D-03
  337  0.00079438      0.24190011D-03
  338  0.00080410      0.24765243D-03
  339  0.00081394      0.25353895D-03
  340  0.00082390      0.25956272D-03
  341  0.00083398      0.26572683D-03
  342  0.00084419      0.27203446D-03
  343  0.00085452      0.27848885D-03
  344  0.00086498      0.28509328D-03
  345  0.00087556      0.29185115D-03
  346  0.00088628      0.29876589D-03
  347  0.00089712      0.30584102D-03
  348  0.00090810      0.31308015D-03
  349  0.00091921      0.32048693D-03
  350  0.00093046      0.32806511D-03
  351  0.00094184      0.33581853D-03
  352  0.00095337      0.34375108D-03
  353  0.00096504      0.35186676D-03
  354  0.00097684      0.36016963D-03
  355  0.00098880      0.36866384D-03
  356  0.00100090      0.37735365D-03
  357  0.00101315      0.38624337D-03
  358  0.00102554      0.39533743D-03
  359  0.00103809      0.40464033D-03
  360  0.00105080      0.41415668D-03
  361  0.00106365      0.42389118D-03
  362  0.00107667      0.43384860D-03
  363  0.00108984      0.44403385D-03
  364  0.00110318      0.45445191D-03
  365  0.00111668      0.46510787D-03
  366  0.00113034      0.47600692D-03
  367  0.00114418      0.48715435D-03
  368  0.00115818      0.49855558D-03
  369  0.00117235      0.51021611D-03
  370  0.00118670      0.52214155D-03
  371  0.00120122      0.53433764D-03
  372  0.00121592      0.54681023D-03
  373  0.00123079      0.55956527D-03
  374  0.00124586      0.57260884D-03
  375  0.00126110      0.58594713D-03
  376  0.00127653      0.59958647D-03
  377  0.00129215      0.61353328D-03
  378  0.00130797      0.62779414D-03
  379  0.00132397      0.64237572D-03
  380  0.00134017      0.65728486D-03
  381  0.00135657      0.67252849D-03
  382  0.00137317      0.68811370D-03
  383  0.00138997      0.70404769D-03
  384  0.00140698      0.72033783D-03
  385  0.00142420      0.73699159D-03
  386  0.00144163      0.75401660D-03
  387  0.00145927      0.77142064D-03
  388  0.00147713      0.78921161D-03
  389  0.00149520      0.80739758D-03
  390  0.00151350      0.82598675D-03
  391  0.00153202      0.84498748D-03
  392  0.00155076      0.86440826D-03
  393  0.00156974      0.88425777D-03
  394  0.00158895      0.90454482D-03
  395  0.00160839      0.92527838D-03
  396  0.00162807      0.94646758D-03
  397  0.00164800      0.96812172D-03
  398  0.00166816      0.99025024D-03
  399  0.00168858      0.10128628D-02
  400  0.00170924      0.10359691D-02
  401  0.00173015      0.10595792D-02
  402  0.00175133      0.10837031D-02
  403  0.00177276      0.11083512D-02
  404  0.00179445      0.11335340D-02
  405  0.00181641      0.11592620D-02
  406  0.00183863      0.11855461D-02
  407  0.00186113      0.12123972D-02
  408  0.00188391      0.12398267D-02
  409  0.00190696      0.12678457D-02
  410  0.00193030      0.12964659D-02
  411  0.00195392      0.13256990D-02
  412  0.00197783      0.13555568D-02
  413  0.00200203      0.13860516D-02
  414  0.00202653      0.14171954D-02
  415  0.00205132      0.14490009D-02
  416  0.00207643      0.14814806D-02
  417  0.00210183      0.15146474D-02
  418  0.00212755      0.15485144D-02
  419  0.00215359      0.15830947D-02
  420  0.00217994      0.16184017D-02
  421  0.00220662      0.16544492D-02
  422  0.00223362      0.16912508D-02
  423  0.00226095      0.17288206D-02
  424  0.00228862      0.17671728D-02
  425  0.00231662      0.18063216D-02
  426  0.00234497      0.18462818D-02
  427  0.00237367      0.18870680D-02
  428  0.00240271      0.19286951D-02
  429  0.00243211      0.19711785D-02
  430  0.00246188      0.20145332D-02
  431  0.00249200      0.20587750D-02
  432  0.00252249      0.21039194D-02
  433  0.00255336      0.21499825D-02
  434  0.00258461      0.21969801D-02
  435  0.00261623      0.22449287D-02
  436  0.00264825      0.22938446D-02
  437  0.00268065      0.23437445D-02
  438  0.00271346      0.23946452D-02
  439  0.00274666      0.24465635D-02
  440  0.00278027      0.24995167D-02
  441  0.00281429      0.25535220D-02
  442  0.00284873      0.26085969D-02
  443  0.00288359      0.26647591D-02
  444  0.00291888      0.27220262D-02
  445  0.00295459      0.27804163D-02
  446  0.00299075      0.28399474D-02
  447  0.00302735      0.29006376D-02
  448  0.00306439      0.29625054D-02
  449  0.00310189      0.30255692D-02
  450  0.00313985      0.30898476D-02
  451  0.00317827      0.31553593D-02
  452  0.00321716      0.32221232D-02
  453  0.00325653      0.32901581D-02
  454  0.00329638      0.33594830D-02
  455  0.00333671      0.34301172D-02
  456  0.00337754      0.35020796D-02
  457  0.00341887      0.35753896D-02
  458  0.00346071      0.36500664D-02
  459  0.00350306      0.37261294D-02
  460  0.00354592      0.38035980D-02
  461  0.00358932      0.38824915D-02
  462  0.00363324      0.39628294D-02
  463  0.00367770      0.40446310D-02
  464  0.00372270      0.41279158D-02
  465  0.00376825      0.42127031D-02
  466  0.00381436      0.42990122D-02
  467  0.00386104      0.43868625D-02
  468  0.00390829      0.44762730D-02
  469  0.00395611      0.45672629D-02
  470  0.00400452      0.46598512D-02
  471  0.00405352      0.47540567D-02
  472  0.00410313      0.48498981D-02
  473  0.00415333      0.49473941D-02
  474  0.00420416      0.50465630D-02
  475  0.00425560      0.51474229D-02
  476  0.00430768      0.52499919D-02
  477  0.00436039      0.53542876D-02
  478  0.00441375      0.54603274D-02
  479  0.00446776      0.55681284D-02
  480  0.00452243      0.56777076D-02
  481  0.00457777      0.57890812D-02
  482  0.00463379      0.59022655D-02
  483  0.00469049      0.60172761D-02
  484  0.00474788      0.61341282D-02
  485  0.00480598      0.62528367D-02
  486  0.00486479      0.63734159D-02
  487  0.00492432      0.64958794D-02
  488  0.00498458      0.66202406D-02
  489  0.00504558      0.67465120D-02
  490  0.00510732      0.68747058D-02
  491  0.00516981      0.70048331D-02
  492  0.00523308      0.71369046D-02
  493  0.00529711      0.72709303D-02
  494  0.00536193      0.74069192D-02
  495  0.00542754      0.75448797D-02
  496  0.00549396      0.76848192D-02
  497  0.00556119      0.78267443D-02
  498  0.00562924      0.79706605D-02
  499  0.00569812      0.81165725D-02
  500  0.00576785      0.82644838D-02
  501  0.00583843      0.84143968D-02
  502  0.00590987      0.85663130D-02
  503  0.00598219      0.87202326D-02
  504  0.00605539      0.88761543D-02
  505  0.00612949      0.90340759D-02
  506  0.00620450      0.91939936D-02
  507  0.00628042      0.93559025D-02
  508  0.00635727      0.95197958D-02
  509  0.00643507      0.96856655D-02
  510  0.00651381      0.98535021D-02
  511  0.00659352      0.10023294D-01
  512  0.00667420      0.10195029D-01
  513  0.00675587      0.10368692D-01
  514  0.00683854      0.10544266D-01
  515  0.00692222      0.10721733D-01
  516  0.00700693      0.10901073D-01
  517  0.00709267      0.11082263D-01
  518  0.00717946      0.11265280D-01
  519  0.00726732      0.11450096D-01
  520  0.00735625      0.11636683D-01
  521  0.00744626      0.11825009D-01
  522  0.00753738      0.12015042D-01
  523  0.00762961      0.12206746D-01
  524  0.00772298      0.12400082D-01
  525  0.00781748      0.12595010D-01
  526  0.00791314      0.12791487D-01
  527  0.00800997      0.12989465D-01
  528  0.00810799      0.13188897D-01
  529  0.00820720      0.13389730D-01
  530  0.00830763      0.13591910D-01
  531  0.00840929      0.13795379D-01
  532  0.00851220      0.14000077D-01
  533  0.00861636      0.14205939D-01
  534  0.00872179      0.14412899D-01
  535  0.00882852      0.14620886D-01
  536  0.00893655      0.14829827D-01
  537  0.00904591      0.15039644D-01
  538  0.00915660      0.15250257D-01
  539  0.00926865      0.15461582D-01
  540  0.00938207      0.15673531D-01
  541  0.00949687      0.15886013D-01
  542  0.00961308      0.16098931D-01
  543  0.00973072      0.16312188D-01
  544  0.00984979      0.16525680D-01
  545  0.00997032      0.16739301D-01
  546  0.01009232      0.16952940D-01
  547  0.01021582      0.17166481D-01
  548  0.01034083      0.17379806D-01
  549  0.01046737      0.17592792D-01
  550  0.01059546      0.17805312D-01
  551  0.01072511      0.18017234D-01
  552  0.01085635      0.18228422D-01
  553  0.01098920      0.18438737D-01
  554  0.01112367      0.18648033D-01
  555  0.01125979      0.18856164D-01
  556  0.01139757      0.19062974D-01
  557  0.01153704      0.19268308D-01
  558  0.01167822      0.19472004D-01
  559  0.01182112      0.19673895D-01
  560  0.01196577      0.19873811D-01
  561  0.01211220      0.20071577D-01
  562  0.01226041      0.20267015D-01
  563  0.01241044      0.20459942D-01
  564  0.01256230      0.20650169D-01
  565  0.01271602      0.20837505D-01
  566  0.01287163      0.21021755D-01
  567  0.01302913      0.21202718D-01
  568  0.01318857      0.21380191D-01
  569  0.01334995      0.21553966D-01
  570  0.01351332      0.21723832D-01
  571  0.01367867      0.21889573D-01
  572  0.01384606      0.22050972D-01
  573  0.01401549      0.22207805D-01
  574  0.01418699      0.22359848D-01
  575  0.01436060      0.22506871D-01
  576  0.01453632      0.22648645D-01
  577  0.01471420      0.22784934D-01
  578  0.01489426      0.22915502D-01
  579  0.01507651      0.23040110D-01
  580  0.01526100      0.23158517D-01
  581  0.01544775      0.23270481D-01
  582  0.01563678      0.23375756D-01
  583  0.01582812      0.23474097D-01
  584  0.01602181      0.23565258D-01
  585  0.01621786      0.23648991D-01
  586  0.01641632      0.23725049D-01
  587  0.01661720      0.23793183D-01
  588  0.01682054      0.23853148D-01
  589  0.01702637      0.23904697D-01
  590  0.01723472      0.23947585D-01
  591  0.01744561      0.23981568D-01
  592  0.01765909      0.24006405D-01
  593  0.01787518      0.24021858D-01
  594  0.01809392      0.24027691D-01
  595  0.01831533      0.24023672D-01
  596  0.01853945      0.24009575D-01
  597  0.01876631      0.23985175D-01
  598  0.01899595      0.23950256D-01
  599  0.01922840      0.23904605D-01
  600  0.01946370      0.23848019D-01
  601  0.01970187      0.23780298D-01
  602  0.01994296      0.23701253D-01
  603  0.02018699      0.23610703D-01
  604  0.02043402      0.23508475D-01
  605  0.02068406      0.23394409D-01
  606  0.02093717      0.23268351D-01
  607  0.02119337      0.23130163D-01
  608  0.02145271      0.22979718D-01
  609  0.02171522      0.22816901D-01
  610  0.02198095      0.22641612D-01
  611  0.02224992      0.22453765D-01
  612  0.02252219      0.22253292D-01
  613  0.02279779      0.22040138D-01
  614  0.02307676      0.21814269D-01
  615  0.02335915      0.21575666D-01
  616  0.02364499      0.21324332D-01
  617  0.02393433      0.21060289D-01
  618  0.02422721      0.20783580D-01
  619  0.02452367      0.20494270D-01
  620  0.02482376      0.20192448D-01
  621  0.02512752      0.19878224D-01
  622  0.02543500      0.19551737D-01
  623  0.02574625      0.19213149D-01
  624  0.02606130      0.18862648D-01
  625  0.02638020      0.18500452D-01
  626  0.02670301      0.18126807D-01
  627  0.02702977      0.17741985D-01
  628  0.02736053      0.17346294D-01
  629  0.02769533      0.16940067D-01
  630  0.02803423      0.16523674D-01
  631  0.02837728      0.16097515D-01
  632  0.02872453      0.15662024D-01
  633  0.02907602      0.15217668D-01
  634  0.02943182      0.14764951D-01
  635  0.02979197      0.14304412D-01
  636  0.03015653      0.13836624D-01
  637  0.03052555      0.13362200D-01
  638  0.03089908      0.12881786D-01
  639  0.03127719      0.12396070D-01
  640  0.03165992      0.11905774D-01
  641  0.03204734      0.11411661D-01
  642  0.03243949      0.10914530D-01
  643  0.03283645      0.10415219D-01
  644  0.03323826      0.99146065D-02
  645  0.03364499      0.94136065D-02
  646  0.03405670      0.89131726D-02
  647  0.03447344      0.84142961D-02
  648  0.03489528      0.79180058D-02
  649  0.03532229      0.74253674D-02
  650  0.03575452      0.69374830D-02
  651  0.03619204      0.64554901D-02
  652  0.03663491      0.59805612D-02
  653  0.03708321      0.55139022D-02
  654  0.03753699      0.50567515D-02
  655  0.03799632      0.46103788D-02
  656  0.03846127      0.41760831D-02
  657  0.03893191      0.37551917D-02
  658  0.03940831      0.33490579D-02
  659  0.03989055      0.29590594D-02
  660  0.04037868      0.25865958D-02
  661  0.04087278      0.22330864D-02
  662  0.04137293      0.18999679D-02
  663  0.04187920      0.15886914D-02
  664  0.04239167      0.13007197D-02
  665  0.04291041      0.10375241D-02
  666  0.04343549      0.80058148D-03
  667  0.04396700      0.59137050D-03
  668  0.04450502      0.41136815D-03
  669  0.04504962      0.26204591D-03
  670  0.04560088      0.14486577D-03
  671  0.04615889      0.61276020D-04
  672  0.04672372      0.12706905D-04
  673  0.04729547      0.56607267D-06
  674  0.04787422      0.26233859D-04
  675  0.04846004      0.91058407D-04
  676  0.04905304      0.19635062D-03
  677  0.04965329      0.34337895D-03
  678  0.05026088      0.53336407D-03
  679  0.05087592      0.76747339D-03
  680  0.05149847      0.10468154D-02
  681  0.05212865      0.13724341D-02
  682  0.05276653      0.17453030D-02
  683  0.05341223      0.21663193D-02
  684  0.05406582      0.26362980D-02
  685  0.05472741      0.31559656D-02
  686  0.05539710      0.37259544D-02
  687  0.05607498      0.43467963D-02
  688  0.05676116      0.50189166D-02
  689  0.05745573      0.57426281D-02
  690  0.05815881      0.65181251D-02
  691  0.05887048      0.73454775D-02
  692  0.05959087      0.82246251D-02
  693  0.06032007      0.91553717D-02
  694  0.06105819      0.10137380D-01
  695  0.06180535      0.11170165D-01
  696  0.06256164      0.12253093D-01
  697  0.06332720      0.13385369D-01
  698  0.06410212      0.14566040D-01
  699  0.06488652      0.15793989D-01
  700  0.06568052      0.17067926D-01
  701  0.06648424      0.18386391D-01
  702  0.06729780      0.19747748D-01
  703  0.06812130      0.21150181D-01
  704  0.06895489      0.22591697D-01
  705  0.06979867      0.24070118D-01
  706  0.07065279      0.25583084D-01
  707  0.07151735      0.27128054D-01
  708  0.07239249      0.28702300D-01
  709  0.07327834      0.30302916D-01
  710  0.07417503      0.31926815D-01
  711  0.07508270      0.33570729D-01
  712  0.07600147      0.35231221D-01
  713  0.07693148      0.36904679D-01
  714  0.07787287      0.38587327D-01
  715  0.07882579      0.40275230D-01
  716  0.07979036      0.41964300D-01
  717  0.08076674      0.43650301D-01
  718  0.08175506      0.45328862D-01
  719  0.08275548      0.46995484D-01
  720  0.08376814      0.48645552D-01
  721  0.08479319      0.50274342D-01
  722  0.08583079      0.51877039D-01
  723  0.08688108      0.53448747D-01
  724  0.08794422      0.54984504D-01
  725  0.08902038      0.56479298D-01
  726  0.09010970      0.57928081D-01
  727  0.09121235      0.59325789D-01
  728  0.09232850      0.60667359D-01
  729  0.09345830      0.61947744D-01
  730  0.09460193      0.63161941D-01
  731  0.09575955      0.64305002D-01
  732  0.09693134      0.65372062D-01
  733  0.09811747      0.66358359D-01
  734  0.09931811      0.67259254D-01
  735  0.10053345      0.68070259D-01
  736  0.10176365      0.68787053D-01
  737  0.10300891      0.69405515D-01
  738  0.10426941      0.69921741D-01
  739  0.10554533      0.70332070D-01
  740  0.10683686      0.70633112D-01
  741  0.10814420      0.70821766D-01
  742  0.10946754      0.70895251D-01
  743  0.11080707      0.70851125D-01
  744  0.11216299      0.70687311D-01
  745  0.11353551      0.70402119D-01
  746  0.11492481      0.69994270D-01
  747  0.11633112      0.69462916D-01
  748  0.11775464      0.68807663D-01
  749  0.11919558      0.68028586D-01
  750  0.12065415      0.67126254D-01
  751  0.12213057      0.66101742D-01
  752  0.12362505      0.64956649D-01
  753  0.12513783      0.63693112D-01
  754  0.12666911      0.62313816D-01
  755  0.12821913      0.60822006D-01
  756  0.12978812      0.59221497D-01
  757  0.13137631      0.57516675D-01
  758  0.13298393      0.55712504D-01
  759  0.13461123      0.53814527D-01
  760  0.13625843      0.51828862D-01
  761  0.13792580      0.49762202D-01
  762  0.13961357      0.47621801D-01
  763  0.14132199      0.45415473D-01
  764  0.14305131      0.43151571D-01
  765  0.14480180      0.40838973D-01
  766  0.14657371      0.38487068D-01
  767  0.14836730      0.36105725D-01
  768  0.15018284      0.33705276D-01
  769  0.15202059      0.31296480D-01
  770  0.15388083      0.28890498D-01
  771  0.15576384      0.26498852D-01
  772  0.15766989      0.24133391D-01
  773  0.15959926      0.21806249D-01
  774  0.16155224      0.19529802D-01
  775  0.16352912      0.17316620D-01
  776  0.16553019      0.15179417D-01
  777  0.16755574      0.13131003D-01
  778  0.16960608      0.11184227D-01
  779  0.17168152      0.93519221D-02
  780  0.17378235      0.76468470D-02
  781  0.17590888      0.60816274D-02
  782  0.17806144      0.46686942D-02
  783  0.18024034      0.34202225D-02
  784  0.18244590      0.23480683D-02
  785  0.18467845      0.14637053D-02
  786  0.18693832      0.77816226D-03
  787  0.18922584      0.30195928D-03
  788  0.19154136      0.45045691D-04
  789  0.19388521      0.16738421D-04
  790  0.19625774      0.22566181D-03
  791  0.19865930      0.67968908D-03
  792  0.20109025      0.13858859D-02
  793  0.20355095      0.23504564D-02
  794  0.20604175      0.35786921D-02
  795  0.20856304      0.50749237D-02
  796  0.21111518      0.68424773D-02
  797  0.21369855      0.88836333D-02
  798  0.21631353      0.11199591D-01
  799  0.21896051      0.13790436D-01
  800  0.22163989      0.16655116D-01
  801  0.22435204      0.19791417D-01
  802  0.22709739      0.23195947D-01
  803  0.22987633      0.26864129D-01
  804  0.23268928      0.30790194D-01
  805  0.23553664      0.34967186D-01
  806  0.23841885      0.39386965D-01
  807  0.24133633      0.44040227D-01
  808  0.24428951      0.48916522D-01
  809  0.24727883      0.54004283D-01
  810  0.25030473      0.59290857D-01
  811  0.25336765      0.64762551D-01
  812  0.25646805      0.70404671D-01
  813  0.25960640      0.76201581D-01
  814  0.26278314      0.82136760D-01
  815  0.26599876      0.88192863D-01
  816  0.26925373      0.94351796D-01
  817  0.27254853      0.10059479D+00
  818  0.27588364      0.10690247D+00
  819  0.27925957      0.11325496D+00
  820  0.28267681      0.11963195D+00
  821  0.28613586      0.12601279D+00
  822  0.28963724      0.13237662D+00
  823  0.29318147      0.13870239D+00
  824  0.29676907      0.14496904D+00
  825  0.30040056      0.15115556D+00
  826  0.30407650      0.15724106D+00
  827  0.30779742      0.16320495D+00
  828  0.31156387      0.16902695D+00
  829  0.31537640      0.17468726D+00
  830  0.31923560      0.18016661D+00
  831  0.32314201      0.18544637D+00
  832  0.32709623      0.19050864D+00
  833  0.33109883      0.19533632D+00
  834  0.33515042      0.19991325D+00
  835  0.33925158      0.20422418D+00
  836  0.34340292      0.20825496D+00
  837  0.34760507      0.21199253D+00
  838  0.35185864      0.21542499D+00
  839  0.35616425      0.21854169D+00
  840  0.36052256      0.22133322D+00
  841  0.36493419      0.22379151D+00
  842  0.36939981      0.22590981D+00
  843  0.37392007      0.22768275D+00
  844  0.37849565      0.22910633D+00
  845  0.38312722      0.23017795D+00
  846  0.38781546      0.23089639D+00
  847  0.39256107      0.23126184D+00
  848  0.39736476      0.23127582D+00
  849  0.40222722      0.23094123D+00
  850  0.40714919      0.23026228D+00
  851  0.41213138      0.22924446D+00
  852  0.41717454      0.22789449D+00
  853  0.42227941      0.22622029D+00
  854  0.42744675      0.22423092D+00
  855  0.43267733      0.22193650D+00
  856  0.43797190      0.21934816D+00
  857  0.44333127      0.21647798D+00
  858  0.44875622      0.21333888D+00
  859  0.45424755      0.20994457D+00
  860  0.45980607      0.20630947D+00
  861  0.46543262      0.20244862D+00
  862  0.47112801      0.19837759D+00
  863  0.47689310      0.19411238D+00
  864  0.48272874      0.18966937D+00
  865  0.48863578      0.18506521D+00
  866  0.49461511      0.18031672D+00
  867  0.50066761      0.17544082D+00
  868  0.50679417      0.17045446D+00
  869  0.51299569      0.16537451D+00
  870  0.51927311      0.16021769D+00
  871  0.52562734      0.15500048D+00
  872  0.53205933      0.14973910D+00
  873  0.53857002      0.14444936D+00
  874  0.54516038      0.13914665D+00
  875  0.55183139      0.13384587D+00
  876  0.55858403      0.12856136D+00
  877  0.56541930      0.12330686D+00
  878  0.57233821      0.11809545D+00
  879  0.57934178      0.11293955D+00
  880  0.58643106      0.10785082D+00
  881  0.59360709      0.10284017D+00
  882  0.60087093      0.97917758D-01
  883  0.60822365      0.93092914D-01
  884  0.61566635      0.88374172D-01
  885  0.62320012      0.83769245D-01
  886  0.63082608      0.79285027D-01
  887  0.63854536      0.74927594D-01
  888  0.64635910      0.70702212D-01
  889  0.65426846      0.66613350D-01
  890  0.66227459      0.62664698D-01
  891  0.67037870      0.58859185D-01
  892  0.67858198      0.55199004D-01
  893  0.68688564      0.51685643D-01
  894  0.69529090      0.48319912D-01
  895  0.70379902      0.45101980D-01
  896  0.71241126      0.42031408D-01
  897  0.72112888      0.39107191D-01
  898  0.72995317      0.36327792D-01
  899  0.73888545      0.33691187D-01
  900  0.74792703      0.31194902D-01
  901  0.75707924      0.28836062D-01
  902  0.76634345      0.26611422D-01
  903  0.77572103      0.24517420D-01
  904  0.78521336      0.22550209D-01
  905  0.79482184      0.20705701D-01
  906  0.80454790      0.18979607D-01
  907  0.81439297      0.17367470D-01
  908  0.82435852      0.15864708D-01
  909  0.83444601      0.14466640D-01
  910  0.84465694      0.13168527D-01
  911  0.85499282      0.11965596D-01
  912  0.86545518      0.10853072D-01
  913  0.87604557      0.98262012D-02
  914  0.88676554      0.88802790D-02
  915  0.89761670      0.80106689D-02
  916  0.90860063      0.72128230D-02
  917  0.91971898      0.64822994D-02
  918  0.93097338      0.58147777D-02
  919  0.94236549      0.52060716D-02
  920  0.95389701      0.46521406D-02
  921  0.96556964      0.41490987D-02
  922  0.97738510      0.36932219D-02
  923  0.98934515      0.32809536D-02
  924  1.00145154      0.29089087D-02
  925  1.01370608      0.25738757D-02
  926  1.02611058      0.22728175D-02
  927  1.03866687      0.20028712D-02
  928  1.05137681      0.17613464D-02
  929  1.06424227      0.15457226D-02
  930  1.07726517      0.13536457D-02
  931  1.09044743      0.11829235D-02
  932  1.10379099      0.10315207D-02
  933  1.11729784      0.89755303D-03
  934  1.13096996      0.77928161D-03
  935  1.14480939      0.67510599D-03
  936  1.15881817      0.58355754D-03
  937  1.17299837      0.50329251D-03
  938  1.18735210      0.43308491D-03
  939  1.20188146      0.37181943D-03
  940  1.21658862      0.31848432D-03
  941  1.23147575      0.27216444D-03
  942  1.24654504      0.23203436D-03
  943  1.26179874      0.19735175D-03
  944  1.27723909      0.16745088D-03
  945  1.29286838      0.14173644D-03
  946  1.30868893      0.11967764D-03
  947  1.32470306      0.10080256D-03
  948  1.34091316      0.84692816D-04
  949  1.35732162      0.70978606D-04
  950  1.37393087      0.59333973D-04
  951  1.39074335      0.49472462D-04
  952  1.40776157      0.41143069D-04
  953  1.42498804      0.34126496D-04
  954  1.44242530      0.28231710D-04
  955  1.46007594      0.23292797D-04
  956  1.47794257      0.19166086D-04
  957  1.49602783      0.15727536D-04
  958  1.51433439      0.12870384D-04
  959  1.53286496      0.10503010D-04
  960  1.55162229      0.85470287D-05
  961  1.57060915      0.69355882D-05
  962  1.58982835      0.56118440D-05
  963  1.60928273      0.45276130D-05
  964  1.62897517      0.36421811D-05
  965  1.64890858      0.29212535D-05
  966  1.66908591      0.23360342D-05
  967  1.68951014      0.18624218D-05
  968  1.71018430      0.14803085D-05
  969  1.73111145      0.11729731D-05
  970  1.75229468      0.92655602D-06
  971  1.77373712      0.72960709D-06
  972  1.79544195      0.57269839D-06
  973  1.81741238      0.44809291D-06
  974  1.83965165      0.34946272D-06
  975  1.86216306      0.27164992D-06
  976  1.88494994      0.21046477D-06
  977  1.90801565      0.16251568D-06
  978  1.93136362      0.12506677D-06
  979  1.95499729      0.95918868D-07
  980  1.97892016      0.73310469D-07
  981  2.00313577      0.55835710D-07
  982  2.02764770      0.42376613D-07
  983  2.05245958      0.32047376D-07
  984  2.07757507      0.24148738D-07
  985  2.10299790      0.18130744D-07
  986  2.12873182      0.13562488D-07
  987  2.15478064      0.10107616D-07
  988  2.18114821      0.75045859D-08
  989  2.20783844      0.55508059D-08
  990  2.23485527      0.40899613D-08
  991  2.26220270      0.30019161D-08
  992  2.28988478      0.21947053D-08
  993  2.31790559      0.15982111D-08
  994  2.34626929      0.11591885D-08
  995  2.37498007      0.83737018D-09
  996  2.40404217      0.60242886D-09
  997  2.43345991      0.43161848D-09
  998  2.46323762      0.30795070D-09
  999  2.49337971      0.21879126D-09
 1000  2.52389065      0.15478431D-09
 1001  2.55477494      0.10903160D-09
 1002  2.58603716      0.76469196D-10
 1003  2.61768192      0.53396071D-10
 1004  2.64971392      0.37119364D-10
 1005  2.68213788      0.25688564D-10
 1006  2.71495861      0.17697286D-10
 1007  2.74818096      0.12136133D-10
 1008  2.78180984      0.82839970D-11
 1009  2.81585023      0.56281333D-11
 1010  2.85030717      0.38056810D-11
 1011  2.88518575      0.25610757D-11
 1012  2.92049113      0.17151918D-11
 1013  2.95622854      0.11430914D-11
 1014  2.99240325      0.75806158D-12
 1015  3.02902063      0.50021837D-12
 1016  3.06608608      0.32841424D-12
 1017  3.10360510      0.21451859D-12
 1018  3.14158323      0.13939769D-12
 1019  3.18002609      0.90108843D-13
 1020  3.21893937      0.57939279D-13
 1021  3.25832882      0.37045285D-13
 1022  3.29820027      0.23557870D-13
