 ir        r              f(r)*r^2
    1  0.00001334      0.41304583D-06
    2  0.00001351      0.42321058D-06
    3  0.00001367      0.43362540D-06
    4  0.00001384      0.44429644D-06
    5  0.00001401      0.45523001D-06
    6  0.00001418      0.46643255D-06
    7  0.00001435      0.47791070D-06
    8  0.00001453      0.48967121D-06
    9  0.00001471      0.50172103D-06
   10  0.00001489      0.51406729D-06
   11  0.00001507      0.52671726D-06
   12  0.00001525      0.53967841D-06
   13  0.00001544      0.55295840D-06
   14  0.00001563      0.56656507D-06
   15  0.00001582      0.58050644D-06
   16  0.00001601      0.59479075D-06
   17  0.00001621      0.60942643D-06
   18  0.00001641      0.62442211D-06
   19  0.00001661      0.63978665D-06
   20  0.00001681      0.65552912D-06
   21  0.00001702      0.67165880D-06
   22  0.00001723      0.68818521D-06
   23  0.00001744      0.70511811D-06
   24  0.00001765      0.72246749D-06
   25  0.00001787      0.74024359D-06
   26  0.00001808      0.75845690D-06
   27  0.00001831      0.77711816D-06
   28  0.00001853      0.79623839D-06
   29  0.00001876      0.81582886D-06
   30  0.00001899      0.83590114D-06
   31  0.00001922      0.85646706D-06
   32  0.00001945      0.87753877D-06
   33  0.00001969      0.89912869D-06
   34  0.00001993      0.92124955D-06
   35  0.00002018      0.94391441D-06
   36  0.00002042      0.96713663D-06
   37  0.00002067      0.99092992D-06
   38  0.00002093      0.10153083D-05
   39  0.00002118      0.10402862D-05
   40  0.00002144      0.10658782D-05
   41  0.00002170      0.10920996D-05
   42  0.00002197      0.11189657D-05
   43  0.00002224      0.11464924D-05
   44  0.00002251      0.11746960D-05
   45  0.00002279      0.12035930D-05
   46  0.00002306      0.12332006D-05
   47  0.00002335      0.12635361D-05
   48  0.00002363      0.12946174D-05
   49  0.00002392      0.13264629D-05
   50  0.00002421      0.13590914D-05
   51  0.00002451      0.13925221D-05
   52  0.00002481      0.14267746D-05
   53  0.00002511      0.14618692D-05
   54  0.00002542      0.14978266D-05
   55  0.00002573      0.15346679D-05
   56  0.00002605      0.15724149D-05
   57  0.00002637      0.16110897D-05
   58  0.00002669      0.16507153D-05
   59  0.00002701      0.16913150D-05
   60  0.00002735      0.17329126D-05
   61  0.00002768      0.17755327D-05
   62  0.00002802      0.18192004D-05
   63  0.00002836      0.18639414D-05
   64  0.00002871      0.19097821D-05
   65  0.00002906      0.19567495D-05
   66  0.00002942      0.20048712D-05
   67  0.00002978      0.20541756D-05
   68  0.00003014      0.21046917D-05
   69  0.00003051      0.21564494D-05
   70  0.00003088      0.22094789D-05
   71  0.00003126      0.22638117D-05
   72  0.00003164      0.23194797D-05
   73  0.00003203      0.23765156D-05
   74  0.00003242      0.24349530D-05
   75  0.00003282      0.24948264D-05
   76  0.00003322      0.25561710D-05
   77  0.00003363      0.26190229D-05
   78  0.00003404      0.26834191D-05
   79  0.00003445      0.27493975D-05
   80  0.00003488      0.28169970D-05
   81  0.00003530      0.28862572D-05
   82  0.00003573      0.29572190D-05
   83  0.00003617      0.30299242D-05
   84  0.00003661      0.31044154D-05
   85  0.00003706      0.31807366D-05
   86  0.00003752      0.32589327D-05
   87  0.00003798      0.33390495D-05
   88  0.00003844      0.34211343D-05
   89  0.00003891      0.35052354D-05
   90  0.00003939      0.35914021D-05
   91  0.00003987      0.36796853D-05
   92  0.00004036      0.37701367D-05
   93  0.00004085      0.38628096D-05
   94  0.00004135      0.39577584D-05
   95  0.00004186      0.40550391D-05
   96  0.00004237      0.41547087D-05
   97  0.00004289      0.42568258D-05
   98  0.00004341      0.43614506D-05
   99  0.00004394      0.44686444D-05
  100  0.00004448      0.45784702D-05
  101  0.00004502      0.46909927D-05
  102  0.00004558      0.48062779D-05
  103  0.00004613      0.49243935D-05
  104  0.00004670      0.50454089D-05
  105  0.00004727      0.51693953D-05
  106  0.00004785      0.52964254D-05
  107  0.00004843      0.54265738D-05
  108  0.00004903      0.55599170D-05
  109  0.00004963      0.56965333D-05
  110  0.00005023      0.58365028D-05
  111  0.00005085      0.59799079D-05
  112  0.00005147      0.61268325D-05
  113  0.00005210      0.62773631D-05
  114  0.00005274      0.64315878D-05
  115  0.00005338      0.65895973D-05
  116  0.00005404      0.67514843D-05
  117  0.00005470      0.69173437D-05
  118  0.00005537      0.70872728D-05
  119  0.00005604      0.72613713D-05
  120  0.00005673      0.74397414D-05
  121  0.00005742      0.76224876D-05
  122  0.00005813      0.78097172D-05
  123  0.00005884      0.80015398D-05
  124  0.00005956      0.81980680D-05
  125  0.00006029      0.83994169D-05
  126  0.00006102      0.86057047D-05
  127  0.00006177      0.88170521D-05
  128  0.00006253      0.90335830D-05
  129  0.00006329      0.92554244D-05
  130  0.00006407      0.94827062D-05
  131  0.00006485      0.97155614D-05
  132  0.00006564      0.99541266D-05
  133  0.00006645      0.10198541D-04
  134  0.00006726      0.10448949D-04
  135  0.00006808      0.10705496D-04
  136  0.00006892      0.10968332D-04
  137  0.00006976      0.11237612D-04
  138  0.00007061      0.11513493D-04
  139  0.00007148      0.11796137D-04
  140  0.00007235      0.12085708D-04
  141  0.00007324      0.12382376D-04
  142  0.00007413      0.12686315D-04
  143  0.00007504      0.12997703D-04
  144  0.00007596      0.13316721D-04
  145  0.00007689      0.13643557D-04
  146  0.00007783      0.13978401D-04
  147  0.00007878      0.14321448D-04
  148  0.00007975      0.14672901D-04
  149  0.00008072      0.15032962D-04
  150  0.00008171      0.15401845D-04
  151  0.00008271      0.15779762D-04
  152  0.00008372      0.16166937D-04
  153  0.00008475      0.16563593D-04
  154  0.00008578      0.16969964D-04
  155  0.00008683      0.17386286D-04
  156  0.00008790      0.17812802D-04
  157  0.00008897      0.18249762D-04
  158  0.00009006      0.18697420D-04
  159  0.00009116      0.19156037D-04
  160  0.00009228      0.19625881D-04
  161  0.00009341      0.20107226D-04
  162  0.00009455      0.20600353D-04
  163  0.00009571      0.21105548D-04
  164  0.00009688      0.21623107D-04
  165  0.00009806      0.22153331D-04
  166  0.00009926      0.22696529D-04
  167  0.00010048      0.23253018D-04
  168  0.00010171      0.23823121D-04
  169  0.00010295      0.24407170D-04
  170  0.00010421      0.25005506D-04
  171  0.00010549      0.25618477D-04
  172  0.00010678      0.26246440D-04
  173  0.00010808      0.26889759D-04
  174  0.00010941      0.27548810D-04
  175  0.00011075      0.28223975D-04
  176  0.00011210      0.28915647D-04
  177  0.00011347      0.29624228D-04
  178  0.00011486      0.30350130D-04
  179  0.00011627      0.31093775D-04
  180  0.00011769      0.31855595D-04
  181  0.00011913      0.32636032D-04
  182  0.00012059      0.33435539D-04
  183  0.00012206      0.34254582D-04
  184  0.00012356      0.35093634D-04
  185  0.00012507      0.35953183D-04
  186  0.00012660      0.36833728D-04
  187  0.00012815      0.37735779D-04
  188  0.00012972      0.38659859D-04
  189  0.00013130      0.39606505D-04
  190  0.00013291      0.40576264D-04
  191  0.00013454      0.41569698D-04
  192  0.00013618      0.42587384D-04
  193  0.00013785      0.43629910D-04
  194  0.00013954      0.44697880D-04
  195  0.00014124      0.45791912D-04
  196  0.00014297      0.46912639D-04
  197  0.00014472      0.48060710D-04
  198  0.00014649      0.49236788D-04
  199  0.00014829      0.50441554D-04
  200  0.00015010      0.51675703D-04
  201  0.00015194      0.52939949D-04
  202  0.00015380      0.54235022D-04
  203  0.00015568      0.55561670D-04
  204  0.00015758      0.56920659D-04
  205  0.00015951      0.58312773D-04
  206  0.00016146      0.59738815D-04
  207  0.00016344      0.61199608D-04
  208  0.00016544      0.62695994D-04
  209  0.00016746      0.64228836D-04
  210  0.00016951      0.65799016D-04
  211  0.00017159      0.67407440D-04
  212  0.00017369      0.69055033D-04
  213  0.00017581      0.70742744D-04
  214  0.00017796      0.72471543D-04
  215  0.00018014      0.74242426D-04
  216  0.00018235      0.76056411D-04
  217  0.00018458      0.77914541D-04
  218  0.00018683      0.79817882D-04
  219  0.00018912      0.81767529D-04
  220  0.00019144      0.83764600D-04
  221  0.00019378      0.85810243D-04
  222  0.00019615      0.87905631D-04
  223  0.00019855      0.90051965D-04
  224  0.00020098      0.92250477D-04
  225  0.00020344      0.94502426D-04
  226  0.00020593      0.96809102D-04
  227  0.00020845      0.99171826D-04
  228  0.00021100      0.10159195D-03
  229  0.00021358      0.10407086D-03
  230  0.00021619      0.10660997D-03
  231  0.00021884      0.10921074D-03
  232  0.00022152      0.11187465D-03
  233  0.00022423      0.11460322D-03
  234  0.00022697      0.11739801D-03
  235  0.00022975      0.12026061D-03
  236  0.00023256      0.12319266D-03
  237  0.00023541      0.12619584D-03
  238  0.00023829      0.12927184D-03
  239  0.00024120      0.13242243D-03
  240  0.00024415      0.13564939D-03
  241  0.00024714      0.13895457D-03
  242  0.00025017      0.14233984D-03
  243  0.00025323      0.14580713D-03
  244  0.00025633      0.14935840D-03
  245  0.00025946      0.15299568D-03
  246  0.00026264      0.15672104D-03
  247  0.00026585      0.16053657D-03
  248  0.00026910      0.16444445D-03
  249  0.00027240      0.16844690D-03
  250  0.00027573      0.17254617D-03
  251  0.00027911      0.17674459D-03
  252  0.00028252      0.18104454D-03
  253  0.00028598      0.18544845D-03
  254  0.00028948      0.18995880D-03
  255  0.00029302      0.19457815D-03
  256  0.00029660      0.19930910D-03
  257  0.00030023      0.20415431D-03
  258  0.00030391      0.20911654D-03
  259  0.00030763      0.21419856D-03
  260  0.00031139      0.21940324D-03
  261  0.00031520      0.22473351D-03
  262  0.00031906      0.23019238D-03
  263  0.00032296      0.23578290D-03
  264  0.00032692      0.24150821D-03
  265  0.00033092      0.24737154D-03
  266  0.00033497      0.25337617D-03
  267  0.00033906      0.25952547D-03
  268  0.00034321      0.26582288D-03
  269  0.00034741      0.27227193D-03
  270  0.00035166      0.27887623D-03
  271  0.00035597      0.28563947D-03
  272  0.00036032      0.29256542D-03
  273  0.00036473      0.29965796D-03
  274  0.00036920      0.30692103D-03
  275  0.00037371      0.31435870D-03
  276  0.00037829      0.32197510D-03
  277  0.00038292      0.32977447D-03
  278  0.00038760      0.33776115D-03
  279  0.00039234      0.34593958D-03
  280  0.00039715      0.35431429D-03
  281  0.00040200      0.36288995D-03
  282  0.00040692      0.37167129D-03
  283  0.00041190      0.38066319D-03
  284  0.00041694      0.38987061D-03
  285  0.00042205      0.39929866D-03
  286  0.00042721      0.40895255D-03
  287  0.00043244      0.41883759D-03
  288  0.00043773      0.42895925D-03
  289  0.00044309      0.43932310D-03
  290  0.00044851      0.44993484D-03
  291  0.00045400      0.46080032D-03
  292  0.00045955      0.47192551D-03
  293  0.00046518      0.48331651D-03
  294  0.00047087      0.49497957D-03
  295  0.00047663      0.50692108D-03
  296  0.00048246      0.51914758D-03
  297  0.00048837      0.53166575D-03
  298  0.00049434      0.54448244D-03
  299  0.00050039      0.55760465D-03
  300  0.00050651      0.57103951D-03
  301  0.00051271      0.58479436D-03
  302  0.00051899      0.59887667D-03
  303  0.00052534      0.61329410D-03
  304  0.00053177      0.62805448D-03
  305  0.00053827      0.64316581D-03
  306  0.00054486      0.65863627D-03
  307  0.00055153      0.67447424D-03
  308  0.00055828      0.69068828D-03
  309  0.00056511      0.70728713D-03
  310  0.00057202      0.72427976D-03
  311  0.00057902      0.74167530D-03
  312  0.00058611      0.75948312D-03
  313  0.00059328      0.77771278D-03
  314  0.00060054      0.79637406D-03
  315  0.00060789      0.81547697D-03
  316  0.00061533      0.83503172D-03
  317  0.00062286      0.85504877D-03
  318  0.00063048      0.87553881D-03
  319  0.00063819      0.89651275D-03
  320  0.00064600      0.91798176D-03
  321  0.00065391      0.93995726D-03
  322  0.00066191      0.96245091D-03
  323  0.00067001      0.98547464D-03
  324  0.00067821      0.10090406D-02
  325  0.00068651      0.10331613D-02
  326  0.00069491      0.10578495D-02
  327  0.00070341      0.10831181D-02
  328  0.00071202      0.11089805D-02
  329  0.00072073      0.11354502D-02
  330  0.00072955      0.11625412D-02
  331  0.00073848      0.11902676D-02
  332  0.00074751      0.12186439D-02
  333  0.00075666      0.12476850D-02
  334  0.00076592      0.12774060D-02
  335  0.00077529      0.13078223D-02
  336  0.00078478      0.13389497D-02
  337  0.00079438      0.13708045D-02
  338  0.00080410      0.14034030D-02
  339  0.00081394      0.14367622D-02
  340  0.00082390      0.14708992D-02
  341  0.00083398      0.15058316D-02
  342  0.00084419      0.15415774D-02
  343  0.00085452      0.15781549D-02
  344  0.00086498      0.16155829D-02
  345  0.00087556      0.16538805D-02
  346  0.00088628      0.16930671D-02
  347  0.00089712      0.17331629D-02
  348  0.00090810      0.17741880D-02
  349  0.00091921      0.18161634D-02
  350  0.00093046      0.18591103D-02
  351  0.00094184      0.19030504D-02
  352  0.00095337      0.19480057D-02
  353  0.00096504      0.19939990D-02
  354  0.00097684      0.20410532D-02
  355  0.00098880      0.20891920D-02
  356  0.00100090      0.21384394D-02
  357  0.00101315      0.21888199D-02
  358  0.00102554      0.22403586D-02
  359  0.00103809      0.22930810D-02
  360  0.00105080      0.23470133D-02
  361  0.00106365      0.24021820D-02
  362  0.00107667      0.24586144D-02
  363  0.00108984      0.25163380D-02
  364  0.00110318      0.25753813D-02
  365  0.00111668      0.26357731D-02
  366  0.00113034      0.26975428D-02
  367  0.00114418      0.27607205D-02
  368  0.00115818      0.28253367D-02
  369  0.00117235      0.28914228D-02
  370  0.00118670      0.29590105D-02
  371  0.00120122      0.30281324D-02
  372  0.00121592      0.30988217D-02
  373  0.00123079      0.31711121D-02
  374  0.00124586      0.32450381D-02
  375  0.00126110      0.33206348D-02
  376  0.00127653      0.33979381D-02
  377  0.00129215      0.34769844D-02
  378  0.00130797      0.35578110D-02
  379  0.00132397      0.36404558D-02
  380  0.00134017      0.37249575D-02
  381  0.00135657      0.38113555D-02
  382  0.00137317      0.38996899D-02
  383  0.00138997      0.39900018D-02
  384  0.00140698      0.40823327D-02
  385  0.00142420      0.41767251D-02
  386  0.00144163      0.42732223D-02
  387  0.00145927      0.43718685D-02
  388  0.00147713      0.44727084D-02
  389  0.00149520      0.45757878D-02
  390  0.00151350      0.46811532D-02
  391  0.00153202      0.47888521D-02
  392  0.00155076      0.48989328D-02
  393  0.00156974      0.50114443D-02
  394  0.00158895      0.51264367D-02
  395  0.00160839      0.52439609D-02
  396  0.00162807      0.53640688D-02
  397  0.00164800      0.54868130D-02
  398  0.00166816      0.56122473D-02
  399  0.00168858      0.57404261D-02
  400  0.00170924      0.58714052D-02
  401  0.00173015      0.60052408D-02
  402  0.00175133      0.61419906D-02
  403  0.00177276      0.62817130D-02
  404  0.00179445      0.64244673D-02
  405  0.00181641      0.65703141D-02
  406  0.00183863      0.67193146D-02
  407  0.00186113      0.68715314D-02
  408  0.00188391      0.70270279D-02
  409  0.00190696      0.71858686D-02
  410  0.00193030      0.73481189D-02
  411  0.00195392      0.75138456D-02
  412  0.00197783      0.76831161D-02
  413  0.00200203      0.78559992D-02
  414  0.00202653      0.80325645D-02
  415  0.00205132      0.82128830D-02
  416  0.00207643      0.83970265D-02
  417  0.00210183      0.85850679D-02
  418  0.00212755      0.87770813D-02
  419  0.00215359      0.89731419D-02
  420  0.00217994      0.91733259D-02
  421  0.00220662      0.93777107D-02
  422  0.00223362      0.95863746D-02
  423  0.00226095      0.97993972D-02
  424  0.00228862      0.10016859D-01
  425  0.00231662      0.10238842D-01
  426  0.00234497      0.10465429D-01
  427  0.00237367      0.10696704D-01
  428  0.00240271      0.10932752D-01
  429  0.00243211      0.11173659D-01
  430  0.00246188      0.11419512D-01
  431  0.00249200      0.11670399D-01
  432  0.00252249      0.11926411D-01
  433  0.00255336      0.12187637D-01
  434  0.00258461      0.12454168D-01
  435  0.00261623      0.12726098D-01
  436  0.00264825      0.13003521D-01
  437  0.00268065      0.13286530D-01
  438  0.00271346      0.13575221D-01
  439  0.00274666      0.13869691D-01
  440  0.00278027      0.14170038D-01
  441  0.00281429      0.14476360D-01
  442  0.00284873      0.14788756D-01
  443  0.00288359      0.15107328D-01
  444  0.00291888      0.15432177D-01
  445  0.00295459      0.15763404D-01
  446  0.00299075      0.16101113D-01
  447  0.00302735      0.16445409D-01
  448  0.00306439      0.16796394D-01
  449  0.00310189      0.17154176D-01
  450  0.00313985      0.17518860D-01
  451  0.00317827      0.17890553D-01
  452  0.00321716      0.18269363D-01
  453  0.00325653      0.18655398D-01
  454  0.00329638      0.19048767D-01
  455  0.00333671      0.19449578D-01
  456  0.00337754      0.19857942D-01
  457  0.00341887      0.20273968D-01
  458  0.00346071      0.20697768D-01
  459  0.00350306      0.21129452D-01
  460  0.00354592      0.21569131D-01
  461  0.00358932      0.22016916D-01
  462  0.00363324      0.22472919D-01
  463  0.00367770      0.22937251D-01
  464  0.00372270      0.23410024D-01
  465  0.00376825      0.23891349D-01
  466  0.00381436      0.24381336D-01
  467  0.00386104      0.24880098D-01
  468  0.00390829      0.25387744D-01
  469  0.00395611      0.25904385D-01
  470  0.00400452      0.26430130D-01
  471  0.00405352      0.26965088D-01
  472  0.00410313      0.27509367D-01
  473  0.00415333      0.28063075D-01
  474  0.00420416      0.28626319D-01
  475  0.00425560      0.29199203D-01
  476  0.00430768      0.29781831D-01
  477  0.00436039      0.30374307D-01
  478  0.00441375      0.30976733D-01
  479  0.00446776      0.31589207D-01
  480  0.00452243      0.32211829D-01
  481  0.00457777      0.32844694D-01
  482  0.00463379      0.33487898D-01
  483  0.00469049      0.34141531D-01
  484  0.00474788      0.34805685D-01
  485  0.00480598      0.35480446D-01
  486  0.00486479      0.36165899D-01
  487  0.00492432      0.36862126D-01
  488  0.00498458      0.37569207D-01
  489  0.00504558      0.38287216D-01
  490  0.00510732      0.39016227D-01
  491  0.00516981      0.39756307D-01
  492  0.00523308      0.40507523D-01
  493  0.00529711      0.41269935D-01
  494  0.00536193      0.42043600D-01
  495  0.00542754      0.42828570D-01
  496  0.00549396      0.43624893D-01
  497  0.00556119      0.44432611D-01
  498  0.00562924      0.45251763D-01
  499  0.00569812      0.46082381D-01
  500  0.00576785      0.46924491D-01
  501  0.00583843      0.47778114D-01
  502  0.00590987      0.48643264D-01
  503  0.00598219      0.49519949D-01
  504  0.00605539      0.50408172D-01
  505  0.00612949      0.51307925D-01
  506  0.00620450      0.52219197D-01
  507  0.00628042      0.53141966D-01
  508  0.00635727      0.54076204D-01
  509  0.00643507      0.55021873D-01
  510  0.00651381      0.55978930D-01
  511  0.00659352      0.56947318D-01
  512  0.00667420      0.57926976D-01
  513  0.00675587      0.58917829D-01
  514  0.00683854      0.59919795D-01
  515  0.00692222      0.60932781D-01
  516  0.00700693      0.61956682D-01
  517  0.00709267      0.62991385D-01
  518  0.00717946      0.64036762D-01
  519  0.00726732      0.65092677D-01
  520  0.00735625      0.66158979D-01
  521  0.00744626      0.67235506D-01
  522  0.00753738      0.68322082D-01
  523  0.00762961      0.69418519D-01
  524  0.00772298      0.70524616D-01
  525  0.00781748      0.71640156D-01
  526  0.00791314      0.72764908D-01
  527  0.00800997      0.73898628D-01
  528  0.00810799      0.75041054D-01
  529  0.00820720      0.76191911D-01
  530  0.00830763      0.77350907D-01
  531  0.00840929      0.78517732D-01
  532  0.00851220      0.79692062D-01
  533  0.00861636      0.80873553D-01
  534  0.00872179      0.82061846D-01
  535  0.00882852      0.83256563D-01
  536  0.00893655      0.84457305D-01
  537  0.00904591      0.85663659D-01
  538  0.00915660      0.86875189D-01
  539  0.00926865      0.88091441D-01
  540  0.00938207      0.89311941D-01
  541  0.00949687      0.90536193D-01
  542  0.00961308      0.91763684D-01
  543  0.00973072      0.92993875D-01
  544  0.00984979      0.94226211D-01
  545  0.00997032      0.95460111D-01
  546  0.01009232      0.96694975D-01
  547  0.01021582      0.97930178D-01
  548  0.01034083      0.99165074D-01
  549  0.01046737      0.10039899D+00
  550  0.01059546      0.10163125D+00
  551  0.01072511      0.10286112D+00
  552  0.01085635      0.10408786D+00
  553  0.01098920      0.10531072D+00
  554  0.01112367      0.10652891D+00
  555  0.01125979      0.10774162D+00
  556  0.01139757      0.10894801D+00
  557  0.01153704      0.11014722D+00
  558  0.01167822      0.11133837D+00
  559  0.01182112      0.11252056D+00
  560  0.01196577      0.11369285D+00
  561  0.01211220      0.11485428D+00
  562  0.01226041      0.11600388D+00
  563  0.01241044      0.11714064D+00
  564  0.01256230      0.11826353D+00
  565  0.01271602      0.11937151D+00
  566  0.01287163      0.12046349D+00
  567  0.01302913      0.12153839D+00
  568  0.01318857      0.12259508D+00
  569  0.01334995      0.12363242D+00
  570  0.01351332      0.12464924D+00
  571  0.01367867      0.12564437D+00
  572  0.01384606      0.12661659D+00
  573  0.01401549      0.12756468D+00
  574  0.01418699      0.12848741D+00
  575  0.01436060      0.12938349D+00
  576  0.01453632      0.13025167D+00
  577  0.01471420      0.13109064D+00
  578  0.01489426      0.13189908D+00
  579  0.01507651      0.13267569D+00
  580  0.01526100      0.13341911D+00
  581  0.01544775      0.13412800D+00
  582  0.01563678      0.13480099D+00
  583  0.01582812      0.13543672D+00
  584  0.01602181      0.13603382D+00
  585  0.01621786      0.13659089D+00
  586  0.01641632      0.13710656D+00
  587  0.01661720      0.13757943D+00
  588  0.01682054      0.13800812D+00
  589  0.01702637      0.13839123D+00
  590  0.01723472      0.13872740D+00
  591  0.01744561      0.13901523D+00
  592  0.01765909      0.13925337D+00
  593  0.01787518      0.13944045D+00
  594  0.01809392      0.13957513D+00
  595  0.01831533      0.13965608D+00
  596  0.01853945      0.13968200D+00
  597  0.01876631      0.13965160D+00
  598  0.01899595      0.13956362D+00
  599  0.01922840      0.13941682D+00
  600  0.01946370      0.13921000D+00
  601  0.01970187      0.13894200D+00
  602  0.01994296      0.13861168D+00
  603  0.02018699      0.13821795D+00
  604  0.02043402      0.13775978D+00
  605  0.02068406      0.13723617D+00
  606  0.02093717      0.13664618D+00
  607  0.02119337      0.13598893D+00
  608  0.02145271      0.13526358D+00
  609  0.02171522      0.13446939D+00
  610  0.02198095      0.13360567D+00
  611  0.02224992      0.13267180D+00
  612  0.02252219      0.13166724D+00
  613  0.02279779      0.13059155D+00
  614  0.02307676      0.12944435D+00
  615  0.02335915      0.12822537D+00
  616  0.02364499      0.12693443D+00
  617  0.02393433      0.12557146D+00
  618  0.02422721      0.12413649D+00
  619  0.02452367      0.12262966D+00
  620  0.02482376      0.12105122D+00
  621  0.02512752      0.11940156D+00
  622  0.02543500      0.11768117D+00
  623  0.02574625      0.11589069D+00
  624  0.02606130      0.11403089D+00
  625  0.02638020      0.11210269D+00
  626  0.02670301      0.11010712D+00
  627  0.02702977      0.10804541D+00
  628  0.02736053      0.10591891D+00
  629  0.02769533      0.10372914D+00
  630  0.02803423      0.10147778D+00
  631  0.02837728      0.99166677D-01
  632  0.02872453      0.96797857D-01
  633  0.02907602      0.94373516D-01
  634  0.02943182      0.91896034D-01
  635  0.02979197      0.89367970D-01
  636  0.03015653      0.86792075D-01
  637  0.03052555      0.84171287D-01
  638  0.03089908      0.81508739D-01
  639  0.03127719      0.78807759D-01
  640  0.03165992      0.76071875D-01
  641  0.03204734      0.73304813D-01
  642  0.03243949      0.70510503D-01
  643  0.03283645      0.67693079D-01
  644  0.03323826      0.64856878D-01
  645  0.03364499      0.62006444D-01
  646  0.03405670      0.59146524D-01
  647  0.03447344      0.56282071D-01
  648  0.03489528      0.53418243D-01
  649  0.03532229      0.50560399D-01
  650  0.03575452      0.47714100D-01
  651  0.03619204      0.44885103D-01
  652  0.03663491      0.42079362D-01
  653  0.03708321      0.39303023D-01
  654  0.03753699      0.36562418D-01
  655  0.03799632      0.33864062D-01
  656  0.03846127      0.31214646D-01
  657  0.03893191      0.28621032D-01
  658  0.03940831      0.26090244D-01
  659  0.03989055      0.23629462D-01
  660  0.04037868      0.21246015D-01
  661  0.04087278      0.18947367D-01
  662  0.04137293      0.16741110D-01
  663  0.04187920      0.14634954D-01
  664  0.04239167      0.12636713D-01
  665  0.04291041      0.10754294D-01
  666  0.04343549      0.89956845D-02
  667  0.04396700      0.73689348D-02
  668  0.04450502      0.58821470D-02
  669  0.04504962      0.45434578D-02
  670  0.04560088      0.33610217D-02
  671  0.04615889      0.23429939D-02
  672  0.04672372      0.14975122D-02
  673  0.04729547      0.83267809D-03
  674  0.04787422      0.35653686D-03
  675  0.04846004      0.77057495D-04
  676  0.04905304      0.21113508D-05
  677  0.04965329      0.13945038D-03
  678  0.05026088      0.49668469D-03
  679  0.05087592      0.10812594D-02
  680  0.05149847      0.19004311D-02
  681  0.05212865      0.29612436D-02
  682  0.05276653      0.42705033D-02
  683  0.05341223      0.58347540D-02
  684  0.05406582      0.76602516D-02
  685  0.05472741      0.97529384D-02
  686  0.05539710      0.12118417D-01
  687  0.05607498      0.14761924D-01
  688  0.05676116      0.17688305D-01
  689  0.05745573      0.20901986D-01
  690  0.05815881      0.24406949D-01
  691  0.05887048      0.28206707D-01
  692  0.05959087      0.32304275D-01
  693  0.06032007      0.36702149D-01
  694  0.06105819      0.41402276D-01
  695  0.06180535      0.46406036D-01
  696  0.06256164      0.51714212D-01
  697  0.06332720      0.57326971D-01
  698  0.06410212      0.63243842D-01
  699  0.06488652      0.69463693D-01
  700  0.06568052      0.75984715D-01
  701  0.06648424      0.82804397D-01
  702  0.06729780      0.89919517D-01
  703  0.06812130      0.97326120D-01
  704  0.06895489      0.10501951D+00
  705  0.06979867      0.11299422D+00
  706  0.07065279      0.12124403D+00
  707  0.07151735      0.12976195D+00
  708  0.07239249      0.13854018D+00
  709  0.07327834      0.14757016D+00
  710  0.07417503      0.15684252D+00
  711  0.07508270      0.16634713D+00
  712  0.07600147      0.17607303D+00
  713  0.07693148      0.18600853D+00
  714  0.07787287      0.19614113D+00
  715  0.07882579      0.20645759D+00
  716  0.07979036      0.21694390D+00
  717  0.08076674      0.22758534D+00
  718  0.08175506      0.23836646D+00
  719  0.08275548      0.24927114D+00
  720  0.08376814      0.26028257D+00
  721  0.08479319      0.27138333D+00
  722  0.08583079      0.28255536D+00
  723  0.08688108      0.29378007D+00
  724  0.08794422      0.30503829D+00
  725  0.08902038      0.31631040D+00
  726  0.09010970      0.32757628D+00
  727  0.09121235      0.33881544D+00
  728  0.09232850      0.35000701D+00
  729  0.09345830      0.36112982D+00
  730  0.09460193      0.37216245D+00
  731  0.09575955      0.38308325D+00
  732  0.09693134      0.39387046D+00
  733  0.09811747      0.40450223D+00
  734  0.09931811      0.41495667D+00
  735  0.10053345      0.42521195D+00
  736  0.10176365      0.43524634D+00
  737  0.10300891      0.44503826D+00
  738  0.10426941      0.45456642D+00
  739  0.10554533      0.46380977D+00
  740  0.10683686      0.47274768D+00
  741  0.10814420      0.48135994D+00
  742  0.10946754      0.48962686D+00
  743  0.11080707      0.49752932D+00
  744  0.11216299      0.50504883D+00
  745  0.11353551      0.51216764D+00
  746  0.11492481      0.51886875D+00
  747  0.11633112      0.52513600D+00
  748  0.11775464      0.53095414D+00
  749  0.11919558      0.53630887D+00
  750  0.12065415      0.54118690D+00
  751  0.12213057      0.54557602D+00
  752  0.12362505      0.54946512D+00
  753  0.12513783      0.55284428D+00
  754  0.12666911      0.55570477D+00
  755  0.12821913      0.55803912D+00
  756  0.12978812      0.55984114D+00
  757  0.13137631      0.56110595D+00
  758  0.13298393      0.56183003D+00
  759  0.13461123      0.56201121D+00
  760  0.13625843      0.56164870D+00
  761  0.13792580      0.56074310D+00
  762  0.13961357      0.55929642D+00
  763  0.14132199      0.55731206D+00
  764  0.14305131      0.55479482D+00
  765  0.14480180      0.55175087D+00
  766  0.14657371      0.54818774D+00
  767  0.14836730      0.54411434D+00
  768  0.15018284      0.53954086D+00
  769  0.15202059      0.53447880D+00
  770  0.15388083      0.52894088D+00
  771  0.15576384      0.52294104D+00
  772  0.15766989      0.51649437D+00
  773  0.15959926      0.50961707D+00
  774  0.16155224      0.50232635D+00
  775  0.16352912      0.49464043D+00
  776  0.16553019      0.48657843D+00
  777  0.16755574      0.47816030D+00
  778  0.16960608      0.46940677D+00
  779  0.17168152      0.46033926D+00
  780  0.17378235      0.45097979D+00
  781  0.17590888      0.44135090D+00
  782  0.17806144      0.43147557D+00
  783  0.18024034      0.42137714D+00
  784  0.18244590      0.41107923D+00
  785  0.18467845      0.40060561D+00
  786  0.18693832      0.38998015D+00
  787  0.18922584      0.37922674D+00
  788  0.19154136      0.36836915D+00
  789  0.19388521      0.35743101D+00
  790  0.19625774      0.34643568D+00
  791  0.19865930      0.33540618D+00
  792  0.20109025      0.32436513D+00
  793  0.20355095      0.31333464D+00
  794  0.20604175      0.30233625D+00
  795  0.20856304      0.29139088D+00
  796  0.21111518      0.28051874D+00
  797  0.21369855      0.26973927D+00
  798  0.21631353      0.25907110D+00
  799  0.21896051      0.24853200D+00
  800  0.22163989      0.23813880D+00
  801  0.22435204      0.22790738D+00
  802  0.22709739      0.21785264D+00
  803  0.22987633      0.20798845D+00
  804  0.23268928      0.19832763D+00
  805  0.23553664      0.18888194D+00
  806  0.23841885      0.17966205D+00
  807  0.24133633      0.17067755D+00
  808  0.24428951      0.16193697D+00
  809  0.24727883      0.15344770D+00
  810  0.25030473      0.14521611D+00
  811  0.25336765      0.13724749D+00
  812  0.25646805      0.12954606D+00
  813  0.25960640      0.12211507D+00
  814  0.26278314      0.11495675D+00
  815  0.26599876      0.10807237D+00
  816  0.26925373      0.10146228D+00
  817  0.27254853      0.95125962D-01
  818  0.27588364      0.89062030D-01
  819  0.27925957      0.83268313D-01
  820  0.28267681      0.77741886D-01
  821  0.28613586      0.72479119D-01
  822  0.28963724      0.67475732D-01
  823  0.29318147      0.62726842D-01
  824  0.29676907      0.58227016D-01
  825  0.30040056      0.53970328D-01
  826  0.30407650      0.49950406D-01
  827  0.30779742      0.46160486D-01
  828  0.31156387      0.42593467D-01
  829  0.31537640      0.39241960D-01
  830  0.31923560      0.36098336D-01
  831  0.32314201      0.33154777D-01
  832  0.32709623      0.30403323D-01
  833  0.33109883      0.27835913D-01
  834  0.33515042      0.25444433D-01
  835  0.33925158      0.23220752D-01
  836  0.34340292      0.21156764D-01
  837  0.34760507      0.19244418D-01
  838  0.35185864      0.17475756D-01
  839  0.35616425      0.15842940D-01
  840  0.36052256      0.14338281D-01
  841  0.36493419      0.12954263D-01
  842  0.36939981      0.11683563D-01
  843  0.37392007      0.10519074D-01
  844  0.37849565      0.94539178D-02
  845  0.38312722      0.84814604D-02
  846  0.38781546      0.75953235D-02
  847  0.39256107      0.67893928D-02
  848  0.39736476      0.60578250D-02
  849  0.40222722      0.53950519D-02
  850  0.40714919      0.47957831D-02
  851  0.41213138      0.42550065D-02
  852  0.41717454      0.37679868D-02
  853  0.42227941      0.33302628D-02
  854  0.42744675      0.29376434D-02
  855  0.43267733      0.25862017D-02
  856  0.43797190      0.22722685D-02
  857  0.44333127      0.19924247D-02
  858  0.44875622      0.17434927D-02
  859  0.45424755      0.15225275D-02
  860  0.45980607      0.13268067D-02
  861  0.46543262      0.11538203D-02
  862  0.47112801      0.10012608D-02
  863  0.47689310      0.86701180D-03
  864  0.48272874      0.74913787D-03
  865  0.48863578      0.64587350D-03
  866  0.49461511      0.55561254D-03
  867  0.50066761      0.47689769D-03
  868  0.50679417      0.40841025D-03
  869  0.51299569      0.34896006D-03
  870  0.51927311      0.29747593D-03
  871  0.52562734      0.25299628D-03
  872  0.53205933      0.21466026D-03
  873  0.53857002      0.18169931D-03
  874  0.54516038      0.15342910D-03
  875  0.55183139      0.12924199D-03
  876  0.55858403      0.10859990D-03
  877  0.56541930      0.91027655D-04
  878  0.57233821      0.76106820D-04
  879  0.57934178      0.63469938D-04
  880  0.58643106      0.52795229D-04
  881  0.59360709      0.43801709D-04
  882  0.60087093      0.36244718D-04
  883  0.60822365      0.29911834D-04
  884  0.61566635      0.24619159D-04
  885  0.62320012      0.20207951D-04
  886  0.63082608      0.16541585D-04
  887  0.63854536      0.13502819D-04
  888  0.64635910      0.10991345D-04
  889  0.65426846      0.89215977D-05
  890  0.66227459      0.72208126D-05
  891  0.67037870      0.58272976D-05
  892  0.67858198      0.46889097D-05
  893  0.68688564      0.37617140D-05
  894  0.69529090      0.30088076D-05
  895  0.70379902      0.23992922D-05
  896  0.71241126      0.19073793D-05
  897  0.72112888      0.15116148D-05
  898  0.72995317      0.11942083D-05
  899  0.73888545      0.94045605D-06
  900  0.74792703      0.73824535D-06
  901  0.75707924      0.57763151D-06
  902  0.76634345      0.45047731D-06
  903  0.77572103      0.35014713D-06
  904  0.78521336      0.27124849D-06
  905  0.79482184      0.20941438D-06
  906  0.80454790      0.16112064D-06
  907  0.81439297      0.12353333D-06
  908  0.82435852      0.94381770D-07
  909  0.83444601      0.71853087D-07
  910  0.84465694      0.54505242D-07
  911  0.85499282      0.41195386D-07
  912  0.86545518      0.31021161D-07
  913  0.87604557      0.23272775D-07
  914  0.88676554      0.17394028D-07
  915  0.89761670      0.12950753D-07
  916  0.90860063      0.96053568D-08
  917  0.91971898      0.70963681D-08
  918  0.93097338      0.52220760D-08
  919  0.94236549      0.38274955D-08
  920  0.95389701      0.27940258D-08
  921  0.96556964      0.20312805D-08
  922  0.97738510      0.14706605D-08
  923  0.98934515      0.10603202D-08
  924  1.00145154      0.76124153D-09
  925  1.01370608      0.54418591D-09
  926  1.02611058      0.38733768D-09
  927  1.03866687      0.27449081D-09
  928  1.05137681      0.19365970D-09
  929  1.06424227      0.13601960D-09
  930  1.07726517      0.95102461D-10
  931  1.09044743      0.66189172D-10
  932  1.10379099      0.45852573D-10
  933  1.11729784      0.31615380D-10
  934  1.13096996      0.21695373D-10
  935  1.14480939      0.14816500D-10
  936  1.15881817      0.10069535D-10
  937  1.17299837      0.68097895D-11
  938  1.18735210      0.45824039D-11
  939  1.20188146      0.30680543D-11
  940  1.21658862      0.20436994D-11
  941  1.23147575      0.13543448D-11
  942  1.24654504      0.89283961D-12
  943  1.26179874      0.58549468D-12
  944  1.27723909      0.38190103D-12
  945  1.29286838      0.24775920D-12
  946  1.30868893      0.15985724D-12
  947  1.32470306      0.10257240D-12
  948  1.34091316      0.65447986D-13
  949  1.35732162      0.41524204D-13
  950  1.37393087      0.26194924D-13
  951  1.39074335      0.16429159D-13
  952  1.40776157      0.10243955D-13
  953  1.42498804      0.63496038D-14
  954  1.44242530      0.39122443D-14
  955  1.46007594      0.23959737D-14
  956  1.47794257      0.14584640D-14
  957  1.49602783      0.88238004D-15
  958  1.51433439      0.53059864D-15
  959  1.53286496      0.31714324D-15
  960  1.55162229      0.18844290D-15
  961  1.57060915      0.11137479D-15
  962  1.58982835      0.65488847D-16
  963  1.60928273      0.38317832D-16
  964  1.62897517      0.22517243D-16
  965  1.64890858      0.12991400D-16
  966  1.66908591      0.73847607D-17
  967  1.68951014      0.41688378D-17
  968  1.71018430      0.23369796D-17
  969  1.73111145      0.13008253D-17
  970  1.75229468      0.00000000D+00
  971  1.77373712      0.00000000D+00
  972  1.79544195      0.00000000D+00
  973  1.81741238      0.00000000D+00
  974  1.83965165      0.00000000D+00
  975  1.86216306      0.00000000D+00
  976  1.88494994      0.00000000D+00
  977  1.90801565      0.00000000D+00
  978  1.93136362      0.00000000D+00
  979  1.95499729      0.00000000D+00
  980  1.97892016      0.00000000D+00
  981  2.00313577      0.00000000D+00
  982  2.02764770      0.00000000D+00
  983  2.05245958      0.00000000D+00
  984  2.07757507      0.00000000D+00
  985  2.10299790      0.00000000D+00
  986  2.12873182      0.00000000D+00
  987  2.15478064      0.00000000D+00
  988  2.18114821      0.00000000D+00
  989  2.20783844      0.00000000D+00
  990  2.23485527      0.00000000D+00
  991  2.26220270      0.00000000D+00
  992  2.28988478      0.00000000D+00
  993  2.31790559      0.00000000D+00
  994  2.34626929      0.00000000D+00
  995  2.37498007      0.00000000D+00
  996  2.40404217      0.00000000D+00
  997  2.43345991      0.00000000D+00
  998  2.46323762      0.00000000D+00
  999  2.49337971      0.00000000D+00
 1000  2.52389065      0.00000000D+00
 1001  2.55477494      0.00000000D+00
 1002  2.58603716      0.00000000D+00
 1003  2.61768192      0.00000000D+00
 1004  2.64971392      0.00000000D+00
 1005  2.68213788      0.00000000D+00
 1006  2.71495861      0.00000000D+00
 1007  2.74818096      0.00000000D+00
 1008  2.78180984      0.00000000D+00
 1009  2.81585023      0.00000000D+00
 1010  2.85030717      0.00000000D+00
 1011  2.88518575      0.00000000D+00
 1012  2.92049113      0.00000000D+00
 1013  2.95622854      0.00000000D+00
 1014  2.99240325      0.00000000D+00
 1015  3.02902063      0.00000000D+00
 1016  3.06608608      0.00000000D+00
 1017  3.10360510      0.00000000D+00
 1018  3.14158323      0.00000000D+00
 1019  3.18002609      0.00000000D+00
 1020  3.21893937      0.00000000D+00
 1021  3.25832882      0.00000000D+00
 1022  3.29820027      0.00000000D+00
