 ir        r               f(r)
    1  0.00001334      0.51323276D+05
    2  0.00001351      0.51322573D+05
    3  0.00001367      0.51321860D+05
    4  0.00001384      0.51321139D+05
    5  0.00001401      0.51320409D+05
    6  0.00001418      0.51319670D+05
    7  0.00001435      0.51318922D+05
    8  0.00001453      0.51318165D+05
    9  0.00001471      0.51317399D+05
   10  0.00001489      0.51316623D+05
   11  0.00001507      0.51315838D+05
   12  0.00001525      0.51315043D+05
   13  0.00001544      0.51314238D+05
   14  0.00001563      0.51313424D+05
   15  0.00001582      0.51312600D+05
   16  0.00001601      0.51311765D+05
   17  0.00001621      0.51310921D+05
   18  0.00001641      0.51310066D+05
   19  0.00001661      0.51309201D+05
   20  0.00001681      0.51308325D+05
   21  0.00001702      0.51307438D+05
   22  0.00001723      0.51306541D+05
   23  0.00001744      0.51305632D+05
   24  0.00001765      0.51304713D+05
   25  0.00001787      0.51303782D+05
   26  0.00001808      0.51302840D+05
   27  0.00001831      0.51301886D+05
   28  0.00001853      0.51300921D+05
   29  0.00001876      0.51299944D+05
   30  0.00001899      0.51298955D+05
   31  0.00001922      0.51297954D+05
   32  0.00001945      0.51296941D+05
   33  0.00001969      0.51295915D+05
   34  0.00001993      0.51294877D+05
   35  0.00002018      0.51293826D+05
   36  0.00002042      0.51292762D+05
   37  0.00002067      0.51291685D+05
   38  0.00002093      0.51290595D+05
   39  0.00002118      0.51289492D+05
   40  0.00002144      0.51288375D+05
   41  0.00002170      0.51287245D+05
   42  0.00002197      0.51286101D+05
   43  0.00002224      0.51284943D+05
   44  0.00002251      0.51283771D+05
   45  0.00002279      0.51282584D+05
   46  0.00002306      0.51281383D+05
   47  0.00002335      0.51280167D+05
   48  0.00002363      0.51278937D+05
   49  0.00002392      0.51277691D+05
   50  0.00002421      0.51276430D+05
   51  0.00002451      0.51275154D+05
   52  0.00002481      0.51273862D+05
   53  0.00002511      0.51272555D+05
   54  0.00002542      0.51271231D+05
   55  0.00002573      0.51269892D+05
   56  0.00002605      0.51268536D+05
   57  0.00002637      0.51267163D+05
   58  0.00002669      0.51265774D+05
   59  0.00002701      0.51264367D+05
   60  0.00002735      0.51262944D+05
   61  0.00002768      0.51261503D+05
   62  0.00002802      0.51260044D+05
   63  0.00002836      0.51258568D+05
   64  0.00002871      0.51257074D+05
   65  0.00002906      0.51255561D+05
   66  0.00002942      0.51254030D+05
   67  0.00002978      0.51252481D+05
   68  0.00003014      0.51250912D+05
   69  0.00003051      0.51249324D+05
   70  0.00003088      0.51247717D+05
   71  0.00003126      0.51246090D+05
   72  0.00003164      0.51244444D+05
   73  0.00003203      0.51242777D+05
   74  0.00003242      0.51241090D+05
   75  0.00003282      0.51239383D+05
   76  0.00003322      0.51237654D+05
   77  0.00003363      0.51235905D+05
   78  0.00003404      0.51234134D+05
   79  0.00003445      0.51232341D+05
   80  0.00003488      0.51230527D+05
   81  0.00003530      0.51228690D+05
   82  0.00003573      0.51226831D+05
   83  0.00003617      0.51224950D+05
   84  0.00003661      0.51223045D+05
   85  0.00003706      0.51221118D+05
   86  0.00003752      0.51219166D+05
   87  0.00003798      0.51217191D+05
   88  0.00003844      0.51215192D+05
   89  0.00003891      0.51213168D+05
   90  0.00003939      0.51211120D+05
   91  0.00003987      0.51209047D+05
   92  0.00004036      0.51206948D+05
   93  0.00004085      0.51204824D+05
   94  0.00004135      0.51202674D+05
   95  0.00004186      0.51200498D+05
   96  0.00004237      0.51198295D+05
   97  0.00004289      0.51196066D+05
   98  0.00004341      0.51193809D+05
   99  0.00004394      0.51191525D+05
  100  0.00004448      0.51189212D+05
  101  0.00004502      0.51186872D+05
  102  0.00004558      0.51184503D+05
  103  0.00004613      0.51182105D+05
  104  0.00004670      0.51179679D+05
  105  0.00004727      0.51177222D+05
  106  0.00004785      0.51174735D+05
  107  0.00004843      0.51172219D+05
  108  0.00004903      0.51169671D+05
  109  0.00004963      0.51167093D+05
  110  0.00005023      0.51164483D+05
  111  0.00005085      0.51161841D+05
  112  0.00005147      0.51159167D+05
  113  0.00005210      0.51156461D+05
  114  0.00005274      0.51153721D+05
  115  0.00005338      0.51150948D+05
  116  0.00005404      0.51148142D+05
  117  0.00005470      0.51145301D+05
  118  0.00005537      0.51142425D+05
  119  0.00005604      0.51139515D+05
  120  0.00005673      0.51136569D+05
  121  0.00005742      0.51133587D+05
  122  0.00005813      0.51130569D+05
  123  0.00005884      0.51127514D+05
  124  0.00005956      0.51124422D+05
  125  0.00006029      0.51121293D+05
  126  0.00006102      0.51118125D+05
  127  0.00006177      0.51114919D+05
  128  0.00006253      0.51111673D+05
  129  0.00006329      0.51108389D+05
  130  0.00006407      0.51105064D+05
  131  0.00006485      0.51101698D+05
  132  0.00006564      0.51098292D+05
  133  0.00006645      0.51094844D+05
  134  0.00006726      0.51091355D+05
  135  0.00006808      0.51087823D+05
  136  0.00006892      0.51084248D+05
  137  0.00006976      0.51080629D+05
  138  0.00007061      0.51076966D+05
  139  0.00007148      0.51073259D+05
  140  0.00007235      0.51069507D+05
  141  0.00007324      0.51065709D+05
  142  0.00007413      0.51061865D+05
  143  0.00007504      0.51057974D+05
  144  0.00007596      0.51054036D+05
  145  0.00007689      0.51050050D+05
  146  0.00007783      0.51046016D+05
  147  0.00007878      0.51041932D+05
  148  0.00007975      0.51037799D+05
  149  0.00008072      0.51033616D+05
  150  0.00008171      0.51029382D+05
  151  0.00008271      0.51025096D+05
  152  0.00008372      0.51020758D+05
  153  0.00008475      0.51016368D+05
  154  0.00008578      0.51011924D+05
  155  0.00008683      0.51007426D+05
  156  0.00008790      0.51002874D+05
  157  0.00008897      0.50998266D+05
  158  0.00009006      0.50993603D+05
  159  0.00009116      0.50988882D+05
  160  0.00009228      0.50984105D+05
  161  0.00009341      0.50979269D+05
  162  0.00009455      0.50974375D+05
  163  0.00009571      0.50969421D+05
  164  0.00009688      0.50964407D+05
  165  0.00009806      0.50959333D+05
  166  0.00009926      0.50954197D+05
  167  0.00010048      0.50948998D+05
  168  0.00010171      0.50943736D+05
  169  0.00010295      0.50938411D+05
  170  0.00010421      0.50933021D+05
  171  0.00010549      0.50927565D+05
  172  0.00010678      0.50922044D+05
  173  0.00010808      0.50916455D+05
  174  0.00010941      0.50910799D+05
  175  0.00011075      0.50905074D+05
  176  0.00011210      0.50899280D+05
  177  0.00011347      0.50893415D+05
  178  0.00011486      0.50887479D+05
  179  0.00011627      0.50881472D+05
  180  0.00011769      0.50875392D+05
  181  0.00011913      0.50869238D+05
  182  0.00012059      0.50863009D+05
  183  0.00012206      0.50856705D+05
  184  0.00012356      0.50850325D+05
  185  0.00012507      0.50843867D+05
  186  0.00012660      0.50837332D+05
  187  0.00012815      0.50830717D+05
  188  0.00012972      0.50824022D+05
  189  0.00013130      0.50817246D+05
  190  0.00013291      0.50810388D+05
  191  0.00013454      0.50803447D+05
  192  0.00013618      0.50796422D+05
  193  0.00013785      0.50789312D+05
  194  0.00013954      0.50782116D+05
  195  0.00014124      0.50774833D+05
  196  0.00014297      0.50767463D+05
  197  0.00014472      0.50760002D+05
  198  0.00014649      0.50752452D+05
  199  0.00014829      0.50744811D+05
  200  0.00015010      0.50737077D+05
  201  0.00015194      0.50729250D+05
  202  0.00015380      0.50721328D+05
  203  0.00015568      0.50713311D+05
  204  0.00015758      0.50705197D+05
  205  0.00015951      0.50696984D+05
  206  0.00016146      0.50688673D+05
  207  0.00016344      0.50680261D+05
  208  0.00016544      0.50671748D+05
  209  0.00016746      0.50663132D+05
  210  0.00016951      0.50654413D+05
  211  0.00017159      0.50645588D+05
  212  0.00017369      0.50636656D+05
  213  0.00017581      0.50627617D+05
  214  0.00017796      0.50618469D+05
  215  0.00018014      0.50609211D+05
  216  0.00018235      0.50599841D+05
  217  0.00018458      0.50590358D+05
  218  0.00018683      0.50580761D+05
  219  0.00018912      0.50571049D+05
  220  0.00019144      0.50561219D+05
  221  0.00019378      0.50551271D+05
  222  0.00019615      0.50541204D+05
  223  0.00019855      0.50531015D+05
  224  0.00020098      0.50520704D+05
  225  0.00020344      0.50510269D+05
  226  0.00020593      0.50499708D+05
  227  0.00020845      0.50489020D+05
  228  0.00021100      0.50478204D+05
  229  0.00021358      0.50467258D+05
  230  0.00021619      0.50456180D+05
  231  0.00021884      0.50444969D+05
  232  0.00022152      0.50433624D+05
  233  0.00022423      0.50422142D+05
  234  0.00022697      0.50410522D+05
  235  0.00022975      0.50398763D+05
  236  0.00023256      0.50386863D+05
  237  0.00023541      0.50374820D+05
  238  0.00023829      0.50362633D+05
  239  0.00024120      0.50350300D+05
  240  0.00024415      0.50337819D+05
  241  0.00024714      0.50325188D+05
  242  0.00025017      0.50312406D+05
  243  0.00025323      0.50299470D+05
  244  0.00025633      0.50286380D+05
  245  0.00025946      0.50273134D+05
  246  0.00026264      0.50259728D+05
  247  0.00026585      0.50246162D+05
  248  0.00026910      0.50232435D+05
  249  0.00027240      0.50218542D+05
  250  0.00027573      0.50204484D+05
  251  0.00027911      0.50190258D+05
  252  0.00028252      0.50175862D+05
  253  0.00028598      0.50161294D+05
  254  0.00028948      0.50146552D+05
  255  0.00029302      0.50131633D+05
  256  0.00029660      0.50116537D+05
  257  0.00030023      0.50101261D+05
  258  0.00030391      0.50085803D+05
  259  0.00030763      0.50070160D+05
  260  0.00031139      0.50054331D+05
  261  0.00031520      0.50038314D+05
  262  0.00031906      0.50022105D+05
  263  0.00032296      0.50005704D+05
  264  0.00032692      0.49989107D+05
  265  0.00033092      0.49972313D+05
  266  0.00033497      0.49955319D+05
  267  0.00033906      0.49938123D+05
  268  0.00034321      0.49920723D+05
  269  0.00034741      0.49903116D+05
  270  0.00035166      0.49885300D+05
  271  0.00035597      0.49867272D+05
  272  0.00036032      0.49849031D+05
  273  0.00036473      0.49830573D+05
  274  0.00036920      0.49811896D+05
  275  0.00037371      0.49792998D+05
  276  0.00037829      0.49773876D+05
  277  0.00038292      0.49754527D+05
  278  0.00038760      0.49734949D+05
  279  0.00039234      0.49715140D+05
  280  0.00039715      0.49695096D+05
  281  0.00040200      0.49674815D+05
  282  0.00040692      0.49654295D+05
  283  0.00041190      0.49633532D+05
  284  0.00041694      0.49612524D+05
  285  0.00042205      0.49591267D+05
  286  0.00042721      0.49569760D+05
  287  0.00043244      0.49548000D+05
  288  0.00043773      0.49525983D+05
  289  0.00044309      0.49503706D+05
  290  0.00044851      0.49481167D+05
  291  0.00045400      0.49458363D+05
  292  0.00045955      0.49435290D+05
  293  0.00046518      0.49411946D+05
  294  0.00047087      0.49388328D+05
  295  0.00047663      0.49364432D+05
  296  0.00048246      0.49340256D+05
  297  0.00048837      0.49315795D+05
  298  0.00049434      0.49291048D+05
  299  0.00050039      0.49266011D+05
  300  0.00050651      0.49240680D+05
  301  0.00051271      0.49215053D+05
  302  0.00051899      0.49189126D+05
  303  0.00052534      0.49162895D+05
  304  0.00053177      0.49136358D+05
  305  0.00053827      0.49109511D+05
  306  0.00054486      0.49082350D+05
  307  0.00055153      0.49054872D+05
  308  0.00055828      0.49027073D+05
  309  0.00056511      0.48998951D+05
  310  0.00057202      0.48970501D+05
  311  0.00057902      0.48941719D+05
  312  0.00058611      0.48912603D+05
  313  0.00059328      0.48883148D+05
  314  0.00060054      0.48853350D+05
  315  0.00060789      0.48823207D+05
  316  0.00061533      0.48792714D+05
  317  0.00062286      0.48761867D+05
  318  0.00063048      0.48730663D+05
  319  0.00063819      0.48699097D+05
  320  0.00064600      0.48667165D+05
  321  0.00065391      0.48634865D+05
  322  0.00066191      0.48602191D+05
  323  0.00067001      0.48569139D+05
  324  0.00067821      0.48535707D+05
  325  0.00068651      0.48501888D+05
  326  0.00069491      0.48467680D+05
  327  0.00070341      0.48433078D+05
  328  0.00071202      0.48398077D+05
  329  0.00072073      0.48362674D+05
  330  0.00072955      0.48326865D+05
  331  0.00073848      0.48290644D+05
  332  0.00074751      0.48254008D+05
  333  0.00075666      0.48216952D+05
  334  0.00076592      0.48179472D+05
  335  0.00077529      0.48141562D+05
  336  0.00078478      0.48103220D+05
  337  0.00079438      0.48064439D+05
  338  0.00080410      0.48025215D+05
  339  0.00081394      0.47985545D+05
  340  0.00082390      0.47945422D+05
  341  0.00083398      0.47904843D+05
  342  0.00084419      0.47863802D+05
  343  0.00085452      0.47822295D+05
  344  0.00086498      0.47780317D+05
  345  0.00087556      0.47737863D+05
  346  0.00088628      0.47694928D+05
  347  0.00089712      0.47651507D+05
  348  0.00090810      0.47607595D+05
  349  0.00091921      0.47563187D+05
  350  0.00093046      0.47518278D+05
  351  0.00094184      0.47472863D+05
  352  0.00095337      0.47426936D+05
  353  0.00096504      0.47380493D+05
  354  0.00097684      0.47333528D+05
  355  0.00098880      0.47286036D+05
  356  0.00100090      0.47238011D+05
  357  0.00101315      0.47189448D+05
  358  0.00102554      0.47140343D+05
  359  0.00103809      0.47090688D+05
  360  0.00105080      0.47040480D+05
  361  0.00106365      0.46989712D+05
  362  0.00107667      0.46938378D+05
  363  0.00108984      0.46886474D+05
  364  0.00110318      0.46833993D+05
  365  0.00111668      0.46780930D+05
  366  0.00113034      0.46727280D+05
  367  0.00114418      0.46673035D+05
  368  0.00115818      0.46618192D+05
  369  0.00117235      0.46562743D+05
  370  0.00118670      0.46506682D+05
  371  0.00120122      0.46450005D+05
  372  0.00121592      0.46392705D+05
  373  0.00123079      0.46334776D+05
  374  0.00124586      0.46276213D+05
  375  0.00126110      0.46217008D+05
  376  0.00127653      0.46157156D+05
  377  0.00129215      0.46096651D+05
  378  0.00130797      0.46035487D+05
  379  0.00132397      0.45973657D+05
  380  0.00134017      0.45911155D+05
  381  0.00135657      0.45847976D+05
  382  0.00137317      0.45784112D+05
  383  0.00138997      0.45719558D+05
  384  0.00140698      0.45654307D+05
  385  0.00142420      0.45588353D+05
  386  0.00144163      0.45521689D+05
  387  0.00145927      0.45454309D+05
  388  0.00147713      0.45386207D+05
  389  0.00149520      0.45317376D+05
  390  0.00151350      0.45247809D+05
  391  0.00153202      0.45177500D+05
  392  0.00155076      0.45106442D+05
  393  0.00156974      0.45034629D+05
  394  0.00158895      0.44962055D+05
  395  0.00160839      0.44888712D+05
  396  0.00162807      0.44814594D+05
  397  0.00164800      0.44739694D+05
  398  0.00166816      0.44664005D+05
  399  0.00168858      0.44587522D+05
  400  0.00170924      0.44510236D+05
  401  0.00173015      0.44432142D+05
  402  0.00175133      0.44353232D+05
  403  0.00177276      0.44273501D+05
  404  0.00179445      0.44192940D+05
  405  0.00181641      0.44111543D+05
  406  0.00183863      0.44029304D+05
  407  0.00186113      0.43946215D+05
  408  0.00188391      0.43862270D+05
  409  0.00190696      0.43777462D+05
  410  0.00193030      0.43691783D+05
  411  0.00195392      0.43605229D+05
  412  0.00197783      0.43517790D+05
  413  0.00200203      0.43429461D+05
  414  0.00202653      0.43340234D+05
  415  0.00205132      0.43250103D+05
  416  0.00207643      0.43159062D+05
  417  0.00210183      0.43067102D+05
  418  0.00212755      0.42974218D+05
  419  0.00215359      0.42880402D+05
  420  0.00217994      0.42785647D+05
  421  0.00220662      0.42689948D+05
  422  0.00223362      0.42593297D+05
  423  0.00226095      0.42495687D+05
  424  0.00228862      0.42397111D+05
  425  0.00231662      0.42297564D+05
  426  0.00234497      0.42197038D+05
  427  0.00237367      0.42095526D+05
  428  0.00240271      0.41993022D+05
  429  0.00243211      0.41889520D+05
  430  0.00246188      0.41785012D+05
  431  0.00249200      0.41679493D+05
  432  0.00252249      0.41572955D+05
  433  0.00255336      0.41465392D+05
  434  0.00258461      0.41356798D+05
  435  0.00261623      0.41247167D+05
  436  0.00264825      0.41136492D+05
  437  0.00268065      0.41024767D+05
  438  0.00271346      0.40911986D+05
  439  0.00274666      0.40798142D+05
  440  0.00278027      0.40683230D+05
  441  0.00281429      0.40567243D+05
  442  0.00284873      0.40450176D+05
  443  0.00288359      0.40332023D+05
  444  0.00291888      0.40212777D+05
  445  0.00295459      0.40092434D+05
  446  0.00299075      0.39970987D+05
  447  0.00302735      0.39848432D+05
  448  0.00306439      0.39724761D+05
  449  0.00310189      0.39599971D+05
  450  0.00313985      0.39474056D+05
  451  0.00317827      0.39347010D+05
  452  0.00321716      0.39218830D+05
  453  0.00325653      0.39089508D+05
  454  0.00329638      0.38959042D+05
  455  0.00333671      0.38827426D+05
  456  0.00337754      0.38694655D+05
  457  0.00341887      0.38560725D+05
  458  0.00346071      0.38425632D+05
  459  0.00350306      0.38289372D+05
  460  0.00354592      0.38151939D+05
  461  0.00358932      0.38013331D+05
  462  0.00363324      0.37873544D+05
  463  0.00367770      0.37732574D+05
  464  0.00372270      0.37590417D+05
  465  0.00376825      0.37447070D+05
  466  0.00381436      0.37302530D+05
  467  0.00386104      0.37156794D+05
  468  0.00390829      0.37009860D+05
  469  0.00395611      0.36861723D+05
  470  0.00400452      0.36712383D+05
  471  0.00405352      0.36561837D+05
  472  0.00410313      0.36410082D+05
  473  0.00415333      0.36257118D+05
  474  0.00420416      0.36102941D+05
  475  0.00425560      0.35947552D+05
  476  0.00430768      0.35790948D+05
  477  0.00436039      0.35633128D+05
  478  0.00441375      0.35474092D+05
  479  0.00446776      0.35313840D+05
  480  0.00452243      0.35152371D+05
  481  0.00457777      0.34989684D+05
  482  0.00463379      0.34825781D+05
  483  0.00469049      0.34660661D+05
  484  0.00474788      0.34494325D+05
  485  0.00480598      0.34326775D+05
  486  0.00486479      0.34158012D+05
  487  0.00492432      0.33988036D+05
  488  0.00498458      0.33816851D+05
  489  0.00504558      0.33644458D+05
  490  0.00510732      0.33470859D+05
  491  0.00516981      0.33296058D+05
  492  0.00523308      0.33120057D+05
  493  0.00529711      0.32942859D+05
  494  0.00536193      0.32764469D+05
  495  0.00542754      0.32584891D+05
  496  0.00549396      0.32404128D+05
  497  0.00556119      0.32222186D+05
  498  0.00562924      0.32039070D+05
  499  0.00569812      0.31854784D+05
  500  0.00576785      0.31669335D+05
  501  0.00583843      0.31482730D+05
  502  0.00590987      0.31294973D+05
  503  0.00598219      0.31106073D+05
  504  0.00605539      0.30916037D+05
  505  0.00612949      0.30724872D+05
  506  0.00620450      0.30532586D+05
  507  0.00628042      0.30339188D+05
  508  0.00635727      0.30144687D+05
  509  0.00643507      0.29949092D+05
  510  0.00651381      0.29752412D+05
  511  0.00659352      0.29554659D+05
  512  0.00667420      0.29355842D+05
  513  0.00675587      0.29155973D+05
  514  0.00683854      0.28955062D+05
  515  0.00692222      0.28753123D+05
  516  0.00700693      0.28550167D+05
  517  0.00709267      0.28346207D+05
  518  0.00717946      0.28141256D+05
  519  0.00726732      0.27935329D+05
  520  0.00735625      0.27728439D+05
  521  0.00744626      0.27520602D+05
  522  0.00753738      0.27311831D+05
  523  0.00762961      0.27102144D+05
  524  0.00772298      0.26891556D+05
  525  0.00781748      0.26680084D+05
  526  0.00791314      0.26467746D+05
  527  0.00800997      0.26254558D+05
  528  0.00810799      0.26040539D+05
  529  0.00820720      0.25825707D+05
  530  0.00830763      0.25610083D+05
  531  0.00840929      0.25393685D+05
  532  0.00851220      0.25176534D+05
  533  0.00861636      0.24958651D+05
  534  0.00872179      0.24740056D+05
  535  0.00882852      0.24520773D+05
  536  0.00893655      0.24300822D+05
  537  0.00904591      0.24080227D+05
  538  0.00915660      0.23859011D+05
  539  0.00926865      0.23637199D+05
  540  0.00938207      0.23414814D+05
  541  0.00949687      0.23191881D+05
  542  0.00961308      0.22968427D+05
  543  0.00973072      0.22744476D+05
  544  0.00984979      0.22520056D+05
  545  0.00997032      0.22295193D+05
  546  0.01009232      0.22069915D+05
  547  0.01021582      0.21844250D+05
  548  0.01034083      0.21618226D+05
  549  0.01046737      0.21391874D+05
  550  0.01059546      0.21165221D+05
  551  0.01072511      0.20938299D+05
  552  0.01085635      0.20711137D+05
  553  0.01098920      0.20483768D+05
  554  0.01112367      0.20256221D+05
  555  0.01125979      0.20028530D+05
  556  0.01139757      0.19800727D+05
  557  0.01153704      0.19572845D+05
  558  0.01167822      0.19344916D+05
  559  0.01182112      0.19116975D+05
  560  0.01196577      0.18889057D+05
  561  0.01211220      0.18661195D+05
  562  0.01226041      0.18433425D+05
  563  0.01241044      0.18205782D+05
  564  0.01256230      0.17978302D+05
  565  0.01271602      0.17751022D+05
  566  0.01287163      0.17523977D+05
  567  0.01302913      0.17297206D+05
  568  0.01318857      0.17070744D+05
  569  0.01334995      0.16844630D+05
  570  0.01351332      0.16618902D+05
  571  0.01367867      0.16393598D+05
  572  0.01384606      0.16168756D+05
  573  0.01401549      0.15944415D+05
  574  0.01418699      0.15720614D+05
  575  0.01436060      0.15497392D+05
  576  0.01453632      0.15274789D+05
  577  0.01471420      0.15052844D+05
  578  0.01489426      0.14831597D+05
  579  0.01507651      0.14611088D+05
  580  0.01526100      0.14391357D+05
  581  0.01544775      0.14172443D+05
  582  0.01563678      0.13954387D+05
  583  0.01582812      0.13737230D+05
  584  0.01602181      0.13521011D+05
  585  0.01621786      0.13305771D+05
  586  0.01641632      0.13091551D+05
  587  0.01661720      0.12878389D+05
  588  0.01682054      0.12666327D+05
  589  0.01702637      0.12455404D+05
  590  0.01723472      0.12245660D+05
  591  0.01744561      0.12037136D+05
  592  0.01765909      0.11829870D+05
  593  0.01787518      0.11623902D+05
  594  0.01809392      0.11419271D+05
  595  0.01831533      0.11216016D+05
  596  0.01853945      0.11014176D+05
  597  0.01876631      0.10813789D+05
  598  0.01899595      0.10614892D+05
  599  0.01922840      0.10417524D+05
  600  0.01946370      0.10221720D+05
  601  0.01970187      0.10027519D+05
  602  0.01994296      0.98349562D+04
  603  0.02018699      0.96440670D+04
  604  0.02043402      0.94548867D+04
  605  0.02068406      0.92674499D+04
  606  0.02093717      0.90817905D+04
  607  0.02119337      0.88979419D+04
  608  0.02145271      0.87159368D+04
  609  0.02171522      0.85358069D+04
  610  0.02198095      0.83575837D+04
  611  0.02224992      0.81812976D+04
  612  0.02252219      0.80069783D+04
  613  0.02279779      0.78346545D+04
  614  0.02307676      0.76643544D+04
  615  0.02335915      0.74961051D+04
  616  0.02364499      0.73299328D+04
  617  0.02393433      0.71658627D+04
  618  0.02422721      0.70039193D+04
  619  0.02452367      0.68441258D+04
  620  0.02482376      0.66865046D+04
  621  0.02512752      0.65310768D+04
  622  0.02543500      0.63778627D+04
  623  0.02574625      0.62268813D+04
  624  0.02606130      0.60781507D+04
  625  0.02638020      0.59316875D+04
  626  0.02670301      0.57875074D+04
  627  0.02702977      0.56456249D+04
  628  0.02736053      0.55060532D+04
  629  0.02769533      0.53688043D+04
  630  0.02803423      0.52338889D+04
  631  0.02837728      0.51013164D+04
  632  0.02872453      0.49710951D+04
  633  0.02907602      0.48432319D+04
  634  0.02943182      0.47177323D+04
  635  0.02979197      0.45946005D+04
  636  0.03015653      0.44738395D+04
  637  0.03052555      0.43554508D+04
  638  0.03089908      0.42394346D+04
  639  0.03127719      0.41257898D+04
  640  0.03165992      0.40145139D+04
  641  0.03204734      0.39056029D+04
  642  0.03243949      0.37990516D+04
  643  0.03283645      0.36948534D+04
  644  0.03323826      0.35930003D+04
  645  0.03364499      0.34934829D+04
  646  0.03405670      0.33962906D+04
  647  0.03447344      0.33014112D+04
  648  0.03489528      0.32088314D+04
  649  0.03532229      0.31185364D+04
  650  0.03575452      0.30305103D+04
  651  0.03619204      0.29447356D+04
  652  0.03663491      0.28611937D+04
  653  0.03708321      0.27798648D+04
  654  0.03753699      0.27007276D+04
  655  0.03799632      0.26237599D+04
  656  0.03846127      0.25489380D+04
  657  0.03893191      0.24762373D+04
  658  0.03940831      0.24056318D+04
  659  0.03989055      0.23370945D+04
  660  0.04037868      0.22705974D+04
  661  0.04087278      0.22061113D+04
  662  0.04137293      0.21436060D+04
  663  0.04187920      0.20830504D+04
  664  0.04239167      0.20244125D+04
  665  0.04291041      0.19676592D+04
  666  0.04343549      0.19127566D+04
  667  0.04396700      0.18596702D+04
  668  0.04450502      0.18083644D+04
  669  0.04504962      0.17588031D+04
  670  0.04560088      0.17109494D+04
  671  0.04615889      0.16647657D+04
  672  0.04672372      0.16202140D+04
  673  0.04729547      0.15772556D+04
  674  0.04787422      0.15358514D+04
  675  0.04846004      0.14959618D+04
  676  0.04905304      0.14575468D+04
  677  0.04965329      0.14205660D+04
  678  0.05026088      0.13849790D+04
  679  0.05087592      0.13507449D+04
  680  0.05149847      0.13178227D+04
  681  0.05212865      0.12861712D+04
  682  0.05276653      0.12557493D+04
  683  0.05341223      0.12265157D+04
  684  0.05406582      0.11984294D+04
  685  0.05472741      0.11714492D+04
  686  0.05539710      0.11455341D+04
  687  0.05607498      0.11206436D+04
  688  0.05676116      0.10967370D+04
  689  0.05745573      0.10737743D+04
  690  0.05815881      0.10517155D+04
  691  0.05887048      0.10305214D+04
  692  0.05959087      0.10101529D+04
  693  0.06032007      0.99057157D+03
  694  0.06105819      0.97173955D+03
  695  0.06180535      0.95361951D+03
  696  0.06256164      0.93617479D+03
  697  0.06332720      0.91936940D+03
  698  0.06410212      0.90316808D+03
  699  0.06488652      0.88753634D+03
  700  0.06568052      0.87244048D+03
  701  0.06648424      0.85784764D+03
  702  0.06729780      0.84372585D+03
  703  0.06812130      0.83004400D+03
  704  0.06895489      0.81677195D+03
  705  0.06979867      0.80388051D+03
  706  0.07065279      0.79134148D+03
  707  0.07151735      0.77912766D+03
  708  0.07239249      0.76721288D+03
  709  0.07327834      0.75557203D+03
  710  0.07417503      0.74418105D+03
  711  0.07508270      0.73301697D+03
  712  0.07600147      0.72205792D+03
  713  0.07693148      0.71128310D+03
  714  0.07787287      0.70067284D+03
  715  0.07882579      0.69020857D+03
  716  0.07979036      0.67987284D+03
  717  0.08076674      0.66964930D+03
  718  0.08175506      0.65952270D+03
  719  0.08275548      0.64947891D+03
  720  0.08376814      0.63950489D+03
  721  0.08479319      0.62958868D+03
  722  0.08583079      0.61971937D+03
  723  0.08688108      0.60988714D+03
  724  0.08794422      0.60008318D+03
  725  0.08902038      0.59029972D+03
  726  0.09010970      0.58052996D+03
  727  0.09121235      0.57076809D+03
  728  0.09232850      0.56100927D+03
  729  0.09345830      0.55124953D+03
  730  0.09460193      0.54148584D+03
  731  0.09575955      0.53171600D+03
  732  0.09693134      0.52193867D+03
  733  0.09811747      0.51215327D+03
  734  0.09931811      0.50236000D+03
  735  0.10053345      0.49255980D+03
  736  0.10176365      0.48275428D+03
  737  0.10300891      0.47294570D+03
  738  0.10426941      0.46313694D+03
  739  0.10554533      0.45333145D+03
  740  0.10683686      0.44353320D+03
  741  0.10814420      0.43374668D+03
  742  0.10946754      0.42397678D+03
  743  0.11080707      0.41422886D+03
  744  0.11216299      0.40450859D+03
  745  0.11353551      0.39482200D+03
  746  0.11492481      0.38517539D+03
  747  0.11633112      0.37557530D+03
  748  0.11775464      0.36602849D+03
  749  0.11919558      0.35654186D+03
  750  0.12065415      0.34712244D+03
  751  0.12213057      0.33777734D+03
  752  0.12362505      0.32851372D+03
  753  0.12513783      0.31933874D+03
  754  0.12666911      0.31025955D+03
  755  0.12821913      0.30128320D+03
  756  0.12978812      0.29241668D+03
  757  0.13137631      0.28366683D+03
  758  0.13298393      0.27504033D+03
  759  0.13461123      0.26654368D+03
  760  0.13625843      0.25818314D+03
  761  0.13792580      0.24996475D+03
  762  0.13961357      0.24189427D+03
  763  0.14132199      0.23397717D+03
  764  0.14305131      0.22621859D+03
  765  0.14480180      0.21862337D+03
  766  0.14657371      0.21119597D+03
  767  0.14836730      0.20394049D+03
  768  0.15018284      0.19686067D+03
  769  0.15202059      0.18995985D+03
  770  0.15388083      0.18324094D+03
  771  0.15576384      0.17670650D+03
  772  0.15766989      0.17035862D+03
  773  0.15959926      0.16419900D+03
  774  0.16155224      0.15822892D+03
  775  0.16352912      0.15244924D+03
  776  0.16553019      0.14686039D+03
  777  0.16755574      0.14146239D+03
  778  0.16960608      0.13625486D+03
  779  0.17168152      0.13123700D+03
  780  0.17378235      0.12640763D+03
  781  0.17590888      0.12176518D+03
  782  0.17806144      0.11730771D+03
  783  0.18024034      0.11303291D+03
  784  0.18244590      0.10893813D+03
  785  0.18467845      0.10502040D+03
  786  0.18693832      0.10127640D+03
  787  0.18922584      0.97702561D+02
  788  0.19154136      0.94294998D+02
  789  0.19388521      0.91049581D+02
  790  0.19625774      0.87961937D+02
  791  0.19865930      0.85027477D+02
  792  0.20109025      0.82241409D+02
  793  0.20355095      0.79598766D+02
  794  0.20604175      0.77094426D+02
  795  0.20856304      0.74723131D+02
  796  0.21111518      0.72479513D+02
  797  0.21369855      0.70358112D+02
  798  0.21631353      0.68353401D+02
  799  0.21896051      0.66459807D+02
  800  0.22163989      0.64671727D+02
  801  0.22435204      0.62983556D+02
  802  0.22709739      0.61389702D+02
  803  0.22987633      0.59884608D+02
  804  0.23268928      0.58462770D+02
  805  0.23553664      0.57118754D+02
  806  0.23841885      0.55847215D+02
  807  0.24133633      0.54642913D+02
  808  0.24428951      0.53500726D+02
  809  0.24727883      0.52415669D+02
  810  0.25030473      0.51382901D+02
  811  0.25336765      0.50397743D+02
  812  0.25646805      0.49455688D+02
  813  0.25960640      0.48552407D+02
  814  0.26278314      0.47683761D+02
  815  0.26599876      0.46845811D+02
  816  0.26925373      0.46034818D+02
  817  0.27254853      0.45247253D+02
  818  0.27588364      0.44479802D+02
  819  0.27925957      0.43729365D+02
  820  0.28267681      0.42993061D+02
  821  0.28613586      0.42268226D+02
  822  0.28963724      0.41552416D+02
  823  0.29318147      0.40843403D+02
  824  0.29676907      0.40139175D+02
  825  0.30040056      0.39437930D+02
  826  0.30407650      0.38738074D+02
  827  0.30779742      0.38038215D+02
  828  0.31156387      0.37337157D+02
  829  0.31537640      0.36633896D+02
  830  0.31923560      0.35927610D+02
  831  0.32314201      0.35217651D+02
  832  0.32709623      0.34503540D+02
  833  0.33109883      0.33784957D+02
  834  0.33515042      0.33061729D+02
  835  0.33925158      0.32333825D+02
  836  0.34340292      0.31601344D+02
  837  0.34760507      0.30864507D+02
  838  0.35185864      0.30123643D+02
  839  0.35616425      0.29379184D+02
  840  0.36052256      0.28631654D+02
  841  0.36493419      0.27881655D+02
  842  0.36939981      0.27129863D+02
  843  0.37392007      0.26377012D+02
  844  0.37849565      0.25623893D+02
  845  0.38312722      0.24871337D+02
  846  0.38781546      0.24120208D+02
  847  0.39256107      0.23371398D+02
  848  0.39736476      0.22625816D+02
  849  0.40222722      0.21884379D+02
  850  0.40714919      0.21148008D+02
  851  0.41213138      0.20417618D+02
  852  0.41717454      0.19694113D+02
  853  0.42227941      0.18978380D+02
  854  0.42744675      0.18271283D+02
  855  0.43267733      0.17573659D+02
  856  0.43797190      0.16886311D+02
  857  0.44333127      0.16210007D+02
  858  0.44875622      0.15545474D+02
  859  0.45424755      0.14893396D+02
  860  0.45980607      0.14254412D+02
  861  0.46543262      0.13629111D+02
  862  0.47112801      0.13018033D+02
  863  0.47689310      0.12421668D+02
  864  0.48272874      0.11840452D+02
  865  0.48863578      0.11274769D+02
  866  0.49461511      0.10724951D+02
  867  0.50066761      0.10191276D+02
  868  0.50679417      0.96739698D+01
  869  0.51299569      0.91732069D+01
  870  0.51927311      0.86891114D+01
  871  0.52562734      0.82217581D+01
  872  0.53205933      0.77711742D+01
  873  0.53857002      0.73373408D+01
  874  0.54516038      0.69201952D+01
  875  0.55183139      0.65196324D+01
  876  0.55858403      0.61355077D+01
  877  0.56541930      0.57676391D+01
  878  0.57233821      0.54158091D+01
  879  0.57934178      0.50797679D+01
  880  0.58643106      0.47592355D+01
  881  0.59360709      0.44539042D+01
  882  0.60087093      0.41634412D+01
  883  0.60822365      0.38874916D+01
  884  0.61566635      0.36256801D+01
  885  0.62320012      0.33776143D+01
  886  0.63082608      0.31428866D+01
  887  0.63854536      0.29210768D+01
  888  0.64635910      0.27117547D+01
  889  0.65426846      0.25144817D+01
  890  0.66227459      0.23288136D+01
  891  0.67037870      0.21543022D+01
  892  0.67858198      0.19904976D+01
  893  0.68688564      0.18369497D+01
  894  0.69529090      0.16932103D+01
  895  0.70379902      0.15588342D+01
  896  0.71241126      0.14333814D+01
  897  0.72112888      0.13164178D+01
  898  0.72995317      0.12075168D+01
  899  0.73888545      0.11062604D+01
  900  0.74792703      0.10122402D+01
  901  0.75707924      0.92505802D+00
  902  0.76634345      0.84432715D+00
  903  0.77572103      0.76967263D+00
  904  0.78521336      0.70073198D+00
  905  0.79482184      0.63715556D+00
  906  0.80454790      0.57860700D+00
  907  0.81439297      0.52476337D+00
  908  0.82435852      0.47531541D+00
  909  0.83444601      0.42996757D+00
  910  0.84465694      0.38843808D+00
  911  0.85499282      0.35045881D+00
  912  0.86545518      0.31577520D+00
  913  0.87604557      0.28414606D+00
  914  0.88676554      0.25534334D+00
  915  0.89761670      0.22915186D+00
  916  0.90860063      0.20536896D+00
  917  0.91971898      0.18380417D+00
  918  0.93097338      0.16427885D+00
  919  0.94236549      0.14662574D+00
  920  0.95389701      0.13068853D+00
  921  0.96556964      0.11632149D+00
  922  0.97738510      0.10338894D+00
  923  0.98934515      0.91764813D-01
  924  1.00145154      0.81332228D-01
  925  1.01370608      0.71982983D-01
  926  1.02611058      0.63617114D-01
  927  1.03866687      0.56142439D-01
  928  1.05137681      0.49474107D-01
  929  1.06424227      0.43534160D-01
  930  1.07726517      0.38251105D-01
  931  1.09044743      0.33559496D-01
  932  1.10379099      0.29399536D-01
  933  1.11729784      0.25716689D-01
  934  1.13096996      0.22461305D-01
  935  1.14480939      0.19588269D-01
  936  1.15881817      0.17056660D-01
  937  1.17299837      0.14829426D-01
  938  1.18735210      0.12873086D-01
  939  1.20188146      0.11157437D-01
  940  1.21658862      0.96552820D-02
  941  1.23147575      0.83421786D-02
  942  1.24654504      0.71961985D-02
  943  1.26179874      0.61977057D-02
  944  1.27723909      0.53291485D-02
  945  1.29286838      0.45748677D-02
  946  1.30868893      0.39209180D-02
  947  1.32470306      0.33549033D-02
  948  1.34091316      0.28658249D-02
  949  1.35732162      0.24439423D-02
  950  1.37393087      0.20806451D-02
  951  1.39074335      0.17683359D-02
  952  1.40776157      0.15003238D-02
  953  1.42498804      0.12707273D-02
  954  1.44242530      0.10743860D-02
  955  1.46007594      0.90678055D-03
  956  1.47794257      0.76396088D-03
  957  1.49602783      0.64248066D-03
  958  1.51433439      0.53933900D-03
  959  1.53286496      0.45192777D-03
  960  1.55162229      0.37798462D-03
  961  1.57060915      0.31555089D-03
  962  1.58982835      0.26293412D-03
  963  1.60928273      0.21867476D-03
  964  1.62897517      0.18151658D-03
  965  1.64890858      0.15038047D-03
  966  1.66908591      0.12434131D-03
  967  1.68951014      0.10260760D-03
  968  1.71018430      0.84503507D-04
  969  1.73111145      0.69453145D-04
  970  1.75229468      0.56966792D-04
  971  1.77373712      0.46628859D-04
  972  1.79544195      0.38087401D-04
  973  1.81741238      0.31044996D-04
  974  1.83965165      0.25250826D-04
  975  1.86216306      0.20493831D-04
  976  1.88494994      0.16596786D-04
  977  1.90801565      0.13411200D-04
  978  1.93136362      0.10812931D-04
  979  1.95499729      0.86984259D-05
  980  1.97892016      0.69814941D-05
  981  2.00313577      0.55905623D-05
  982  2.02764770      0.44663298D-05
  983  2.05245958      0.35597780D-05
  984  2.07757507      0.28304818D-05
  985  2.10299790      0.22451818D-05
  986  2.12873182      0.17765792D-05
  987  2.15478064      0.14023216D-05
  988  2.18114821      0.11041515D-05
  989  2.20783844      0.86719248D-06
  990  2.23485527      0.67935360D-06
  991  2.26220270      0.53083237D-06
  992  2.28988478      0.41370193D-06
  993  2.31790559      0.32156865D-06
  994  2.34626929      0.24928901D-06
  995  2.37498007      0.19273609D-06
  996  2.40404217      0.14860741D-06
  997  2.43345991      0.11426743D-06
  998  2.46323762      0.87618511D-07
  999  2.49337971      0.66995798D-07
 1000  2.52389065      0.51081577D-07
 1001  2.55477494      0.38835847D-07
 1002  2.58603716      0.29440124D-07
 1003  2.61768192      0.22252125D-07
 1004  2.64971392      0.16769298D-07
 1005  2.68213788      0.12599587D-07
 1006  2.71495861      0.94380480D-08
 1007  2.74818096      0.70482110D-08
 1008  2.78180984      0.52472616D-08
 1009  2.81585023      0.38943031D-08
 1010  2.85030717      0.28810840D-08
 1011  2.88518575      0.21246963D-08
 1012  2.92049113      0.15618444D-08
 1013  2.95622854      0.11443616D-08
 1014  2.99240325      0.83571288D-09
 1015  3.02902063      0.60827726D-09
 1016  3.06608608      0.44124276D-09
 1017  3.10360510      0.31898039D-09
 1018  3.14158323      0.22978868D-09
 1019  3.18002609      0.16495047D-09
 1020  3.21893937      0.11798143D-09
 1021  3.25832882      0.84054221D-10
 1022  3.29820027      0.59663692D-10
 1023  3.33855961      0.00000000D+00
 1024  3.37941283      0.00000000D+00
 1025  3.42076596      0.00000000D+00
 1026  3.46262512      0.00000000D+00
 1027  3.50499649      0.00000000D+00
 1028  3.54788636      0.00000000D+00
 1029  3.59130106      0.00000000D+00
 1030  3.63524702      0.00000000D+00
 1031  3.67973074      0.00000000D+00
 1032  3.72475879      0.00000000D+00
 1033  3.77033784      0.00000000D+00
 1034  3.81647463      0.00000000D+00
 1035  3.86317598      0.00000000D+00
 1036  3.91044882      0.00000000D+00
 1037  3.95830011      0.00000000D+00
 1038  4.00673696      0.00000000D+00
 1039  4.05576651      0.00000000D+00
 1040  4.10539603      0.00000000D+00
 1041  4.15563285      0.00000000D+00
 1042  4.20648442      0.00000000D+00
 1043  4.25795824      0.00000000D+00
 1044  4.31006193      0.00000000D+00
 1045  4.36280320      0.00000000D+00
 1046  4.41618986      0.00000000D+00
 1047  4.47022980      0.00000000D+00
 1048  4.52493102      0.00000000D+00
 1049  4.58030160      0.00000000D+00
 1050  4.63634974      0.00000000D+00
 1051  4.69308372      0.00000000D+00
 1052  4.75051195      0.00000000D+00
 1053  4.80864292      0.00000000D+00
 1054  4.86748522      0.00000000D+00
 1055  4.92704756      0.00000000D+00
 1056  4.98733875      0.00000000D+00
 1057  5.04836771      0.00000000D+00
 1058  5.11014347      0.00000000D+00
 1059  5.17267517      0.00000000D+00
 1060  5.23597205      0.00000000D+00
 1061  5.30004348      0.00000000D+00
 1062  5.36489895      0.00000000D+00
 1063  5.43054803      0.00000000D+00
 1064  5.49700044      0.00000000D+00
 1065  5.56426602      0.00000000D+00
 1066  5.63235472      0.00000000D+00
 1067  5.70127660      0.00000000D+00
 1068  5.77104186      0.00000000D+00
 1069  5.84166082      0.00000000D+00
 1070  5.91314394      0.00000000D+00
 1071  5.98550177      0.00000000D+00
 1072  6.05874503      0.00000000D+00
 1073  6.13288456      0.00000000D+00
 1074  6.20793131      0.00000000D+00
 1075  6.28389639      0.00000000D+00
 1076  6.36079105      0.00000000D+00
 1077  6.43862664      0.00000000D+00
 1078  6.51741469      0.00000000D+00
 1079  6.59716686      0.00000000D+00
 1080  6.67789493      0.00000000D+00
 1081  6.75961085      0.00000000D+00
 1082  6.84232672      0.00000000D+00
 1083  6.92605476      0.00000000D+00
 1084  7.01080736      0.00000000D+00
 1085  7.09659706      0.00000000D+00
 1086  7.18343655      0.00000000D+00
 1087  7.27133867      0.00000000D+00
 1088  7.36031644      0.00000000D+00
 1089  7.45038300      0.00000000D+00
 1090  7.54155169      0.00000000D+00
 1091  7.63383600      0.00000000D+00
 1092  7.72724956      0.00000000D+00
 1093  7.82180621      0.00000000D+00
 1094  7.91751992      0.00000000D+00
 1095  8.01440486      0.00000000D+00
 1096  8.11247536      0.00000000D+00
 1097  8.21174593      0.00000000D+00
 1098  8.31223125      0.00000000D+00
 1099  8.41394619      0.00000000D+00
 1100  8.51690579      0.00000000D+00
 1101  8.62112528      0.00000000D+00
