 ir        r               f(r)
    1  0.00001651      0.14354469D-07
    2  0.00001670      0.14691432D-07
    3  0.00001690      0.15036302D-07
    4  0.00001709      0.15389265D-07
    5  0.00001729      0.15750502D-07
    6  0.00001750      0.16120219D-07
    7  0.00001770      0.16498607D-07
    8  0.00001791      0.16885874D-07
    9  0.00001812      0.17282229D-07
   10  0.00001833      0.17687883D-07
   11  0.00001854      0.18103056D-07
   12  0.00001876      0.18527970D-07
   13  0.00001898      0.18962853D-07
   14  0.00001920      0.19407940D-07
   15  0.00001942      0.19863469D-07
   16  0.00001965      0.20329686D-07
   17  0.00001988      0.20806841D-07
   18  0.00002011      0.21295190D-07
   19  0.00002035      0.21794997D-07
   20  0.00002058      0.22306529D-07
   21  0.00002082      0.22830061D-07
   22  0.00002107      0.23365876D-07
   23  0.00002131      0.23914260D-07
   24  0.00002156      0.24475509D-07
   25  0.00002181      0.25049924D-07
   26  0.00002207      0.25637813D-07
   27  0.00002233      0.26239493D-07
   28  0.00002259      0.26855287D-07
   29  0.00002285      0.27485526D-07
   30  0.00002312      0.28130547D-07
   31  0.00002339      0.28790699D-07
   32  0.00002366      0.29466335D-07
   33  0.00002394      0.30157818D-07
   34  0.00002422      0.30865520D-07
   35  0.00002450      0.31589821D-07
   36  0.00002479      0.32331110D-07
   37  0.00002508      0.33089784D-07
   38  0.00002537      0.33866252D-07
   39  0.00002566      0.34660931D-07
   40  0.00002596      0.35474246D-07
   41  0.00002627      0.36306635D-07
   42  0.00002657      0.37158546D-07
   43  0.00002688      0.38030434D-07
   44  0.00002720      0.38922768D-07
   45  0.00002752      0.39836028D-07
   46  0.00002784      0.40770704D-07
   47  0.00002816      0.41727297D-07
   48  0.00002849      0.42706320D-07
   49  0.00002882      0.43708300D-07
   50  0.00002916      0.44733774D-07
   51  0.00002950      0.45783293D-07
   52  0.00002985      0.46857419D-07
   53  0.00003019      0.47956729D-07
   54  0.00003055      0.49081814D-07
   55  0.00003090      0.50233276D-07
   56  0.00003126      0.51411733D-07
   57  0.00003163      0.52617819D-07
   58  0.00003200      0.53852179D-07
   59  0.00003237      0.55115476D-07
   60  0.00003275      0.56408388D-07
   61  0.00003313      0.57731608D-07
   62  0.00003352      0.59085846D-07
   63  0.00003391      0.60471829D-07
   64  0.00003431      0.61890298D-07
   65  0.00003471      0.63342016D-07
   66  0.00003511      0.64827761D-07
   67  0.00003552      0.66348329D-07
   68  0.00003594      0.67904535D-07
   69  0.00003636      0.69497214D-07
   70  0.00003678      0.71127220D-07
   71  0.00003721      0.72795427D-07
   72  0.00003765      0.74502728D-07
   73  0.00003809      0.76250039D-07
   74  0.00003853      0.78038295D-07
   75  0.00003898      0.79868457D-07
   76  0.00003944      0.81741503D-07
   77  0.00003990      0.83658439D-07
   78  0.00004036      0.85620290D-07
   79  0.00004083      0.87628108D-07
   80  0.00004131      0.89682969D-07
   81  0.00004179      0.91785973D-07
   82  0.00004228      0.93938247D-07
   83  0.00004277      0.96140944D-07
   84  0.00004327      0.98395242D-07
   85  0.00004378      0.10070235D-06
   86  0.00004429      0.10306350D-06
   87  0.00004481      0.10547996D-06
   88  0.00004533      0.10795303D-06
   89  0.00004586      0.11048402D-06
   90  0.00004640      0.11307429D-06
   91  0.00004694      0.11572523D-06
   92  0.00004748      0.11843826D-06
   93  0.00004804      0.12121482D-06
   94  0.00004860      0.12405641D-06
   95  0.00004917      0.12696454D-06
   96  0.00004974      0.12994077D-06
   97  0.00005032      0.13298670D-06
   98  0.00005091      0.13610395D-06
   99  0.00005151      0.13929418D-06
  100  0.00005211      0.14255912D-06
  101  0.00005272      0.14590049D-06
  102  0.00005333      0.14932009D-06
  103  0.00005395      0.15281975D-06
  104  0.00005458      0.15640133D-06
  105  0.00005522      0.16006676D-06
  106  0.00005587      0.16381798D-06
  107  0.00005652      0.16765701D-06
  108  0.00005718      0.17158590D-06
  109  0.00005785      0.17560675D-06
  110  0.00005852      0.17972170D-06
  111  0.00005920      0.18393295D-06
  112  0.00005990      0.18824276D-06
  113  0.00006060      0.19265342D-06
  114  0.00006130      0.19716729D-06
  115  0.00006202      0.20178678D-06
  116  0.00006274      0.20651435D-06
  117  0.00006348      0.21135254D-06
  118  0.00006422      0.21630392D-06
  119  0.00006497      0.22137113D-06
  120  0.00006573      0.22655689D-06
  121  0.00006649      0.23186395D-06
  122  0.00006727      0.23729515D-06
  123  0.00006805      0.24285338D-06
  124  0.00006885      0.24854162D-06
  125  0.00006965      0.25436289D-06
  126  0.00007047      0.26032030D-06
  127  0.00007129      0.26641703D-06
  128  0.00007212      0.27265632D-06
  129  0.00007296      0.27904151D-06
  130  0.00007382      0.28557598D-06
  131  0.00007468      0.29226324D-06
  132  0.00007555      0.29910684D-06
  133  0.00007643      0.30611042D-06
  134  0.00007733      0.31327772D-06
  135  0.00007823      0.32061256D-06
  136  0.00007914      0.32811884D-06
  137  0.00008007      0.33580056D-06
  138  0.00008100      0.34366180D-06
  139  0.00008195      0.35170676D-06
  140  0.00008290      0.35993971D-06
  141  0.00008387      0.36836504D-06
  142  0.00008485      0.37698722D-06
  143  0.00008584      0.38581085D-06
  144  0.00008684      0.39484062D-06
  145  0.00008786      0.40408133D-06
  146  0.00008888      0.41353790D-06
  147  0.00008992      0.42321535D-06
  148  0.00009097      0.43311882D-06
  149  0.00009203      0.44325359D-06
  150  0.00009311      0.45362503D-06
  151  0.00009420      0.46423865D-06
  152  0.00009530      0.47510010D-06
  153  0.00009641      0.48621514D-06
  154  0.00009754      0.49758967D-06
  155  0.00009867      0.50922974D-06
  156  0.00009983      0.52114152D-06
  157  0.00010099      0.53333134D-06
  158  0.00010217      0.54580565D-06
  159  0.00010336      0.55857109D-06
  160  0.00010457      0.57163442D-06
  161  0.00010579      0.58500256D-06
  162  0.00010703      0.59868262D-06
  163  0.00010828      0.61268183D-06
  164  0.00010954      0.62700762D-06
  165  0.00011082      0.64166758D-06
  166  0.00011212      0.65666948D-06
  167  0.00011342      0.67202126D-06
  168  0.00011475      0.68773105D-06
  169  0.00011609      0.70380718D-06
  170  0.00011744      0.72025814D-06
  171  0.00011882      0.73709266D-06
  172  0.00012020      0.75431962D-06
  173  0.00012161      0.77194816D-06
  174  0.00012303      0.78998758D-06
  175  0.00012446      0.80844743D-06
  176  0.00012592      0.82733748D-06
  177  0.00012739      0.84666769D-06
  178  0.00012888      0.86644829D-06
  179  0.00013038      0.88668972D-06
  180  0.00013190      0.90740268D-06
  181  0.00013344      0.92859810D-06
  182  0.00013500      0.95028718D-06
  183  0.00013658      0.97248135D-06
  184  0.00013817      0.99519232D-06
  185  0.00013979      0.10184321D-05
  186  0.00014142      0.10422129D-05
  187  0.00014307      0.10665473D-05
  188  0.00014474      0.10914481D-05
  189  0.00014643      0.11169284D-05
  190  0.00014814      0.11430016D-05
  191  0.00014987      0.11696816D-05
  192  0.00015162      0.11969823D-05
  193  0.00015339      0.12249180D-05
  194  0.00015518      0.12535036D-05
  195  0.00015699      0.12827540D-05
  196  0.00015883      0.13126846D-05
  197  0.00016068      0.13433111D-05
  198  0.00016256      0.13746497D-05
  199  0.00016446      0.14067169D-05
  200  0.00016638      0.14395293D-05
  201  0.00016832      0.14731044D-05
  202  0.00017029      0.15074596D-05
  203  0.00017227      0.15426132D-05
  204  0.00017429      0.15785833D-05
  205  0.00017632      0.16153891D-05
  206  0.00017838      0.16530496D-05
  207  0.00018046      0.16915848D-05
  208  0.00018257      0.17310147D-05
  209  0.00018470      0.17713600D-05
  210  0.00018686      0.18126418D-05
  211  0.00018904      0.18548818D-05
  212  0.00019125      0.18981021D-05
  213  0.00019348      0.19423252D-05
  214  0.00019574      0.19875742D-05
  215  0.00019803      0.20338729D-05
  216  0.00020034      0.20812453D-05
  217  0.00020268      0.21297163D-05
  218  0.00020505      0.21793111D-05
  219  0.00020744      0.22300557D-05
  220  0.00020986      0.22819764D-05
  221  0.00021231      0.23351004D-05
  222  0.00021479      0.23894553D-05
  223  0.00021730      0.24450695D-05
  224  0.00021984      0.25019720D-05
  225  0.00022241      0.25601922D-05
  226  0.00022500      0.26197607D-05
  227  0.00022763      0.26807082D-05
  228  0.00023029      0.27430666D-05
  229  0.00023298      0.28068681D-05
  230  0.00023570      0.28721461D-05
  231  0.00023845      0.29389343D-05
  232  0.00024123      0.30072674D-05
  233  0.00024405      0.30771809D-05
  234  0.00024690      0.31487110D-05
  235  0.00024978      0.32218948D-05
  236  0.00025270      0.32967701D-05
  237  0.00025565      0.33733759D-05
  238  0.00025864      0.34517516D-05
  239  0.00026166      0.35319379D-05
  240  0.00026471      0.36139763D-05
  241  0.00026780      0.36979090D-05
  242  0.00027093      0.37837794D-05
  243  0.00027409      0.38716320D-05
  244  0.00027730      0.39615120D-05
  245  0.00028053      0.40534657D-05
  246  0.00028381      0.41475406D-05
  247  0.00028712      0.42437851D-05
  248  0.00029048      0.43422488D-05
  249  0.00029387      0.44429823D-05
  250  0.00029730      0.45460374D-05
  251  0.00030077      0.46514672D-05
  252  0.00030428      0.47593257D-05
  253  0.00030784      0.48696684D-05
  254  0.00031143      0.49825518D-05
  255  0.00031507      0.50980339D-05
  256  0.00031875      0.52161738D-05
  257  0.00032247      0.53370320D-05
  258  0.00032624      0.54606704D-05
  259  0.00033005      0.55871523D-05
  260  0.00033390      0.57165423D-05
  261  0.00033780      0.58489064D-05
  262  0.00034174      0.59843124D-05
  263  0.00034573      0.61228292D-05
  264  0.00034977      0.62645275D-05
  265  0.00035386      0.64094795D-05
  266  0.00035799      0.65577590D-05
  267  0.00036217      0.67094415D-05
  268  0.00036640      0.68646040D-05
  269  0.00037068      0.70233254D-05
  270  0.00037500      0.71856864D-05
  271  0.00037938      0.73517692D-05
  272  0.00038381      0.75216582D-05
  273  0.00038829      0.76954393D-05
  274  0.00039283      0.78732006D-05
  275  0.00039742      0.80550319D-05
  276  0.00040206      0.82410252D-05
  277  0.00040675      0.84312744D-05
  278  0.00041150      0.86258756D-05
  279  0.00041631      0.88249269D-05
  280  0.00042117      0.90285285D-05
  281  0.00042609      0.92367830D-05
  282  0.00043106      0.94497951D-05
  283  0.00043610      0.96676720D-05
  284  0.00044119      0.98905229D-05
  285  0.00044634      0.10118460D-04
  286  0.00045155      0.10351597D-04
  287  0.00045682      0.10590051D-04
  288  0.00046216      0.10833941D-04
  289  0.00046756      0.11083390D-04
  290  0.00047302      0.11338521D-04
  291  0.00047854      0.11599463D-04
  292  0.00048413      0.11866345D-04
  293  0.00048978      0.12139300D-04
  294  0.00049550      0.12418464D-04
  295  0.00050129      0.12703976D-04
  296  0.00050714      0.12995978D-04
  297  0.00051306      0.13294614D-04
  298  0.00051905      0.13600032D-04
  299  0.00052511      0.13912384D-04
  300  0.00053125      0.14231825D-04
  301  0.00053745      0.14558511D-04
  302  0.00054373      0.14892605D-04
  303  0.00055008      0.15234270D-04
  304  0.00055650      0.15583676D-04
  305  0.00056300      0.15940994D-04
  306  0.00056957      0.16306400D-04
  307  0.00057622      0.16680073D-04
  308  0.00058295      0.17062196D-04
  309  0.00058976      0.17452956D-04
  310  0.00059665      0.17852545D-04
  311  0.00060361      0.18261157D-04
  312  0.00061066      0.18678993D-04
  313  0.00061779      0.19106255D-04
  314  0.00062501      0.19543152D-04
  315  0.00063230      0.19989895D-04
  316  0.00063969      0.20446703D-04
  317  0.00064716      0.20913796D-04
  318  0.00065471      0.21391400D-04
  319  0.00066236      0.21879747D-04
  320  0.00067009      0.22379071D-04
  321  0.00067792      0.22889615D-04
  322  0.00068584      0.23411624D-04
  323  0.00069384      0.23945348D-04
  324  0.00070195      0.24491045D-04
  325  0.00071014      0.25048976D-04
  326  0.00071844      0.25619407D-04
  327  0.00072683      0.26202612D-04
  328  0.00073531      0.26798870D-04
  329  0.00074390      0.27408463D-04
  330  0.00075259      0.28031683D-04
  331  0.00076137      0.28668825D-04
  332  0.00077027      0.29320192D-04
  333  0.00077926      0.29986093D-04
  334  0.00078836      0.30666841D-04
  335  0.00079757      0.31362760D-04
  336  0.00080688      0.32074175D-04
  337  0.00081630      0.32801423D-04
  338  0.00082583      0.33544845D-04
  339  0.00083548      0.34304790D-04
  340  0.00084523      0.35081612D-04
  341  0.00085510      0.35875676D-04
  342  0.00086509      0.36687351D-04
  343  0.00087519      0.37517015D-04
  344  0.00088541      0.38365054D-04
  345  0.00089575      0.39231861D-04
  346  0.00090621      0.40117837D-04
  347  0.00091679      0.41023392D-04
  348  0.00092750      0.41948943D-04
  349  0.00093833      0.42894916D-04
  350  0.00094929      0.43861745D-04
  351  0.00096037      0.44849874D-04
  352  0.00097159      0.45859754D-04
  353  0.00098293      0.46891846D-04
  354  0.00099441      0.47946620D-04
  355  0.00100602      0.49024556D-04
  356  0.00101777      0.50126143D-04
  357  0.00102965      0.51251878D-04
  358  0.00104168      0.52402269D-04
  359  0.00105384      0.53577835D-04
  360  0.00106615      0.54779104D-04
  361  0.00107860      0.56006615D-04
  362  0.00109119      0.57260915D-04
  363  0.00110393      0.58542565D-04
  364  0.00111682      0.59852135D-04
  365  0.00112987      0.61190206D-04
  366  0.00114306      0.62557371D-04
  367  0.00115641      0.63954233D-04
  368  0.00116991      0.65381407D-04
  369  0.00118357      0.66839520D-04
  370  0.00119739      0.68329212D-04
  371  0.00121138      0.69851132D-04
  372  0.00122552      0.71405944D-04
  373  0.00123983      0.72994324D-04
  374  0.00125431      0.74616959D-04
  375  0.00126896      0.76274551D-04
  376  0.00128378      0.77967813D-04
  377  0.00129877      0.79697472D-04
  378  0.00131393      0.81464269D-04
  379  0.00132928      0.83268957D-04
  380  0.00134480      0.85112306D-04
  381  0.00136050      0.86995096D-04
  382  0.00137639      0.88918123D-04
  383  0.00139246      0.90882198D-04
  384  0.00140872      0.92888145D-04
  385  0.00142517      0.94936805D-04
  386  0.00144181      0.97029031D-04
  387  0.00145865      0.99165693D-04
  388  0.00147568      0.10134768D-03
  389  0.00149292      0.10357588D-03
  390  0.00151035      0.10585123D-03
  391  0.00152799      0.10817464D-03
  392  0.00154583      0.11054707D-03
  393  0.00156388      0.11296949D-03
  394  0.00158214      0.11544287D-03
  395  0.00160062      0.11796822D-03
  396  0.00161931      0.12054654D-03
  397  0.00163822      0.12317887D-03
  398  0.00165735      0.12586626D-03
  399  0.00167670      0.12860977D-03
  400  0.00169628      0.13141050D-03
  401  0.00171609      0.13426953D-03
  402  0.00173613      0.13718800D-03
  403  0.00175640      0.14016704D-03
  404  0.00177691      0.14320780D-03
  405  0.00179766      0.14631146D-03
  406  0.00181865      0.14947922D-03
  407  0.00183989      0.15271228D-03
  408  0.00186137      0.15601189D-03
  409  0.00188311      0.15937928D-03
  410  0.00190510      0.16281573D-03
  411  0.00192735      0.16632253D-03
  412  0.00194985      0.16990099D-03
  413  0.00197262      0.17355243D-03
  414  0.00199566      0.17727821D-03
  415  0.00201896      0.18107969D-03
  416  0.00204254      0.18495826D-03
  417  0.00206639      0.18891532D-03
  418  0.00209052      0.19295232D-03
  419  0.00211493      0.19707068D-03
  420  0.00213963      0.20127190D-03
  421  0.00216461      0.20555744D-03
  422  0.00218989      0.20992883D-03
  423  0.00221546      0.21438759D-03
  424  0.00224133      0.21893528D-03
  425  0.00226750      0.22357346D-03
  426  0.00229398      0.22830372D-03
  427  0.00232077      0.23312769D-03
  428  0.00234787      0.23804698D-03
  429  0.00237529      0.24306326D-03
  430  0.00240302      0.24817820D-03
  431  0.00243109      0.25339349D-03
  432  0.00245947      0.25871084D-03
  433  0.00248819      0.26413199D-03
  434  0.00251725      0.26965870D-03
  435  0.00254664      0.27529273D-03
  436  0.00257638      0.28103587D-03
  437  0.00260647      0.28688996D-03
  438  0.00263690      0.29285680D-03
  439  0.00266770      0.29893826D-03
  440  0.00269885      0.30513620D-03
  441  0.00273036      0.31145252D-03
  442  0.00276225      0.31788912D-03
  443  0.00279450      0.32444792D-03
  444  0.00282713      0.33113086D-03
  445  0.00286015      0.33793991D-03
  446  0.00289355      0.34487704D-03
  447  0.00292734      0.35194423D-03
  448  0.00296152      0.35914351D-03
  449  0.00299610      0.36647689D-03
  450  0.00303109      0.37394641D-03
  451  0.00306648      0.38155411D-03
  452  0.00310229      0.38930208D-03
  453  0.00313852      0.39719238D-03
  454  0.00317517      0.40522710D-03
  455  0.00321224      0.41340834D-03
  456  0.00324976      0.42173823D-03
  457  0.00328770      0.43021888D-03
  458  0.00332610      0.43885241D-03
  459  0.00336494      0.44764098D-03
  460  0.00340423      0.45658672D-03
  461  0.00344398      0.46569180D-03
  462  0.00348420      0.47495836D-03
  463  0.00352488      0.48438857D-03
  464  0.00356604      0.49398460D-03
  465  0.00360769      0.50374861D-03
  466  0.00364981      0.51368276D-03
  467  0.00369243      0.52378922D-03
  468  0.00373555      0.53407017D-03
  469  0.00377917      0.54452775D-03
  470  0.00382330      0.55516411D-03
  471  0.00386795      0.56598142D-03
  472  0.00391312      0.57698181D-03
  473  0.00395881      0.58816740D-03
  474  0.00400504      0.59954031D-03
  475  0.00405181      0.61110265D-03
  476  0.00409912      0.62285651D-03
  477  0.00414699      0.63480395D-03
  478  0.00419542      0.64694703D-03
  479  0.00424441      0.65928777D-03
  480  0.00429397      0.67182818D-03
  481  0.00434411      0.68457024D-03
  482  0.00439484      0.69751589D-03
  483  0.00444616      0.71066706D-03
  484  0.00449808      0.72402563D-03
  485  0.00455060      0.73759345D-03
  486  0.00460374      0.75137232D-03
  487  0.00465750      0.76536402D-03
  488  0.00471189      0.77957027D-03
  489  0.00476691      0.79399273D-03
  490  0.00482258      0.80863305D-03
  491  0.00487889      0.82349277D-03
  492  0.00493586      0.83857343D-03
  493  0.00499350      0.85387646D-03
  494  0.00505181      0.86940325D-03
  495  0.00511080      0.88515513D-03
  496  0.00517049      0.90113334D-03
  497  0.00523086      0.91733905D-03
  498  0.00529195      0.93377335D-03
  499  0.00535374      0.95043726D-03
  500  0.00541626      0.96733169D-03
  501  0.00547951      0.98445747D-03
  502  0.00554349      0.10018153D-02
  503  0.00560823      0.10194059D-02
  504  0.00567371      0.10372297D-02
  505  0.00573997      0.10552872D-02
  506  0.00580700      0.10735787D-02
  507  0.00587481      0.10921042D-02
  508  0.00594341      0.11108640D-02
  509  0.00601281      0.11298579D-02
  510  0.00608302      0.11490858D-02
  511  0.00615406      0.11685472D-02
  512  0.00622592      0.11882416D-02
  513  0.00629862      0.12081685D-02
  514  0.00637217      0.12283270D-02
  515  0.00644658      0.12487161D-02
  516  0.00652186      0.12693348D-02
  517  0.00659802      0.12901816D-02
  518  0.00667507      0.13112552D-02
  519  0.00675302      0.13325537D-02
  520  0.00683187      0.13540754D-02
  521  0.00691165      0.13758181D-02
  522  0.00699236      0.13977796D-02
  523  0.00707401      0.14199574D-02
  524  0.00715662      0.14423486D-02
  525  0.00724019      0.14649505D-02
  526  0.00732473      0.14877598D-02
  527  0.00741027      0.15107730D-02
  528  0.00749680      0.15339866D-02
  529  0.00758434      0.15573964D-02
  530  0.00767291      0.15809985D-02
  531  0.00776251      0.16047882D-02
  532  0.00785315      0.16287609D-02
  533  0.00794485      0.16529115D-02
  534  0.00803763      0.16772347D-02
  535  0.00813149      0.17017249D-02
  536  0.00822644      0.17263761D-02
  537  0.00832250      0.17511821D-02
  538  0.00841969      0.17761363D-02
  539  0.00851801      0.18012318D-02
  540  0.00861748      0.18264614D-02
  541  0.00871810      0.18518175D-02
  542  0.00881991      0.18772922D-02
  543  0.00892290      0.19028772D-02
  544  0.00902710      0.19285637D-02
  545  0.00913251      0.19543429D-02
  546  0.00923915      0.19802051D-02
  547  0.00934704      0.20061408D-02
  548  0.00945619      0.20321396D-02
  549  0.00956661      0.20581910D-02
  550  0.00967833      0.20842840D-02
  551  0.00979134      0.21104071D-02
  552  0.00990568      0.21365486D-02
  553  0.01002135      0.21626961D-02
  554  0.01013837      0.21888369D-02
  555  0.01025676      0.22149581D-02
  556  0.01037653      0.22410458D-02
  557  0.01049770      0.22670863D-02
  558  0.01062029      0.22930650D-02
  559  0.01074431      0.23189669D-02
  560  0.01086977      0.23447768D-02
  561  0.01099670      0.23704788D-02
  562  0.01112511      0.23960566D-02
  563  0.01125503      0.24214934D-02
  564  0.01138645      0.24467721D-02
  565  0.01151942      0.24718750D-02
  566  0.01165393      0.24967838D-02
  567  0.01179002      0.25214801D-02
  568  0.01192770      0.25459446D-02
  569  0.01206698      0.25701580D-02
  570  0.01220789      0.25941001D-02
  571  0.01235044      0.26177505D-02
  572  0.01249467      0.26410882D-02
  573  0.01264057      0.26640921D-02
  574  0.01278818      0.26867401D-02
  575  0.01293751      0.27090101D-02
  576  0.01308858      0.27308794D-02
  577  0.01324142      0.27523249D-02
  578  0.01339605      0.27733232D-02
  579  0.01355248      0.27938503D-02
  580  0.01371074      0.28138818D-02
  581  0.01387084      0.28333933D-02
  582  0.01403281      0.28523596D-02
  583  0.01419668      0.28707554D-02
  584  0.01436246      0.28885550D-02
  585  0.01453017      0.29057324D-02
  586  0.01469985      0.29222612D-02
  587  0.01487150      0.29381150D-02
  588  0.01504516      0.29532670D-02
  589  0.01522085      0.29676901D-02
  590  0.01539859      0.29813571D-02
  591  0.01557840      0.29942406D-02
  592  0.01576032      0.30063131D-02
  593  0.01594436      0.30175470D-02
  594  0.01613054      0.30279146D-02
  595  0.01631890      0.30373881D-02
  596  0.01650947      0.30459398D-02
  597  0.01670225      0.30535420D-02
  598  0.01689729      0.30601670D-02
  599  0.01709461      0.30657873D-02
  600  0.01729422      0.30703757D-02
  601  0.01749617      0.30739048D-02
  602  0.01770048      0.30763479D-02
  603  0.01790718      0.30776783D-02
  604  0.01811629      0.30778699D-02
  605  0.01832784      0.30768967D-02
  606  0.01854186      0.30747336D-02
  607  0.01875838      0.30713555D-02
  608  0.01897742      0.30667384D-02
  609  0.01919903      0.30608586D-02
  610  0.01942322      0.30536933D-02
  611  0.01965003      0.30452204D-02
  612  0.01987949      0.30354186D-02
  613  0.02011163      0.30242678D-02
  614  0.02034648      0.30117485D-02
  615  0.02058407      0.29978425D-02
  616  0.02082444      0.29825328D-02
  617  0.02106762      0.29658035D-02
  618  0.02131363      0.29476401D-02
  619  0.02156252      0.29280294D-02
  620  0.02181431      0.29069598D-02
  621  0.02206904      0.28844212D-02
  622  0.02232675      0.28604050D-02
  623  0.02258746      0.28349047D-02
  624  0.02285123      0.28079152D-02
  625  0.02311807      0.27794338D-02
  626  0.02338802      0.27494594D-02
  627  0.02366113      0.27179932D-02
  628  0.02393743      0.26850386D-02
  629  0.02421696      0.26506014D-02
  630  0.02449975      0.26146895D-02
  631  0.02478584      0.25773136D-02
  632  0.02507527      0.25384868D-02
  633  0.02536808      0.24982251D-02
  634  0.02566431      0.24565470D-02
  635  0.02596401      0.24134740D-02
  636  0.02626720      0.23690307D-02
  637  0.02657393      0.23232446D-02
  638  0.02688424      0.22761464D-02
  639  0.02719817      0.22277701D-02
  640  0.02751578      0.21781529D-02
  641  0.02783709      0.21273356D-02
  642  0.02816215      0.20753624D-02
  643  0.02849101      0.20222811D-02
  644  0.02882371      0.19681431D-02
  645  0.02916029      0.19130036D-02
  646  0.02950081      0.18569216D-02
  647  0.02984530      0.17999599D-02
  648  0.03019381      0.17421853D-02
  649  0.03054639      0.16836684D-02
  650  0.03090309      0.16244841D-02
  651  0.03126396      0.15647112D-02
  652  0.03162904      0.15044325D-02
  653  0.03199838      0.14437350D-02
  654  0.03237204      0.13827099D-02
  655  0.03275005      0.13214524D-02
  656  0.03313249      0.12600620D-02
  657  0.03351939      0.11986422D-02
  658  0.03391080      0.11373007D-02
  659  0.03430679      0.10761492D-02
  660  0.03470740      0.10153035D-02
  661  0.03511269      0.95488332D-03
  662  0.03552271      0.89501245D-03
  663  0.03593753      0.83581837D-03
  664  0.03635718      0.77743237D-03
  665  0.03678173      0.71998937D-03
  666  0.03721125      0.66362782D-03
  667  0.03764577      0.60848958D-03
  668  0.03808538      0.55471973D-03
  669  0.03853011      0.50246643D-03
  670  0.03898004      0.45188074D-03
  671  0.03943522      0.40311639D-03
  672  0.03989572      0.35632963D-03
  673  0.04036160      0.31167891D-03
  674  0.04083291      0.26932471D-03
  675  0.04130973      0.22942921D-03
  676  0.04179212      0.19215603D-03
  677  0.04228014      0.15766992D-03
  678  0.04277386      0.12613645D-03
  679  0.04327334      0.97721615D-04
  680  0.04377866      0.72591539D-04
  681  0.04428988      0.50912040D-04
  682  0.04480706      0.32848252D-04
  683  0.04533029      0.18564199D-04
  684  0.04585963      0.82223581D-05
  685  0.04639515      0.19831977D-05
  686  0.04693692      0.47045303D-08
  687  0.04748501      0.24418890D-05
  688  0.04803951      0.94462743D-05
  689  0.04860049      0.21165369D-04
  690  0.04916801      0.37742122D-04
  691  0.04974216      0.59314367D-04
  692  0.05032302      0.86014247D-04
  693  0.05091065      0.11796763D-03
  694  0.05150515      0.15529351D-03
  695  0.05210660      0.19810339D-03
  696  0.05271506      0.24650069D-03
  697  0.05333063      0.30058008D-03
  698  0.05395339      0.36042688D-03
  699  0.05458342      0.42611641D-03
  700  0.05522081      0.49771336D-03
  701  0.05586564      0.57527111D-03
  702  0.05651801      0.65883115D-03
  703  0.05717799      0.74842239D-03
  704  0.05784567      0.84406057D-03
  705  0.05852115      0.94574760D-03
  706  0.05920452      0.10534710D-02
  707  0.05989588      0.11672032D-02
  708  0.06059530      0.12869010D-02
  709  0.06130289      0.14125053D-02
  710  0.06201874      0.15439399D-02
  711  0.06274296      0.16811117D-02
  712  0.06347563      0.18239098D-02
  713  0.06421685      0.19722050D-02
  714  0.06496673      0.21258497D-02
  715  0.06572537      0.22846773D-02
  716  0.06649287      0.24485019D-02
  717  0.06726933      0.26171181D-02
  718  0.06805485      0.27903005D-02
  719  0.06884955      0.29678041D-02
  720  0.06965353      0.31493633D-02
  721  0.07046690      0.33346927D-02
  722  0.07128976      0.35234866D-02
  723  0.07212224      0.37154190D-02
  724  0.07296443      0.39101444D-02
  725  0.07381646      0.41072972D-02
  726  0.07467844      0.43064924D-02
  727  0.07555049      0.45073261D-02
  728  0.07643271      0.47093756D-02
  729  0.07732524      0.49122004D-02
  730  0.07822819      0.51153425D-02
  731  0.07914169      0.53183272D-02
  732  0.08006585      0.55206642D-02
  733  0.08100081      0.57218482D-02
  734  0.08194668      0.59213601D-02
  735  0.08290360      0.61186680D-02
  736  0.08387169      0.63132290D-02
  737  0.08485109      0.65044895D-02
  738  0.08584192      0.66918878D-02
  739  0.08684433      0.68748547D-02
  740  0.08785844      0.70528159D-02
  741  0.08888439      0.72251933D-02
  742  0.08992232      0.73914069D-02
  743  0.09097237      0.75508768D-02
  744  0.09203469      0.77030256D-02
  745  0.09310941      0.78472799D-02
  746  0.09419668      0.79830730D-02
  747  0.09529664      0.81098470D-02
  748  0.09640945      0.82270551D-02
  749  0.09753526      0.83341646D-02
  750  0.09867421      0.84306586D-02
  751  0.09982646      0.85160391D-02
  752  0.10099217      0.85898296D-02
  753  0.10217148      0.86515776D-02
  754  0.10336457      0.87008573D-02
  755  0.10457160      0.87372724D-02
  756  0.10579271      0.87604590D-02
  757  0.10702809      0.87700877D-02
  758  0.10827789      0.87658669D-02
  759  0.10954229      0.87475454D-02
  760  0.11082145      0.87149146D-02
  761  0.11211555      0.86678118D-02
  762  0.11342476      0.86061218D-02
  763  0.11474925      0.85297801D-02
  764  0.11608922      0.84387748D-02
  765  0.11744483      0.83331490D-02
  766  0.11881627      0.82130027D-02
  767  0.12020373      0.80784949D-02
  768  0.12160739      0.79298451D-02
  769  0.12302744      0.77673351D-02
  770  0.12446407      0.75913104D-02
  771  0.12591748      0.74021811D-02
  772  0.12738786      0.72004230D-02
  773  0.12887540      0.69865782D-02
  774  0.13038032      0.67612558D-02
  775  0.13190282      0.65251314D-02
  776  0.13344309      0.62789477D-02
  777  0.13500135      0.60235134D-02
  778  0.13657780      0.57597027D-02
  779  0.13817267      0.54884542D-02
  780  0.13978616      0.52107693D-02
  781  0.14141848      0.49277104D-02
  782  0.14306987      0.46403990D-02
  783  0.14474055      0.43500126D-02
  784  0.14643073      0.40577821D-02
  785  0.14814065      0.37649888D-02
  786  0.14987054      0.34729601D-02
  787  0.15162062      0.31830657D-02
  788  0.15339115      0.28967133D-02
  789  0.15518235      0.26153438D-02
  790  0.15699446      0.23404258D-02
  791  0.15882774      0.20734505D-02
  792  0.16068242      0.18159255D-02
  793  0.16255876      0.15693686D-02
  794  0.16445701      0.13353019D-02
  795  0.16637743      0.11152440D-02
  796  0.16832028      0.91070369D-03
  797  0.17028581      0.72317251D-03
  798  0.17227429      0.55411700D-03
  799  0.17428599      0.40497113D-03
  800  0.17632119      0.27712843D-03
  801  0.17838015      0.17193398D-03
  802  0.18046315      0.90676342D-04
  803  0.18257048      0.34579458D-04
  804  0.18470241      0.47945295D-05
  805  0.18685924      0.23919519D-05
  806  0.18904126      0.28353336D-04
  807  0.19124876      0.83563663D-04
  808  0.19348203      0.16880363D-03
  809  0.19574138      0.28474224D-03
  810  0.19802712      0.43192963D-03
  811  0.20033955      0.61079031D-03
  812  0.20267898      0.82161674D-03
  813  0.20504573      0.10645634D-02
  814  0.20744011      0.13396411D-02
  815  0.20986246      0.16467124D-02
  816  0.21231309      0.19854872D-02
  817  0.21479234      0.23555185D-02
  818  0.21730054      0.27562003D-02
  819  0.21983803      0.31867646D-02
  820  0.22240515      0.36462801D-02
  821  0.22500225      0.41336517D-02
  822  0.22762967      0.46476205D-02
  823  0.23028778      0.51867650D-02
  824  0.23297693      0.57495027D-02
  825  0.23569747      0.63340936D-02
  826  0.23844979      0.69386435D-02
  827  0.24123425      0.75611093D-02
  828  0.24405122      0.81993045D-02
  829  0.24690108      0.88509060D-02
  830  0.24978423      0.95134624D-02
  831  0.25270104      0.10184402D-01
  832  0.25565191      0.10861044D-01
  833  0.25863724      0.11540605D-01
  834  0.26165744      0.12220219D-01
  835  0.26471290      0.12896939D-01
  836  0.26780403      0.13567760D-01
  837  0.27093127      0.14229626D-01
  838  0.27409502      0.14879449D-01
  839  0.27729572      0.15514124D-01
  840  0.28053379      0.16130542D-01
  841  0.28380968      0.16725612D-01
  842  0.28712382      0.17296271D-01
  843  0.29047665      0.17839507D-01
  844  0.29386865      0.18352377D-01
  845  0.29730025      0.18832019D-01
  846  0.30077192      0.19275675D-01
  847  0.30428413      0.19680707D-01
  848  0.30783736      0.20044617D-01
  849  0.31143207      0.20365059D-01
  850  0.31506877      0.20639861D-01
  851  0.31874793      0.20867042D-01
  852  0.32247005      0.21044823D-01
  853  0.32623564      0.21171647D-01
  854  0.33004520      0.21246191D-01
  855  0.33389925      0.21267381D-01
  856  0.33779830      0.21234405D-01
  857  0.34174288      0.21146722D-01
  858  0.34573352      0.21004073D-01
  859  0.34977077      0.20806492D-01
  860  0.35385515      0.20554311D-01
  861  0.35798724      0.20248168D-01
  862  0.36216757      0.19889011D-01
  863  0.36639672      0.19478098D-01
  864  0.37067525      0.19017003D-01
  865  0.37500375      0.18507612D-01
  866  0.37938279      0.17952123D-01
  867  0.38381297      0.17353038D-01
  868  0.38829488      0.16713163D-01
  869  0.39282912      0.16035596D-01
  870  0.39741632      0.15323718D-01
  871  0.40205708      0.14581185D-01
  872  0.40675203      0.13811910D-01
  873  0.41150181      0.13020051D-01
  874  0.41630705      0.12209995D-01
  875  0.42116840      0.11386341D-01
  876  0.42608652      0.10553874D-01
  877  0.43106207      0.97175530D-02
  878  0.43609573      0.88824817D-02
  879  0.44118816      0.80538875D-02
  880  0.44634006      0.72370960D-02
  881  0.45155212      0.64375050D-02
  882  0.45682504      0.56605578D-02
  883  0.46215953      0.49117150D-02
  884  0.46755632      0.41964266D-02
  885  0.47301613      0.35201028D-02
  886  0.47853969      0.28880850D-02
  887  0.48412776      0.23056166D-02
  888  0.48978108      0.17778131D-02
  889  0.49550041      0.13096336D-02
  890  0.50128653      0.90585162D-03
  891  0.50714022      0.57102685D-03
  892  0.51306226      0.30947763D-03
  893  0.51905346      0.12525430D-03
  894  0.52511461      0.22113518D-04
  895  0.53124655      0.34938914D-05
  896  0.53745009      0.72493019D-04
  897  0.54372607      0.23184605D-03
  898  0.55007533      0.48390598D-03
  899  0.55649874      0.83062582D-03
  900  0.56299716      0.12735428D-02
  901  0.56957146      0.18137644D-02
  902  0.57622254      0.24519574D-02
  903  0.58295128      0.31883381D-02
  904  0.58975859      0.40226661D-02
  905  0.59664539      0.49542395D-02
  906  0.60361262      0.59818940D-02
  907  0.61066120      0.71040028D-02
  908  0.61779209      0.83184807D-02
  909  0.62500625      0.96227899D-02
  910  0.63230465      0.11013949D-01
  911  0.63968828      0.12488543D-01
  912  0.64715813      0.14042737D-01
  913  0.65471521      0.15672296D-01
  914  0.66236053      0.17372597D-01
  915  0.67009513      0.19138652D-01
  916  0.67792005      0.20965135D-01
  917  0.68583634      0.22846399D-01
  918  0.69384508      0.24776507D-01
  919  0.70194733      0.26749261D-01
  920  0.71014420      0.28758227D-01
  921  0.71843679      0.30796771D-01
  922  0.72682621      0.32858088D-01
  923  0.73531360      0.34935235D-01
  924  0.74390010      0.37021166D-01
  925  0.75258686      0.39108764D-01
  926  0.76137506      0.41190882D-01
  927  0.77026589      0.43260368D-01
  928  0.77926054      0.45310109D-01
  929  0.78836022      0.47333061D-01
  930  0.79756616      0.49322284D-01
  931  0.80687960      0.51270975D-01
  932  0.81630179      0.53172504D-01
  933  0.82583402      0.55020442D-01
  934  0.83547755      0.56808592D-01
  935  0.84523370      0.58531021D-01
  936  0.85510377      0.60182085D-01
  937  0.86508909      0.61756454D-01
  938  0.87519102      0.63249140D-01
  939  0.88541091      0.64655513D-01
  940  0.89575015      0.65971325D-01
  941  0.90621011      0.67192726D-01
  942  0.91679222      0.68316278D-01
  943  0.92749791      0.69338969D-01
  944  0.93832860      0.70258219D-01
  945  0.94928577      0.71071892D-01
  946  0.96037089      0.71778298D-01
  947  0.97158546      0.72376193D-01
  948  0.98293098      0.72864782D-01
  949  0.99440899      0.73243712D-01
  950  1.00602103      0.73513068D-01
  951  1.01776866      0.73673364D-01
  952  1.02965348      0.73725535D-01
  953  1.04167708      0.73670916D-01
  954  1.05384108      0.73511238D-01
  955  1.06614713      0.73248600D-01
  956  1.07859688      0.72885459D-01
  957  1.09119201      0.72424604D-01
  958  1.10393421      0.71869135D-01
  959  1.11682522      0.71222443D-01
  960  1.12986675      0.70488182D-01
  961  1.14306057      0.69670243D-01
  962  1.15640846      0.68772733D-01
  963  1.16991222      0.67799945D-01
  964  1.18357367      0.66756333D-01
  965  1.19739465      0.65646482D-01
  966  1.21137702      0.64475088D-01
  967  1.22552266      0.63246924D-01
  968  1.23983349      0.61966822D-01
  969  1.25431143      0.60639639D-01
  970  1.26895844      0.59270242D-01
  971  1.28377648      0.57863477D-01
  972  1.29876756      0.56424150D-01
  973  1.31393369      0.54957004D-01
  974  1.32927693      0.53466702D-01
  975  1.34479933      0.51957802D-01
  976  1.36050299      0.50434748D-01
  977  1.37639003      0.48901847D-01
  978  1.39246258      0.47363256D-01
  979  1.40872283      0.45822973D-01
  980  1.42517294      0.44284819D-01
  981  1.44181515      0.42752436D-01
  982  1.45865170      0.41229270D-01
  983  1.47568485      0.39718571D-01
  984  1.49291691      0.38223385D-01
  985  1.51035019      0.36746550D-01
  986  1.52798704      0.35290692D-01
  987  1.54582985      0.33858228D-01
  988  1.56388101      0.32451362D-01
  989  1.58214296      0.31072088D-01
  990  1.60061816      0.29722192D-01
  991  1.61930910      0.28403256D-01
  992  1.63821830      0.27116661D-01
  993  1.65734831      0.25863594D-01
  994  1.67670171      0.24645053D-01
  995  1.69628110      0.23461853D-01
  996  1.71608913      0.22314636D-01
  997  1.73612847      0.21203876D-01
  998  1.75640181      0.20129889D-01
  999  1.77691189      0.19092841D-01
 1000  1.79766147      0.18092758D-01
 1001  1.81865335      0.17129534D-01
 1002  1.83989036      0.16202941D-01
 1003  1.86137536      0.15313213D-01
 1004  1.88311125      0.14460135D-01
 1005  1.90510095      0.13643487D-01
 1006  1.92734744      0.12862825D-01
 1007  1.94985371      0.12117560D-01
 1008  1.97262279      0.11406975D-01
 1009  1.99565775      0.10730252D-01
 1010  2.01896170      0.10086487D-01
 1011  2.04253777      0.94747055D-02
 1012  2.06638915      0.88938838D-02
 1013  2.09051906      0.83429572D-02
 1014  2.11493073      0.78208353D-02
 1015  2.13962747      0.73263787D-02
 1016  2.16461260      0.68584303D-02
 1017  2.18988949      0.64158362D-02
 1018  2.21546154      0.59974525D-02
 1019  2.24133221      0.56021593D-02
 1020  2.26750498      0.52288830D-02
 1021  2.29398338      0.48766216D-02
 1022  2.32077097      0.45444175D-02
 1023  2.34787138      0.42313644D-02
 1024  2.37528824      0.39365952D-02
 1025  2.40302526      0.36592742D-02
 1026  2.43108617      0.33985896D-02
 1027  2.45947476      0.31537536D-02
 1028  2.48819485      0.29240021D-02
 1029  2.51725031      0.27085948D-02
 1030  2.54664507      0.25068156D-02
 1031  2.57638308      0.23179718D-02
 1032  2.60646834      0.21413949D-02
 1033  2.63690493      0.19764398D-02
