 ir        r            Re[f(r)]            Im[f(r)]
    1  0.00001651      0.10168790D-07     -0.10290898D-17
    2  0.00001670      0.10407497D-07     -0.10532471D-17
    3  0.00001690      0.10651805D-07     -0.10779713D-17
    4  0.00001709      0.10901846D-07     -0.11032756D-17
    5  0.00001729      0.11157749D-07     -0.11291732D-17
    6  0.00001750      0.11419658D-07     -0.11556787D-17
    7  0.00001770      0.11687710D-07     -0.11828057D-17
    8  0.00001791      0.11962053D-07     -0.12105695D-17
    9  0.00001812      0.12242833D-07     -0.12389846D-17
   10  0.00001833      0.12530201D-07     -0.12680665D-17
   11  0.00001854      0.12824311D-07     -0.12978307D-17
   12  0.00001876      0.13125323D-07     -0.13282933D-17
   13  0.00001898      0.13433397D-07     -0.13594706D-17
   14  0.00001920      0.13748699D-07     -0.13913795D-17
   15  0.00001942      0.14071398D-07     -0.14240369D-17
   16  0.00001965      0.14401669D-07     -0.14574606D-17
   17  0.00001988      0.14739689D-07     -0.14916684D-17
   18  0.00002011      0.15085638D-07     -0.15266788D-17
   19  0.00002035      0.15439704D-07     -0.15625106D-17
   20  0.00002058      0.15802076D-07     -0.15991829D-17
   21  0.00002082      0.16172950D-07     -0.16367156D-17
   22  0.00002107      0.16552524D-07     -0.16751289D-17
   23  0.00002131      0.16941003D-07     -0.17144432D-17
   24  0.00002156      0.17338595D-07     -0.17546798D-17
   25  0.00002181      0.17745513D-07     -0.17958604D-17
   26  0.00002207      0.18161978D-07     -0.18380069D-17
   27  0.00002233      0.18588211D-07     -0.18811421D-17
   28  0.00002259      0.19024444D-07     -0.19252891D-17
   29  0.00002285      0.19470908D-07     -0.19704717D-17
   30  0.00002312      0.19927845D-07     -0.20167141D-17
   31  0.00002339      0.20395501D-07     -0.20640412D-17
   32  0.00002366      0.20874125D-07     -0.21124784D-17
   33  0.00002394      0.21363976D-07     -0.21620517D-17
   34  0.00002422      0.21865316D-07     -0.22127877D-17
   35  0.00002450      0.22378415D-07     -0.22647138D-17
   36  0.00002479      0.22903548D-07     -0.23178577D-17
   37  0.00002508      0.23440998D-07     -0.23722480D-17
   38  0.00002537      0.23991053D-07     -0.24279140D-17
   39  0.00002566      0.24554007D-07     -0.24848855D-17
   40  0.00002596      0.25130165D-07     -0.25431931D-17
   41  0.00002627      0.25719834D-07     -0.26028681D-17
   42  0.00002657      0.26323333D-07     -0.26639426D-17
   43  0.00002688      0.26940983D-07     -0.27264494D-17
   44  0.00002720      0.27573118D-07     -0.27904219D-17
   45  0.00002752      0.28220077D-07     -0.28558947D-17
   46  0.00002784      0.28882207D-07     -0.29229027D-17
   47  0.00002816      0.29559863D-07     -0.29914821D-17
   48  0.00002849      0.30253409D-07     -0.30616695D-17
   49  0.00002882      0.30963217D-07     -0.31335027D-17
   50  0.00002916      0.31689669D-07     -0.32070202D-17
   51  0.00002950      0.32433154D-07     -0.32822615D-17
   52  0.00002985      0.33194072D-07     -0.33592670D-17
   53  0.00003019      0.33972830D-07     -0.34380779D-17
   54  0.00003055      0.34769846D-07     -0.35187366D-17
   55  0.00003090      0.35585548D-07     -0.36012864D-17
   56  0.00003126      0.36420375D-07     -0.36857715D-17
   57  0.00003163      0.37274773D-07     -0.37722372D-17
   58  0.00003200      0.38149201D-07     -0.38607301D-17
   59  0.00003237      0.39044128D-07     -0.39512974D-17
   60  0.00003275      0.39960034D-07     -0.40439879D-17
   61  0.00003313      0.40897411D-07     -0.41388512D-17
   62  0.00003352      0.41856762D-07     -0.42359382D-17
   63  0.00003391      0.42838600D-07     -0.43353010D-17
   64  0.00003431      0.43843452D-07     -0.44369929D-17
   65  0.00003471      0.44871857D-07     -0.45410684D-17
   66  0.00003511      0.45924368D-07     -0.46475833D-17
   67  0.00003552      0.47001547D-07     -0.47565947D-17
   68  0.00003594      0.48103973D-07     -0.48681611D-17
   69  0.00003636      0.49232236D-07     -0.49823422D-17
   70  0.00003678      0.50386942D-07     -0.50991994D-17
   71  0.00003721      0.51568709D-07     -0.52187952D-17
   72  0.00003765      0.52778171D-07     -0.53411937D-17
   73  0.00003809      0.54015976D-07     -0.54664606D-17
   74  0.00003853      0.55282788D-07     -0.55946630D-17
   75  0.00003898      0.56579285D-07     -0.57258696D-17
   76  0.00003944      0.57906162D-07     -0.58601506D-17
   77  0.00003990      0.59264131D-07     -0.59975781D-17
   78  0.00004036      0.60653918D-07     -0.61382257D-17
   79  0.00004083      0.62076268D-07     -0.62821687D-17
   80  0.00004131      0.63531944D-07     -0.64294842D-17
   81  0.00004179      0.65021724D-07     -0.65802512D-17
   82  0.00004228      0.66546408D-07     -0.67345504D-17
   83  0.00004277      0.68106811D-07     -0.68924645D-17
   84  0.00004327      0.69703769D-07     -0.70540780D-17
   85  0.00004378      0.71338138D-07     -0.72194774D-17
   86  0.00004429      0.73010792D-07     -0.73887514D-17
   87  0.00004481      0.74722628D-07     -0.75619905D-17
   88  0.00004533      0.76474561D-07     -0.77392876D-17
   89  0.00004586      0.78267529D-07     -0.79207375D-17
   90  0.00004640      0.80102493D-07     -0.81064373D-17
   91  0.00004694      0.81980434D-07     -0.82964864D-17
   92  0.00004748      0.83902358D-07     -0.84909867D-17
   93  0.00004804      0.85869292D-07     -0.86900420D-17
   94  0.00004860      0.87882290D-07     -0.88937590D-17
   95  0.00004917      0.89942428D-07     -0.91022467D-17
   96  0.00004974      0.92050809D-07     -0.93156166D-17
   97  0.00005032      0.94208561D-07     -0.95339828D-17
   98  0.00005091      0.96416838D-07     -0.97574622D-17
   99  0.00005151      0.98676820D-07     -0.99861742D-17
  100  0.00005211      0.10098972D-06     -0.10220241D-16
  101  0.00005272      0.10335677D-06     -0.10459788D-16
  102  0.00005333      0.10577923D-06     -0.10704944D-16
  103  0.00005395      0.10825841D-06     -0.10955839D-16
  104  0.00005458      0.11079562D-06     -0.11212607D-16
  105  0.00005522      0.11339223D-06     -0.11475386D-16
  106  0.00005587      0.11604962D-06     -0.11744316D-16
  107  0.00005652      0.11876922D-06     -0.12019541D-16
  108  0.00005718      0.12155246D-06     -0.12301208D-16
  109  0.00005785      0.12440085D-06     -0.12589467D-16
  110  0.00005852      0.12731591D-06     -0.12884473D-16
  111  0.00005920      0.13029919D-06     -0.13186383D-16
  112  0.00005990      0.13335228D-06     -0.13495359D-16
  113  0.00006060      0.13647681D-06     -0.13811564D-16
  114  0.00006130      0.13967447D-06     -0.14135169D-16
  115  0.00006202      0.14294694D-06     -0.14466346D-16
  116  0.00006274      0.14629598D-06     -0.14805272D-16
  117  0.00006348      0.14972338D-06     -0.15152128D-16
  118  0.00006422      0.15323097D-06     -0.15507098D-16
  119  0.00006497      0.15682061D-06     -0.15870373D-16
  120  0.00006573      0.16049423D-06     -0.16242147D-16
  121  0.00006649      0.16425379D-06     -0.16622616D-16
  122  0.00006727      0.16810128D-06     -0.17011986D-16
  123  0.00006805      0.17203877D-06     -0.17410463D-16
  124  0.00006885      0.17606835D-06     -0.17818260D-16
  125  0.00006965      0.18019217D-06     -0.18235594D-16
  126  0.00007047      0.18441244D-06     -0.18662688D-16
  127  0.00007129      0.18873139D-06     -0.19099770D-16
  128  0.00007212      0.19315134D-06     -0.19547073D-16
  129  0.00007296      0.19767465D-06     -0.20004835D-16
  130  0.00007382      0.20230371D-06     -0.20473300D-16
  131  0.00007468      0.20704100D-06     -0.20952717D-16
  132  0.00007555      0.21188905D-06     -0.21443343D-16
  133  0.00007643      0.21685043D-06     -0.21945439D-16
  134  0.00007733      0.22192778D-06     -0.22459272D-16
  135  0.00007823      0.22712383D-06     -0.22985115D-16
  136  0.00007914      0.23244132D-06     -0.23523250D-16
  137  0.00008007      0.23788309D-06     -0.24073962D-16
  138  0.00008100      0.24345204D-06     -0.24637544D-16
  139  0.00008195      0.24915114D-06     -0.25214297D-16
  140  0.00008290      0.25498341D-06     -0.25804528D-16
  141  0.00008387      0.26095196D-06     -0.26408550D-16
  142  0.00008485      0.26705997D-06     -0.27026685D-16
  143  0.00008584      0.27331068D-06     -0.27659263D-16
  144  0.00008684      0.27970742D-06     -0.28306618D-16
  145  0.00008786      0.28625360D-06     -0.28969096D-16
  146  0.00008888      0.29295268D-06     -0.29647049D-16
  147  0.00008992      0.29980824D-06     -0.30340838D-16
  148  0.00009097      0.30682392D-06     -0.31050830D-16
  149  0.00009203      0.31400345D-06     -0.31777404D-16
  150  0.00009311      0.32135064D-06     -0.32520945D-16
  151  0.00009420      0.32886939D-06     -0.33281849D-16
  152  0.00009530      0.33656371D-06     -0.34060520D-16
  153  0.00009641      0.34443767D-06     -0.34857371D-16
  154  0.00009754      0.35249546D-06     -0.35672826D-16
  155  0.00009867      0.36074135D-06     -0.36507317D-16
  156  0.00009983      0.36917972D-06     -0.37361288D-16
  157  0.00010099      0.37781506D-06     -0.38235191D-16
  158  0.00010217      0.38665194D-06     -0.39129490D-16
  159  0.00010336      0.39569505D-06     -0.40044660D-16
  160  0.00010457      0.40494919D-06     -0.40981186D-16
  161  0.00010579      0.41441926D-06     -0.41939565D-16
  162  0.00010703      0.42411029D-06     -0.42920306D-16
  163  0.00010828      0.43402742D-06     -0.43923927D-16
  164  0.00010954      0.44417589D-06     -0.44950960D-16
  165  0.00011082      0.45456109D-06     -0.46001951D-16
  166  0.00011212      0.46518853D-06     -0.47077456D-16
  167  0.00011342      0.47606382D-06     -0.48178045D-16
  168  0.00011475      0.48719273D-06     -0.49304299D-16
  169  0.00011609      0.49858115D-06     -0.50456817D-16
  170  0.00011744      0.51023511D-06     -0.51636207D-16
  171  0.00011882      0.52216078D-06     -0.52843094D-16
  172  0.00012020      0.53436446D-06     -0.54078117D-16
  173  0.00012161      0.54685262D-06     -0.55341929D-16
  174  0.00012303      0.55963185D-06     -0.56635198D-16
  175  0.00012446      0.57270892D-06     -0.57958608D-16
  176  0.00012592      0.58609074D-06     -0.59312858D-16
  177  0.00012739      0.59978438D-06     -0.60698666D-16
  178  0.00012888      0.61379707D-06     -0.62116762D-16
  179  0.00013038      0.62813622D-06     -0.63567895D-16
  180  0.00013190      0.64280941D-06     -0.65052833D-16
  181  0.00013344      0.65782437D-06     -0.66572360D-16
  182  0.00013500      0.67318903D-06     -0.68127276D-16
  183  0.00013658      0.68891151D-06     -0.69718404D-16
  184  0.00013817      0.70500010D-06     -0.71346582D-16
  185  0.00013979      0.72146329D-06     -0.73012670D-16
  186  0.00014142      0.73830975D-06     -0.74717546D-16
  187  0.00014307      0.75554837D-06     -0.76462108D-16
  188  0.00014474      0.77318824D-06     -0.78247277D-16
  189  0.00014643      0.79123864D-06     -0.80073992D-16
  190  0.00014814      0.80970910D-06     -0.81943217D-16
  191  0.00014987      0.82860932D-06     -0.83855936D-16
  192  0.00015162      0.84794928D-06     -0.85813155D-16
  193  0.00015339      0.86773914D-06     -0.87815905D-16
  194  0.00015518      0.88798932D-06     -0.89865239D-16
  195  0.00015699      0.90871047D-06     -0.91962236D-16
  196  0.00015883      0.92991349D-06     -0.94107999D-16
  197  0.00016068      0.95160952D-06     -0.96303655D-16
  198  0.00016256      0.97380997D-06     -0.98550359D-16
  199  0.00016446      0.99652650D-06     -0.10084929D-15
  200  0.00016638      0.10197711D-05     -0.10320166D-15
  201  0.00016832      0.10435558D-05     -0.10560870D-15
  202  0.00017029      0.10678933D-05     -0.10807167D-15
  203  0.00017227      0.10927962D-05     -0.11059187D-15
  204  0.00017429      0.11182777D-05     -0.11317061D-15
  205  0.00017632      0.11443511D-05     -0.11580926D-15
  206  0.00017838      0.11710301D-05     -0.11850920D-15
  207  0.00018046      0.11983286D-05     -0.12127183D-15
  208  0.00018257      0.12262610D-05     -0.12409861D-15
  209  0.00018470      0.12548419D-05     -0.12699101D-15
  210  0.00018686      0.12840862D-05     -0.12995056D-15
  211  0.00018904      0.13140092D-05     -0.13297880D-15
  212  0.00019125      0.13446267D-05     -0.13607731D-15
  213  0.00019348      0.13759546D-05     -0.13924772D-15
  214  0.00019574      0.14080093D-05     -0.14249168D-15
  215  0.00019803      0.14408075D-05     -0.14581089D-15
  216  0.00020034      0.14743664D-05     -0.14920708D-15
  217  0.00020268      0.15087036D-05     -0.15268202D-15
  218  0.00020505      0.15438368D-05     -0.15623754D-15
  219  0.00020744      0.15797846D-05     -0.15987548D-15
  220  0.00020986      0.16165655D-05     -0.16359774D-15
  221  0.00021231      0.16541989D-05     -0.16740627D-15
  222  0.00021479      0.16927042D-05     -0.17130304D-15
  223  0.00021730      0.17321016D-05     -0.17529009D-15
  224  0.00021984      0.17724117D-05     -0.17936950D-15
  225  0.00022241      0.18136553D-05     -0.18354338D-15
  226  0.00022500      0.18558539D-05     -0.18781392D-15
  227  0.00022763      0.18990295D-05     -0.19218332D-15
  228  0.00023029      0.19432045D-05     -0.19665387D-15
  229  0.00023298      0.19884019D-05     -0.20122789D-15
  230  0.00023570      0.20346452D-05     -0.20590775D-15
  231  0.00023845      0.20819584D-05     -0.21069588D-15
  232  0.00024123      0.21303659D-05     -0.21559476D-15
  233  0.00024405      0.21798931D-05     -0.22060695D-15
  234  0.00024690      0.22305654D-05     -0.22573503D-15
  235  0.00024978      0.22824092D-05     -0.23098166D-15
  236  0.00025270      0.23354514D-05     -0.23634957D-15
  237  0.00025565      0.23897193D-05     -0.24184154D-15
  238  0.00025864      0.24452412D-05     -0.24746039D-15
  239  0.00026166      0.25020456D-05     -0.25320905D-15
  240  0.00026471      0.25601621D-05     -0.25909048D-15
  241  0.00026780      0.26196205D-05     -0.26510772D-15
  242  0.00027093      0.26804516D-05     -0.27126388D-15
  243  0.00027409      0.27426869D-05     -0.27756214D-15
  244  0.00027730      0.28063584D-05     -0.28400575D-15
  245  0.00028053      0.28714990D-05     -0.29059803D-15
  246  0.00028381      0.29381422D-05     -0.29734237D-15
  247  0.00028712      0.30063224D-05     -0.30424226D-15
  248  0.00029048      0.30760746D-05     -0.31130125D-15
  249  0.00029387      0.31474348D-05     -0.31852296D-15
  250  0.00029730      0.32204397D-05     -0.32591111D-15
  251  0.00030077      0.32951267D-05     -0.33346950D-15
  252  0.00030428      0.33715344D-05     -0.34120201D-15
  253  0.00030784      0.34497018D-05     -0.34911262D-15
  254  0.00031143      0.35296690D-05     -0.35720537D-15
  255  0.00031507      0.36114772D-05     -0.36548442D-15
  256  0.00031875      0.36951682D-05     -0.37395402D-15
  257  0.00032247      0.37807849D-05     -0.38261850D-15
  258  0.00032624      0.38683711D-05     -0.39148229D-15
  259  0.00033005      0.39579716D-05     -0.40054994D-15
  260  0.00033390      0.40496322D-05     -0.40982606D-15
  261  0.00033780      0.41433998D-05     -0.41931542D-15
  262  0.00034174      0.42393221D-05     -0.42902284D-15
  263  0.00034573      0.43374483D-05     -0.43895328D-15
  264  0.00034977      0.44378282D-05     -0.44911181D-15
  265  0.00035386      0.45405130D-05     -0.45950360D-15
  266  0.00035799      0.46455551D-05     -0.47013395D-15
  267  0.00036217      0.47530078D-05     -0.48100825D-15
  268  0.00036640      0.48629259D-05     -0.49213205D-15
  269  0.00037068      0.49753651D-05     -0.50351099D-15
  270  0.00037500      0.50903826D-05     -0.51515085D-15
  271  0.00037938      0.52080366D-05     -0.52705753D-15
  272  0.00038381      0.53283870D-05     -0.53923708D-15
  273  0.00038829      0.54514945D-05     -0.55169567D-15
  274  0.00039283      0.55774216D-05     -0.56443960D-15
  275  0.00039742      0.57062320D-05     -0.57747531D-15
  276  0.00040206      0.58379908D-05     -0.59080940D-15
  277  0.00040675      0.59727645D-05     -0.60444861D-15
  278  0.00041150      0.61106211D-05     -0.61839981D-15
  279  0.00041631      0.62516302D-05     -0.63267004D-15
  280  0.00042117      0.63958628D-05     -0.64726650D-15
  281  0.00042609      0.65433915D-05     -0.66219653D-15
  282  0.00043106      0.66942905D-05     -0.67746763D-15
  283  0.00043610      0.68486358D-05     -0.69308750D-15
  284  0.00044119      0.70065047D-05     -0.70906396D-15
  285  0.00044634      0.71679765D-05     -0.72540504D-15
  286  0.00045155      0.73331322D-05     -0.74211893D-15
  287  0.00045682      0.75020545D-05     -0.75921400D-15
  288  0.00046216      0.76748279D-05     -0.77669881D-15
  289  0.00046756      0.78515388D-05     -0.79458209D-15
  290  0.00047302      0.80322754D-05     -0.81287279D-15
  291  0.00047854      0.82171280D-05     -0.83158002D-15
  292  0.00048413      0.84061887D-05     -0.85071311D-15
  293  0.00048978      0.85995517D-05     -0.87028161D-15
  294  0.00049550      0.87973132D-05     -0.89029523D-15
  295  0.00050129      0.89995715D-05     -0.91076394D-15
  296  0.00050714      0.92064271D-05     -0.93169789D-15
  297  0.00051306      0.94179826D-05     -0.95310748D-15
  298  0.00051905      0.96343428D-05     -0.97500331D-15
  299  0.00052511      0.98556150D-05     -0.99739623D-15
  300  0.00053125      0.10081908D-04     -0.10202973D-14
  301  0.00053745      0.10313335D-04     -0.10437179D-14
  302  0.00054373      0.10550009D-04     -0.10676695D-14
  303  0.00055008      0.10792047D-04     -0.10921639D-14
  304  0.00055650      0.11039568D-04     -0.11172132D-14
  305  0.00056300      0.11292694D-04     -0.11428298D-14
  306  0.00056957      0.11551550D-04     -0.11690262D-14
  307  0.00057622      0.11816262D-04     -0.11958153D-14
  308  0.00058295      0.12086960D-04     -0.12232102D-14
  309  0.00058976      0.12363777D-04     -0.12512243D-14
  310  0.00059665      0.12646848D-04     -0.12798713D-14
  311  0.00060361      0.12936311D-04     -0.13091652D-14
  312  0.00061066      0.13232309D-04     -0.13391204D-14
  313  0.00061779      0.13534984D-04     -0.13697513D-14
  314  0.00062501      0.13844484D-04     -0.14010730D-14
  315  0.00063230      0.14160960D-04     -0.14331006D-14
  316  0.00063969      0.14484565D-04     -0.14658497D-14
  317  0.00064716      0.14815456D-04     -0.14993362D-14
  318  0.00065471      0.15153794D-04     -0.15335762D-14
  319  0.00066236      0.15499741D-04     -0.15685864D-14
  320  0.00067009      0.15853466D-04     -0.16043836D-14
  321  0.00067792      0.16215138D-04     -0.16409851D-14
  322  0.00068584      0.16584932D-04     -0.16784086D-14
  323  0.00069384      0.16963026D-04     -0.17166720D-14
  324  0.00070195      0.17349601D-04     -0.17557937D-14
  325  0.00071014      0.17744842D-04     -0.17957924D-14
  326  0.00071844      0.18148939D-04     -0.18366873D-14
  327  0.00072683      0.18562085D-04     -0.18784980D-14
  328  0.00073531      0.18984477D-04     -0.19212445D-14
  329  0.00074390      0.19416317D-04     -0.19649470D-14
  330  0.00075259      0.19857809D-04     -0.20096264D-14
  331  0.00076137      0.20309165D-04     -0.20553039D-14
  332  0.00077027      0.20770597D-04     -0.21020013D-14
  333  0.00077926      0.21242325D-04     -0.21497405D-14
  334  0.00078836      0.21724571D-04     -0.21985442D-14
  335  0.00079757      0.22217564D-04     -0.22484355D-14
  336  0.00080688      0.22721535D-04     -0.22994378D-14
  337  0.00081630      0.23236722D-04     -0.23515751D-14
  338  0.00082583      0.23763366D-04     -0.24048719D-14
  339  0.00083548      0.24301715D-04     -0.24593533D-14
  340  0.00084523      0.24852021D-04     -0.25150446D-14
  341  0.00085510      0.25414540D-04     -0.25719721D-14
  342  0.00086509      0.25989535D-04     -0.26301620D-14
  343  0.00087519      0.26577274D-04     -0.26896417D-14
  344  0.00088541      0.27178030D-04     -0.27504387D-14
  345  0.00089575      0.27792081D-04     -0.28125812D-14
  346  0.00090621      0.28419712D-04     -0.28760979D-14
  347  0.00091679      0.29061212D-04     -0.29410183D-14
  348  0.00092750      0.29716878D-04     -0.30073722D-14
  349  0.00093833      0.30387011D-04     -0.30751901D-14
  350  0.00094929      0.31071918D-04     -0.31445033D-14
  351  0.00096037      0.31771915D-04     -0.32153435D-14
  352  0.00097159      0.32487320D-04     -0.32877431D-14
  353  0.00098293      0.33218460D-04     -0.33617351D-14
  354  0.00099441      0.33965668D-04     -0.34373532D-14
  355  0.00100602      0.34729285D-04     -0.35146318D-14
  356  0.00101777      0.35509655D-04     -0.35936059D-14
  357  0.00102965      0.36307132D-04     -0.36743112D-14
  358  0.00104168      0.37122076D-04     -0.37567842D-14
  359  0.00105384      0.37954854D-04     -0.38410620D-14
  360  0.00106615      0.38805840D-04     -0.39271825D-14
  361  0.00107860      0.39675416D-04     -0.40151842D-14
  362  0.00109119      0.40563969D-04     -0.41051066D-14
  363  0.00110393      0.41471898D-04     -0.41969897D-14
  364  0.00111682      0.42399605D-04     -0.42908744D-14
  365  0.00112987      0.43347502D-04     -0.43868024D-14
  366  0.00114306      0.44316010D-04     -0.44848162D-14
  367  0.00115641      0.45305555D-04     -0.45849589D-14
  368  0.00116991      0.46316574D-04     -0.46872748D-14
  369  0.00118357      0.47349510D-04     -0.47918088D-14
  370  0.00119739      0.48404816D-04     -0.48986067D-14
  371  0.00121138      0.49482953D-04     -0.50077150D-14
  372  0.00122552      0.50584392D-04     -0.51191815D-14
  373  0.00123983      0.51709609D-04     -0.52330544D-14
  374  0.00125431      0.52859093D-04     -0.53493831D-14
  375  0.00126896      0.54033341D-04     -0.54682180D-14
  376  0.00128378      0.55232858D-04     -0.55896100D-14
  377  0.00129877      0.56458158D-04     -0.57136114D-14
  378  0.00131393      0.57709768D-04     -0.58402753D-14
  379  0.00132928      0.58988220D-04     -0.59696557D-14
  380  0.00134480      0.60294059D-04     -0.61018077D-14
  381  0.00136050      0.61627838D-04     -0.62367872D-14
  382  0.00137639      0.62990122D-04     -0.63746515D-14
  383  0.00139246      0.64381484D-04     -0.65154584D-14
  384  0.00140872      0.65802509D-04     -0.66592673D-14
  385  0.00142517      0.67253792D-04     -0.68061383D-14
  386  0.00144181      0.68735937D-04     -0.69561326D-14
  387  0.00145865      0.70249561D-04     -0.71093126D-14
  388  0.00147568      0.71795291D-04     -0.72657417D-14
  389  0.00149292      0.73373765D-04     -0.74254846D-14
  390  0.00151035      0.74985633D-04     -0.75886069D-14
  391  0.00152799      0.76631553D-04     -0.77551753D-14
  392  0.00154583      0.78312199D-04     -0.79252581D-14
  393  0.00156388      0.80028253D-04     -0.80989242D-14
  394  0.00158214      0.81780411D-04     -0.82762440D-14
  395  0.00160062      0.83569380D-04     -0.84572891D-14
  396  0.00161931      0.85395879D-04     -0.86421322D-14
  397  0.00163822      0.87260637D-04     -0.88308473D-14
  398  0.00165735      0.89164400D-04     -0.90235096D-14
  399  0.00167670      0.91107922D-04     -0.92201956D-14
  400  0.00169628      0.93091971D-04     -0.94209830D-14
  401  0.00171609      0.95117328D-04     -0.96259508D-14
  402  0.00173613      0.97184787D-04     -0.98351793D-14
  403  0.00175640      0.99295153D-04     -0.10048750D-13
  404  0.00177691      0.10144925D-03     -0.10266746D-13
  405  0.00179766      0.10364790D-03     -0.10489252D-13
  406  0.00181865      0.10589196D-03     -0.10716352D-13
  407  0.00183989      0.10818228D-03     -0.10948135D-13
  408  0.00186137      0.11051974D-03     -0.11184687D-13
  409  0.00188311      0.11290522D-03     -0.11426100D-13
  410  0.00190510      0.11533962D-03     -0.11672463D-13
  411  0.00192735      0.11782386D-03     -0.11923870D-13
  412  0.00194985      0.12035886D-03     -0.12180414D-13
  413  0.00197262      0.12294556D-03     -0.12442191D-13
  414  0.00199566      0.12558493D-03     -0.12709296D-13
  415  0.00201896      0.12827792D-03     -0.12981829D-13
  416  0.00204254      0.13102552D-03     -0.13259889D-13
  417  0.00206639      0.13382873D-03     -0.13543576D-13
  418  0.00209052      0.13668856D-03     -0.13832993D-13
  419  0.00211493      0.13960603D-03     -0.14128244D-13
  420  0.00213963      0.14258220D-03     -0.14429434D-13
  421  0.00216461      0.14561810D-03     -0.14736670D-13
  422  0.00218989      0.14871482D-03     -0.15050060D-13
  423  0.00221546      0.15187343D-03     -0.15369715D-13
  424  0.00224133      0.15509504D-03     -0.15695744D-13
  425  0.00226750      0.15838075D-03     -0.16028261D-13
  426  0.00229398      0.16173170D-03     -0.16367379D-13
  427  0.00232077      0.16514903D-03     -0.16713215D-13
  428  0.00234787      0.16863389D-03     -0.17065886D-13
  429  0.00237529      0.17218745D-03     -0.17425509D-13
  430  0.00240302      0.17581090D-03     -0.17792206D-13
  431  0.00243109      0.17950544D-03     -0.18166096D-13
  432  0.00245947      0.18327228D-03     -0.18547304D-13
  433  0.00248819      0.18711266D-03     -0.18935953D-13
  434  0.00251725      0.19102781D-03     -0.19332169D-13
  435  0.00254664      0.19501899D-03     -0.19736080D-13
  436  0.00257638      0.19908747D-03     -0.20147813D-13
  437  0.00260647      0.20323453D-03     -0.20567500D-13
  438  0.00263690      0.20746148D-03     -0.20995270D-13
  439  0.00266770      0.21176962D-03     -0.21431258D-13
  440  0.00269885      0.21616028D-03     -0.21875596D-13
  441  0.00273036      0.22063480D-03     -0.22328421D-13
  442  0.00276225      0.22519452D-03     -0.22789868D-13
  443  0.00279450      0.22984081D-03     -0.23260077D-13
  444  0.00282713      0.23457505D-03     -0.23739185D-13
  445  0.00286015      0.23939862D-03     -0.24227335D-13
  446  0.00289355      0.24431292D-03     -0.24724666D-13
  447  0.00292734      0.24931937D-03     -0.25231322D-13
  448  0.00296152      0.25441938D-03     -0.25747447D-13
  449  0.00299610      0.25961439D-03     -0.26273187D-13
  450  0.00303109      0.26490584D-03     -0.26808686D-13
  451  0.00306648      0.27029518D-03     -0.27354092D-13
  452  0.00310229      0.27578389D-03     -0.27909553D-13
  453  0.00313852      0.28137342D-03     -0.28475218D-13
  454  0.00317517      0.28706526D-03     -0.29051237D-13
  455  0.00321224      0.29286091D-03     -0.29637761D-13
  456  0.00324976      0.29876185D-03     -0.30234941D-13
  457  0.00328770      0.30476959D-03     -0.30842929D-13
  458  0.00332610      0.31088563D-03     -0.31461878D-13
  459  0.00336494      0.31711151D-03     -0.32091942D-13
  460  0.00340423      0.32344872D-03     -0.32733273D-13
  461  0.00344398      0.32989881D-03     -0.33386028D-13
  462  0.00348420      0.33646330D-03     -0.34050359D-13
  463  0.00352488      0.34314372D-03     -0.34726423D-13
  464  0.00356604      0.34994160D-03     -0.35414374D-13
  465  0.00360769      0.35685848D-03     -0.36114368D-13
  466  0.00364981      0.36389589D-03     -0.36826559D-13
  467  0.00369243      0.37105537D-03     -0.37551105D-13
  468  0.00373555      0.37833845D-03     -0.38288158D-13
  469  0.00377917      0.38574666D-03     -0.39037875D-13
  470  0.00382330      0.39328153D-03     -0.39800410D-13
  471  0.00386795      0.40094457D-03     -0.40575916D-13
  472  0.00391312      0.40873731D-03     -0.41364547D-13
  473  0.00395881      0.41666125D-03     -0.42166456D-13
  474  0.00400504      0.42471789D-03     -0.42981795D-13
  475  0.00405181      0.43290872D-03     -0.43810713D-13
  476  0.00409912      0.44123522D-03     -0.44653362D-13
  477  0.00414699      0.44969886D-03     -0.45509889D-13
  478  0.00419542      0.45830108D-03     -0.46380442D-13
  479  0.00424441      0.46704334D-03     -0.47265165D-13
  480  0.00429397      0.47592704D-03     -0.48164202D-13
  481  0.00434411      0.48495359D-03     -0.49077696D-13
  482  0.00439484      0.49412436D-03     -0.50005787D-13
  483  0.00444616      0.50344073D-03     -0.50948610D-13
  484  0.00449808      0.51290402D-03     -0.51906303D-13
  485  0.00455060      0.52251554D-03     -0.52878997D-13
  486  0.00460374      0.53227658D-03     -0.53866821D-13
  487  0.00465750      0.54218838D-03     -0.54869904D-13
  488  0.00471189      0.55225217D-03     -0.55888367D-13
  489  0.00476691      0.56246913D-03     -0.56922332D-13
  490  0.00482258      0.57284041D-03     -0.57971914D-13
  491  0.00487889      0.58336713D-03     -0.59037227D-13
  492  0.00493586      0.59405035D-03     -0.60118378D-13
  493  0.00499350      0.60489111D-03     -0.61215471D-13
  494  0.00505181      0.61589039D-03     -0.62328607D-13
  495  0.00511080      0.62704911D-03     -0.63457878D-13
  496  0.00517049      0.63836817D-03     -0.64603376D-13
  497  0.00523086      0.64984839D-03     -0.65765184D-13
  498  0.00529195      0.66149054D-03     -0.66943380D-13
  499  0.00535374      0.67329535D-03     -0.68138036D-13
  500  0.00541626      0.68526346D-03     -0.69349219D-13
  501  0.00547951      0.69739547D-03     -0.70576987D-13
  502  0.00554349      0.70969188D-03     -0.71821394D-13
  503  0.00560823      0.72215315D-03     -0.73082485D-13
  504  0.00567371      0.73477965D-03     -0.74360297D-13
  505  0.00573997      0.74757168D-03     -0.75654861D-13
  506  0.00580700      0.76052945D-03     -0.76966197D-13
  507  0.00587481      0.77365308D-03     -0.78294320D-13
  508  0.00594341      0.78694262D-03     -0.79639232D-13
  509  0.00601281      0.80039802D-03     -0.81000929D-13
  510  0.00608302      0.81401912D-03     -0.82379396D-13
  511  0.00615406      0.82780569D-03     -0.83774607D-13
  512  0.00622592      0.84175736D-03     -0.85186528D-13
  513  0.00629862      0.85587368D-03     -0.86615111D-13
  514  0.00637217      0.87015408D-03     -0.88060299D-13
  515  0.00644658      0.88459787D-03     -0.89522022D-13
  516  0.00652186      0.89920424D-03     -0.91000199D-13
  517  0.00659802      0.91397226D-03     -0.92494735D-13
  518  0.00667507      0.92890088D-03     -0.94005523D-13
  519  0.00675302      0.94398890D-03     -0.95532442D-13
  520  0.00683187      0.95923498D-03     -0.97075358D-13
  521  0.00691165      0.97463766D-03     -0.98634122D-13
  522  0.00699236      0.99019531D-03     -0.10020857D-12
  523  0.00707401      0.10059062D-02     -0.10179852D-12
  524  0.00715662      0.10217683D-02     -0.10340378D-12
  525  0.00724019      0.10377796D-02     -0.10502413D-12
  526  0.00732473      0.10539378D-02     -0.10665936D-12
  527  0.00741027      0.10702405D-02     -0.10830921D-12
  528  0.00749680      0.10866851D-02     -0.10997342D-12
  529  0.00758434      0.11032688D-02     -0.11165170D-12
  530  0.00767291      0.11199886D-02     -0.11334376D-12
  531  0.00776251      0.11368414D-02     -0.11504928D-12
  532  0.00785315      0.11538238D-02     -0.11676791D-12
  533  0.00794485      0.11709323D-02     -0.11849930D-12
  534  0.00803763      0.11881630D-02     -0.12024306D-12
  535  0.00813149      0.12055119D-02     -0.12199879D-12
  536  0.00822644      0.12229750D-02     -0.12376606D-12
  537  0.00832250      0.12405477D-02     -0.12554444D-12
  538  0.00841969      0.12582254D-02     -0.12733343D-12
  539  0.00851801      0.12760032D-02     -0.12913256D-12
  540  0.00861748      0.12938760D-02     -0.13094131D-12
  541  0.00871810      0.13118385D-02     -0.13275912D-12
  542  0.00881991      0.13298849D-02     -0.13458543D-12
  543  0.00892290      0.13480094D-02     -0.13641964D-12
  544  0.00902710      0.13662059D-02     -0.13826115D-12
  545  0.00913251      0.13844680D-02     -0.14010928D-12
  546  0.00923915      0.14027890D-02     -0.14196338D-12
  547  0.00934704      0.14211620D-02     -0.14382274D-12
  548  0.00945619      0.14395797D-02     -0.14568663D-12
  549  0.00956661      0.14580347D-02     -0.14755429D-12
  550  0.00967833      0.14765191D-02     -0.14942493D-12
  551  0.00979134      0.14950248D-02     -0.15129773D-12
  552  0.00990568      0.15135436D-02     -0.15317184D-12
  553  0.01002135      0.15320666D-02     -0.15504639D-12
  554  0.01013837      0.15505850D-02     -0.15692046D-12
  555  0.01025676      0.15690893D-02     -0.15879311D-12
  556  0.01037653      0.15875701D-02     -0.16066338D-12
  557  0.01049770      0.16060173D-02     -0.16253025D-12
  558  0.01062029      0.16244207D-02     -0.16439270D-12
  559  0.01074431      0.16427698D-02     -0.16624964D-12
  560  0.01086977      0.16610537D-02     -0.16809998D-12
  561  0.01099670      0.16792611D-02     -0.16994259D-12
  562  0.01112511      0.16973806D-02     -0.17177629D-12
  563  0.01125503      0.17154002D-02     -0.17359989D-12
  564  0.01138645      0.17333078D-02     -0.17541215D-12
  565  0.01151942      0.17510908D-02     -0.17721181D-12
  566  0.01165393      0.17687364D-02     -0.17899756D-12
  567  0.01179002      0.17862313D-02     -0.18076806D-12
  568  0.01192770      0.18035622D-02     -0.18252196D-12
  569  0.01206698      0.18207150D-02     -0.18425784D-12
  570  0.01220789      0.18376758D-02     -0.18597428D-12
  571  0.01235044      0.18544298D-02     -0.18766980D-12
  572  0.01249467      0.18709625D-02     -0.18934292D-12
  573  0.01264057      0.18872585D-02     -0.19099209D-12
  574  0.01278818      0.19033025D-02     -0.19261576D-12
  575  0.01293751      0.19190787D-02     -0.19421232D-12
  576  0.01308858      0.19345711D-02     -0.19578016D-12
  577  0.01324142      0.19497632D-02     -0.19731762D-12
  578  0.01339605      0.19646385D-02     -0.19882301D-12
  579  0.01355248      0.19791800D-02     -0.20029462D-12
  580  0.01371074      0.19933705D-02     -0.20173071D-12
  581  0.01387084      0.20071925D-02     -0.20312951D-12
  582  0.01403281      0.20206283D-02     -0.20448923D-12
  583  0.01419668      0.20336600D-02     -0.20580805D-12
  584  0.01436246      0.20462694D-02     -0.20708412D-12
  585  0.01453017      0.20584379D-02     -0.20831559D-12
  586  0.01469985      0.20701471D-02     -0.20950056D-12
  587  0.01487150      0.20813780D-02     -0.21063714D-12
  588  0.01504516      0.20921117D-02     -0.21172341D-12
  589  0.01522085      0.21023291D-02     -0.21275742D-12
  590  0.01539859      0.21120109D-02     -0.21373722D-12
  591  0.01557840      0.21211377D-02     -0.21466085D-12
  592  0.01576032      0.21296899D-02     -0.21552635D-12
  593  0.01594436      0.21376481D-02     -0.21633172D-12
  594  0.01613054      0.21449925D-02     -0.21707499D-12
  595  0.01631890      0.21517036D-02     -0.21775415D-12
  596  0.01650947      0.21577617D-02     -0.21836723D-12
  597  0.01670225      0.21631471D-02     -0.21891224D-12
  598  0.01689729      0.21678403D-02     -0.21938720D-12
  599  0.01709461      0.21718218D-02     -0.21979013D-12
  600  0.01729422      0.21750722D-02     -0.22011907D-12
  601  0.01749617      0.21775723D-02     -0.22037208D-12
  602  0.01770048      0.21793030D-02     -0.22054723D-12
  603  0.01790718      0.21802455D-02     -0.22064261D-12
  604  0.01811629      0.21803811D-02     -0.22065634D-12
  605  0.01832784      0.21796918D-02     -0.22058658D-12
  606  0.01854186      0.21781594D-02     -0.22043149D-12
  607  0.01875838      0.21757663D-02     -0.22018932D-12
  608  0.01897742      0.21724955D-02     -0.21985831D-12
  609  0.01919903      0.21683303D-02     -0.21943678D-12
  610  0.01942322      0.21632543D-02     -0.21892309D-12
  611  0.01965003      0.21572520D-02     -0.21831566D-12
  612  0.01987949      0.21503084D-02     -0.21761296D-12
  613  0.02011163      0.21424091D-02     -0.21681354D-12
  614  0.02034648      0.21335404D-02     -0.21591601D-12
  615  0.02058407      0.21236893D-02     -0.21491908D-12
  616  0.02082444      0.21128438D-02     -0.21382151D-12
  617  0.02106762      0.21009927D-02     -0.21262216D-12
  618  0.02131363      0.20881256D-02     -0.21132001D-12
  619  0.02156252      0.20742333D-02     -0.20991409D-12
  620  0.02181431      0.20593075D-02     -0.20840359D-12
  621  0.02206904      0.20433409D-02     -0.20678776D-12
  622  0.02232675      0.20263278D-02     -0.20506601D-12
  623  0.02258746      0.20082632D-02     -0.20323786D-12
  624  0.02285123      0.19891437D-02     -0.20130295D-12
  625  0.02311807      0.19689673D-02     -0.19926108D-12
  626  0.02338802      0.19477332D-02     -0.19711218D-12
  627  0.02366113      0.19254424D-02     -0.19485633D-12
  628  0.02393743      0.19020972D-02     -0.19249378D-12
  629  0.02421696      0.18777016D-02     -0.19002493D-12
  630  0.02449975      0.18522614D-02     -0.18745036D-12
  631  0.02478584      0.18257841D-02     -0.18477084D-12
  632  0.02507527      0.17982790D-02     -0.18198730D-12
  633  0.02536808      0.17697574D-02     -0.17910088D-12
  634  0.02566431      0.17402323D-02     -0.17611292D-12
  635  0.02596401      0.17097192D-02     -0.17302497D-12
  636  0.02626720      0.16782353D-02     -0.16983877D-12
  637  0.02657393      0.16458001D-02     -0.16655631D-12
  638  0.02688424      0.16124355D-02     -0.16317978D-12
  639  0.02719817      0.15781654D-02     -0.15971162D-12
  640  0.02751578      0.15430164D-02     -0.15615451D-12
  641  0.02783709      0.15070171D-02     -0.15251135D-12
  642  0.02816215      0.14701990D-02     -0.14878533D-12
  643  0.02849101      0.14325958D-02     -0.14497986D-12
  644  0.02882371      0.13942442D-02     -0.14109864D-12
  645  0.02916029      0.13551830D-02     -0.13714562D-12
  646  0.02950081      0.13154542D-02     -0.13312503D-12
  647  0.02984530      0.12751022D-02     -0.12904138D-12
  648  0.03019381      0.12341743D-02     -0.12489944D-12
  649  0.03054639      0.11927206D-02     -0.12070430D-12
  650  0.03090309      0.11507941D-02     -0.11646130D-12
  651  0.03126396      0.11084506D-02     -0.11217610D-12
  652  0.03162904      0.10657488D-02     -0.10785465D-12
  653  0.03199838      0.10227504D-02     -0.10350317D-12
  654  0.03237204      0.97951981D-03     -0.99128200D-13
  655  0.03275005      0.93612466D-03     -0.94736575D-13
  656  0.03313249      0.89263533D-03     -0.90335419D-13
  657  0.03351939      0.84912518D-03     -0.85932157D-13
  658  0.03391080      0.80567049D-03     -0.81534507D-13
  659  0.03430679      0.76235040D-03     -0.77150479D-13
  660  0.03470740      0.71924695D-03     -0.72788375D-13
  661  0.03511269      0.67644497D-03     -0.68456780D-13
  662  0.03552271      0.63403209D-03     -0.64164562D-13
  663  0.03593753      0.59209866D-03     -0.59920864D-13
  664  0.03635718      0.55073767D-03     -0.55735099D-13
  665  0.03678173      0.51004471D-03     -0.51616938D-13
  666  0.03721125      0.47011786D-03     -0.47576309D-13
  667  0.03764577      0.43105760D-03     -0.43623379D-13
  668  0.03808538      0.39296673D-03     -0.39768551D-13
  669  0.03853011      0.35595018D-03     -0.36022447D-13
  670  0.03898004      0.32011498D-03     -0.32395895D-13
  671  0.03943522      0.28557003D-03     -0.28899918D-13
  672  0.03989572      0.25242601D-03     -0.25545717D-13
  673  0.04036160      0.22079518D-03     -0.22344651D-13
  674  0.04083291      0.19079121D-03     -0.19308225D-13
  675  0.04130973      0.16252900D-03     -0.16448067D-13
  676  0.04179212      0.13612446D-03     -0.13775906D-13
  677  0.04228014      0.11169430D-03     -0.11303554D-13
  678  0.04277386      0.89355801D-04     -0.90428796D-14
  679  0.04327334      0.69226568D-04     -0.70057848D-14
  680  0.04377866      0.51424274D-04     -0.52041782D-14
  681  0.04428988      0.36066389D-04     -0.36499478D-14
  682  0.04480706      0.23269895D-04     -0.23549322D-14
  683  0.04533029      0.13150988D-04     -0.13308907D-14
  684  0.04585963      0.58247669D-05     -0.58947113D-15
  685  0.04639515      0.14049089D-05     -0.14217792D-15
  686  0.04693692      0.33327170D-08     -0.33727366D-18
  687  0.04748501      0.17298486D-05     -0.17506208D-15
  688  0.04803951      0.66917963D-05     -0.67721522D-15
  689  0.04860049      0.14993672D-04     -0.15173717D-14
  690  0.04916801      0.26736741D-04     -0.27057799D-14
  691  0.04974216      0.42018647D-04     -0.42523212D-14
  692  0.05032302      0.60932999D-04     -0.61664690D-14
  693  0.05091065      0.83568964D-04     -0.84572469D-14
  694  0.05150515      0.11001084D-03     -0.11133186D-13
  695  0.05210660      0.14033761D-03     -0.14202280D-13
  696  0.05271506      0.17462254D-03     -0.17671943D-13
  697  0.05333063      0.21293270D-03     -0.21548962D-13
  698  0.05395339      0.25532852D-03     -0.25839454D-13
  699  0.05458342      0.30186338D-03     -0.30548819D-13
  700  0.05522081      0.35258307D-03     -0.35681693D-13
  701  0.05586564      0.40752544D-03     -0.41241905D-13
  702  0.05651801      0.46671987D-03     -0.47232429D-13
  703  0.05717799      0.53018683D-03     -0.53655337D-13
  704  0.05784567      0.59793748D-03     -0.60511758D-13
  705  0.05852115      0.66997317D-03     -0.67801828D-13
  706  0.05920452      0.74628504D-03     -0.75524652D-13
  707  0.05989588      0.82685360D-03     -0.83678255D-13
  708  0.06059530      0.91164828D-03     -0.92259545D-13
  709  0.06130289      0.10006271D-02     -0.10126427D-12
  710  0.06201874      0.10937362D-02     -0.11068699D-12
  711  0.06274296      0.11909095D-02     -0.12052100D-12
  712  0.06347563      0.12920684D-02     -0.13075837D-12
  713  0.06421685      0.13971216D-02     -0.14138984D-12
  714  0.06496673      0.15059644D-02     -0.15240482D-12
  715  0.06572537      0.16184788D-02     -0.16379137D-12
  716  0.06649287      0.17345332D-02     -0.17553616D-12
  717  0.06726933      0.18539818D-02     -0.18762447D-12
  718  0.06805485      0.19766653D-02     -0.20004014D-12
  719  0.06884955      0.21024099D-02     -0.21276559D-12
  720  0.06965353      0.22310275D-02     -0.22578179D-12
  721  0.07046690      0.23623159D-02     -0.23906829D-12
  722  0.07128976      0.24960586D-02     -0.25260316D-12
  723  0.07212224      0.26320247D-02     -0.26636304D-12
  724  0.07296443      0.27699693D-02     -0.28032314D-12
  725  0.07381646      0.29096335D-02     -0.29445727D-12
  726  0.07467844      0.30507446D-02     -0.30873783D-12
  727  0.07555049      0.31930163D-02     -0.32313584D-12
  728  0.07643271      0.33361494D-02     -0.33762103D-12
  729  0.07732524      0.34798317D-02     -0.35216179D-12
  730  0.07822819      0.36237387D-02     -0.36672530D-12
  731  0.07914169      0.37675343D-02     -0.38127753D-12
  732  0.08006585      0.39108710D-02     -0.39578332D-12
  733  0.08100081      0.40533910D-02     -0.41020645D-12
  734  0.08194668      0.41947263D-02     -0.42450971D-12
  735  0.08290360      0.43345005D-02     -0.43865496D-12
  736  0.08387169      0.44723286D-02     -0.45260328D-12
  737  0.08485109      0.46078187D-02     -0.46631499D-12
  738  0.08584192      0.47405727D-02     -0.47974980D-12
  739  0.08684433      0.48701876D-02     -0.49286693D-12
  740  0.08785844      0.49962564D-02     -0.50562520D-12
  741  0.08888439      0.51183695D-02     -0.51798314D-12
  742  0.08992232      0.52361162D-02     -0.52989920D-12
  743  0.09097237      0.53490856D-02     -0.54133181D-12
  744  0.09203469      0.54568687D-02     -0.55223954D-12
  745  0.09310941      0.55590593D-02     -0.56258131D-12
  746  0.09419668      0.56552559D-02     -0.57231649D-12
  747  0.09529664      0.57450633D-02     -0.58140507D-12
  748  0.09640945      0.58280943D-02     -0.58980787D-12
  749  0.09753526      0.59039713D-02     -0.59748668D-12
  750  0.09867421      0.59723282D-02     -0.60440446D-12
  751  0.09982646      0.60328122D-02     -0.61052549D-12
  752  0.10099217      0.60850859D-02     -0.61581563D-12
  753  0.10217148      0.61288285D-02     -0.62024242D-12
  754  0.10336457      0.61637385D-02     -0.62377534D-12
  755  0.10457160      0.61895353D-02     -0.62638599D-12
  756  0.10579271      0.62059607D-02     -0.62804826D-12
  757  0.10702809      0.62127817D-02     -0.62873855D-12
  758  0.10827789      0.62097917D-02     -0.62843596D-12
  759  0.10954229      0.61968127D-02     -0.62712247D-12
  760  0.11082145      0.61736969D-02     -0.62478313D-12
  761  0.11211555      0.61403289D-02     -0.62140627D-12
  762  0.11342476      0.60966274D-02     -0.61698363D-12
  763  0.11474925      0.60425464D-02     -0.61151060D-12
  764  0.11608922      0.59780778D-02     -0.60498632D-12
  765  0.11744483      0.59032518D-02     -0.59741388D-12
  766  0.11881627      0.58181395D-02     -0.58880044D-12
  767  0.12020373      0.57228534D-02     -0.57915740D-12
  768  0.12160739      0.56175490D-02     -0.56850051D-12
  769  0.12302744      0.55024260D-02     -0.55684997D-12
  770  0.12446407      0.53777290D-02     -0.54423054D-12
  771  0.12591748      0.52437487D-02     -0.53067162D-12
  772  0.12738786      0.51008220D-02     -0.51620733D-12
  773  0.12887540      0.49493332D-02     -0.50087653D-12
  774  0.13038032      0.47897134D-02     -0.48472288D-12
  775  0.13190282      0.46224415D-02     -0.46779483D-12
  776  0.13344309      0.44480435D-02     -0.45014562D-12
  777  0.13500135      0.42670924D-02     -0.43183321D-12
  778  0.13657780      0.40802073D-02     -0.41292029D-12
  779  0.13817267      0.38880533D-02     -0.39347414D-12
  780  0.13978616      0.36913396D-02     -0.37356657D-12
  781  0.14141848      0.34908191D-02     -0.35327372D-12
  782  0.14306987      0.32872860D-02     -0.33267601D-12
  783  0.14474055      0.30815745D-02     -0.31185784D-12
  784  0.14643073      0.28745568D-02     -0.29090748D-12
  785  0.14814065      0.26671403D-02     -0.26991676D-12
  786  0.14987054      0.24602654D-02     -0.24898085D-12
  787  0.15162062      0.22549025D-02     -0.22819796D-12
  788  0.15339115      0.20520488D-02     -0.20766900D-12
  789  0.15518235      0.18527250D-02     -0.18749727D-12
  790  0.15699446      0.16579714D-02     -0.16778806D-12
  791  0.15882774      0.14688446D-02     -0.14864826D-12
  792  0.16068242      0.12864123D-02     -0.13018597D-12
  793  0.16255876      0.11117500D-02     -0.11251000D-12
  794  0.16445701      0.94593571D-03     -0.95729461D-13
  795  0.16637743      0.79004539D-03     -0.79953234D-13
  796  0.16832028      0.64514786D-03     -0.65289487D-13
  797  0.17028581      0.51229967D-03     -0.51845142D-13
  798  0.17227429      0.39253975D-03     -0.39725341D-13
  799  0.17428599      0.28688394D-03     -0.29032887D-13
  800  0.17632119      0.19631941D-03     -0.19867684D-13
  801  0.17838015      0.12179904D-03     -0.12326162D-13
  802  0.18046315      0.64235656D-04     -0.65007003D-14
  803  0.18257048      0.24496293D-04     -0.24790446D-14
  804  0.18470241      0.33964746D-05     -0.34372579D-15
  805  0.18685924      0.16944747D-05     -0.17148199D-15
  806  0.18904126      0.20085672D-04     -0.20326861D-14
  807  0.19124876      0.59196994D-04     -0.59907835D-14
  808  0.19348203      0.11958149D-03     -0.12101744D-13
  809  0.19574138      0.20171308D-03     -0.20413527D-13
  810  0.19802712      0.30598150D-03     -0.30965575D-13
  811  0.20033955      0.43268746D-03     -0.43788321D-13
  812  0.20267898      0.58203814D-03     -0.58902732D-13
  813  0.20504573      0.75414295D-03     -0.76319878D-13
  814  0.20744011      0.94900964D-03     -0.96040545D-13
  815  0.20986246      0.11665408D-02     -0.11805487D-12
  816  0.21231309      0.14065308D-02     -0.14234206D-12
  817  0.21479234      0.16686632D-02     -0.16887007D-12
  818  0.21730054      0.19525085D-02     -0.19759545D-12
  819  0.21983803      0.22575228D-02     -0.22846314D-12
  820  0.22240515      0.25830463D-02     -0.26140638D-12
  821  0.22500225      0.29283032D-02     -0.29634666D-12
  822  0.22762967      0.32924018D-02     -0.33319373D-12
  823  0.23028778      0.36743349D-02     -0.37184567D-12
  824  0.23297693      0.40729816D-02     -0.41218904D-12
  825  0.23569747      0.44871092D-02     -0.45409909D-12
  826  0.23844979      0.49153760D-02     -0.49744003D-12
  827  0.24123425      0.53563344D-02     -0.54206538D-12
  828  0.24405122      0.58084356D-02     -0.58781839D-12
  829  0.24690108      0.62700340D-02     -0.63453252D-12
  830  0.24978423      0.67393928D-02     -0.68203202D-12
  831  0.25270104      0.72146905D-02     -0.73013253D-12
  832  0.25565191      0.76940273D-02     -0.77864180D-12
  833  0.25863724      0.81754329D-02     -0.82736044D-12
  834  0.26165744      0.86568750D-02     -0.87608277D-12
  835  0.26471290      0.91362676D-02     -0.92459769D-12
  836  0.26780403      0.96114808D-02     -0.97268966D-12
  837  0.27093127      0.10080351D-01     -0.10201397D-11
  838  0.27409502      0.10540689D-01     -0.10667263D-11
  839  0.27729572      0.10990297D-01     -0.11122269D-11
  840  0.28053379      0.11426971D-01     -0.11564187D-11
  841  0.28380968      0.11848522D-01     -0.11990800D-11
  842  0.28712382      0.12252780D-01     -0.12399913D-11
  843  0.29047665      0.12637612D-01     -0.12789366D-11
  844  0.29386865      0.13000932D-01     -0.13157049D-11
  845  0.29730025      0.13340713D-01     -0.13500910D-11
  846  0.30077192      0.13655002D-01     -0.13818972D-11
  847  0.30428413      0.13941929D-01     -0.14109345D-11
  848  0.30783736      0.14199725D-01     -0.14370237D-11
  849  0.31143207      0.14426728D-01     -0.14599965D-11
  850  0.31506877      0.14621400D-01     -0.14796975D-11
  851  0.31874793      0.14782336D-01     -0.14959843D-11
  852  0.32247005      0.14908277D-01     -0.15087297D-11
  853  0.32623564      0.14998119D-01     -0.15178218D-11
  854  0.33004520      0.15050927D-01     -0.15231660D-11
  855  0.33389925      0.15065938D-01     -0.15246852D-11
  856  0.33779830      0.15042578D-01     -0.15223211D-11
  857  0.34174288      0.14980462D-01     -0.15160349D-11
  858  0.34573352      0.14879409D-01     -0.15058082D-11
  859  0.34977077      0.14739441D-01     -0.14916434D-11
  860  0.35385515      0.14560795D-01     -0.14735643D-11
  861  0.35798724      0.14343922D-01     -0.14516165D-11
  862  0.36216757      0.14089493D-01     -0.14258681D-11
  863  0.36639672      0.13798400D-01     -0.13964092D-11
  864  0.37067525      0.13471757D-01     -0.13633527D-11
  865  0.37500375      0.13110902D-01     -0.13268339D-11
  866  0.37938279      0.12717390D-01     -0.12870101D-11
  867  0.38381297      0.12292995D-01     -0.12440610D-11
  868  0.38829488      0.11839704D-01     -0.11981876D-11
  869  0.39282912      0.11359711D-01     -0.11496119D-11
  870  0.39741632      0.10855413D-01     -0.10985765D-11
  871  0.40205708      0.10329398D-01     -0.10453434D-11
  872  0.40675203      0.97844390D-02     -0.99019308D-12
  873  0.41150181      0.92234816D-02     -0.93342373D-12
  874  0.41630705      0.86496336D-02     -0.87534984D-12
  875  0.42116840      0.80661518D-02     -0.81630100D-12
  876  0.42608652      0.74764277D-02     -0.75662044D-12
  877  0.43106207      0.68839731D-02     -0.69666354D-12
  878  0.43609573      0.62924038D-02     -0.63679623D-12
  879  0.44118816      0.57054229D-02     -0.57739328D-12
  880  0.44634006      0.51268031D-02     -0.51883647D-12
  881  0.45155212      0.45603684D-02     -0.46151280D-12
  882  0.45682504      0.40099746D-02     -0.40581248D-12
  883  0.46215953      0.34794901D-02     -0.35212701D-12
  884  0.46755632      0.29727758D-02     -0.30084709D-12
  885  0.47301613      0.24936642D-02     -0.25236059D-12
  886  0.47853969      0.20459394D-02     -0.20705045D-12
  887  0.48412776      0.16333156D-02     -0.16529256D-12
  888  0.48978108      0.12594168D-02     -0.12745367D-12
  889  0.49550041      0.92775598D-03     -0.93889297D-13
  890  0.50128653      0.64171480D-03     -0.64941664D-13
  891  0.50714022      0.40452334D-03     -0.40937660D-13
  892  0.51306226      0.21924075D-03     -0.22186873D-13
  893  0.51905346      0.88736321D-04     -0.89796750D-14
  894  0.52511461      0.15671279D-04     -0.15853864D-14
  895  0.53124655      0.24815712D-05     -0.25052586D-15
  896  0.53745009      0.51361554D-04     -0.51971637D-14
  897  0.54372607      0.16424883D-03     -0.16621386D-13
  898  0.55007533      0.34281027D-03     -0.34691882D-13
  899  0.55649874      0.58842942D-03     -0.59548667D-13
  900  0.56299716      0.90219523D-03     -0.91301942D-13
  901  0.56957146      0.12848924D-02     -0.13003111D-12
  902  0.57622254      0.17369930D-02     -0.17578397D-12
  903  0.58295128      0.22586505D-02     -0.22857604D-12
  904  0.58975859      0.28496946D-02     -0.28839006D-12
  905  0.59664539      0.35096280D-02     -0.35517573D-12
  906  0.60361262      0.42376258D-02     -0.42884957D-12
  907  0.61066120      0.50325358D-02     -0.50929496D-12
  908  0.61779209      0.58928808D-02     -0.59636241D-12
  909  0.62500625      0.68168630D-02     -0.68986998D-12
  910  0.63230465      0.78023701D-02     -0.78960391D-12
  911  0.63968828      0.88469831D-02     -0.89531940D-12
  912  0.64715813      0.99479862D-02     -0.10067416D-11
  913  0.65471521      0.11102378D-01     -0.11235667D-11
  914  0.66236053      0.12306883D-01     -0.12454634D-11
  915  0.67009513      0.13557971D-01     -0.13720741D-11
  916  0.67792005      0.14851865D-01     -0.15030170D-11
  917  0.68583634      0.16184567D-01     -0.16378871D-11
  918  0.69384508      0.17551871D-01     -0.17762590D-11
  919  0.70194733      0.18949385D-01     -0.19176882D-11
  920  0.71014420      0.20372554D-01     -0.20617136D-11
  921  0.71843679      0.21816675D-01     -0.22078594D-11
  922  0.72682621      0.23276930D-01     -0.23556378D-11
  923  0.73531360      0.24748399D-01     -0.25045511D-11
  924  0.74390010      0.26226091D-01     -0.26540941D-11
  925  0.75258686      0.27704965D-01     -0.28037566D-11
  926  0.76137506      0.29179957D-01     -0.29530263D-11
  927  0.77026589      0.30646001D-01     -0.31013903D-11
  928  0.77926054      0.32098059D-01     -0.32483389D-11
  929  0.78836022      0.33531139D-01     -0.33933668D-11
  930  0.79756616      0.34940327D-01     -0.35359767D-11
  931  0.80687960      0.36320803D-01     -0.36756809D-11
  932  0.81630179      0.37667870D-01     -0.38120039D-11
  933  0.82583402      0.38976973D-01     -0.39444849D-11
  934  0.83547755      0.40243724D-01     -0.40726797D-11
  935  0.84523370      0.41463918D-01     -0.41961628D-11
  936  0.85510377      0.42633559D-01     -0.43145297D-11
  937  0.86508909      0.43748870D-01     -0.44273982D-11
  938  0.87519102      0.44806317D-01     -0.45344107D-11
  939  0.88541091      0.45802622D-01     -0.46352354D-11
  940  0.89575015      0.46734775D-01     -0.47295677D-11
  941  0.90621011      0.47600048D-01     -0.48171315D-11
  942  0.91679222      0.48396007D-01     -0.48976804D-11
  943  0.92749791      0.49120517D-01     -0.49709984D-11
  944  0.93832860      0.49771752D-01     -0.50369006D-11
  945  0.94928577      0.50348199D-01     -0.50952339D-11
  946  0.96037089      0.50848659D-01     -0.51458770D-11
  947  0.97158546      0.51272253D-01     -0.51887409D-11
  948  0.98293098      0.51618416D-01     -0.52237685D-11
  949  0.99440899      0.51886901D-01     -0.52509344D-11
  950  1.00602103      0.52077767D-01     -0.52702449D-11
  951  1.01776866      0.52191378D-01     -0.52817368D-11
  952  1.02965348      0.52228397D-01     -0.52854770D-11
  953  1.04167708      0.52189771D-01     -0.52815613D-11
  954  1.05384108      0.52076725D-01     -0.52701137D-11
  955  1.06614713      0.51890748D-01     -0.52512848D-11
  956  1.07859688      0.51633579D-01     -0.52252507D-11
  957  1.09119201      0.51307196D-01     -0.51922114D-11
  958  1.10393421      0.50913796D-01     -0.51523891D-11
  959  1.11682522      0.50455780D-01     -0.51060268D-11
  960  1.12986675      0.49935736D-01     -0.50533865D-11
  961  1.14306057      0.49356424D-01     -0.49947473D-11
  962  1.15640846      0.48720753D-01     -0.49304035D-11
  963  1.16991222      0.48031764D-01     -0.48606628D-11
  964  1.18357367      0.47292613D-01     -0.47858447D-11
  965  1.19739465      0.46506551D-01     -0.47062777D-11
  966  1.21137702      0.45676902D-01     -0.46222986D-11
  967  1.22552266      0.44807050D-01     -0.45342496D-11
  968  1.23983349      0.43900418D-01     -0.44424769D-11
  969  1.25431143      0.42960449D-01     -0.43473290D-11
  970  1.26895844      0.41990590D-01     -0.42491546D-11
  971  1.28377648      0.40994276D-01     -0.41483011D-11
  972  1.29876756      0.39974912D-01     -0.40451131D-11
  973  1.31393369      0.38935859D-01     -0.39399306D-11
  974  1.32927693      0.37880421D-01     -0.38330879D-11
  975  1.34479933      0.36811829D-01     -0.37249119D-11
  976  1.36050299      0.35733230D-01     -0.36157210D-11
  977  1.37639003      0.34647677D-01     -0.35058240D-11
  978  1.39246258      0.33558117D-01     -0.33955189D-11
  979  1.40872283      0.32467381D-01     -0.32850924D-11
  980  1.42517294      0.31378177D-01     -0.31748184D-11
  981  1.44181515      0.30293085D-01     -0.30649579D-11
  982  1.45865170      0.29214547D-01     -0.29557580D-11
  983  1.47568485      0.28144865D-01     -0.28474517D-11
  984  1.49291691      0.27086197D-01     -0.27402574D-11
  985  1.51035019      0.26040550D-01     -0.26343784D-11
  986  1.52798704      0.25009787D-01     -0.25300032D-11
  987  1.54582985      0.23995614D-01     -0.24273049D-11
  988  1.56388101      0.22999593D-01     -0.23264415D-11
  989  1.58214296      0.22023130D-01     -0.22275561D-11
  990  1.60061816      0.21067486D-01     -0.21307766D-11
  991  1.61930910      0.20133775D-01     -0.20362164D-11
  992  1.63821830      0.19222968D-01     -0.19439747D-11
  993  1.65734831      0.18335895D-01     -0.18541365D-11
  994  1.67670171      0.17473251D-01     -0.17667735D-11
  995  1.69628110      0.16635598D-01     -0.16819441D-11
  996  1.71608913      0.15823370D-01     -0.15996943D-11
  997  1.73612847      0.15036883D-01     -0.15200584D-11
  998  1.75640181      0.14276330D-01     -0.14430589D-11
  999  1.77691189      0.13541798D-01     -0.13687080D-11
 1000  1.79766147      0.12833264D-01     -0.12970077D-11
 1001  1.81865335      0.12150606D-01     -0.12279506D-11
 1002  1.83989036      0.11493605D-01     -0.11615206D-11
 1003  1.86137536      0.10862573D-01     -0.10977336D-11
 1004  1.88311125      0.10257395D-01     -0.10365741D-11
 1005  1.90510095      0.96779965D-02     -0.97802575D-12
 1006  1.92734744      0.91241011D-02     -0.92205680D-12
 1007  1.94985371      0.85953085D-02     -0.86862493D-12
 1008  1.97262279      0.80911113D-02     -0.81767903D-12
 1009  1.99565775      0.76109119D-02     -0.76916064D-12
 1010  2.01896170      0.71540389D-02     -0.72300529D-12
 1011  2.04253777      0.67197609D-02     -0.67914368D-12
 1012  2.06638915      0.63073006D-02     -0.63750280D-12
 1013  2.09051906      0.59158463D-02     -0.59800690D-12
 1014  2.11493073      0.55445632D-02     -0.56057831D-12
 1015  2.13962747      0.51926406D-02     -0.52513559D-12
 1016  2.16461260      0.48592884D-02     -0.49159572D-12
 1017  2.18988949      0.45437354D-02     -0.45987571D-12
 1018  2.21546154      0.42452381D-02     -0.42989306D-12
 1019  2.24133221      0.39630783D-02     -0.40156685D-12
 1020  2.26750498      0.36965635D-02     -0.37481939D-12
 1021  2.29398338      0.34450226D-02     -0.34957839D-12
 1022  2.32077097      0.32078069D-02     -0.32577479D-12
 1023  2.34787138      0.29842855D-02     -0.30334342D-12
 1024  2.37528824      0.27738448D-02     -0.28222205D-12
 1025  2.40302526      0.25758870D-02     -0.26235080D-12
 1026  2.43108617      0.23898312D-02     -0.24367152D-12
 1027  2.45947476      0.22151138D-02     -0.22612776D-12
 1028  2.48819485      0.20511879D-02     -0.20966476D-12
 1029  2.51725031      0.18975239D-02     -0.19422949D-12
 1030  2.54664507      0.17536093D-02     -0.17977064D-12
 1031  2.57638308      0.16189487D-02     -0.16623860D-12
 1032  2.60646834      0.14930636D-02     -0.15358544D-12
 1033  2.63690493      0.13754924D-02     -0.14176496D-12
