 ir        r              f(r)*r^2
    1  0.00001651      0.45470254D-23
    2  0.00001670      0.48750283D-23
    3  0.00001690      0.52266916D-23
    4  0.00001709      0.56037219D-23
    5  0.00001729      0.60079492D-23
    6  0.00001750      0.64413352D-23
    7  0.00001770      0.69059832D-23
    8  0.00001791      0.74041482D-23
    9  0.00001812      0.79382480D-23
   10  0.00001833      0.85108746D-23
   11  0.00001854      0.91248071D-23
   12  0.00001876      0.97830250D-23
   13  0.00001898      0.10488723D-22
   14  0.00001920      0.11245325D-22
   15  0.00001942      0.12056504D-22
   16  0.00001965      0.12926196D-22
   17  0.00001988      0.13858622D-22
   18  0.00002011      0.14858307D-22
   19  0.00002035      0.15930102D-22
   20  0.00002058      0.17079210D-22
   21  0.00002082      0.18311206D-22
   22  0.00002107      0.19632071D-22
   23  0.00002131      0.21048212D-22
   24  0.00002156      0.22566504D-22
   25  0.00002181      0.24194315D-22
   26  0.00002207      0.25939544D-22
   27  0.00002233      0.27810661D-22
   28  0.00002259      0.29816745D-22
   29  0.00002285      0.31967534D-22
   30  0.00002312      0.34273463D-22
   31  0.00002339      0.36745724D-22
   32  0.00002366      0.39396314D-22
   33  0.00002394      0.42238096D-22
   34  0.00002422      0.45284861D-22
   35  0.00002450      0.48551394D-22
   36  0.00002479      0.52053547D-22
   37  0.00002508      0.55808315D-22
   38  0.00002537      0.59833919D-22
   39  0.00002566      0.64149895D-22
   40  0.00002596      0.68777187D-22
   41  0.00002627      0.73738249D-22
   42  0.00002657      0.79057157D-22
   43  0.00002688      0.84759722D-22
   44  0.00002720      0.90873616D-22
   45  0.00002752      0.97428507D-22
   46  0.00002784      0.10445621D-21
   47  0.00002816      0.11199081D-21
   48  0.00002849      0.12006889D-21
   49  0.00002882      0.12872964D-21
   50  0.00002916      0.13801509D-21
   51  0.00002950      0.14797029D-21
   52  0.00002985      0.15864356D-21
   53  0.00003019      0.17008668D-21
   54  0.00003055      0.18235519D-21
   55  0.00003090      0.19550861D-21
   56  0.00003126      0.20961077D-21
   57  0.00003163      0.22473011D-21
   58  0.00003200      0.24093998D-21
   59  0.00003237      0.25831905D-21
   60  0.00003275      0.27695164D-21
   61  0.00003313      0.29692816D-21
   62  0.00003352      0.31834555D-21
   63  0.00003391      0.34130773D-21
   64  0.00003431      0.36592612D-21
   65  0.00003471      0.39232018D-21
   66  0.00003511      0.42061797D-21
   67  0.00003552      0.45095680D-21
   68  0.00003594      0.48348388D-21
   69  0.00003636      0.51835703D-21
   70  0.00003678      0.55574548D-21
   71  0.00003721      0.59583062D-21
   72  0.00003765      0.63880695D-21
   73  0.00003809      0.68488301D-21
   74  0.00003853      0.73428234D-21
   75  0.00003898      0.78724465D-21
   76  0.00003944      0.84402689D-21
   77  0.00003990      0.90490458D-21
   78  0.00004036      0.97017309D-21
   79  0.00004083      0.10401491D-20
   80  0.00004131      0.11151721D-20
   81  0.00004179      0.11956061D-20
   82  0.00004228      0.12818414D-20
   83  0.00004277      0.13742964D-20
   84  0.00004327      0.14734196D-20
   85  0.00004378      0.15796919D-20
   86  0.00004429      0.16936290D-20
   87  0.00004481      0.18157836D-20
   88  0.00004533      0.19467484D-20
   89  0.00004586      0.20871588D-20
   90  0.00004640      0.22376960D-20
   91  0.00004694      0.23990903D-20
   92  0.00004748      0.25721248D-20
   93  0.00004804      0.27576389D-20
   94  0.00004860      0.29565327D-20
   95  0.00004917      0.31697710D-20
   96  0.00004974      0.33983883D-20
   97  0.00005032      0.36434939D-20
   98  0.00005091      0.39062767D-20
   99  0.00005151      0.41880116D-20
  100  0.00005211      0.44900654D-20
  101  0.00005272      0.48139034D-20
  102  0.00005333      0.51610966D-20
  103  0.00005395      0.55333293D-20
  104  0.00005458      0.59324073D-20
  105  0.00005522      0.63602665D-20
  106  0.00005587      0.68189824D-20
  107  0.00005652      0.73107805D-20
  108  0.00005718      0.78380462D-20
  109  0.00005785      0.84033375D-20
  110  0.00005852      0.90093964D-20
  111  0.00005920      0.96591628D-20
  112  0.00005990      0.10355789D-19
  113  0.00006060      0.11102653D-19
  114  0.00006130      0.11903379D-19
  115  0.00006202      0.12761851D-19
  116  0.00006274      0.13682233D-19
  117  0.00006348      0.14668989D-19
  118  0.00006422      0.15726905D-19
  119  0.00006497      0.16861113D-19
  120  0.00006573      0.18077115D-19
  121  0.00006649      0.19380809D-19
  122  0.00006727      0.20778517D-19
  123  0.00006805      0.22277021D-19
  124  0.00006885      0.23883587D-19
  125  0.00006965      0.25606008D-19
  126  0.00007047      0.27452638D-19
  127  0.00007129      0.29432434D-19
  128  0.00007212      0.31554998D-19
  129  0.00007296      0.33830625D-19
  130  0.00007382      0.36270352D-19
  131  0.00007468      0.38886011D-19
  132  0.00007555      0.41690287D-19
  133  0.00007643      0.44696783D-19
  134  0.00007733      0.47920078D-19
  135  0.00007823      0.51375805D-19
  136  0.00007914      0.55080723D-19
  137  0.00008007      0.59052801D-19
  138  0.00008100      0.63311301D-19
  139  0.00008195      0.67876875D-19
  140  0.00008290      0.72771664D-19
  141  0.00008387      0.78019406D-19
  142  0.00008485      0.83645548D-19
  143  0.00008584      0.89677375D-19
  144  0.00008684      0.96144136D-19
  145  0.00008786      0.10307719D-18
  146  0.00008888      0.11051016D-18
  147  0.00008992      0.11847908D-18
  148  0.00009097      0.12702261D-18
  149  0.00009203      0.13618216D-18
  150  0.00009311      0.14600215D-18
  151  0.00009420      0.15653020D-18
  152  0.00009530      0.16781735D-18
  153  0.00009641      0.17991834D-18
  154  0.00009754      0.19289184D-18
  155  0.00009867      0.20680075D-18
  156  0.00009983      0.22171251D-18
  157  0.00010099      0.23769942D-18
  158  0.00010217      0.25483900D-18
  159  0.00010336      0.27321434D-18
  160  0.00010457      0.29291453D-18
  161  0.00010579      0.31403508D-18
  162  0.00010703      0.33667840D-18
  163  0.00010828      0.36095425D-18
  164  0.00010954      0.38698033D-18
  165  0.00011082      0.41488281D-18
  166  0.00011212      0.44479696D-18
  167  0.00011342      0.47686780D-18
  168  0.00011475      0.51125079D-18
  169  0.00011609      0.54811263D-18
  170  0.00011744      0.58763199D-18
  171  0.00011882      0.63000045D-18
  172  0.00012020      0.67542338D-18
  173  0.00012161      0.72412098D-18
  174  0.00012303      0.77632928D-18
  175  0.00012446      0.83230136D-18
  176  0.00012592      0.89230851D-18
  177  0.00012739      0.95664160D-18
  178  0.00012888      0.10256124D-17
  179  0.00013038      0.10995553D-17
  180  0.00013190      0.11788286D-17
  181  0.00013344      0.12638166D-17
  182  0.00013500      0.13549311D-17
  183  0.00013658      0.14526138D-17
  184  0.00013817      0.15573380D-17
  185  0.00013979      0.16696112D-17
  186  0.00014142      0.17899777D-17
  187  0.00014307      0.19190206D-17
  188  0.00014474      0.20573654D-17
  189  0.00014643      0.22056825D-17
  190  0.00014814      0.23646905D-17
  191  0.00014987      0.25351600D-17
  192  0.00015162      0.27179171D-17
  193  0.00015339      0.29138473D-17
  194  0.00015518      0.31238999D-17
  195  0.00015699      0.33490928D-17
  196  0.00015883      0.35905171D-17
  197  0.00016068      0.38493425D-17
  198  0.00016256      0.41268231D-17
  199  0.00016446      0.44243031D-17
  200  0.00016638      0.47432240D-17
  201  0.00016832      0.50851307D-17
  202  0.00017029      0.54516796D-17
  203  0.00017227      0.58446466D-17
  204  0.00017429      0.62659353D-17
  205  0.00017632      0.67175865D-17
  206  0.00017838      0.72017881D-17
  207  0.00018046      0.77208857D-17
  208  0.00018257      0.82773936D-17
  209  0.00018470      0.88740076D-17
  210  0.00018686      0.95136174D-17
  211  0.00018904      0.10199321D-16
  212  0.00019125      0.10934440D-16
  213  0.00019348      0.11722534D-16
  214  0.00019574      0.12567420D-16
  215  0.00019803      0.13473190D-16
  216  0.00020034      0.14444231D-16
  217  0.00020268      0.15485246D-16
  218  0.00020505      0.16601275D-16
  219  0.00020744      0.17797723D-16
  220  0.00020986      0.19080383D-16
  221  0.00021231      0.20455467D-16
  222  0.00021479      0.21929633D-16
  223  0.00021730      0.23510019D-16
  224  0.00021984      0.25204277D-16
  225  0.00022241      0.27020610D-16
  226  0.00022500      0.28967811D-16
  227  0.00022763      0.31055308D-16
  228  0.00023029      0.33293208D-16
  229  0.00023298      0.35692343D-16
  230  0.00023570      0.38264328D-16
  231  0.00023845      0.41021614D-16
  232  0.00024123      0.43977547D-16
  233  0.00024405      0.47146436D-16
  234  0.00024690      0.50543618D-16
  235  0.00024978      0.54185538D-16
  236  0.00025270      0.58089821D-16
  237  0.00025565      0.62275365D-16
  238  0.00025864      0.66762424D-16
  239  0.00026166      0.71572715D-16
  240  0.00026471      0.76729516D-16
  241  0.00026780      0.82257782D-16
  242  0.00027093      0.88184263D-16
  243  0.00027409      0.94537636D-16
  244  0.00027730      0.10134864D-15
  245  0.00028053      0.10865024D-15
  246  0.00028381      0.11647775D-15
  247  0.00028712      0.12486905D-15
  248  0.00029048      0.13386473D-15
  249  0.00029387      0.14350831D-15
  250  0.00029730      0.15384644D-15
  251  0.00030077      0.16492912D-15
  252  0.00030428      0.17680998D-15
  253  0.00030784      0.18954646D-15
  254  0.00031143      0.20320019D-15
  255  0.00031507      0.21783718D-15
  256  0.00031875      0.23352824D-15
  257  0.00032247      0.25034924D-15
  258  0.00032624      0.26838152D-15
  259  0.00033005      0.28771230D-15
  260  0.00033390      0.30843503D-15
  261  0.00033780      0.33064991D-15
  262  0.00034174      0.35446436D-15
  263  0.00034573      0.37999352D-15
  264  0.00034977      0.40736080D-15
  265  0.00035386      0.43669850D-15
  266  0.00035799      0.46814845D-15
  267  0.00036217      0.50186268D-15
  268  0.00036640      0.53800413D-15
  269  0.00037068      0.57674751D-15
  270  0.00037500      0.61828005D-15
  271  0.00037938      0.66280248D-15
  272  0.00038381      0.71052996D-15
  273  0.00038829      0.76169313D-15
  274  0.00039283      0.81653922D-15
  275  0.00039742      0.87533323D-15
  276  0.00040206      0.93835923D-15
  277  0.00040675      0.10059217D-14
  278  0.00041150      0.10783471D-14
  279  0.00041631      0.11559853D-14
  280  0.00042117      0.12392112D-14
  281  0.00042609      0.13284270D-14
  282  0.00043106      0.14240634D-14
  283  0.00043610      0.15265825D-14
  284  0.00044119      0.16364793D-14
  285  0.00044634      0.17542845D-14
  286  0.00045155      0.18805670D-14
  287  0.00045682      0.20159365D-14
  288  0.00046216      0.21610466D-14
  289  0.00046756      0.23165980D-14
  290  0.00047302      0.24833415D-14
  291  0.00047854      0.26620821D-14
  292  0.00048413      0.28536826D-14
  293  0.00048978      0.30590677D-14
  294  0.00049550      0.32792287D-14
  295  0.00050129      0.35152282D-14
  296  0.00050714      0.37682049D-14
  297  0.00051306      0.40393797D-14
  298  0.00051905      0.43300609D-14
  299  0.00052511      0.46416509D-14
  300  0.00053125      0.49756531D-14
  301  0.00053745      0.53336786D-14
  302  0.00054373      0.57174544D-14
  303  0.00055008      0.61288316D-14
  304  0.00055650      0.65697943D-14
  305  0.00056300      0.70424689D-14
  306  0.00056957      0.75491349D-14
  307  0.00057622      0.80922354D-14
  308  0.00058295      0.86743887D-14
  309  0.00058976      0.92984017D-14
  310  0.00059665      0.99672824D-14
  311  0.00060361      0.10684255D-13
  312  0.00061066      0.11452775D-13
  313  0.00061779      0.12276547D-13
  314  0.00062501      0.13159540D-13
  315  0.00063230      0.14106010D-13
  316  0.00063969      0.15120516D-13
  317  0.00064716      0.16207947D-13
  318  0.00065471      0.17373541D-13
  319  0.00066236      0.18622912D-13
  320  0.00067009      0.19962079D-13
  321  0.00067792      0.21397491D-13
  322  0.00068584      0.22936060D-13
  323  0.00069384      0.24585196D-13
  324  0.00070195      0.26352838D-13
  325  0.00071014      0.28247496D-13
  326  0.00071844      0.30278291D-13
  327  0.00072683      0.32454999D-13
  328  0.00073531      0.34788095D-13
  329  0.00074390      0.37288807D-13
  330  0.00075259      0.39969169D-13
  331  0.00076137      0.42842077D-13
  332  0.00077027      0.45921353D-13
  333  0.00077926      0.49221809D-13
  334  0.00078836      0.52759321D-13
  335  0.00079757      0.56550902D-13
  336  0.00080688      0.60614785D-13
  337  0.00081630      0.64970511D-13
  338  0.00082583      0.69639022D-13
  339  0.00083548      0.74642762D-13
  340  0.00084523      0.80005781D-13
  341  0.00085510      0.85753855D-13
  342  0.00086509      0.91914609D-13
  343  0.00087519      0.98517646D-13
  344  0.00088541      0.10559469D-12
  345  0.00089575      0.11317974D-12
  346  0.00090621      0.12130922D-12
  347  0.00091679      0.13002219D-12
  348  0.00092750      0.13936048D-12
  349  0.00093833      0.14936894D-12
  350  0.00094929      0.16009560D-12
  351  0.00096037      0.17159197D-12
  352  0.00097159      0.18391323D-12
  353  0.00098293      0.19711850D-12
  354  0.00099441      0.21127115D-12
  355  0.00100602      0.22643908D-12
  356  0.00101777      0.24269505D-12
  357  0.00102965      0.26011704D-12
  358  0.00104168      0.27878860D-12
  359  0.00105384      0.29879925D-12
  360  0.00106615      0.32024495D-12
  361  0.00107860      0.34322849D-12
  362  0.00109119      0.36786004D-12
  363  0.00110393      0.39425763D-12
  364  0.00111682      0.42254777D-12
  365  0.00112987      0.45286597D-12
  366  0.00114306      0.48535748D-12
  367  0.00115641      0.52017790D-12
  368  0.00116991      0.55749397D-12
  369  0.00118357      0.59748438D-12
  370  0.00119739      0.64034054D-12
  371  0.00121138      0.68626759D-12
  372  0.00122552      0.73548532D-12
  373  0.00123983      0.78822921D-12
  374  0.00125431      0.84475160D-12
  375  0.00126896      0.90532283D-12
  376  0.00128378      0.97023258D-12
  377  0.00129877      0.10397912D-11
  378  0.00131393      0.11143313D-11
  379  0.00132928      0.11942090D-11
  380  0.00134480      0.12798062D-11
  381  0.00136050      0.13715318D-11
  382  0.00137639      0.14698240D-11
  383  0.00139246      0.15751523D-11
  384  0.00140872      0.16880196D-11
  385  0.00142517      0.18089648D-11
  386  0.00144181      0.19385654D-11
  387  0.00145865      0.20774397D-11
  388  0.00147568      0.22262505D-11
  389  0.00149292      0.23857076D-11
  390  0.00151035      0.25565717D-11
  391  0.00152799      0.27396576D-11
  392  0.00154583      0.29358381D-11
  393  0.00156388      0.31460483D-11
  394  0.00158214      0.33712902D-11
  395  0.00160062      0.36126369D-11
  396  0.00161931      0.38712381D-11
  397  0.00163822      0.41483254D-11
  398  0.00165735      0.44452181D-11
  399  0.00167670      0.47633297D-11
  400  0.00169628      0.51041741D-11
  401  0.00171609      0.54693732D-11
  402  0.00173613      0.58606642D-11
  403  0.00175640      0.62799082D-11
  404  0.00177691      0.67290987D-11
  405  0.00179766      0.72103709D-11
  406  0.00181865      0.77260123D-11
  407  0.00183989      0.82784727D-11
  408  0.00186137      0.88703765D-11
  409  0.00188311      0.95045347D-11
  410  0.00190510      0.10183958D-10
  411  0.00192735      0.10911872D-10
  412  0.00194985      0.11691730D-10
  413  0.00197262      0.12527232D-10
  414  0.00199566      0.13422340D-10
  415  0.00201896      0.14381300D-10
  416  0.00204254      0.15408656D-10
  417  0.00206639      0.16509277D-10
  418  0.00209052      0.17688377D-10
  419  0.00211493      0.18951540D-10
  420  0.00213963      0.20304749D-10
  421  0.00216461      0.21754407D-10
  422  0.00218989      0.23307374D-10
  423  0.00221546      0.24970998D-10
  424  0.00224133      0.26753146D-10
  425  0.00226750      0.28662243D-10
  426  0.00229398      0.30707313D-10
  427  0.00232077      0.32898017D-10
  428  0.00234787      0.35244704D-10
  429  0.00237529      0.37758454D-10
  430  0.00240302      0.40451133D-10
  431  0.00243109      0.43335446D-10
  432  0.00245947      0.46424999D-10
  433  0.00248819      0.49734362D-10
  434  0.00251725      0.53279134D-10
  435  0.00254664      0.57076021D-10
  436  0.00257638      0.61142907D-10
  437  0.00260647      0.65498945D-10
  438  0.00263690      0.70164640D-10
  439  0.00266770      0.75161948D-10
  440  0.00269885      0.80514375D-10
  441  0.00273036      0.86247090D-10
  442  0.00276225      0.92387039D-10
  443  0.00279450      0.98963074D-10
  444  0.00282713      0.10600608D-09
  445  0.00286015      0.11354913D-09
  446  0.00289355      0.12162761D-09
  447  0.00292734      0.13027944D-09
  448  0.00296152      0.13954518D-09
  449  0.00299610      0.14946828D-09
  450  0.00303109      0.16009521D-09
  451  0.00306648      0.17147577D-09
  452  0.00310229      0.18366323D-09
  453  0.00313852      0.19671463D-09
  454  0.00317517      0.21069102D-09
  455  0.00321224      0.22565775D-09
  456  0.00324976      0.24168477D-09
  457  0.00328770      0.25884696D-09
  458  0.00332610      0.27722445D-09
  459  0.00336494      0.29690302D-09
  460  0.00340423      0.31797448D-09
  461  0.00344398      0.34053709D-09
  462  0.00348420      0.36469602D-09
  463  0.00352488      0.39056380D-09
  464  0.00356604      0.41826089D-09
  465  0.00360769      0.44791620D-09
  466  0.00364981      0.47966769D-09
  467  0.00369243      0.51366298D-09
  468  0.00373555      0.55006006D-09
  469  0.00377917      0.58902799D-09
  470  0.00382330      0.63074768D-09
  471  0.00386795      0.67541270D-09
  472  0.00391312      0.72323019D-09
  473  0.00395881      0.77442178D-09
  474  0.00400504      0.82922464D-09
  475  0.00405181      0.88789249D-09
  476  0.00409912      0.95069681D-09
  477  0.00414699      0.10179281D-08
  478  0.00419542      0.10898970D-08
  479  0.00424441      0.11669361D-08
  480  0.00429397      0.12494011D-08
  481  0.00434411      0.13376724D-08
  482  0.00439484      0.14321571D-08
  483  0.00444616      0.15332906D-08
  484  0.00449808      0.16415388D-08
  485  0.00455060      0.17573999D-08
  486  0.00460374      0.18814069D-08
  487  0.00465750      0.20141298D-08
  488  0.00471189      0.21561785D-08
  489  0.00476691      0.23082051D-08
  490  0.00482258      0.24709071D-08
  491  0.00487889      0.26450306D-08
  492  0.00493586      0.28313734D-08
  493  0.00499350      0.30307889D-08
  494  0.00505181      0.32441894D-08
  495  0.00511080      0.34725510D-08
  496  0.00517049      0.37169169D-08
  497  0.00523086      0.39784032D-08
  498  0.00529195      0.42582029D-08
  499  0.00535374      0.45575918D-08
  500  0.00541626      0.48779342D-08
  501  0.00547951      0.52206883D-08
  502  0.00554349      0.55874137D-08
  503  0.00560823      0.59797774D-08
  504  0.00567371      0.63995618D-08
  505  0.00573997      0.68486722D-08
  506  0.00580700      0.73291456D-08
  507  0.00587481      0.78431593D-08
  508  0.00594341      0.83930408D-08
  509  0.00601281      0.89812780D-08
  510  0.00608302      0.96105301D-08
  511  0.00615406      0.10283639D-07
  512  0.00622592      0.11003643D-07
  513  0.00629862      0.11773789D-07
  514  0.00637217      0.12597546D-07
  515  0.00644658      0.13478622D-07
  516  0.00652186      0.14420979D-07
  517  0.00659802      0.15428852D-07
  518  0.00667507      0.16506765D-07
  519  0.00675302      0.17659553D-07
  520  0.00683187      0.18892381D-07
  521  0.00691165      0.20210767D-07
  522  0.00699236      0.21620609D-07
  523  0.00707401      0.23128205D-07
  524  0.00715662      0.24740285D-07
  525  0.00724019      0.26464037D-07
  526  0.00732473      0.28307140D-07
  527  0.00741027      0.30277796D-07
  528  0.00749680      0.32384766D-07
  529  0.00758434      0.34637407D-07
  530  0.00767291      0.37045714D-07
  531  0.00776251      0.39620358D-07
  532  0.00785315      0.42372737D-07
  533  0.00794485      0.45315024D-07
  534  0.00803763      0.48460214D-07
  535  0.00813149      0.51822185D-07
  536  0.00822644      0.55415754D-07
  537  0.00832250      0.59256742D-07
  538  0.00841969      0.63362038D-07
  539  0.00851801      0.67749674D-07
  540  0.00861748      0.72438897D-07
  541  0.00871810      0.77450253D-07
  542  0.00881991      0.82805675D-07
  543  0.00892290      0.88528571D-07
  544  0.00902710      0.94643925D-07
  545  0.00913251      0.10117840D-06
  546  0.00923915      0.10816045D-06
  547  0.00934704      0.11562044D-06
  548  0.00945619      0.12359078D-06
  549  0.00956661      0.13210603D-06
  550  0.00967833      0.14120308D-06
  551  0.00979134      0.15092128D-06
  552  0.00990568      0.16130262D-06
  553  0.01002135      0.17239189D-06
  554  0.01013837      0.18423686D-06
  555  0.01025676      0.19688848D-06
  556  0.01037653      0.21040110D-06
  557  0.01049770      0.22483270D-06
  558  0.01062029      0.24024508D-06
  559  0.01074431      0.25670417D-06
  560  0.01086977      0.27428025D-06
  561  0.01099670      0.29304827D-06
  562  0.01112511      0.31308814D-06
  563  0.01125503      0.33448504D-06
  564  0.01138645      0.35732979D-06
  565  0.01151942      0.38171919D-06
  566  0.01165393      0.40775642D-06
  567  0.01179002      0.43555146D-06
  568  0.01192770      0.46522151D-06
  569  0.01206698      0.49689147D-06
  570  0.01220789      0.53069445D-06
  571  0.01235044      0.56677224D-06
  572  0.01249467      0.60527596D-06
  573  0.01264057      0.64636657D-06
  574  0.01278818      0.69021556D-06
  575  0.01293751      0.73700560D-06
  576  0.01308858      0.78693124D-06
  577  0.01324142      0.84019971D-06
  578  0.01339605      0.89703168D-06
  579  0.01355248      0.95766217D-06
  580  0.01371074      0.10223414D-05
  581  0.01387084      0.10913358D-05
  582  0.01403281      0.11649289D-05
  583  0.01419668      0.12434229D-05
  584  0.01436246      0.13271389D-05
  585  0.01453017      0.14164192D-05
  586  0.01469985      0.15116279D-05
  587  0.01487150      0.16131523D-05
  588  0.01504516      0.17214047D-05
  589  0.01522085      0.18368239D-05
  590  0.01539859      0.19598765D-05
  591  0.01557840      0.20910589D-05
  592  0.01576032      0.22308994D-05
  593  0.01594436      0.23799596D-05
  594  0.01613054      0.25388368D-05
  595  0.01631890      0.27081664D-05
  596  0.01650947      0.28886237D-05
  597  0.01670225      0.30809271D-05
  598  0.01689729      0.32858398D-05
  599  0.01709461      0.35041737D-05
  600  0.01729422      0.37367913D-05
  601  0.01749617      0.39846093D-05
  602  0.01770048      0.42486021D-05
  603  0.01790718      0.45298049D-05
  604  0.01811629      0.48293176D-05
  605  0.01832784      0.51483087D-05
  606  0.01854186      0.54880192D-05
  607  0.01875838      0.58497675D-05
  608  0.01897742      0.62349536D-05
  609  0.01919903      0.66450642D-05
  610  0.01942322      0.70816776D-05
  611  0.01965003      0.75464697D-05
  612  0.01987949      0.80412193D-05
  613  0.02011163      0.85678145D-05
  614  0.02034648      0.91282590D-05
  615  0.02058407      0.97246792D-05
  616  0.02082444      0.10359331D-04
  617  0.02106762      0.11034608D-04
  618  0.02131363      0.11753049D-04
  619  0.02156252      0.12517346D-04
  620  0.02181431      0.13330356D-04
  621  0.02206904      0.14195105D-04
  622  0.02232675      0.15114806D-04
  623  0.02258746      0.16092860D-04
  624  0.02285123      0.17132874D-04
  625  0.02311807      0.18238673D-04
  626  0.02338802      0.19414306D-04
  627  0.02366113      0.20664065D-04
  628  0.02393743      0.21992498D-04
  629  0.02421696      0.23404421D-04
  630  0.02449975      0.24904933D-04
  631  0.02478584      0.26499435D-04
  632  0.02507527      0.28193646D-04
  633  0.02536808      0.29993618D-04
  634  0.02566431      0.31905760D-04
  635  0.02596401      0.33936850D-04
  636  0.02626720      0.36094064D-04
  637  0.02657393      0.38384991D-04
  638  0.02688424      0.40817660D-04
  639  0.02719817      0.43400563D-04
  640  0.02751578      0.46142677D-04
  641  0.02783709      0.49053498D-04
  642  0.02816215      0.52143059D-04
  643  0.02849101      0.55421968D-04
  644  0.02882371      0.58901434D-04
  645  0.02916029      0.62593297D-04
  646  0.02950081      0.66510069D-04
  647  0.02984530      0.70664963D-04
  648  0.03019381      0.75071931D-04
  649  0.03054639      0.79745706D-04
  650  0.03090309      0.84701838D-04
  651  0.03126396      0.89956742D-04
  652  0.03162904      0.95527737D-04
  653  0.03199838      0.10143310D-03
  654  0.03237204      0.10769209D-03
  655  0.03275005      0.11432506D-03
  656  0.03313249      0.12135342D-03
  657  0.03351939      0.12879978D-03
  658  0.03391080      0.13668796D-03
  659  0.03430679      0.14504304D-03
  660  0.03470740      0.15389147D-03
  661  0.03511269      0.16326110D-03
  662  0.03552271      0.17318126D-03
  663  0.03593753      0.18368284D-03
  664  0.03635718      0.19479834D-03
  665  0.03678173      0.20656197D-03
  666  0.03721125      0.21900973D-03
  667  0.03764577      0.23217949D-03
  668  0.03808538      0.24611107D-03
  669  0.03853011      0.26084636D-03
  670  0.03898004      0.27642937D-03
  671  0.03943522      0.29290637D-03
  672  0.03989572      0.31032596D-03
  673  0.04036160      0.32873921D-03
  674  0.04083291      0.34819975D-03
  675  0.04130973      0.36876387D-03
  676  0.04179212      0.39049069D-03
  677  0.04228014      0.41344220D-03
  678  0.04277386      0.43768349D-03
  679  0.04327334      0.46328278D-03
  680  0.04377866      0.49031163D-03
  681  0.04428988      0.51884505D-03
  682  0.04480706      0.54896163D-03
  683  0.04533029      0.58074372D-03
  684  0.04585963      0.61427758D-03
  685  0.04639515      0.64965351D-03
  686  0.04693692      0.68696604D-03
  687  0.04748501      0.72631409D-03
  688  0.04803951      0.76780114D-03
  689  0.04860049      0.81153540D-03
  690  0.04916801      0.85763003D-03
  691  0.04974216      0.90620326D-03
  692  0.05032302      0.95737863D-03
  693  0.05091065      0.10112852D-02
  694  0.05150515      0.10680577D-02
  695  0.05210660      0.11278366D-02
  696  0.05271506      0.11907689D-02
  697  0.05333063      0.12570074D-02
  698  0.05395339      0.13267117D-02
  699  0.05458342      0.14000482D-02
  700  0.05522081      0.14771901D-02
  701  0.05586564      0.15583178D-02
  702  0.05651801      0.16436194D-02
  703  0.05717799      0.17332902D-02
  704  0.05784567      0.18275336D-02
  705  0.05852115      0.19265613D-02
  706  0.05920452      0.20305931D-02
  707  0.05989588      0.21398574D-02
  708  0.06059530      0.22545915D-02
  709  0.06130289      0.23750417D-02
  710  0.06201874      0.25014635D-02
  711  0.06274296      0.26341222D-02
  712  0.06347563      0.27732925D-02
  713  0.06421685      0.29192594D-02
  714  0.06496673      0.30723177D-02
  715  0.06572537      0.32327729D-02
  716  0.06649287      0.34009412D-02
  717  0.06726933      0.35771493D-02
  718  0.06805485      0.37617353D-02
  719  0.06884955      0.39550482D-02
  720  0.06965353      0.41574486D-02
  721  0.07046690      0.43693085D-02
  722  0.07128976      0.45910119D-02
  723  0.07212224      0.48229544D-02
  724  0.07296443      0.50655438D-02
  725  0.07381646      0.53191998D-02
  726  0.07467844      0.55843545D-02
  727  0.07555049      0.58614523D-02
  728  0.07643271      0.61509499D-02
  729  0.07732524      0.64533162D-02
  730  0.07822819      0.67690329D-02
  731  0.07914169      0.70985937D-02
  732  0.08006585      0.74425048D-02
  733  0.08100081      0.78012848D-02
  734  0.08194668      0.81754642D-02
  735  0.08290360      0.85655858D-02
  736  0.08387169      0.89722042D-02
  737  0.08485109      0.93958855D-02
  738  0.08584192      0.98372075D-02
  739  0.08684433      0.10296759D-01
  740  0.08785844      0.10775139D-01
  741  0.08888439      0.11272959D-01
  742  0.08992232      0.11790838D-01
  743  0.09097237      0.12329405D-01
  744  0.09203469      0.12889301D-01
  745  0.09310941      0.13471170D-01
  746  0.09419668      0.14075670D-01
  747  0.09529664      0.14703461D-01
  748  0.09640945      0.15355212D-01
  749  0.09753526      0.16031597D-01
  750  0.09867421      0.16733295D-01
  751  0.09982646      0.17460989D-01
  752  0.10099217      0.18215364D-01
  753  0.10217148      0.18997106D-01
  754  0.10336457      0.19806904D-01
  755  0.10457160      0.20645445D-01
  756  0.10579271      0.21513412D-01
  757  0.10702809      0.22411489D-01
  758  0.10827789      0.23340351D-01
  759  0.10954229      0.24300669D-01
  760  0.11082145      0.25293107D-01
  761  0.11211555      0.26318317D-01
  762  0.11342476      0.27376941D-01
  763  0.11474925      0.28469607D-01
  764  0.11608922      0.29596931D-01
  765  0.11744483      0.30759508D-01
  766  0.11881627      0.31957916D-01
  767  0.12020373      0.33192713D-01
  768  0.12160739      0.34464430D-01
  769  0.12302744      0.35773576D-01
  770  0.12446407      0.37120631D-01
  771  0.12591748      0.38506044D-01
  772  0.12738786      0.39930231D-01
  773  0.12887540      0.41393575D-01
  774  0.13038032      0.42896418D-01
  775  0.13190282      0.44439063D-01
  776  0.13344309      0.46021771D-01
  777  0.13500135      0.47644756D-01
  778  0.13657780      0.49308182D-01
  779  0.13817267      0.51012165D-01
  780  0.13978616      0.52756765D-01
  781  0.14141848      0.54541986D-01
  782  0.14306987      0.56367771D-01
  783  0.14474055      0.58234001D-01
  784  0.14643073      0.60140495D-01
  785  0.14814065      0.62086999D-01
  786  0.14987054      0.64073194D-01
  787  0.15162062      0.66098684D-01
  788  0.15339115      0.68162998D-01
  789  0.15518235      0.70265588D-01
  790  0.15699446      0.72405825D-01
  791  0.15882774      0.74582996D-01
  792  0.16068242      0.76796305D-01
  793  0.16255876      0.79044865D-01
  794  0.16445701      0.81327704D-01
  795  0.16637743      0.83643757D-01
  796  0.16832028      0.85991864D-01
  797  0.17028581      0.88370774D-01
  798  0.17227429      0.90779138D-01
  799  0.17428599      0.93215511D-01
  800  0.17632119      0.95678351D-01
  801  0.17838015      0.98166015D-01
  802  0.18046315      0.10067676D+00
  803  0.18257048      0.10320876D+00
  804  0.18470241      0.10576006D+00
  805  0.18685924      0.10832862D+00
  806  0.18904126      0.11091231D+00
  807  0.19124876      0.11350890D+00
  808  0.19348203      0.11611606D+00
  809  0.19574138      0.11873135D+00
  810  0.19802712      0.12135225D+00
  811  0.20033955      0.12397617D+00
  812  0.20267898      0.12660039D+00
  813  0.20504573      0.12922213D+00
  814  0.20744011      0.13183852D+00
  815  0.20986246      0.13444661D+00
  816  0.21231309      0.13704338D+00
  817  0.21479234      0.13962572D+00
  818  0.21730054      0.14219049D+00
  819  0.21983803      0.14473444D+00
  820  0.22240515      0.14725430D+00
  821  0.22500225      0.14974674D+00
  822  0.22762967      0.15220837D+00
  823  0.23028778      0.15463577D+00
  824  0.23297693      0.15702550D+00
  825  0.23569747      0.15937407D+00
  826  0.23844979      0.16167800D+00
  827  0.24123425      0.16393377D+00
  828  0.24405122      0.16613787D+00
  829  0.24690108      0.16828681D+00
  830  0.24978423      0.17037709D+00
  831  0.25270104      0.17240524D+00
  832  0.25565191      0.17436782D+00
  833  0.25863724      0.17626144D+00
  834  0.26165744      0.17808275D+00
  835  0.26471290      0.17982845D+00
  836  0.26780403      0.18149532D+00
  837  0.27093127      0.18308021D+00
  838  0.27409502      0.18458005D+00
  839  0.27729572      0.18599188D+00
  840  0.28053379      0.18731282D+00
  841  0.28380968      0.18854013D+00
  842  0.28712382      0.18967117D+00
  843  0.29047665      0.19070343D+00
  844  0.29386865      0.19163455D+00
  845  0.29730025      0.19246231D+00
  846  0.30077192      0.19318464D+00
  847  0.30428413      0.19379964D+00
  848  0.30783736      0.19430557D+00
  849  0.31143207      0.19470087D+00
  850  0.31506877      0.19498416D+00
  851  0.31874793      0.19515424D+00
  852  0.32247005      0.19521012D+00
  853  0.32623564      0.19515098D+00
  854  0.33004520      0.19497621D+00
  855  0.33389925      0.19468543D+00
  856  0.33779830      0.19427843D+00
  857  0.34174288      0.19375523D+00
  858  0.34573352      0.19311606D+00
  859  0.34977077      0.19236135D+00
  860  0.35385515      0.19149176D+00
  861  0.35798724      0.19050815D+00
  862  0.36216757      0.18941159D+00
  863  0.36639672      0.18820336D+00
  864  0.37067525      0.18688497D+00
  865  0.37500375      0.18545810D+00
  866  0.37938279      0.18392466D+00
  867  0.38381297      0.18228674D+00
  868  0.38829488      0.18054662D+00
  869  0.39282912      0.17870680D+00
  870  0.39741632      0.17676991D+00
  871  0.40205708      0.17473880D+00
  872  0.40675203      0.17261646D+00
  873  0.41150181      0.17040606D+00
  874  0.41630705      0.16811091D+00
  875  0.42116840      0.16573447D+00
  876  0.42608652      0.16328033D+00
  877  0.43106207      0.16075223D+00
  878  0.43609573      0.15815398D+00
  879  0.44118816      0.15548955D+00
  880  0.44634006      0.15276298D+00
  881  0.45155212      0.14997839D+00
  882  0.45682504      0.14713999D+00
  883  0.46215953      0.14425207D+00
  884  0.46755632      0.14131893D+00
  885  0.47301613      0.13834497D+00
  886  0.47853969      0.13533457D+00
  887  0.48412776      0.13229217D+00
  888  0.48978108      0.12922219D+00
  889  0.49550041      0.12612909D+00
  890  0.50128653      0.12301726D+00
  891  0.50714022      0.11989113D+00
  892  0.51306226      0.11675504D+00
  893  0.51905346      0.11361332D+00
  894  0.52511461      0.11047024D+00
  895  0.53124655      0.10732999D+00
  896  0.53745009      0.10419670D+00
  897  0.54372607      0.10107441D+00
  898  0.55007533      0.97967056D-01
  899  0.55649874      0.94878483D-01
  900  0.56299716      0.91812419D-01
  901  0.56957146      0.88772472D-01
  902  0.57622254      0.85762119D-01
  903  0.58295128      0.82784706D-01
  904  0.58975859      0.79843433D-01
  905  0.59664539      0.76941356D-01
  906  0.60361262      0.74081373D-01
  907  0.61066120      0.71266226D-01
  908  0.61779209      0.68498492D-01
  909  0.62500625      0.65780582D-01
  910  0.63230465      0.63114736D-01
  911  0.63968828      0.60503021D-01
  912  0.64715813      0.57947331D-01
  913  0.65471521      0.55449384D-01
  914  0.66236053      0.53010719D-01
  915  0.67009513      0.50632702D-01
  916  0.67792005      0.48316523D-01
  917  0.68583634      0.46063197D-01
  918  0.69384508      0.43873569D-01
  919  0.70194733      0.41748312D-01
  920  0.71014420      0.39687936D-01
  921  0.71843679      0.37692788D-01
  922  0.72682621      0.35763056D-01
  923  0.73531360      0.33898776D-01
  924  0.74390010      0.32099836D-01
  925  0.75258686      0.30365983D-01
  926  0.76137506      0.28696827D-01
  927  0.77026589      0.27091849D-01
  928  0.77926054      0.25550406D-01
  929  0.78836022      0.24071739D-01
  930  0.79756616      0.22654982D-01
  931  0.80687960      0.21299164D-01
  932  0.81630179      0.20003223D-01
  933  0.82583402      0.18766008D-01
  934  0.83547755      0.17586288D-01
  935  0.84523370      0.16462761D-01
  936  0.85510377      0.15394059D-01
  937  0.86508909      0.14378757D-01
  938  0.87519102      0.13415381D-01
  939  0.88541091      0.12502412D-01
  940  0.89575015      0.11638295D-01
  941  0.90621011      0.10821445D-01
  942  0.91679222      0.10050257D-01
  943  0.92749791      0.93231039D-02
  944  0.93832860      0.86383527D-02
  945  0.94928577      0.79943632D-02
  946  0.96037089      0.73894961D-02
  947  0.97158546      0.68221184D-02
  948  0.98293098      0.62906076D-02
  949  0.99440899      0.57933569D-02
  950  1.00602103      0.53287792D-02
  951  1.01776866      0.48953114D-02
  952  1.02965348      0.44914178D-02
  953  1.04167708      0.41155936D-02
  954  1.05384108      0.37663683D-02
  955  1.06614713      0.34423079D-02
  956  1.07859688      0.31420174D-02
  957  1.09119201      0.28641433D-02
  958  1.10393421      0.26073751D-02
  959  1.11682522      0.23704468D-02
  960  1.12986675      0.21521380D-02
  961  1.14306057      0.19512753D-02
  962  1.15640846      0.17667324D-02
  963  1.16991222      0.15974310D-02
  964  1.18357367      0.14423405D-02
  965  1.19739465      0.13004782D-02
  966  1.21137702      0.11709094D-02
  967  1.22552266      0.10527460D-02
  968  1.23983349      0.94514684D-03
  969  1.25431143      0.84731637D-03
  970  1.26895844      0.75850379D-03
  971  1.28377648      0.67800202D-03
  972  1.29876756      0.60514650D-03
  973  1.31393369      0.53931386D-03
  974  1.32927693      0.47992058D-03
  975  1.34479933      0.42642153D-03
  976  1.36050299      0.37830845D-03
  977  1.37639003      0.33510843D-03
  978  1.39246258      0.29638231D-03
  979  1.40872283      0.26172309D-03
  980  1.42517294      0.23075434D-03
  981  1.44181515      0.20312857D-03
  982  1.45865170      0.17852570D-03
  983  1.47568485      0.15665141D-03
  984  1.49291691      0.13723566D-03
  985  1.51035019      0.12003119D-03
  986  1.52798704      0.10481200D-03
  987  1.54582985      0.91371971D-04
  988  1.56388101      0.79523503D-04
  989  1.58214296      0.69096163D-04
  990  1.60061816      0.59935448D-04
  991  1.61930910      0.51901564D-04
  992  1.63821830      0.44868295D-04
  993  1.65734831      0.38721904D-04
  994  1.67670171      0.33360112D-04
  995  1.69628110      0.28691129D-04
  996  1.71608913      0.24632748D-04
  997  1.73612847      0.21111495D-04
  998  1.75640181      0.18061836D-04
  999  1.77691189      0.15425437D-04
 1000  1.79766147      0.13150483D-04
 1001  1.81865335      0.11191045D-04
 1002  1.83989036      0.95064935D-05
 1003  1.86137536      0.80609634D-05
 1004  1.88311125      0.68228612D-05
 1005  1.90510095      0.57644146D-05
 1006  1.92734744      0.48612617D-05
 1007  1.94985371      0.40920774D-05
 1008  1.97262279      0.34382344D-05
 1009  1.99565775      0.28834963D-05
 1010  2.01896170      0.24137413D-05
 1011  2.04253777      0.20167126D-05
 1012  2.06638915      0.16817954D-05
 1013  2.09051906      0.13998164D-05
 1014  2.11493073      0.11628653D-05
 1015  2.13962747      0.96413562D-06
 1016  2.16461260      0.79778329D-06
 1017  2.18988949      0.65880161D-06
 1018  2.21546154      0.54291401D-06
 1019  2.24133221      0.44645540D-06
 1020  2.26750498      0.36634431D-06
 1021  2.29398338      0.29994545D-06
 1022  2.32077097      0.24493600D-06
 1023  2.34787138      0.19957499D-06
