 ir        r              f(r)*r^2
    1  0.00001651      0.22065834D-13
    2  0.00001670      0.23114521D-13
    3  0.00001690      0.24213045D-13
    4  0.00001709      0.25363774D-13
    5  0.00001729      0.26569189D-13
    6  0.00001750      0.27831889D-13
    7  0.00001770      0.29154596D-13
    8  0.00001791      0.30540161D-13
    9  0.00001812      0.31991572D-13
   10  0.00001833      0.33511957D-13
   11  0.00001854      0.35104594D-13
   12  0.00001876      0.36772916D-13
   13  0.00001898      0.38520520D-13
   14  0.00001920      0.40351174D-13
   15  0.00001942      0.42268823D-13
   16  0.00001965      0.44277601D-13
   17  0.00001988      0.46381839D-13
   18  0.00002011      0.48586073D-13
   19  0.00002035      0.50895054D-13
   20  0.00002058      0.53313761D-13
   21  0.00002082      0.55847405D-13
   22  0.00002107      0.58501450D-13
   23  0.00002131      0.61281617D-13
   24  0.00002156      0.64193897D-13
   25  0.00002181      0.67244570D-13
   26  0.00002207      0.70440210D-13
   27  0.00002233      0.73787706D-13
   28  0.00002259      0.77294274D-13
   29  0.00002285      0.80967472D-13
   30  0.00002312      0.84815217D-13
   31  0.00002339      0.88845804D-13
   32  0.00002366      0.93067920D-13
   33  0.00002394      0.97490666D-13
   34  0.00002422      0.10212357D-12
   35  0.00002450      0.10697663D-12
   36  0.00002479      0.11206030D-12
   37  0.00002508      0.11738553D-12
   38  0.00002537      0.12296380D-12
   39  0.00002566      0.12880714D-12
   40  0.00002596      0.13492815D-12
   41  0.00002627      0.14134000D-12
   42  0.00002657      0.14805653D-12
   43  0.00002688      0.15509221D-12
   44  0.00002720      0.16246219D-12
   45  0.00002752      0.17018238D-12
   46  0.00002784      0.17826940D-12
   47  0.00002816      0.18674068D-12
   48  0.00002849      0.19561448D-12
   49  0.00002882      0.20490993D-12
   50  0.00002916      0.21464705D-12
   51  0.00002950      0.22484684D-12
   52  0.00002985      0.23553127D-12
   53  0.00003019      0.24672337D-12
   54  0.00003055      0.25844725D-12
   55  0.00003090      0.27072819D-12
   56  0.00003126      0.28359265D-12
   57  0.00003163      0.29706835D-12
   58  0.00003200      0.31118432D-12
   59  0.00003237      0.32597100D-12
   60  0.00003275      0.34146024D-12
   61  0.00003313      0.35768541D-12
   62  0.00003352      0.37468149D-12
   63  0.00003391      0.39248510D-12
   64  0.00003431      0.41113459D-12
   65  0.00003471      0.43067016D-12
   66  0.00003511      0.45113389D-12
   67  0.00003552      0.47256989D-12
   68  0.00003594      0.49502433D-12
   69  0.00003636      0.51854561D-12
   70  0.00003678      0.54318439D-12
   71  0.00003721      0.56899378D-12
   72  0.00003765      0.59602937D-12
   73  0.00003809      0.62434942D-12
   74  0.00003853      0.65401494D-12
   75  0.00003898      0.68508984D-12
   76  0.00003944      0.71764108D-12
   77  0.00003990      0.75173879D-12
   78  0.00004036      0.78745643D-12
   79  0.00004083      0.82487094D-12
   80  0.00004131      0.86406294D-12
   81  0.00004179      0.90511684D-12
   82  0.00004228      0.94812110D-12
   83  0.00004277      0.99316836D-12
   84  0.00004327      0.10403557D-11
   85  0.00004378      0.10897846D-11
   86  0.00004429      0.11415618D-11
   87  0.00004481      0.11957987D-11
   88  0.00004533      0.12526121D-11
   89  0.00004586      0.13121244D-11
   90  0.00004640      0.13744638D-11
   91  0.00004694      0.14397646D-11
   92  0.00004748      0.15081674D-11
   93  0.00004804      0.15798197D-11
   94  0.00004860      0.16548756D-11
   95  0.00004917      0.17334969D-11
   96  0.00004974      0.18158529D-11
   97  0.00005032      0.19021210D-11
   98  0.00005091      0.19924870D-11
   99  0.00005151      0.20871454D-11
  100  0.00005211      0.21863003D-11
  101  0.00005272      0.22901650D-11
  102  0.00005333      0.23989634D-11
  103  0.00005395      0.25129297D-11
  104  0.00005458      0.26323092D-11
  105  0.00005522      0.27573592D-11
  106  0.00005587      0.28883489D-11
  107  0.00005652      0.30255604D-11
  108  0.00005718      0.31692891D-11
  109  0.00005785      0.33198445D-11
  110  0.00005852      0.34775509D-11
  111  0.00005920      0.36427478D-11
  112  0.00005990      0.38157908D-11
  113  0.00006060      0.39970527D-11
  114  0.00006130      0.41869236D-11
  115  0.00006202      0.43858123D-11
  116  0.00006274      0.45941472D-11
  117  0.00006348      0.48123766D-11
  118  0.00006422      0.50409705D-11
  119  0.00006497      0.52804210D-11
  120  0.00006573      0.55312435D-11
  121  0.00006649      0.57939781D-11
  122  0.00006727      0.60691903D-11
  123  0.00006805      0.63574726D-11
  124  0.00006885      0.66594455D-11
  125  0.00006965      0.69757591D-11
  126  0.00007047      0.73070942D-11
  127  0.00007129      0.76541641D-11
  128  0.00007212      0.80177157D-11
  129  0.00007296      0.83985316D-11
  130  0.00007382      0.87974314D-11
  131  0.00007468      0.92152736D-11
  132  0.00007555      0.96529576D-11
  133  0.00007643      0.10111425D-10
  134  0.00007733      0.10591663D-10
  135  0.00007823      0.11094705D-10
  136  0.00007914      0.11621633D-10
  137  0.00008007      0.12173582D-10
  138  0.00008100      0.12751739D-10
  139  0.00008195      0.13357347D-10
  140  0.00008290      0.13991711D-10
  141  0.00008387      0.14656195D-10
  142  0.00008485      0.15352229D-10
  143  0.00008584      0.16081311D-10
  144  0.00008684      0.16845008D-10
  145  0.00008786      0.17644965D-10
  146  0.00008888      0.18482902D-10
  147  0.00008992      0.19360622D-10
  148  0.00009097      0.20280012D-10
  149  0.00009203      0.21243052D-10
  150  0.00009311      0.22251812D-10
  151  0.00009420      0.23308462D-10
  152  0.00009530      0.24415275D-10
  153  0.00009641      0.25574632D-10
  154  0.00009754      0.26789026D-10
  155  0.00009867      0.28061070D-10
  156  0.00009983      0.29393498D-10
  157  0.00010099      0.30789177D-10
  158  0.00010217      0.32251108D-10
  159  0.00010336      0.33782435D-10
  160  0.00010457      0.35386451D-10
  161  0.00010579      0.37066604D-10
  162  0.00010703      0.38826508D-10
  163  0.00010828      0.40669947D-10
  164  0.00010954      0.42600885D-10
  165  0.00011082      0.44623472D-10
  166  0.00011212      0.46742057D-10
  167  0.00011342      0.48961196D-10
  168  0.00011475      0.51285657D-10
  169  0.00011609      0.53720439D-10
  170  0.00011744      0.56270776D-10
  171  0.00011882      0.58942148D-10
  172  0.00012020      0.61740298D-10
  173  0.00012161      0.64671240D-10
  174  0.00012303      0.67741274D-10
  175  0.00012446      0.70956997D-10
  176  0.00012592      0.74325320D-10
  177  0.00012739      0.77853482D-10
  178  0.00012888      0.81549063D-10
  179  0.00013038      0.85420006D-10
  180  0.00013190      0.89474628D-10
  181  0.00013344      0.93721640D-10
  182  0.00013500      0.98170166D-10
  183  0.00013658      0.10282977D-09
  184  0.00013817      0.10771045D-09
  185  0.00013979      0.11282269D-09
  186  0.00014142      0.11817749D-09
  187  0.00014307      0.12378634D-09
  188  0.00014474      0.12966128D-09
  189  0.00014643      0.13581494D-09
  190  0.00014814      0.14226054D-09
  191  0.00014987      0.14901190D-09
  192  0.00015162      0.15608354D-09
  193  0.00015339      0.16349064D-09
  194  0.00015518      0.17124910D-09
  195  0.00015699      0.17937558D-09
  196  0.00015883      0.18788753D-09
  197  0.00016068      0.19680322D-09
  198  0.00016256      0.20614179D-09
  199  0.00016446      0.21592329D-09
  200  0.00016638      0.22616872D-09
  201  0.00016832      0.23690006D-09
  202  0.00017029      0.24814035D-09
  203  0.00017227      0.25991372D-09
  204  0.00017429      0.27224542D-09
  205  0.00017632      0.28516192D-09
  206  0.00017838      0.29869094D-09
  207  0.00018046      0.31286151D-09
  208  0.00018257      0.32770402D-09
  209  0.00018470      0.34325033D-09
  210  0.00018686      0.35953378D-09
  211  0.00018904      0.37658930D-09
  212  0.00019125      0.39445348D-09
  213  0.00019348      0.41316462D-09
  214  0.00019574      0.43276287D-09
  215  0.00019803      0.45329025D-09
  216  0.00020034      0.47479078D-09
  217  0.00020268      0.49731056D-09
  218  0.00020505      0.52089788D-09
  219  0.00020744      0.54560331D-09
  220  0.00020986      0.57147980D-09
  221  0.00021231      0.59858284D-09
  222  0.00021479      0.62697052D-09
  223  0.00021730      0.65670368D-09
  224  0.00021984      0.68784605D-09
  225  0.00022241      0.72046436D-09
  226  0.00022500      0.75462851D-09
  227  0.00022763      0.79041171D-09
  228  0.00023029      0.82789062D-09
  229  0.00023298      0.86714553D-09
  230  0.00023570      0.90826054D-09
  231  0.00023845      0.95132372D-09
  232  0.00024123      0.99642730D-09
  233  0.00024405      0.10436679D-08
  234  0.00024690      0.10931466D-08
  235  0.00024978      0.11449695D-08
  236  0.00025270      0.11992474D-08
  237  0.00025565      0.12560966D-08
  238  0.00025864      0.13156388D-08
  239  0.00026166      0.13780014D-08
  240  0.00026471      0.14433180D-08
  241  0.00026780      0.15117282D-08
  242  0.00027093      0.15833786D-08
  243  0.00027409      0.16584224D-08
  244  0.00027730      0.17370201D-08
  245  0.00028053      0.18193400D-08
  246  0.00028381      0.19055582D-08
  247  0.00028712      0.19958590D-08
  248  0.00029048      0.20904355D-08
  249  0.00029387      0.21894901D-08
  250  0.00029730      0.22932346D-08
  251  0.00030077      0.24018908D-08
  252  0.00030428      0.25156909D-08
  253  0.00030784      0.26348783D-08
  254  0.00031143      0.27597077D-08
  255  0.00031507      0.28904459D-08
  256  0.00031875      0.30273722D-08
  257  0.00032247      0.31707794D-08
  258  0.00032624      0.33209736D-08
  259  0.00033005      0.34782760D-08
  260  0.00033390      0.36430223D-08
  261  0.00033780      0.38155646D-08
  262  0.00034174      0.39962712D-08
  263  0.00034573      0.41855280D-08
  264  0.00034977      0.43837392D-08
  265  0.00035386      0.45913279D-08
  266  0.00035799      0.48087371D-08
  267  0.00036217      0.50364310D-08
  268  0.00036640      0.52748953D-08
  269  0.00037068      0.55246390D-08
  270  0.00037500      0.57861948D-08
  271  0.00037938      0.60601208D-08
  272  0.00038381      0.63470011D-08
  273  0.00038829      0.66474476D-08
  274  0.00039283      0.69621011D-08
  275  0.00039742      0.72916322D-08
  276  0.00040206      0.76367437D-08
  277  0.00040675      0.79981710D-08
  278  0.00041150      0.83766844D-08
  279  0.00041631      0.87730906D-08
  280  0.00042117      0.91882341D-08
  281  0.00042609      0.96229993D-08
  282  0.00043106      0.10078312D-07
  283  0.00043610      0.10555143D-07
  284  0.00044119      0.11054506D-07
  285  0.00044634      0.11577465D-07
  286  0.00045155      0.12125133D-07
  287  0.00045682      0.12698677D-07
  288  0.00046216      0.13299315D-07
  289  0.00046756      0.13928327D-07
  290  0.00047302      0.14587051D-07
  291  0.00047854      0.15276887D-07
  292  0.00048413      0.15999303D-07
  293  0.00048978      0.16755834D-07
  294  0.00049550      0.17548090D-07
  295  0.00050129      0.18377755D-07
  296  0.00050714      0.19246591D-07
  297  0.00051306      0.20156444D-07
  298  0.00051905      0.21109248D-07
  299  0.00052511      0.22107027D-07
  300  0.00053125      0.23151900D-07
  301  0.00053745      0.24246084D-07
  302  0.00054373      0.25391904D-07
  303  0.00055008      0.26591792D-07
  304  0.00055650      0.27848293D-07
  305  0.00056300      0.29164074D-07
  306  0.00056957      0.30541926D-07
  307  0.00057622      0.31984771D-07
  308  0.00058295      0.33495669D-07
  309  0.00058976      0.35077824D-07
  310  0.00059665      0.36734588D-07
  311  0.00060361      0.38469474D-07
  312  0.00061066      0.40286156D-07
  313  0.00061779      0.42188484D-07
  314  0.00062501      0.44180487D-07
  315  0.00063230      0.46266381D-07
  316  0.00063969      0.48450584D-07
  317  0.00064716      0.50737718D-07
  318  0.00065471      0.53132623D-07
  319  0.00066236      0.55640366D-07
  320  0.00067009      0.58266250D-07
  321  0.00067792      0.61015829D-07
  322  0.00068584      0.63894916D-07
  323  0.00069384      0.66909595D-07
  324  0.00070195      0.70066238D-07
  325  0.00071014      0.73371513D-07
  326  0.00071844      0.76832401D-07
  327  0.00072683      0.80456210D-07
  328  0.00073531      0.84250591D-07
  329  0.00074390      0.88223551D-07
  330  0.00075259      0.92383474D-07
  331  0.00076137      0.96739134D-07
  332  0.00077027      0.10129972D-06
  333  0.00077926      0.10607484D-06
  334  0.00078836      0.11107456D-06
  335  0.00079757      0.11630943D-06
  336  0.00080688      0.12179046D-06
  337  0.00081630      0.12752920D-06
  338  0.00082583      0.13353773D-06
  339  0.00083548      0.13982870D-06
  340  0.00084523      0.14641535D-06
  341  0.00085510      0.15331153D-06
  342  0.00086509      0.16053174D-06
  343  0.00087519      0.16809117D-06
  344  0.00088541      0.17600570D-06
  345  0.00089575      0.18429197D-06
  346  0.00090621      0.19296737D-06
  347  0.00091679      0.20205013D-06
  348  0.00092750      0.21155930D-06
  349  0.00093833      0.22151485D-06
  350  0.00094929      0.23193766D-06
  351  0.00096037      0.24284958D-06
  352  0.00097159      0.25427350D-06
  353  0.00098293      0.26623335D-06
  354  0.00099441      0.27875418D-06
  355  0.00100602      0.29186223D-06
  356  0.00101777      0.30558493D-06
  357  0.00102965      0.31995100D-06
  358  0.00104168      0.33499049D-06
  359  0.00105384      0.35073487D-06
  360  0.00106615      0.36721703D-06
  361  0.00107860      0.38447143D-06
  362  0.00109119      0.40253411D-06
  363  0.00110393      0.42144279D-06
  364  0.00111682      0.44123693D-06
  365  0.00112987      0.46195785D-06
  366  0.00114306      0.48364875D-06
  367  0.00115641      0.50635487D-06
  368  0.00116991      0.53012352D-06
  369  0.00118357      0.55500422D-06
  370  0.00119739      0.58104879D-06
  371  0.00121138      0.60831143D-06
  372  0.00122552      0.63684887D-06
  373  0.00123983      0.66672047D-06
  374  0.00125431      0.69798831D-06
  375  0.00126896      0.73071738D-06
  376  0.00128378      0.76497566D-06
  377  0.00129877      0.80083427D-06
  378  0.00131393      0.83836762D-06
  379  0.00132928      0.87765357D-06
  380  0.00134480      0.91877357D-06
  381  0.00136050      0.96181283D-06
  382  0.00137639      0.10068605D-05
  383  0.00139246      0.10540099D-05
  384  0.00140872      0.11033584D-05
  385  0.00142517      0.11550084D-05
  386  0.00144181      0.12090663D-05
  387  0.00145865      0.12656441D-05
  388  0.00147568      0.13248586D-05
  389  0.00149292      0.13868318D-05
  390  0.00151035      0.14516918D-05
  391  0.00152799      0.15195723D-05
  392  0.00154583      0.15906131D-05
  393  0.00156388      0.16649605D-05
  394  0.00158214      0.17427677D-05
  395  0.00160062      0.18241948D-05
  396  0.00161931      0.19094091D-05
  397  0.00163822      0.19985857D-05
  398  0.00165735      0.20919080D-05
  399  0.00167670      0.21895674D-05
  400  0.00169628      0.22917643D-05
  401  0.00171609      0.23987082D-05
  402  0.00173613      0.25106183D-05
  403  0.00175640      0.26277238D-05
  404  0.00177691      0.27502644D-05
  405  0.00179766      0.28784906D-05
  406  0.00181865      0.30126646D-05
  407  0.00183989      0.31530605D-05
  408  0.00186137      0.32999649D-05
  409  0.00188311      0.34536775D-05
  410  0.00190510      0.36145116D-05
  411  0.00192735      0.37827951D-05
  412  0.00194985      0.39588704D-05
  413  0.00197262      0.41430959D-05
  414  0.00199566      0.43358461D-05
  415  0.00201896      0.45375126D-05
  416  0.00204254      0.47485049D-05
  417  0.00206639      0.49692511D-05
  418  0.00209052      0.52001987D-05
  419  0.00211493      0.54418155D-05
  420  0.00213963      0.56945908D-05
  421  0.00216461      0.59590358D-05
  422  0.00218989      0.62356851D-05
  423  0.00221546      0.65250974D-05
  424  0.00224133      0.68278568D-05
  425  0.00226750      0.71445738D-05
  426  0.00229398      0.74758866D-05
  427  0.00232077      0.78224623D-05
  428  0.00234787      0.81849979D-05
  429  0.00237529      0.85642222D-05
  430  0.00240302      0.89608968D-05
  431  0.00243109      0.93758176D-05
  432  0.00245947      0.98098165D-05
  433  0.00248819      0.10263763D-04
  434  0.00251725      0.10738565D-04
  435  0.00254664      0.11235172D-04
  436  0.00257638      0.11754577D-04
  437  0.00260647      0.12297815D-04
  438  0.00263690      0.12865971D-04
  439  0.00266770      0.13460176D-04
  440  0.00269885      0.14081612D-04
  441  0.00273036      0.14731516D-04
  442  0.00276225      0.15411177D-04
  443  0.00279450      0.16121945D-04
  444  0.00282713      0.16865230D-04
  445  0.00286015      0.17642502D-04
  446  0.00289355      0.18455299D-04
  447  0.00292734      0.19305229D-04
  448  0.00296152      0.20193968D-04
  449  0.00299610      0.21123270D-04
  450  0.00303109      0.22094965D-04
  451  0.00306648      0.23110966D-04
  452  0.00310229      0.24173269D-04
  453  0.00313852      0.25283961D-04
  454  0.00317517      0.26445219D-04
  455  0.00321224      0.27659320D-04
  456  0.00324976      0.28928637D-04
  457  0.00328770      0.30255653D-04
  458  0.00332610      0.31642957D-04
  459  0.00336494      0.33093255D-04
  460  0.00340423      0.34609371D-04
  461  0.00344398      0.36194253D-04
  462  0.00348420      0.37850981D-04
  463  0.00352488      0.39582769D-04
  464  0.00356604      0.41392972D-04
  465  0.00360769      0.43285093D-04
  466  0.00364981      0.45262789D-04
  467  0.00369243      0.47329876D-04
  468  0.00373555      0.49490339D-04
  469  0.00377917      0.51748337D-04
  470  0.00382330      0.54108208D-04
  471  0.00386795      0.56574483D-04
  472  0.00391312      0.59151889D-04
  473  0.00395881      0.61845360D-04
  474  0.00400504      0.64660041D-04
  475  0.00405181      0.67601306D-04
  476  0.00409912      0.70674758D-04
  477  0.00414699      0.73886245D-04
  478  0.00419542      0.77241869D-04
  479  0.00424441      0.80747994D-04
  480  0.00429397      0.84411260D-04
  481  0.00434411      0.88238594D-04
  482  0.00439484      0.92237221D-04
  483  0.00444616      0.96414678D-04
  484  0.00449808      0.10077882D-03
  485  0.00455060      0.10533786D-03
  486  0.00460374      0.11010033D-03
  487  0.00465750      0.11507515D-03
  488  0.00471189      0.12027162D-03
  489  0.00476691      0.12569944D-03
  490  0.00482258      0.13136871D-03
  491  0.00487889      0.13728997D-03
  492  0.00493586      0.14347421D-03
  493  0.00499350      0.14993288D-03
  494  0.00505181      0.15667792D-03
  495  0.00511080      0.16372177D-03
  496  0.00517049      0.17107742D-03
  497  0.00523086      0.17875837D-03
  498  0.00529195      0.18677871D-03
  499  0.00535374      0.19515314D-03
  500  0.00541626      0.20389694D-03
  501  0.00547951      0.21302607D-03
  502  0.00554349      0.22255713D-03
  503  0.00560823      0.23250742D-03
  504  0.00567371      0.24289497D-03
  505  0.00573997      0.25373857D-03
  506  0.00580700      0.26505777D-03
  507  0.00587481      0.27687294D-03
  508  0.00594341      0.28920531D-03
  509  0.00601281      0.30207698D-03
  510  0.00608302      0.31551094D-03
  511  0.00615406      0.32953116D-03
  512  0.00622592      0.34416259D-03
  513  0.00629862      0.35943119D-03
  514  0.00637217      0.37536400D-03
  515  0.00644658      0.39198916D-03
  516  0.00652186      0.40933597D-03
  517  0.00659802      0.42743491D-03
  518  0.00667507      0.44631771D-03
  519  0.00675302      0.46601738D-03
  520  0.00683187      0.48656826D-03
  521  0.00691165      0.50800612D-03
  522  0.00699236      0.53036811D-03
  523  0.00707401      0.55369294D-03
  524  0.00715662      0.57802081D-03
  525  0.00724019      0.60339359D-03
  526  0.00732473      0.62985479D-03
  527  0.00741027      0.65744965D-03
  528  0.00749680      0.68622524D-03
  529  0.00758434      0.71623047D-03
  530  0.00767291      0.74751620D-03
  531  0.00776251      0.78013530D-03
  532  0.00785315      0.81414270D-03
  533  0.00794485      0.84959553D-03
  534  0.00803763      0.88655312D-03
  535  0.00813149      0.92507713D-03
  536  0.00822644      0.96523164D-03
  537  0.00832250      0.10070832D-02
  538  0.00841969      0.10507009D-02
  539  0.00851801      0.10961567D-02
  540  0.00861748      0.11435250D-02
  541  0.00871810      0.11928833D-02
  542  0.00881991      0.12443120D-02
  543  0.00892290      0.12978946D-02
  544  0.00902710      0.13537177D-02
  545  0.00913251      0.14118714D-02
  546  0.00923915      0.14724488D-02
  547  0.00934704      0.15355470D-02
  548  0.00945619      0.16012663D-02
  549  0.00956661      0.16697111D-02
  550  0.00967833      0.17409896D-02
  551  0.00979134      0.18152138D-02
  552  0.00990568      0.18925002D-02
  553  0.01002135      0.19729693D-02
  554  0.01013837      0.20567463D-02
  555  0.01025676      0.21439607D-02
  556  0.01037653      0.22347470D-02
  557  0.01049770      0.23292445D-02
  558  0.01062029      0.24275974D-02
  559  0.01074431      0.25299553D-02
  560  0.01086977      0.26364731D-02
  561  0.01099670      0.27473111D-02
  562  0.01112511      0.28626356D-02
  563  0.01125503      0.29826185D-02
  564  0.01138645      0.31074380D-02
  565  0.01151942      0.32372785D-02
  566  0.01165393      0.33723306D-02
  567  0.01179002      0.35127920D-02
  568  0.01192770      0.36588668D-02
  569  0.01206698      0.38107664D-02
  570  0.01220789      0.39687095D-02
  571  0.01235044      0.41329219D-02
  572  0.01249467      0.43036374D-02
  573  0.01264057      0.44810976D-02
  574  0.01278818      0.46655522D-02
  575  0.01293751      0.48572593D-02
  576  0.01308858      0.50564854D-02
  577  0.01324142      0.52635058D-02
  578  0.01339605      0.54786052D-02
  579  0.01355248      0.57020770D-02
  580  0.01371074      0.59342245D-02
  581  0.01387084      0.61753608D-02
  582  0.01403281      0.64258086D-02
  583  0.01419668      0.66859013D-02
  584  0.01436246      0.69559826D-02
  585  0.01453017      0.72364070D-02
  586  0.01469985      0.75275399D-02
  587  0.01487150      0.78297581D-02
  588  0.01504516      0.81434500D-02
  589  0.01522085      0.84690156D-02
  590  0.01539859      0.88068672D-02
  591  0.01557840      0.91574292D-02
  592  0.01576032      0.95211386D-02
  593  0.01594436      0.98984455D-02
  594  0.01613054      0.10289813D-01
  595  0.01631890      0.10695717D-01
  596  0.01650947      0.11116647D-01
  597  0.01670225      0.11553109D-01
  598  0.01689729      0.12005619D-01
  599  0.01709461      0.12474709D-01
  600  0.01729422      0.12960928D-01
  601  0.01749617      0.13464836D-01
  602  0.01770048      0.13987010D-01
  603  0.01790718      0.14528043D-01
  604  0.01811629      0.15088542D-01
  605  0.01832784      0.15669131D-01
  606  0.01854186      0.16270449D-01
  607  0.01875838      0.16893151D-01
  608  0.01897742      0.17537908D-01
  609  0.01919903      0.18205411D-01
  610  0.01942322      0.18896362D-01
  611  0.01965003      0.19611483D-01
  612  0.01987949      0.20351513D-01
  613  0.02011163      0.21117208D-01
  614  0.02034648      0.21909339D-01
  615  0.02058407      0.22728697D-01
  616  0.02082444      0.23576088D-01
  617  0.02106762      0.24452336D-01
  618  0.02131363      0.25358282D-01
  619  0.02156252      0.26294785D-01
  620  0.02181431      0.27262721D-01
  621  0.02206904      0.28262982D-01
  622  0.02232675      0.29296478D-01
  623  0.02258746      0.30364136D-01
  624  0.02285123      0.31466898D-01
  625  0.02311807      0.32605725D-01
  626  0.02338802      0.33781592D-01
  627  0.02366113      0.34995493D-01
  628  0.02393743      0.36248433D-01
  629  0.02421696      0.37541437D-01
  630  0.02449975      0.38875542D-01
  631  0.02478584      0.40251801D-01
  632  0.02507527      0.41671280D-01
  633  0.02536808      0.43135059D-01
  634  0.02566431      0.44644230D-01
  635  0.02596401      0.46199899D-01
  636  0.02626720      0.47803182D-01
  637  0.02657393      0.49455205D-01
  638  0.02688424      0.51157106D-01
  639  0.02719817      0.52910030D-01
  640  0.02751578      0.54715132D-01
  641  0.02783709      0.56573573D-01
  642  0.02816215      0.58486520D-01
  643  0.02849101      0.60455144D-01
  644  0.02882371      0.62480621D-01
  645  0.02916029      0.64564129D-01
  646  0.02950081      0.66706846D-01
  647  0.02984530      0.68909949D-01
  648  0.03019381      0.71174616D-01
  649  0.03054639      0.73502017D-01
  650  0.03090309      0.75893320D-01
  651  0.03126396      0.78349684D-01
  652  0.03162904      0.80872259D-01
  653  0.03199838      0.83462184D-01
  654  0.03237204      0.86120585D-01
  655  0.03275005      0.88848572D-01
  656  0.03313249      0.91647239D-01
  657  0.03351939      0.94517659D-01
  658  0.03391080      0.97460882D-01
  659  0.03430679      0.10047793D+00
  660  0.03470740      0.10356982D+00
  661  0.03511269      0.10673749D+00
  662  0.03552271      0.10998190D+00
  663  0.03593753      0.11330394D+00
  664  0.03635718      0.11670447D+00
  665  0.03678173      0.12018430D+00
  666  0.03721125      0.12374422D+00
  667  0.03764577      0.12738495D+00
  668  0.03808538      0.13110716D+00
  669  0.03853011      0.13491146D+00
  670  0.03898004      0.13879842D+00
  671  0.03943522      0.14276853D+00
  672  0.03989572      0.14682223D+00
  673  0.04036160      0.15095987D+00
  674  0.04083291      0.15518174D+00
  675  0.04130973      0.15948806D+00
  676  0.04179212      0.16387894D+00
  677  0.04228014      0.16835443D+00
  678  0.04277386      0.17291449D+00
  679  0.04327334      0.17755897D+00
  680  0.04377866      0.18228764D+00
  681  0.04428988      0.18710016D+00
  682  0.04480706      0.19199608D+00
  683  0.04533029      0.19697485D+00
  684  0.04585963      0.20203579D+00
  685  0.04639515      0.20717812D+00
  686  0.04693692      0.21240093D+00
  687  0.04748501      0.21770318D+00
  688  0.04803951      0.22308371D+00
  689  0.04860049      0.22854120D+00
  690  0.04916801      0.23407423D+00
  691  0.04974216      0.23968121D+00
  692  0.05032302      0.24536040D+00
  693  0.05091065      0.25110993D+00
  694  0.05150515      0.25692778D+00
  695  0.05210660      0.26281174D+00
  696  0.05271506      0.26875948D+00
  697  0.05333063      0.27476847D+00
  698  0.05395339      0.28083606D+00
  699  0.05458342      0.28695939D+00
  700  0.05522081      0.29313544D+00
  701  0.05586564      0.29936104D+00
  702  0.05651801      0.30563281D+00
  703  0.05717799      0.31194722D+00
  704  0.05784567      0.31830056D+00
  705  0.05852115      0.32468893D+00
  706  0.05920452      0.33110825D+00
  707  0.05989588      0.33755428D+00
  708  0.06059530      0.34402258D+00
  709  0.06130289      0.35050854D+00
  710  0.06201874      0.35700736D+00
  711  0.06274296      0.36351410D+00
  712  0.06347563      0.37002359D+00
  713  0.06421685      0.37653053D+00
  714  0.06496673      0.38302944D+00
  715  0.06572537      0.38951466D+00
  716  0.06649287      0.39598037D+00
  717  0.06726933      0.40242060D+00
  718  0.06805485      0.40882923D+00
  719  0.06884955      0.41519997D+00
  720  0.06965353      0.42152639D+00
  721  0.07046690      0.42780196D+00
  722  0.07128976      0.43401996D+00
  723  0.07212224      0.44017359D+00
  724  0.07296443      0.44625593D+00
  725  0.07381646      0.45225995D+00
  726  0.07467844      0.45817850D+00
  727  0.07555049      0.46400439D+00
  728  0.07643271      0.46973031D+00
  729  0.07732524      0.47534891D+00
  730  0.07822819      0.48085278D+00
  731  0.07914169      0.48623448D+00
  732  0.08006585      0.49148652D+00
  733  0.08100081      0.49660140D+00
  734  0.08194668      0.50157163D+00
  735  0.08290360      0.50638973D+00
  736  0.08387169      0.51104825D+00
  737  0.08485109      0.51553976D+00
  738  0.08584192      0.51985691D+00
  739  0.08684433      0.52399244D+00
  740  0.08785844      0.52793914D+00
  741  0.08888439      0.53168993D+00
  742  0.08992232      0.53523786D+00
  743  0.09097237      0.53857612D+00
  744  0.09203469      0.54169804D+00
  745  0.09310941      0.54459716D+00
  746  0.09419668      0.54726717D+00
  747  0.09529664      0.54970203D+00
  748  0.09640945      0.55189587D+00
  749  0.09753526      0.55384311D+00
  750  0.09867421      0.55553841D+00
  751  0.09982646      0.55697674D+00
  752  0.10099217      0.55815333D+00
  753  0.10217148      0.55906377D+00
  754  0.10336457      0.55970395D+00
  755  0.10457160      0.56007012D+00
  756  0.10579271      0.56015890D+00
  757  0.10702809      0.55996728D+00
  758  0.10827789      0.55949265D+00
  759  0.10954229      0.55873280D+00
  760  0.11082145      0.55768595D+00
  761  0.11211555      0.55635075D+00
  762  0.11342476      0.55472627D+00
  763  0.11474925      0.55281207D+00
  764  0.11608922      0.55060815D+00
  765  0.11744483      0.54811498D+00
  766  0.11881627      0.54533352D+00
  767  0.12020373      0.54226520D+00
  768  0.12160739      0.53891194D+00
  769  0.12302744      0.53527616D+00
  770  0.12446407      0.53136075D+00
  771  0.12591748      0.52716911D+00
  772  0.12738786      0.52270514D+00
  773  0.12887540      0.51797321D+00
  774  0.13038032      0.51297818D+00
  775  0.13190282      0.50772540D+00
  776  0.13344309      0.50222068D+00
  777  0.13500135      0.49647030D+00
  778  0.13657780      0.49048100D+00
  779  0.13817267      0.48425995D+00
  780  0.13978616      0.47781476D+00
  781  0.14141848      0.47115346D+00
  782  0.14306987      0.46428447D+00
  783  0.14474055      0.45721660D+00
  784  0.14643073      0.44995901D+00
  785  0.14814065      0.44252122D+00
  786  0.14987054      0.43491307D+00
  787  0.15162062      0.42714469D+00
  788  0.15339115      0.41922650D+00
  789  0.15518235      0.41116916D+00
  790  0.15699446      0.40298355D+00
  791  0.15882774      0.39468078D+00
  792  0.16068242      0.38627209D+00
  793  0.16255876      0.37776889D+00
  794  0.16445701      0.36918269D+00
  795  0.16637743      0.36052510D+00
  796  0.16832028      0.35180776D+00
  797  0.17028581      0.34304236D+00
  798  0.17227429      0.33424056D+00
  799  0.17428599      0.32541400D+00
  800  0.17632119      0.31657425D+00
  801  0.17838015      0.30773278D+00
  802  0.18046315      0.29890093D+00
  803  0.18257048      0.29008988D+00
  804  0.18470241      0.28131063D+00
  805  0.18685924      0.27257397D+00
  806  0.18904126      0.26389045D+00
  807  0.19124876      0.25527033D+00
  808  0.19348203      0.24672361D+00
  809  0.19574138      0.23825994D+00
  810  0.19802712      0.22988866D+00
  811  0.20033955      0.22161872D+00
  812  0.20267898      0.21345871D+00
  813  0.20504573      0.20541681D+00
  814  0.20744011      0.19750078D+00
  815  0.20986246      0.18971795D+00
  816  0.21231309      0.18207520D+00
  817  0.21479234      0.17457897D+00
  818  0.21730054      0.16723521D+00
  819  0.21983803      0.16004939D+00
  820  0.22240515      0.15302652D+00
  821  0.22500225      0.14617111D+00
  822  0.22762967      0.13948719D+00
  823  0.23028778      0.13297828D+00
  824  0.23297693      0.12664743D+00
  825  0.23569747      0.12049721D+00
  826  0.23844979      0.11452969D+00
  827  0.24123425      0.10874648D+00
  828  0.24405122      0.10314872D+00
  829  0.24690108      0.97737107D-01
  830  0.24978423      0.92511871D-01
  831  0.25270104      0.87472830D-01
  832  0.25565191      0.82619379D-01
  833  0.25863724      0.77950512D-01
  834  0.26165744      0.73464840D-01
  835  0.26471290      0.69160606D-01
  836  0.26780403      0.65035707D-01
  837  0.27093127      0.61087709D-01
  838  0.27409502      0.57313870D-01
  839  0.27729572      0.53711162D-01
  840  0.28053379      0.50276289D-01
  841  0.28380968      0.47005710D-01
  842  0.28712382      0.43895661D-01
  843  0.29047665      0.40942179D-01
  844  0.29386865      0.38141118D-01
  845  0.29730025      0.35488178D-01
  846  0.30077192      0.32978920D-01
  847  0.30428413      0.30608793D-01
  848  0.30783736      0.28373150D-01
  849  0.31143207      0.26267273D-01
  850  0.31506877      0.24286388D-01
  851  0.31874793      0.22425686D-01
  852  0.32247005      0.20680345D-01
  853  0.32623564      0.19045541D-01
  854  0.33004520      0.17516468D-01
  855  0.33389925      0.16088355D-01
  856  0.33779830      0.14756477D-01
  857  0.34174288      0.13516173D-01
  858  0.34573352      0.12362855D-01
  859  0.34977077      0.11292022D-01
  860  0.35385515      0.10299270D-01
  861  0.35798724      0.93802990D-02
  862  0.36216757      0.85309267D-02
  863  0.36639672      0.77470912D-02
  864  0.37067525      0.70248596D-02
  865  0.37500375      0.63604328D-02
  866  0.37938279      0.57501502D-02
  867  0.38381297      0.51904925D-02
  868  0.38829488      0.46780851D-02
  869  0.39282912      0.42096992D-02
  870  0.39741632      0.37822527D-02
  871  0.40205708      0.33928107D-02
  872  0.40675203      0.30385844D-02
  873  0.41150181      0.27169302D-02
  874  0.41630705      0.24253475D-02
  875  0.42116840      0.21614765D-02
  876  0.42608652      0.19230950D-02
  877  0.43106207      0.17081154D-02
  878  0.43609573      0.15145807D-02
  879  0.44118816      0.13406601D-02
  880  0.44634006      0.11846452D-02
  881  0.45155212      0.10449451D-02
  882  0.45682504      0.92008145D-03
  883  0.46215953      0.80868369D-03
  884  0.46755632      0.70948396D-03
  885  0.47301613      0.62131202D-03
  886  0.47853969      0.54309010D-03
  887  0.48412776      0.47382781D-03
  888  0.48978108      0.41261708D-03
  889  0.49550041      0.35862719D-03
  890  0.50128653      0.31109988D-03
  891  0.50714022      0.26934457D-03
  892  0.51306226      0.23273377D-03
  893  0.51905346      0.20069858D-03
  894  0.52511461      0.17272441D-03
  895  0.53124655      0.14834685D-03
  896  0.53745009      0.12714778D-03
  897  0.54372607      0.10875156D-03
  898  0.55007533      0.92821552D-04
  899  0.55649874      0.79056763D-04
  900  0.56299716      0.67188695D-04
  901  0.56957146      0.56978416D-04
  902  0.57622254      0.48213805D-04
  903  0.58295128      0.40706998D-04
  904  0.58975859      0.34292017D-04
  905  0.59664539      0.28822576D-04
  906  0.60361262      0.24170062D-04
  907  0.61066120      0.20221679D-04
  908  0.61779209      0.16878752D-04
  909  0.62500625      0.14055171D-04
  910  0.63230465      0.11675985D-04
  911  0.63968828      0.96761211D-05
  912  0.64715813      0.79992284D-05
  913  0.65471521      0.65966350D-05
  914  0.66236053      0.54264120D-05
  915  0.67009513      0.44525343D-05
  916  0.67792005      0.36441322D-05
  917  0.68583634      0.29748240D-05
  918  0.69384508      0.24221252D-05
  919  0.70194733      0.19669248D-05
  920  0.71014420      0.15930241D-05
  921  0.71843679      0.12867310D-05
  922  0.72682621      0.10365046D-05
  923  0.73531360      0.83264502D-06
  924  0.74390010      0.66702278D-06
  925  0.75258686      0.53284433D-06
  926  0.76137506      0.42444905D-06
  927  0.77026589      0.33713417D-06
  928  0.77926054      0.26700430D-06
  929  0.78836022      0.21084250D-06
  930  0.79756616      0.16600013D-06
  931  0.80687960      0.13030313D-06
  932  0.81630179      0.10197248D-06
  933  0.82583402      0.79556990D-07
  934  0.83547755      0.61876555D-07
  935  0.84523370      0.47974607D-07
  936  0.85510377      0.37078242D-07
  937  0.86508909      0.28564983D-07
  938  0.87519102      0.21935143D-07
  939  0.88541091      0.16788928D-07
  940  0.89575015      0.12807537D-07
  941  0.90621011      0.97376118D-08
  942  0.91679222      0.73784856D-08
  943  0.92749791      0.55717749D-08
  944  0.93832860      0.41929035D-08
  945  0.94928577      0.31442306D-08
  946  0.96037089      0.23494984D-08
  947  0.97158546      0.17493633D-08
  948  0.98293098      0.12978115D-08
  949  0.99440899      0.95929563D-09
  950  1.00602103      0.70645546D-09
  951  1.01776866      0.51831129D-09
  952  1.02965348      0.37883664D-09
  953  1.04167708      0.27583564D-09
  954  1.05384108      0.20006327D-09
  955  1.06614713      0.14453871D-09
  956  1.07859688      0.10401162D-09
  957  1.09119201      0.74548911D-10
  958  1.10393421      0.53216110D-10
  959  1.11682522      0.37832737D-10
  960  1.12986675      0.26785232D-10
  961  1.14306057      0.18884526D-10
  962  1.15640846      0.13258047D-10
  963  1.16991222      0.92681992D-11
  964  1.18357367      0.64510859D-11
  965  1.19739465      0.44706540D-11
  966  1.21137702      0.30845295D-11
  967  1.22552266      0.21186785D-11
  968  1.23983349      0.14486979D-11
  969  1.25431143      0.98606477D-12
  970  1.26895844      0.66807583D-12
  971  1.28377648      0.45052247D-12
  972  1.29876756      0.30238131D-12
  973  1.31393369      0.20198464D-12
  974  1.32927693      0.13427141D-12
  975  1.34479933      0.88823346D-13
  976  1.36050299      0.58468960D-13
  977  1.37639003      0.38296070D-13
  978  1.39246258      0.24956818D-13
  979  1.40872283      0.16181005D-13
  980  1.42517294      0.10437045D-13
  981  1.44181515      0.66969832D-14
  982  1.45865170      0.42744785D-14
  983  1.47568485      0.27136914D-14
  984  1.49291691      0.17134834D-14
  985  1.51035019      0.10759855D-14
  986  1.52798704      0.67189088D-15
  987  1.54582985      0.41716301D-15
  988  1.56388101      0.25748965D-15
  989  1.58214296      0.15796601D-15
  990  1.60061816      0.96290115D-16
  991  1.61930910      0.58281364D-16
  992  1.63821830      0.35009845D-16
  993  1.65734831      0.20860774D-16
  994  1.67670171      0.12223358D-16
  995  1.69628110      0.71905072D-17
  996  1.71608913      0.42363747D-17
  997  1.73612847      0.24805396D-17
  998  1.75640181      0.14433897D-17
  999  1.77691189      0.83459343D-18
 1000  1.79766147      0.00000000D+00
 1001  1.81865335      0.00000000D+00
 1002  1.83989036      0.00000000D+00
 1003  1.86137536      0.00000000D+00
 1004  1.88311125      0.00000000D+00
 1005  1.90510095      0.00000000D+00
 1006  1.92734744      0.00000000D+00
 1007  1.94985371      0.00000000D+00
 1008  1.97262279      0.00000000D+00
 1009  1.99565775      0.00000000D+00
 1010  2.01896170      0.00000000D+00
 1011  2.04253777      0.00000000D+00
 1012  2.06638915      0.00000000D+00
 1013  2.09051906      0.00000000D+00
 1014  2.11493073      0.00000000D+00
 1015  2.13962747      0.00000000D+00
 1016  2.16461260      0.00000000D+00
 1017  2.18988949      0.00000000D+00
 1018  2.21546154      0.00000000D+00
 1019  2.24133221      0.00000000D+00
 1020  2.26750498      0.00000000D+00
 1021  2.29398338      0.00000000D+00
 1022  2.32077097      0.00000000D+00
 1023  2.34787138      0.00000000D+00
