System Description            : Fe, SC-2 (BCC) structure                        
Number of Atoms in Unit Cell  : 1                                               
Number of Atomic Species      : 1                                               
Number of Atoms in Each Type  : 1(Fe)                                           
Energy Offset                 : -2522                                           
=======================================================================================
    Iter     Energy      3PV     Efermi   Rms_rho    Rms_pot   Mix  Alg  Alpha    Mom  
---------------------------------------------------------------------------------------
**       1  -0.818870   1.50313  0.73981  0.108E-01  0.810E-02  pot  B   0.0010  2.2680
         2  -1.433480 -19.19749  0.78981  0.545E-02  0.407E-01  pot  B   0.0010  1.6135
**       3  -0.822202   1.30828  0.75186  0.105E-01  0.778E-02  pot  B   0.0010  2.1967
         4  -1.178224 -13.04958  0.80186  0.384E-02  0.286E-01  pot  B   0.0010  1.4372
**       5  -0.848919  -0.47691  0.74516  0.999E-02  0.633E-02  pot  B   0.0020  2.0876
         6  -0.846883   0.87029  0.74761  0.512E-03  0.234E-02  pot  B   0.0020  2.2045
         7  -0.846910   0.85247  0.74739  0.120E-04  0.230E-02  pot  B   0.0020  2.2016
         8  -0.847757   0.43400  0.75163  0.106E-03  0.136E-02  pot  B   0.0020  2.1995
         9  -0.848346  -0.24142  0.75983  0.188E-03  0.399E-03  pot  B   0.0020  2.1615
        10  -0.848083  -0.17225  0.75820  0.916E-04  0.291E-03  pot  B   0.0020  2.1842
        11  -0.848078  -0.18725  0.75795  0.195E-04  0.318E-03  pot  B   0.0020  2.1793
        12  -0.848084  -0.12572  0.75693  0.269E-04  0.141E-03  pot  B   0.0020  2.1831
        13  -0.848058  -0.09983  0.75588  0.310E-04  0.770E-04  pot  B   0.0020  2.1877
        14  -0.848048  -0.08676  0.75585  0.467E-05  0.108E-03  pot  B   0.0020  2.1883
        15  -0.848042  -0.07808  0.75575  0.484E-05  0.126E-03  pot  B   0.0020  2.1893
        16  -0.848032  -0.08872  0.75582  0.973E-05  0.775E-04  pot  B   0.0020  2.1906
        17  -0.848032  -0.09047  0.75584  0.551E-06  0.733E-04  pot  B   0.0020  2.1905
        18  -0.848033  -0.09110  0.75585  0.564E-06  0.721E-04  pot  B   0.0020  2.1904
        19  -0.848035  -0.11207  0.75607  0.619E-05  0.993E-05  pot  B   0.0020  2.1897
        20  -0.848034  -0.11334  0.75611  0.645E-06  0.710E-05  pot  B   0.0020  2.1898
        21  -0.848033  -0.11294  0.75611  0.358E-06  0.821E-05  pot  B   0.0020  2.1899
        22  -0.848032  -0.11387  0.75611  0.163E-05  0.373E-05  pot  B   0.0020  2.1901
        23  -0.848030  -0.11354  0.75610  0.148E-05  0.304E-05  pot  B   0.0020  2.1904
        24  -0.848029  -0.11372  0.75610  0.466E-06  0.188E-05  pot  B   0.0020  2.1905
        25  -0.848029  -0.11379  0.75610  0.635E-07  0.158E-05  pot  B   0.0020  2.1905
        26  -0.848029  -0.11422  0.75611  0.234E-06  0.402E-06  pot  B   0.0020  2.1906
        27  -0.848029  -0.11424  0.75611  0.123E-07  0.461E-06  pot  B   0.0020  2.1906
        28  -0.848029  -0.11407  0.75611  0.115E-06  0.299E-06  pot  B   0.0020  2.1906
        29  -0.848029  -0.11415  0.75611  0.326E-07  0.386E-07  pot  B   0.0020  2.1906
        30  -0.848029  -0.11415  0.75611  0.116E-08  0.428E-07  pot  B   0.0020  2.1906
        31  -0.848029  -0.11415  0.75611  0.485E-08  0.305E-07  pot  B   0.0020  2.1906
        32  -0.848029  -0.11415  0.75611  0.565E-09  0.317E-07  pot  B   0.0020  2.1906
        33  -0.848029  -0.11415  0.75611  0.604E-09  0.346E-07  pot  B   0.0020  2.1906
        34  -0.848029  -0.11415  0.75611  0.122E-08  0.301E-07  pot  B   0.0020  2.1906
        35  -0.848029  -0.11415  0.75611  0.163E-08  0.364E-07  pot  B   0.0020  2.1906
        36  -0.848029  -0.11415  0.75611  0.223E-08  0.284E-07  pot  B   0.0020  2.1906
        37  -0.848029  -0.11415  0.75611  0.872E-10  0.275E-07  pot  B   0.0020  2.1906
        38  -0.848029  -0.11415  0.75611  0.604E-10  0.269E-07  pot  B   0.0020  2.1906
        39  -0.848029  -0.11415  0.75611  0.165E-09  0.268E-07  pot  B   0.0020  2.1906
        40  -0.848029  -0.11415  0.75611  0.121E-08  0.195E-07  pot  B   0.0020  2.1906
        41  -0.848029  -0.11414  0.75611  0.544E-08  0.741E-08  pot  B   0.0020  2.1906
        42  -0.848029  -0.11414  0.75611  0.546E-09  0.826E-08  pot  B   0.0020  2.1906
        43  -0.848029  -0.11414  0.75611  0.392E-09  0.721E-08  pot  B   0.0020  2.1906
