System Description            : Nb, bcc structure                               
Number of Atoms in Unit Cell  : 1                                               
Number of Atomic Species      : 1                                               
Number of Atoms in Each Type  : 1(Nb)                                           
Energy Offset                 : -7502                                           
=======================================================================================
    Iter     Energy      3PV     Efermi   Rms_rho    Rms_pot   Mix  Alg  Alpha 
---------------------------------------------------------------------------------------
**       1  -0.943187   0.17133  0.77373  0.241E-03  0.564E-02  pot  S   0.1000
         2  -0.936835   0.41231  0.76806  0.126E-03  0.618E-03  pot  S   0.1000
         3  -0.936564   0.37634  0.76841  0.126E-04  0.545E-03  pot  S   0.1000
         4  -0.936819   0.34264  0.76886  0.532E-05  0.452E-03  pot  S   0.1000
         5  -0.936951   0.31881  0.76927  0.348E-05  0.380E-03  pot  S   0.1000
         6  -0.936593   0.31001  0.76968  0.505E-05  0.348E-03  pot  S   0.1000
         7  -0.936347   0.30145  0.77004  0.347E-05  0.314E-03  pot  S   0.1000
         8  -0.936340   0.29060  0.77032  0.165E-05  0.271E-03  pot  S   0.1000
         9  -0.936736   0.27458  0.77049  0.589E-05  0.210E-03  pot  S   0.1000
        10  -0.936237   0.27920  0.77073  0.650E-05  0.211E-03  pot  S   0.1000
        11  -0.937229   0.25487  0.77075  0.137E-04  0.127E-03  pot  S   0.1000
        12  -0.937099   0.25665  0.77085  0.173E-05  0.118E-03  pot  S   0.1000
        13  -0.939014   0.21906  0.77066  0.258E-04  0.809E-04  pot  S   0.1000
        14  -0.938168   0.24084  0.77074  0.116E-04  0.590E-04  pot  S   0.1000
        15  -0.937086   0.26318  0.77093  0.145E-04  0.101E-03  pot  S   0.1000
        16  -0.937098   0.26092  0.77101  0.559E-06  0.864E-04  pot  S   0.1000
        17  -0.936115   0.27811  0.77122  0.129E-04  0.135E-03  pot  S   0.1000
        18  -0.936868   0.25978  0.77122  0.102E-04  0.705E-04  pot  S   0.1000
        19  -0.937170   0.25336  0.77123  0.409E-05  0.451E-04  pot  S   0.1000
        20  -0.936799   0.26082  0.77130  0.485E-05  0.603E-04  pot  S   0.1000
**      21  -0.936781   0.26134  0.77134  0.308E-03  0.611E-04  pot  S   0.1000
        22  -0.936278   0.26241  0.77178  0.602E-05  0.204E-04  pot  S   0.1000
        23  -0.935299   0.28052  0.77197  0.125E-04  0.769E-04  pot  S   0.1000
        24  -0.937450   0.23769  0.77175  0.281E-04  0.749E-04  pot  S   0.1000
        25  -0.936149   0.26630  0.77184  0.171E-04  0.232E-04  pot  S   0.1000
        26  -0.935072   0.28565  0.77200  0.138E-04  0.883E-04  pot  S   0.1000
        27  -0.937329   0.24003  0.77178  0.295E-04  0.709E-04  pot  S   0.1000
        28  -0.934982   0.28765  0.77201  0.306E-04  0.920E-04  pot  S   0.1000
        29  -0.937281   0.24090  0.77179  0.300E-04  0.703E-04  pot  S   0.1000
        30  -0.932090   0.34069  0.77240  0.670E-04  0.272E-03  pot  S   0.1000
        31  -0.937165   0.23433  0.77198  0.661E-04  0.915E-04  pot  S   0.1000
        32  -0.936942   0.24414  0.77188  0.325E-05  0.628E-04  pot  S   0.1000
        33  -0.937262   0.24176  0.77179  0.403E-05  0.743E-04  pot  S   0.1000
        34  -0.921471   0.53201  0.77377  0.200E-03  0.898E-03  pot  S   0.1000
        35  -0.936472   0.21689  0.77261  0.192E-03  0.145E-03  pot  S   0.1000
        36  -0.937671   0.20563  0.77221  0.149E-04  0.196E-03  pot  S   0.1000
        37  -0.937028   0.22935  0.77211  0.894E-05  0.125E-03  pot  S   0.1000
        38  -0.936802   0.24062  0.77204  0.332E-05  0.926E-04  pot  S   0.1000
        39  -0.937176   0.23842  0.77193  0.467E-05  0.104E-03  pot  S   0.1000
        40  -0.943786   0.11818  0.77096  0.870E-04  0.534E-03  pot  S   0.1000
        41  -0.937582   0.25981  0.77134  0.833E-04  0.445E-04  pot  S   0.1000
        42  -0.938024   0.25053  0.77132  0.585E-05  0.678E-04  pot  S   0.1000
        43  -0.936729   0.27562  0.77146  0.172E-04  0.336E-04  pot  S   0.1000
        44  -0.937484   0.25792  0.77141  0.999E-05  0.293E-04  pot  S   0.1000
        45  -0.937824   0.25111  0.77135  0.441E-05  0.468E-04  pot  S   0.1000
**      46  -0.937824   0.25111  0.77135  0.305E-03  0.468E-04  pot  S   0.0100
        47  -0.936544   0.28189  0.77131  0.179E-04  0.985E-04  pot  S   0.0100
        48  -0.936425   0.28364  0.77133  0.155E-05  0.105E-03  pot  S   0.0100
        49  -0.936204   0.28723  0.77137  0.287E-05  0.118E-03  pot  S   0.0100
        50  -0.935675   0.29656  0.77145  0.690E-05  0.151E-03  pot  S   0.0100
        51  -0.929514   0.40998  0.77228  0.795E-04  0.538E-03  pot  S   0.0100
        52  -0.937356   0.26151  0.77142  0.102E-03  0.296E-04  pot  S   0.0100
        53  -0.937532   0.25817  0.77125  0.243E-05  0.189E-04  pot  S   0.0100
        54  -0.937548   0.25782  0.77123  0.221E-06  0.179E-04  pot  S   0.0100
        55  -0.937519   0.25829  0.77123  0.386E-06  0.196E-04  pot  S   0.0100
        56  -0.937482   0.25889  0.77123  0.484E-06  0.217E-04  pot  S   0.0100
        57  -0.937445   0.25948  0.77124  0.486E-06  0.238E-04  pot  S   0.0100
        58  -0.937409   0.26005  0.77125  0.470E-06  0.258E-04  pot  S   0.0100
        59  -0.937374   0.26057  0.77126  0.449E-06  0.277E-04  pot  S   0.0100
        60  -0.937342   0.26106  0.77127  0.426E-06  0.294E-04  pot  S   0.0100
**      61  -0.937821   0.25104  0.77151  0.305E-03  0.455E-04  pot  S   0.1000
        62  -0.928170   0.43671  0.77257  0.126E-03  0.626E-03  pot  S   0.1000
        63  -0.936939   0.24371  0.77193  0.115E-03  0.240E-04  pot  S   0.1000
        64  -0.937069   0.24472  0.77183  0.197E-05  0.247E-04  pot  S   0.1000
        65  -0.937130   0.24643  0.77179  0.783E-06  0.239E-04  pot  S   0.1000
        66  -0.937197   0.24756  0.77176  0.850E-06  0.242E-04  pot  S   0.1000
        67  -0.937293   0.24785  0.77173  0.121E-05  0.265E-04  pot  S   0.1000
        68  -0.937474   0.24638  0.77168  0.230E-05  0.343E-04  pot  S   0.1000
        69  -0.938235   0.23412  0.77155  0.989E-05  0.795E-04  pot  S   0.1000
        70  -0.936532   0.27004  0.77172  0.225E-04  0.443E-04  pot  S   0.1000
        71  -0.776734   2.40635  0.78636  0.146E-02  0.878E-02  pot  S   0.1000
        72  -0.937921  -0.06835  0.77652  0.149E-02  0.115E-02  pot  S   0.1000
        73  -0.937177   0.01161  0.77569  0.166E-04  0.968E-03  pot  S   0.1000
        74  -0.937176   0.06886  0.77502  0.642E-05  0.836E-03  pot  S   0.1000
        75  -0.937178   0.11312  0.77444  0.500E-05  0.725E-03  pot  S   0.1000
        76  -0.937184   0.14728  0.77392  0.391E-05  0.632E-03  pot  S   0.1000
        77  -0.937201   0.17352  0.77346  0.306E-05  0.553E-03  pot  S   0.1000
        78  -0.937251   0.19327  0.77306  0.238E-05  0.487E-03  pot  S   0.1000
        79  -0.937204   0.20996  0.77274  0.234E-05  0.425E-03  pot  S   0.1000
        80  -0.937849   0.21193  0.77242  0.682E-05  0.403E-03  pot  S   0.1000
        81  -0.937218   0.23300  0.77227  0.817E-05  0.324E-03  pot  S   0.1000
        82  -0.937075   0.24219  0.77216  0.259E-05  0.279E-03  pot  S   0.1000
        83  -0.939191   0.21168  0.77184  0.245E-04  0.347E-03  pot  S   0.1000
        84  -0.937219   0.25384  0.77188  0.243E-04  0.209E-03  pot  S   0.1000
        85  -0.936883   0.26118  0.77189  0.443E-05  0.172E-03  pot  S   0.1000
**      86  -0.936940   0.26568  0.77220  0.301E-03  0.161E-03  pot  S   0.1000
        87  -0.936585   0.27236  0.77192  0.746E-05  0.519E-04  pot  S   0.1000
        88  -0.926048   0.46187  0.77325  0.133E-03  0.691E-03  pot  S   0.1000
        89  -0.936859   0.23260  0.77243  0.138E-03  0.754E-04  pot  S   0.1000
        90  -0.937196   0.23298  0.77230  0.414E-05  0.844E-04  pot  S   0.1000
        91  -0.937879   0.22642  0.77214  0.864E-05  0.116E-03  pot  S   0.1000
        92  -0.936704   0.25499  0.77220  0.154E-04  0.248E-04  pot  S   0.1000
        93  -0.936730   0.25627  0.77219  0.352E-06  0.231E-04  pot  S   0.1000
        94  -0.936769   0.25703  0.77217  0.471E-06  0.224E-04  pot  S   0.1000
        95  -0.936810   0.25754  0.77215  0.507E-06  0.220E-04  pot  S   0.1000
        96  -0.936854   0.25784  0.77213  0.533E-06  0.219E-04  pot  S   0.1000
        97  -0.936900   0.25799  0.77211  0.558E-06  0.219E-04  pot  S   0.1000
        98  -0.936949   0.25800  0.77209  0.592E-06  0.221E-04  pot  S   0.1000
        99  -0.937003   0.25785  0.77207  0.655E-06  0.227E-04  pot  S   0.1000
       100  -0.937068   0.25747  0.77205  0.788E-06  0.238E-04  pot  S   0.1000
       101  -0.937158   0.25661  0.77202  0.112E-05  0.265E-04  pot  S   0.1000
       102  -0.937347   0.25398  0.77198  0.239E-05  0.352E-04  pot  S   0.1000
       103  -0.920729   0.55503  0.77399  0.208E-03  0.973E-03  pot  S   0.1000
       104  -0.937940   0.19809  0.77265  0.218E-03  0.206E-03  pot  S   0.1000
       105  -0.937217   0.22487  0.77249  0.988E-05  0.128E-03  pot  S   0.1000
       106  -0.936860   0.23975  0.77243  0.495E-05  0.863E-04  pot  S   0.1000
       107  -0.937146   0.23982  0.77233  0.354E-05  0.922E-04  pot  S   0.1000
       108  -0.937685   0.23483  0.77219  0.677E-05  0.114E-03  pot  S   0.1000
       109  -0.936546   0.26136  0.77226  0.149E-04  0.253E-04  pot  S   0.1000
       110  -0.936540   0.26228  0.77225  0.163E-06  0.217E-04  pot  S   0.1000
       111  -0.936535   0.26295  0.77224  0.133E-06  0.187E-04  pot  S   0.1000
       112  -0.936517   0.26370  0.77223  0.273E-06  0.153E-04  pot  S   0.1000
       113  -0.936473   0.26477  0.77223  0.595E-06  0.110E-04  pot  S   0.1000
       114  -0.936367   0.26680  0.77224  0.139E-05  0.526E-05  pot  S   0.1000
       115  -0.935995   0.27337  0.77229  0.477E-05  0.229E-04  pot  S   0.1000
       116  -0.939931   0.19894  0.77180  0.509E-04  0.238E-03  pot  S   0.1000
       117  -0.936808   0.26780  0.77201  0.410E-04  0.973E-05  pot  S   0.1000
       118  -0.936515   0.27207  0.77208  0.373E-05  0.203E-04  pot  S   0.1000
       119  -0.937899   0.24462  0.77192  0.179E-04  0.745E-04  pot  S   0.1000
       120  -0.936961   0.26480  0.77199  0.123E-04  0.836E-05  pot  S   0.1000
       121  -0.936910   0.26502  0.77200  0.651E-06  0.678E-05  pot  S   0.1000
       122  -0.936833   0.26574  0.77202  0.100E-05  0.775E-05  pot  S   0.1000
       123  -0.936644   0.26844  0.77205  0.243E-05  0.172E-04  pot  S   0.1000
       124  -0.947704   0.05758  0.77063  0.146E-03  0.739E-03  pot  S   0.1000
       125  -0.937124   0.29160  0.77139  0.142E-03  0.902E-04  pot  S   0.1000
       126  -0.937336   0.28008  0.77151  0.327E-05  0.612E-04  pot  S   0.1000
       127  -0.936846   0.28429  0.77163  0.629E-05  0.827E-04  pot  S   0.1000
       128  -0.940509   0.21002  0.77124  0.482E-04  0.174E-03  pot  S   0.1000
       129  -0.937312   0.27718  0.77150  0.423E-04  0.646E-04  pot  S   0.1000
       130  -0.936806   0.28225  0.77164  0.645E-05  0.873E-04  pot  S   0.1000
       131  -0.938382   0.24782  0.77152  0.207E-04  0.298E-04  pot  S   0.1000
       132  -0.955725  -0.09068  0.76923  0.237E-03  0.128E-02  pot  S   0.1000
       133  -0.936881   0.33372  0.77066  0.260E-03  0.258E-03  pot  S   0.1000
       134  -0.937361   0.30671  0.77090  0.781E-05  0.183E-03  pot  S   0.1000
       135  -0.937384   0.29466  0.77105  0.143E-05  0.154E-03  pot  S   0.1000
       136  -0.937049   0.29210  0.77122  0.425E-05  0.154E-03  pot  S   0.1000
       137  -0.937400   0.27756  0.77130  0.501E-05  0.109E-03  pot  S   0.1000
       138  -0.938698   0.24802  0.77121  0.173E-04  0.107E-04  pot  S   0.1000
       139  -0.937197   0.27652  0.77140  0.198E-04  0.106E-03  pot  S   0.1000
       140  -0.934868   0.31564  0.77178  0.301E-04  0.243E-03  pot  S   0.1000
       141  -0.937084   0.26381  0.77169  0.294E-04  0.662E-04  pot  S   0.1000
       142  -0.936545   0.27259  0.77179  0.691E-05  0.927E-04  pot  S   0.1000
       143  -0.937354   0.25493  0.77175  0.107E-04  0.291E-04  pot  S   0.1000
       144  -0.937091   0.26037  0.77179  0.339E-05  0.422E-04  pot  S   0.1000
       145  -0.936618   0.26883  0.77187  0.604E-05  0.672E-04  pot  S   0.1000
       146  -0.937128   0.25770  0.77185  0.676E-05  0.264E-04  pot  S   0.1000
       147  -0.936939   0.26154  0.77189  0.242E-05  0.351E-04  pot  S   0.1000
       148  -0.936640   0.26681  0.77194  0.380E-05  0.498E-04  pot  S   0.1000
       149  -0.946452   0.07975  0.77071  0.130E-03  0.624E-03  pot  S   0.1000
       150  -0.937430   0.28040  0.77135  0.121E-03  0.796E-04  pot  S   0.1000
       151  -0.936772   0.28728  0.77155  0.829E-05  0.110E-03  pot  S   0.1000
       152  -0.936905   0.27874  0.77163  0.209E-05  0.852E-04  pot  S   0.1000
       153  -0.925815   0.47746  0.77306  0.141E-03  0.761E-03  pot  S   0.1000
       154  -0.937560   0.22684  0.77216  0.151E-03  0.794E-04  pot  S   0.1000
       155  -0.936900   0.24614  0.77216  0.888E-05  0.260E-04  pot  S   0.1000
       156  -0.936836   0.25074  0.77214  0.925E-06  0.183E-04  pot  S   0.1000
       157  -0.936696   0.25583  0.77214  0.184E-05  0.109E-04  pot  S   0.1000
       158  -0.935572   0.27818  0.77228  0.145E-04  0.723E-04  pot  S   0.1000
       159  -0.936986   0.24992  0.77215  0.184E-04  0.306E-04  pot  S   0.1000
       160  -0.937058   0.25121  0.77211  0.894E-06  0.300E-04  pot  S   0.1000
       161  -0.937145   0.25184  0.77207  0.109E-05  0.309E-04  pot  S   0.1000
       162  -0.937311   0.25075  0.77203  0.210E-05  0.370E-04  pot  S   0.1000
       163  -0.939692   0.20837  0.77169  0.309E-04  0.188E-03  pot  S   0.1000
       164  -0.939759   0.21570  0.77154  0.117E-05  0.167E-03  pot  S   0.1000
       165  -0.937243   0.26964  0.77174  0.331E-04  0.238E-04  pot  S   0.1000
       166  -0.937026   0.27138  0.77180  0.276E-05  0.333E-04  pot  S   0.1000
       167  -0.936818   0.27279  0.77186  0.263E-05  0.416E-04  pot  S   0.1000
       168  -0.936220   0.28135  0.77197  0.763E-05  0.741E-04  pot  S   0.1000
       169  -0.937527   0.25334  0.77186  0.171E-04  0.212E-04  pot  S   0.1000
       170  -0.937817   0.24897  0.77181  0.370E-05  0.371E-04  pot  S   0.1000
       171  -0.954628  -0.07518  0.76958  0.227E-03  0.123E-02  pot  S   0.1000
       172  -0.935516   0.34899  0.77107  0.261E-03  0.295E-03  pot  S   0.1000
       173  -0.936616   0.30877  0.77127  0.159E-04  0.175E-03  pot  S   0.1000
       174  -0.936847   0.29355  0.77139  0.358E-05  0.134E-03  pot  S   0.1000
       175  -0.936766   0.28735  0.77150  0.116E-05  0.120E-03  pot  S   0.1000
       176  -0.937277   0.27156  0.77153  0.696E-05  0.699E-04  pot  S   0.1000
       177  -0.936581   0.28139  0.77167  0.897E-05  0.106E-03  pot  S   0.1000
       178  -0.936818   0.27238  0.77172  0.337E-05  0.756E-04  pot  S   0.1000
       179  -0.938791   0.23261  0.77153  0.259E-04  0.651E-04  pot  S   0.1000
       180  -0.936244   0.28417  0.77179  0.334E-04  0.112E-03  pot  S   0.1000
       181  -0.937140   0.26274  0.77177  0.119E-04  0.383E-04  pot  S   0.1000
       182  -0.936824   0.26774  0.77183  0.404E-05  0.538E-04  pot  S   0.1000
       183  -0.937386   0.25565  0.77180  0.742E-05  0.113E-04  pot  S   0.1000
       184  -0.937155   0.26045  0.77183  0.299E-05  0.243E-04  pot  S   0.1000
       185  -0.936962   0.26374  0.77187  0.245E-05  0.336E-04  pot  S   0.1000
       186  -0.936699   0.26785  0.77192  0.334E-05  0.462E-04  pot  S   0.1000
       187  -0.933302   0.32915  0.77238  0.435E-04  0.257E-03  pot  S   0.1000
       188  -0.937164   0.24678  0.77208  0.502E-04  0.288E-04  pot  S   0.1000
       189  -0.937405   0.24531  0.77201  0.301E-05  0.383E-04  pot  S   0.1000
       190  -0.935000   0.29280  0.77228  0.310E-04  0.123E-03  pot  S   0.1000
       191  -0.936772   0.25528  0.77215  0.231E-04  0.121E-04  pot  S   0.1000
       192  -0.936796   0.25646  0.77213  0.323E-06  0.107E-04  pot  S   0.1000
       193  -0.936811   0.25751  0.77212  0.226E-06  0.947E-05  pot  S   0.1000
       194  -0.936828   0.25829  0.77211  0.233E-06  0.862E-05  pot  S   0.1000
       195  -0.936848   0.25884  0.77210  0.255E-06  0.817E-05  pot  S   0.1000
       196  -0.936870   0.25919  0.77209  0.283E-06  0.806E-05  pot  S   0.1000
       197  -0.936895   0.25939  0.77208  0.315E-06  0.825E-05  pot  S   0.1000
       198  -0.936923   0.25946  0.77206  0.350E-06  0.869E-05  pot  S   0.1000
       199  -0.936954   0.25941  0.77205  0.392E-06  0.937E-05  pot  S   0.1000
       200  -0.936990   0.25926  0.77204  0.445E-06  0.103E-04  pot  S   0.1000
       201  -0.937032   0.25897  0.77203  0.523E-06  0.115E-04  pot  S   0.1000
       202  -0.937084   0.25850  0.77201  0.655E-06  0.133E-04  pot  S   0.1000
       203  -0.937158   0.25765  0.77199  0.936E-06  0.163E-04  pot  S   0.1000
       204  -0.937300   0.25566  0.77196  0.179E-05  0.232E-04  pot  S   0.1000
       205  -0.938196   0.23988  0.77183  0.116E-04  0.785E-04  pot  S   0.1000
       206  -0.937051   0.26453  0.77192  0.150E-04  0.788E-05  pot  S   0.1000
       207  -0.937005   0.26452  0.77194  0.569E-06  0.920E-05  pot  S   0.1000
       208  -0.936951   0.26472  0.77195  0.683E-06  0.111E-04  pot  S   0.1000
       209  -0.936867   0.26549  0.77197  0.106E-05  0.148E-04  pot  S   0.1000
       210  -0.936673   0.26822  0.77201  0.247E-05  0.252E-04  pot  S   0.1000
       211  -0.943568   0.13747  0.77115  0.903E-04  0.439E-03  pot  S   0.1000
       212  -0.937168   0.27779  0.77160  0.849E-04  0.525E-04  pot  S   0.1000
       213  -0.936791   0.28058  0.77174  0.471E-05  0.679E-04  pot  S   0.1000
       214  -0.937290   0.26693  0.77174  0.664E-05  0.258E-04  pot  S   0.1000
       215  -0.937070   0.26917  0.77178  0.282E-05  0.360E-04  pot  S   0.1000
       216  -0.936866   0.27085  0.77184  0.258E-05  0.440E-04  pot  S   0.1000
       217  -0.936413   0.27702  0.77193  0.577E-05  0.671E-04  pot  S   0.1000
       218  -0.937857   0.24709  0.77180  0.189E-04  0.363E-04  pot  S   0.1000
       219  -0.926379   0.45870  0.77318  0.146E-03  0.682E-03  pot  S   0.1000
       220  -0.936902   0.23504  0.77239  0.135E-03  0.675E-04  pot  S   0.1000
       221  -0.937212   0.23545  0.77227  0.382E-05  0.750E-04  pot  S   0.1000
       222  -0.937839   0.22946  0.77213  0.795E-05  0.104E-03  pot  S   0.1000
       223  -0.936647   0.25780  0.77219  0.156E-04  0.127E-04  pot  S   0.1000
       224  -0.936624   0.25951  0.77219  0.332E-06  0.935E-05  pot  S   0.1000
**     225  -0.932476   0.26530  0.77279  0.309E-03  0.176E-03  pot  S   0.1000
       226  -0.931737   0.27339  0.77229  0.113E-04  0.679E-04  pot  S   0.1000
       227  -0.935455   0.20386  0.77176  0.473E-04  0.180E-03  pot  S   0.1000
       228  -0.932533   0.26548  0.77200  0.375E-04  0.341E-04  pot  S   0.1000
       229  -0.932152   0.27055  0.77210  0.479E-05  0.515E-04  pot  S   0.1000
       230  -0.931798   0.27451  0.77220  0.440E-05  0.656E-04  pot  S   0.1000
       231  -0.934564   0.22183  0.77187  0.352E-04  0.119E-03  pot  S   0.1000
       232  -0.932053   0.27300  0.77212  0.321E-04  0.565E-04  pot  S   0.1000
       233  -0.931405   0.28180  0.77227  0.807E-05  0.886E-04  pot  S   0.1000
**     234  -0.937951   0.26690  0.77284  0.310E-03  0.145E-03  pot  S   0.1000
       235  -0.937970   0.20660  0.77375  0.704E-05  0.529E-04  pot  S   0.1000
       236  -0.937375   0.22444  0.77387  0.740E-05  0.393E-04  pot  S   0.1000
       237  -0.938594   0.20693  0.77370  0.155E-04  0.723E-04  pot  S   0.1000
       238  -0.937657   0.23098  0.77375  0.120E-04  0.248E-04  pot  S   0.1000
       239  -0.941598   0.16238  0.77323  0.501E-04  0.250E-03  pot  S   0.1000
       240  -0.937814   0.24489  0.77352  0.488E-04  0.322E-04  pot  S   0.1000
       241  -0.934831   0.29787  0.77393  0.374E-04  0.213E-03  pot  S   0.1000
       242  -0.939243   0.20957  0.77352  0.561E-04  0.952E-04  pot  S   0.1000
       243  -0.938250   0.23350  0.77355  0.128E-04  0.197E-04  pot  S   0.1000
       244  -0.938286   0.23453  0.77352  0.457E-06  0.186E-04  pot  S   0.1000
       245  -0.938331   0.23513  0.77350  0.558E-06  0.183E-04  pot  S   0.1000
       246  -0.938387   0.23534  0.77348  0.685E-06  0.190E-04  pot  S   0.1000
       247  -0.938463   0.23507  0.77345  0.936E-06  0.209E-04  pot  S   0.1000
       248  -0.938587   0.23388  0.77342  0.154E-05  0.258E-04  pot  S   0.1000
       249  -0.938901   0.22938  0.77336  0.393E-05  0.422E-04  pot  S   0.1000
       250  -0.932348   0.34861  0.77420  0.824E-04  0.372E-03  pot  S   0.1000
       251  -0.937809   0.23339  0.77377  0.694E-04  0.210E-04  pot  S   0.1000
**     252  -0.942825   0.33069  0.77335  0.347E-03  0.689E-03  pot  S   0.1000
       253  -0.942822   0.08454  0.77922  0.416E-04  0.342E-03  pot  S   0.1000
       254  -0.942498   0.12869  0.77852  0.178E-04  0.228E-03  pot  S   0.1000
       255  -0.942370   0.15765  0.77833  0.507E-05  0.179E-03  pot  S   0.1000
       256  -0.942284   0.17934  0.77816  0.349E-05  0.144E-03  pot  S   0.1000
       257  -0.942449   0.19154  0.77799  0.564E-05  0.125E-03  pot  S   0.1000
       258  -0.942545   0.20233  0.77785  0.340E-05  0.110E-03  pot  S   0.1000
       259  -0.942373   0.21583  0.77777  0.562E-05  0.806E-04  pot  S   0.1000
       260  -0.942332   0.22394  0.77770  0.152E-05  0.651E-04  pot  S   0.1000
       261  -0.942361   0.22892  0.77763  0.115E-05  0.547E-04  pot  S   0.1000
       262  -0.942329   0.23393  0.77758  0.114E-05  0.442E-04  pot  S   0.1000
       263  -0.942353   0.23673  0.77753  0.892E-06  0.374E-04  pot  S   0.1000
       264  -0.942326   0.23985  0.77750  0.916E-06  0.302E-04  pot  S   0.1000
       265  -0.942348   0.24130  0.77747  0.772E-06  0.259E-04  pot  S   0.1000
       266  -0.942323   0.24328  0.77745  0.806E-06  0.208E-04  pot  S   0.1000
       267  -0.942345   0.24391  0.77742  0.723E-06  0.181E-04  pot  S   0.1000
       268  -0.942322   0.24522  0.77741  0.756E-06  0.144E-04  pot  S   0.1000
       269  -0.942343   0.24535  0.77739  0.709E-06  0.128E-04  pot  S   0.1000
       270  -0.942321   0.24627  0.77739  0.738E-06  0.101E-04  pot  S   0.1000
       271  -0.942343   0.24611  0.77737  0.713E-06  0.918E-05  pot  S   0.1000
       272  -0.942320   0.24682  0.77737  0.738E-06  0.719E-05  pot  S   0.1000
       273  -0.942342   0.24648  0.77736  0.727E-06  0.674E-05  pot  S   0.1000
       274  -0.942319   0.24707  0.77736  0.750E-06  0.522E-05  pot  S   0.1000
       275  -0.942342   0.24663  0.77735  0.748E-06  0.510E-05  pot  S   0.1000
       276  -0.942318   0.24716  0.77735  0.767E-06  0.393E-05  pot  S   0.1000
       277  -0.942342   0.24667  0.77734  0.771E-06  0.401E-05  pot  S   0.1000
       278  -0.942318   0.24718  0.77734  0.789E-06  0.312E-05  pot  S   0.1000
       279  -0.942342   0.24664  0.77734  0.796E-06  0.331E-05  pot  S   0.1000
       280  -0.942317   0.24715  0.77734  0.812E-06  0.265E-05  pot  S   0.1000
       281  -0.942343   0.24659  0.77733  0.822E-06  0.289E-05  pot  S   0.1000
       282  -0.942317   0.24712  0.77734  0.837E-06  0.241E-05  pot  S   0.1000
       283  -0.942343   0.24653  0.77733  0.847E-06  0.264E-05  pot  S   0.1000
       284  -0.942316   0.24708  0.77733  0.861E-06  0.231E-05  pot  S   0.1000
       285  -0.942343   0.24648  0.77733  0.872E-06  0.252E-05  pot  S   0.1000
       286  -0.942316   0.24704  0.77733  0.885E-06  0.230E-05  pot  S   0.1000
       287  -0.942344   0.24643  0.77733  0.896E-06  0.247E-05  pot  S   0.1000
       288  -0.942315   0.24701  0.77733  0.909E-06  0.232E-05  pot  S   0.1000
       289  -0.942344   0.24639  0.77733  0.919E-06  0.246E-05  pot  S   0.1000
       290  -0.942315   0.24699  0.77733  0.931E-06  0.236E-05  pot  S   0.1000
**     291  -0.942343   0.25248  0.77617  0.337E-03  0.678E-04  pot  B   0.1000
       292  -0.942367   0.28296  0.77546  0.541E-05  0.474E-04  pot  B   0.1000
       293  -0.942340   0.27841  0.77553  0.129E-05  0.387E-04  pot  B   0.1000
       294  -0.942460   0.25695  0.77571  0.421E-05  0.190E-04  pot  B   0.1000
       295  -0.942568   0.25629  0.77567  0.128E-05  0.185E-04  pot  B   0.1000
       296  -0.925503   0.64849  0.77866  0.206E-03  0.133E-02  pot  B   0.1000
       297  -0.935361   1.19193  0.78378  0.351E-03  0.259E-02  pot  B   0.1000
       298  -0.935066   0.13244  0.77725  0.531E-03  0.310E-03  pot  B   0.1000
       299  -0.933221   0.18686  0.77820  0.108E-04  0.263E-03  pot  B   0.1000
       300  -0.943597   0.16376  0.77668  0.413E-04  0.341E-03  pot  B   0.1000
**     301  -0.941061   0.25376  0.77617  0.337E-03  0.101E-03  pot  S   0.1000
       302  -0.941057   0.29369  0.77515  0.635E-05  0.589E-04  pot  S   0.1000
       303  -0.941080   0.28684  0.77521  0.102E-05  0.497E-04  pot  S   0.1000
       304  -0.941006   0.28323  0.77527  0.245E-05  0.423E-04  pot  S   0.1000
       305  -0.941058   0.27807  0.77531  0.163E-05  0.335E-04  pot  S   0.1000
       306  -0.941016   0.27581  0.77535  0.140E-05  0.285E-04  pot  S   0.1000
       307  -0.941059   0.27248  0.77537  0.134E-05  0.225E-04  pot  S   0.1000
       308  -0.941023   0.27138  0.77540  0.119E-05  0.194E-04  pot  S   0.1000
       309  -0.941060   0.26917  0.77542  0.113E-05  0.153E-04  pot  S   0.1000
       310  -0.941028   0.26876  0.77544  0.103E-05  0.134E-04  pot  S   0.1000
       311  -0.941059   0.26726  0.77545  0.985E-06  0.105E-04  pot  S   0.1000
       312  -0.941031   0.26724  0.77546  0.909E-06  0.929E-05  pot  S   0.1000
       313  -0.941059   0.26618  0.77547  0.872E-06  0.734E-05  pot  S   0.1000
       314  -0.941033   0.26638  0.77548  0.817E-06  0.657E-05  pot  S   0.1000
       315  -0.941058   0.26559  0.77548  0.784E-06  0.523E-05  pot  S   0.1000
       316  -0.941035   0.26590  0.77549  0.736E-06  0.473E-05  pot  S   0.1000
       317  -0.941058   0.26530  0.77549  0.702E-06  0.382E-05  pot  S   0.1000
       318  -0.941036   0.26566  0.77550  0.670E-06  0.350E-05  pot  S   0.1000
       319  -0.941057   0.26516  0.77550  0.645E-06  0.289E-05  pot  S   0.1000
       320  -0.941037   0.26554  0.77550  0.619E-06  0.267E-05  pot  S   0.1000
       321  -0.941056   0.26511  0.77550  0.598E-06  0.228E-05  pot  S   0.1000
       322  -0.941038   0.26549  0.77551  0.576E-06  0.211E-05  pot  S   0.1000
       323  -0.941056   0.26511  0.77550  0.557E-06  0.187E-05  pot  S   0.1000
       324  -0.941039   0.26548  0.77551  0.539E-06  0.174E-05  pot  S   0.1000
       325  -0.941055   0.26513  0.77551  0.521E-06  0.160E-05  pot  S   0.1000
       326  -0.941039   0.26548  0.77551  0.506E-06  0.149E-05  pot  S   0.1000
       327  -0.941055   0.26516  0.77551  0.490E-06  0.141E-05  pot  S   0.1000
       328  -0.941040   0.26549  0.77551  0.476E-06  0.131E-05  pot  S   0.1000
       329  -0.941055   0.26519  0.77551  0.463E-06  0.128E-05  pot  S   0.1000
       330  -0.941040   0.26551  0.77551  0.450E-06  0.119E-05  pot  S   0.1000
       331  -0.941054   0.26522  0.77551  0.438E-06  0.118E-05  pot  S   0.1000
       332  -0.941041   0.26552  0.77551  0.426E-06  0.110E-05  pot  S   0.1000
       333  -0.941054   0.26525  0.77551  0.415E-06  0.109E-05  pot  S   0.1000
       334  -0.941041   0.26553  0.77551  0.403E-06  0.102E-05  pot  S   0.1000
       335  -0.941054   0.26527  0.77551  0.392E-06  0.102E-05  pot  S   0.1000
       336  -0.941041   0.26553  0.77551  0.382E-06  0.959E-06  pot  S   0.1000
       337  -0.941053   0.26529  0.77551  0.373E-06  0.962E-06  pot  S   0.1000
       338  -0.941042   0.26554  0.77551  0.364E-06  0.909E-06  pot  S   0.1000
       339  -0.941053   0.26530  0.77551  0.355E-06  0.911E-06  pot  S   0.1000
       340  -0.941042   0.26554  0.77551  0.347E-06  0.865E-06  pot  S   0.1000
       341  -0.941053   0.26532  0.77551  0.339E-06  0.865E-06  pot  S   0.1000
       342  -0.941042   0.26554  0.77551  0.331E-06  0.824E-06  pot  S   0.1000
       343  -0.941052   0.26533  0.77551  0.323E-06  0.823E-06  pot  S   0.1000
       344  -0.941042   0.26554  0.77551  0.316E-06  0.784E-06  pot  S   0.1000
       345  -0.941052   0.26534  0.77551  0.308E-06  0.781E-06  pot  S   0.1000
       346  -0.941043   0.26554  0.77551  0.301E-06  0.750E-06  pot  S   0.1000
       347  -0.941052   0.26534  0.77551  0.294E-06  0.745E-06  pot  S   0.1000
       348  -0.941043   0.26554  0.77551  0.288E-06  0.718E-06  pot  S   0.1000
       349  -0.941052   0.26535  0.77551  0.282E-06  0.712E-06  pot  S   0.1000
       350  -0.941043   0.26554  0.77551  0.275E-06  0.688E-06  pot  S   0.1000
       351  -0.941052   0.26536  0.77551  0.269E-06  0.680E-06  pot  S   0.1000
       352  -0.941043   0.26553  0.77551  0.264E-06  0.659E-06  pot  S   0.1000
       353  -0.941051   0.26536  0.77551  0.258E-06  0.651E-06  pot  S   0.1000
       354  -0.941043   0.26553  0.77551  0.253E-06  0.631E-06  pot  S   0.1000
       355  -0.941051   0.26537  0.77551  0.247E-06  0.623E-06  pot  S   0.1000
       356  -0.941044   0.26553  0.77551  0.241E-06  0.603E-06  pot  S   0.1000
       357  -0.941051   0.26537  0.77551  0.236E-06  0.594E-06  pot  S   0.1000
       358  -0.941044   0.26553  0.77551  0.231E-06  0.578E-06  pot  S   0.1000
       359  -0.941051   0.26537  0.77551  0.226E-06  0.570E-06  pot  S   0.1000
       360  -0.941044   0.26552  0.77551  0.221E-06  0.555E-06  pot  S   0.1000
       361  -0.941051   0.26538  0.77551  0.217E-06  0.546E-06  pot  S   0.1000
       362  -0.941044   0.26552  0.77551  0.212E-06  0.532E-06  pot  S   0.1000
       363  -0.941051   0.26538  0.77551  0.208E-06  0.523E-06  pot  S   0.1000
       364  -0.941044   0.26552  0.77551  0.203E-06  0.509E-06  pot  S   0.1000
       365  -0.941050   0.26539  0.77551  0.198E-06  0.494E-06  pot  S   0.1000
       366  -0.941044   0.26551  0.77551  0.192E-06  0.482E-06  pot  S   0.1000
       367  -0.941050   0.26539  0.77551  0.188E-06  0.474E-06  pot  S   0.1000
       368  -0.941044   0.26551  0.77551  0.185E-06  0.463E-06  pot  S   0.1000
       369  -0.941050   0.26539  0.77551  0.181E-06  0.455E-06  pot  S   0.1000
       370  -0.941045   0.26551  0.77551  0.177E-06  0.445E-06  pot  S   0.1000
       371  -0.941050   0.26539  0.77551  0.173E-06  0.436E-06  pot  S   0.1000
       372  -0.941045   0.26551  0.77551  0.170E-06  0.425E-06  pot  S   0.1000
       373  -0.941050   0.26540  0.77551  0.166E-06  0.418E-06  pot  S   0.1000
       374  -0.941045   0.26551  0.77551  0.163E-06  0.409E-06  pot  S   0.1000
       375  -0.941050   0.26540  0.77551  0.160E-06  0.402E-06  pot  S   0.1000
       376  -0.941045   0.26550  0.77551  0.156E-06  0.393E-06  pot  S   0.1000
       377  -0.941050   0.26540  0.77551  0.153E-06  0.386E-06  pot  S   0.1000
       378  -0.941045   0.26550  0.77551  0.150E-06  0.378E-06  pot  S   0.1000
       379  -0.941050   0.26540  0.77551  0.147E-06  0.370E-06  pot  S   0.1000
       380  -0.941045   0.26550  0.77551  0.144E-06  0.363E-06  pot  S   0.1000
       381  -0.941050   0.26540  0.77551  0.141E-06  0.354E-06  pot  S   0.1000
       382  -0.941045   0.26550  0.77551  0.138E-06  0.347E-06  pot  S   0.1000
       383  -0.941050   0.26541  0.77551  0.135E-06  0.340E-06  pot  S   0.1000
       384  -0.941045   0.26550  0.77551  0.133E-06  0.334E-06  pot  S   0.1000
       385  -0.941049   0.26541  0.77551  0.130E-06  0.328E-06  pot  S   0.1000
       386  -0.941045   0.26549  0.77551  0.127E-06  0.317E-06  pot  S   0.1000
       387  -0.941049   0.26541  0.77551  0.124E-06  0.311E-06  pot  S   0.1000
       388  -0.941045   0.26549  0.77551  0.121E-06  0.305E-06  pot  S   0.1000
       389  -0.941049   0.26541  0.77551  0.119E-06  0.299E-06  pot  S   0.1000
       390  -0.941046   0.26549  0.77551  0.116E-06  0.293E-06  pot  S   0.1000
       391  -0.941049   0.26541  0.77551  0.114E-06  0.287E-06  pot  S   0.1000
       392  -0.941046   0.26549  0.77551  0.112E-06  0.281E-06  pot  S   0.1000
       393  -0.941049   0.26541  0.77551  0.110E-06  0.276E-06  pot  S   0.1000
       394  -0.941046   0.26549  0.77551  0.108E-06  0.271E-06  pot  S   0.1000
       395  -0.941049   0.26542  0.77551  0.105E-06  0.265E-06  pot  S   0.1000
       396  -0.941046   0.26549  0.77551  0.103E-06  0.260E-06  pot  S   0.1000
       397  -0.941049   0.26542  0.77551  0.101E-06  0.255E-06  pot  S   0.1000
       398  -0.941046   0.26548  0.77551  0.994E-07  0.250E-06  pot  S   0.1000
       399  -0.941049   0.26542  0.77551  0.975E-07  0.245E-06  pot  S   0.1000
       400  -0.941046   0.26548  0.77551  0.956E-07  0.240E-06  pot  S   0.1000
       401  -0.941049   0.26542  0.77551  0.937E-07  0.236E-06  pot  S   0.1000
       402  -0.941046   0.26548  0.77551  0.919E-07  0.231E-06  pot  S   0.1000
       403  -0.941049   0.26542  0.77551  0.901E-07  0.227E-06  pot  S   0.1000
       404  -0.941046   0.26548  0.77551  0.883E-07  0.222E-06  pot  S   0.1000
       405  -0.941049   0.26542  0.77551  0.866E-07  0.218E-06  pot  S   0.1000
       406  -0.941046   0.26548  0.77551  0.849E-07  0.214E-06  pot  S   0.1000
       407  -0.941049   0.26542  0.77551  0.833E-07  0.210E-06  pot  S   0.1000
       408  -0.941046   0.26548  0.77551  0.816E-07  0.206E-06  pot  S   0.1000
       409  -0.941049   0.26542  0.77551  0.801E-07  0.201E-06  pot  S   0.1000
       410  -0.941046   0.26548  0.77551  0.785E-07  0.197E-06  pot  S   0.1000
       411  -0.941049   0.26543  0.77551  0.770E-07  0.194E-06  pot  S   0.1000
       412  -0.941046   0.26548  0.77551  0.755E-07  0.191E-06  pot  S   0.1000
       413  -0.941049   0.26543  0.77551  0.740E-07  0.187E-06  pot  S   0.1000
       414  -0.941046   0.26548  0.77551  0.726E-07  0.183E-06  pot  S   0.1000
       415  -0.941048   0.26543  0.77551  0.712E-07  0.180E-06  pot  S   0.1000
       416  -0.941046   0.26547  0.77551  0.698E-07  0.176E-06  pot  S   0.1000
       417  -0.941048   0.26543  0.77551  0.684E-07  0.173E-06  pot  S   0.1000
       418  -0.941046   0.26547  0.77551  0.671E-07  0.170E-06  pot  S   0.1000
       419  -0.941048   0.26543  0.77551  0.658E-07  0.166E-06  pot  S   0.1000
       420  -0.941046   0.26547  0.77551  0.645E-07  0.163E-06  pot  S   0.1000
       421  -0.941048   0.26543  0.77551  0.633E-07  0.160E-06  pot  S   0.1000
       422  -0.941046   0.26547  0.77551  0.621E-07  0.157E-06  pot  S   0.1000
       423  -0.941048   0.26543  0.77551  0.609E-07  0.154E-06  pot  S   0.1000
       424  -0.941046   0.26547  0.77551  0.597E-07  0.151E-06  pot  S   0.1000
       425  -0.941048   0.26543  0.77551  0.583E-07  0.147E-06  pot  S   0.1000
       426  -0.941046   0.26547  0.77551  0.570E-07  0.144E-06  pot  S   0.1000
       427  -0.941048   0.26543  0.77551  0.559E-07  0.141E-06  pot  S   0.1000
       428  -0.941047   0.26547  0.77551  0.548E-07  0.138E-06  pot  S   0.1000
       429  -0.941048   0.26543  0.77551  0.538E-07  0.135E-06  pot  S   0.1000
       430  -0.941047   0.26547  0.77551  0.527E-07  0.133E-06  pot  S   0.1000
       431  -0.941048   0.26543  0.77551  0.517E-07  0.130E-06  pot  S   0.1000
       432  -0.941047   0.26547  0.77551  0.507E-07  0.129E-06  pot  S   0.1000
       433  -0.941048   0.26543  0.77551  0.497E-07  0.126E-06  pot  S   0.1000
       434  -0.941047   0.26547  0.77551  0.488E-07  0.124E-06  pot  S   0.1000
       435  -0.941048   0.26544  0.77551  0.478E-07  0.121E-06  pot  S   0.1000
       436  -0.941047   0.26547  0.77551  0.469E-07  0.119E-06  pot  S   0.1000
       437  -0.941048   0.26544  0.77551  0.460E-07  0.116E-06  pot  S   0.1000
       438  -0.941047   0.26547  0.77551  0.451E-07  0.115E-06  pot  S   0.1000
       439  -0.941048   0.26544  0.77551  0.442E-07  0.112E-06  pot  S   0.1000
       440  -0.941047   0.26547  0.77551  0.432E-07  0.110E-06  pot  S   0.1000
       441  -0.941048   0.26544  0.77551  0.423E-07  0.107E-06  pot  S   0.1000
       442  -0.941047   0.26546  0.77551  0.415E-07  0.106E-06  pot  S   0.1000
       443  -0.941048   0.26544  0.77551  0.407E-07  0.103E-06  pot  S   0.1000
       444  -0.941047   0.26546  0.77551  0.399E-07  0.101E-06  pot  S   0.1000
       445  -0.941048   0.26544  0.77551  0.391E-07  0.988E-07  pot  S   0.1000
       446  -0.941047   0.26546  0.77551  0.384E-07  0.975E-07  pot  S   0.1000
       447  -0.941048   0.26544  0.77551  0.376E-07  0.970E-07  pot  S   0.1000
       448  -0.941047   0.26546  0.77551  0.369E-07  0.946E-07  pot  S   0.1000
       449  -0.941048   0.26544  0.77551  0.362E-07  0.917E-07  pot  S   0.1000
       450  -0.941047   0.26546  0.77551  0.355E-07  0.910E-07  pot  S   0.1000
**     451  -0.941047   0.26546  0.77551  0.339E-03  0.910E-07  pot  S   0.1000
       452  -0.941057   0.26524  0.77551  0.326E-06  0.157E-05  pot  S   0.1000
       453  -0.941038   0.26566  0.77552  0.614E-06  0.154E-05  pot  S   0.1000
       454  -0.941057   0.26525  0.77551  0.601E-06  0.151E-05  pot  S   0.1000
**     455  -0.941047   0.26546  0.77551  0.339E-03  0.910E-07  pot  S   0.1000
       456  -0.941057   0.26524  0.77551  0.326E-06  0.157E-05  pot  S   0.1000
       457  -0.941038   0.26566  0.77552  0.614E-06  0.154E-05  pot  S   0.1000
       458  -0.941057   0.26525  0.77551  0.599E-06  0.150E-05  pot  S   0.1000
       459  -0.941038   0.26564  0.77551  0.580E-06  0.144E-05  pot  S   0.1000
       460  -0.941056   0.26526  0.77551  0.563E-06  0.141E-05  pot  S   0.1000
       461  -0.941039   0.26563  0.77551  0.543E-06  0.135E-05  pot  S   0.1000
       462  -0.941056   0.26528  0.77551  0.524E-06  0.131E-05  pot  S   0.1000
       463  -0.941039   0.26562  0.77551  0.510E-06  0.127E-05  pot  S   0.1000
       464  -0.941055   0.26529  0.77551  0.496E-06  0.124E-05  pot  S   0.1000
       465  -0.941040   0.26561  0.77551  0.483E-06  0.121E-05  pot  S   0.1000
       466  -0.941055   0.26530  0.77551  0.470E-06  0.118E-05  pot  S   0.1000
       467  -0.941040   0.26560  0.77551  0.458E-06  0.115E-05  pot  S   0.1000
       468  -0.941054   0.26530  0.77551  0.447E-06  0.112E-05  pot  S   0.1000
       469  -0.941040   0.26560  0.77551  0.436E-06  0.109E-05  pot  S   0.1000
       470  -0.941054   0.26531  0.77551  0.425E-06  0.107E-05  pot  S   0.1000
       471  -0.941041   0.26559  0.77551  0.415E-06  0.104E-05  pot  S   0.1000
       472  -0.941054   0.26532  0.77551  0.405E-06  0.101E-05  pot  S   0.1000
       473  -0.941041   0.26558  0.77551  0.395E-06  0.989E-06  pot  S   0.1000
       474  -0.941053   0.26532  0.77551  0.386E-06  0.967E-06  pot  S   0.1000
       475  -0.941041   0.26558  0.77551  0.376E-06  0.943E-06  pot  S   0.1000
       476  -0.941053   0.26533  0.77551  0.368E-06  0.922E-06  pot  S   0.1000
       477  -0.941042   0.26557  0.77551  0.359E-06  0.900E-06  pot  S   0.1000
       478  -0.941053   0.26533  0.77551  0.351E-06  0.881E-06  pot  S   0.1000
       479  -0.941042   0.26557  0.77551  0.343E-06  0.860E-06  pot  S   0.1000
       480  -0.941053   0.26534  0.77551  0.335E-06  0.841E-06  pot  S   0.1000
       481  -0.941042   0.26556  0.77551  0.328E-06  0.822E-06  pot  S   0.1000
       482  -0.941052   0.26534  0.77551  0.320E-06  0.804E-06  pot  S   0.1000
       483  -0.941042   0.26556  0.77551  0.313E-06  0.786E-06  pot  S   0.1000
       484  -0.941052   0.26535  0.77551  0.306E-06  0.769E-06  pot  S   0.1000
       485  -0.941043   0.26555  0.77551  0.300E-06  0.752E-06  pot  S   0.1000
       486  -0.941052   0.26535  0.77551  0.292E-06  0.731E-06  pot  S   0.1000
       487  -0.941043   0.26555  0.77551  0.285E-06  0.714E-06  pot  S   0.1000
       488  -0.941052   0.26536  0.77551  0.279E-06  0.700E-06  pot  S   0.1000
       489  -0.941043   0.26554  0.77551  0.273E-06  0.684E-06  pot  S   0.1000
       490  -0.941052   0.26536  0.77551  0.267E-06  0.670E-06  pot  S   0.1000
       491  -0.941043   0.26554  0.77551  0.261E-06  0.655E-06  pot  S   0.1000
       492  -0.941051   0.26537  0.77551  0.256E-06  0.642E-06  pot  S   0.1000
       493  -0.941043   0.26553  0.77551  0.250E-06  0.628E-06  pot  S   0.1000
       494  -0.941051   0.26537  0.77551  0.245E-06  0.615E-06  pot  S   0.1000
       495  -0.941044   0.26553  0.77551  0.240E-06  0.602E-06  pot  S   0.1000
       496  -0.941051   0.26537  0.77551  0.235E-06  0.590E-06  pot  S   0.1000
       497  -0.941044   0.26553  0.77551  0.230E-06  0.577E-06  pot  S   0.1000
       498  -0.941051   0.26538  0.77551  0.225E-06  0.565E-06  pot  S   0.1000
       499  -0.941044   0.26552  0.77551  0.220E-06  0.554E-06  pot  S   0.1000
       500  -0.941051   0.26538  0.77551  0.216E-06  0.542E-06  pot  S   0.1000
       501  -0.941044   0.26552  0.77551  0.211E-06  0.531E-06  pot  S   0.1000
       502  -0.941051   0.26538  0.77551  0.207E-06  0.520E-06  pot  S   0.1000
       503  -0.941044   0.26552  0.77551  0.203E-06  0.509E-06  pot  S   0.1000
       504  -0.941051   0.26539  0.77551  0.199E-06  0.500E-06  pot  S   0.1000
       505  -0.941044   0.26552  0.77551  0.195E-06  0.489E-06  pot  S   0.1000
       506  -0.941050   0.26539  0.77551  0.191E-06  0.479E-06  pot  S   0.1000
       507  -0.941044   0.26551  0.77551  0.187E-06  0.469E-06  pot  S   0.1000
       508  -0.941050   0.26539  0.77551  0.183E-06  0.460E-06  pot  S   0.1000
       509  -0.941045   0.26551  0.77551  0.179E-06  0.451E-06  pot  S   0.1000
       510  -0.941050   0.26539  0.77551  0.176E-06  0.442E-06  pot  S   0.1000
       511  -0.941045   0.26551  0.77551  0.172E-06  0.433E-06  pot  S   0.1000
       512  -0.941050   0.26540  0.77551  0.169E-06  0.424E-06  pot  S   0.1000
       513  -0.941045   0.26551  0.77551  0.165E-06  0.415E-06  pot  S   0.1000
       514  -0.941050   0.26540  0.77551  0.162E-06  0.408E-06  pot  S   0.1000
       515  -0.941045   0.26550  0.77551  0.159E-06  0.399E-06  pot  S   0.1000
       516  -0.941050   0.26540  0.77551  0.156E-06  0.391E-06  pot  S   0.1000
       517  -0.941045   0.26550  0.77551  0.152E-06  0.381E-06  pot  S   0.1000
       518  -0.941050   0.26540  0.77551  0.148E-06  0.372E-06  pot  S   0.1000
       519  -0.941045   0.26550  0.77551  0.145E-06  0.366E-06  pot  S   0.1000
       520  -0.941050   0.26540  0.77551  0.143E-06  0.358E-06  pot  S   0.1000
       521  -0.941045   0.26550  0.77551  0.140E-06  0.351E-06  pot  S   0.1000
       522  -0.941050   0.26541  0.77551  0.137E-06  0.344E-06  pot  S   0.1000
       523  -0.941045   0.26550  0.77551  0.134E-06  0.338E-06  pot  S   0.1000
       524  -0.941049   0.26541  0.77551  0.132E-06  0.331E-06  pot  S   0.1000
       525  -0.941045   0.26549  0.77551  0.129E-06  0.325E-06  pot  S   0.1000
       526  -0.941049   0.26541  0.77551  0.126E-06  0.318E-06  pot  S   0.1000
       527  -0.941045   0.26549  0.77551  0.124E-06  0.312E-06  pot  S   0.1000
       528  -0.941049   0.26541  0.77551  0.122E-06  0.305E-06  pot  S   0.1000
       529  -0.941045   0.26549  0.77551  0.119E-06  0.300E-06  pot  S   0.1000
       530  -0.941049   0.26541  0.77551  0.117E-06  0.294E-06  pot  S   0.1000
       531  -0.941046   0.26549  0.77551  0.115E-06  0.288E-06  pot  S   0.1000
       532  -0.941049   0.26541  0.77551  0.112E-06  0.282E-06  pot  S   0.1000
       533  -0.941046   0.26549  0.77551  0.110E-06  0.277E-06  pot  S   0.1000
       534  -0.941049   0.26542  0.77551  0.108E-06  0.272E-06  pot  S   0.1000
       535  -0.941046   0.26549  0.77551  0.106E-06  0.266E-06  pot  S   0.1000
       536  -0.941049   0.26542  0.77551  0.104E-06  0.261E-06  pot  S   0.1000
       537  -0.941046   0.26548  0.77551  0.102E-06  0.256E-06  pot  S   0.1000
       538  -0.941049   0.26542  0.77551  0.997E-07  0.251E-06  pot  S   0.1000
       539  -0.941046   0.26548  0.77551  0.977E-07  0.246E-06  pot  S   0.1000
       540  -0.941049   0.26542  0.77551  0.958E-07  0.242E-06  pot  S   0.1000
       541  -0.941046   0.26548  0.77551  0.940E-07  0.236E-06  pot  S   0.1000
       542  -0.941049   0.26542  0.77551  0.921E-07  0.232E-06  pot  S   0.1000
       543  -0.941046   0.26548  0.77551  0.903E-07  0.228E-06  pot  S   0.1000
       544  -0.941049   0.26542  0.77551  0.886E-07  0.223E-06  pot  S   0.1000
       545  -0.941046   0.26548  0.77551  0.868E-07  0.218E-06  pot  S   0.1000
       546  -0.941049   0.26542  0.77551  0.851E-07  0.215E-06  pot  S   0.1000
       547  -0.941046   0.26548  0.77551  0.835E-07  0.210E-06  pot  S   0.1000
       548  -0.941049   0.26542  0.77551  0.819E-07  0.206E-06  pot  S   0.1000
       549  -0.941046   0.26548  0.77551  0.803E-07  0.202E-06  pot  S   0.1000
       550  -0.941049   0.26542  0.77551  0.787E-07  0.198E-06  pot  S   0.1000
       551  -0.941046   0.26548  0.77551  0.772E-07  0.194E-06  pot  S   0.1000
       552  -0.941049   0.26543  0.77551  0.757E-07  0.190E-06  pot  S   0.1000
       553  -0.941046   0.26548  0.77551  0.742E-07  0.186E-06  pot  S   0.1000
       554  -0.941049   0.26543  0.77551  0.727E-07  0.183E-06  pot  S   0.1000
       555  -0.941046   0.26547  0.77551  0.713E-07  0.179E-06  pot  S   0.1000
       556  -0.941048   0.26543  0.77551  0.699E-07  0.176E-06  pot  S   0.1000
       557  -0.941046   0.26547  0.77551  0.686E-07  0.172E-06  pot  S   0.1000
       558  -0.941048   0.26543  0.77551  0.672E-07  0.171E-06  pot  S   0.1000
       559  -0.941046   0.26547  0.77551  0.659E-07  0.166E-06  pot  S   0.1000
       560  -0.941048   0.26543  0.77551  0.646E-07  0.164E-06  pot  S   0.1000
       561  -0.941046   0.26547  0.77551  0.634E-07  0.160E-06  pot  S   0.1000
       562  -0.941048   0.26543  0.77551  0.622E-07  0.157E-06  pot  S   0.1000
       563  -0.941046   0.26547  0.77551  0.610E-07  0.155E-06  pot  S   0.1000
       564  -0.941048   0.26543  0.77551  0.598E-07  0.152E-06  pot  S   0.1000
       565  -0.941046   0.26547  0.77551  0.586E-07  0.148E-06  pot  S   0.1000
       566  -0.941048   0.26543  0.77551  0.575E-07  0.145E-06  pot  S   0.1000
       567  -0.941046   0.26547  0.77551  0.564E-07  0.142E-06  pot  S   0.1000
       568  -0.941048   0.26543  0.77551  0.553E-07  0.139E-06  pot  S   0.1000
       569  -0.941047   0.26547  0.77551  0.542E-07  0.137E-06  pot  S   0.1000
       570  -0.941048   0.26543  0.77551  0.532E-07  0.134E-06  pot  S   0.1000
       571  -0.941047   0.26547  0.77551  0.520E-07  0.131E-06  pot  S   0.1000
       572  -0.941048   0.26543  0.77551  0.508E-07  0.128E-06  pot  S   0.1000
       573  -0.941047   0.26547  0.77551  0.498E-07  0.126E-06  pot  S   0.1000
       574  -0.941048   0.26543  0.77551  0.488E-07  0.123E-06  pot  S   0.1000
       575  -0.941047   0.26547  0.77551  0.479E-07  0.121E-06  pot  S   0.1000
       576  -0.941048   0.26544  0.77551  0.470E-07  0.119E-06  pot  S   0.1000
       577  -0.941047   0.26547  0.77551  0.461E-07  0.117E-06  pot  S   0.1000
       578  -0.941048   0.26544  0.77551  0.452E-07  0.114E-06  pot  S   0.1000
       579  -0.941047   0.26547  0.77551  0.443E-07  0.112E-06  pot  S   0.1000
       580  -0.941048   0.26544  0.77551  0.434E-07  0.111E-06  pot  S   0.1000
       581  -0.941047   0.26547  0.77551  0.426E-07  0.108E-06  pot  S   0.1000
       582  -0.941048   0.26544  0.77551  0.418E-07  0.106E-06  pot  S   0.1000
       583  -0.941047   0.26546  0.77551  0.410E-07  0.104E-06  pot  S   0.1000
       584  -0.941048   0.26544  0.77551  0.402E-07  0.103E-06  pot  S   0.1000
       585  -0.941047   0.26546  0.77551  0.394E-07  0.101E-06  pot  S   0.1000
       586  -0.941048   0.26544  0.77551  0.386E-07  0.984E-07  pot  S   0.1000
       587  -0.941047   0.26546  0.77551  0.379E-07  0.971E-07  pot  S   0.1000
       588  -0.941048   0.26544  0.77551  0.372E-07  0.940E-07  pot  S   0.1000
       589  -0.941047   0.26546  0.77551  0.363E-07  0.925E-07  pot  S   0.1000
       590  -0.941048   0.26544  0.77551  0.356E-07  0.904E-07  pot  S   0.1000
       591  -0.941047   0.26546  0.77551  0.349E-07  0.900E-07  pot  S   0.1000
       592  -0.941048   0.26544  0.77551  0.342E-07  0.870E-07  pot  S   0.1000
       593  -0.941047   0.26546  0.77551  0.335E-07  0.855E-07  pot  S   0.1000
       594  -0.941048   0.26544  0.77551  0.329E-07  0.832E-07  pot  S   0.1000
       595  -0.941047   0.26546  0.77551  0.323E-07  0.823E-07  pot  S   0.1000
       596  -0.941048   0.26544  0.77551  0.317E-07  0.825E-07  pot  S   0.1000
       597  -0.941047   0.26546  0.77551  0.311E-07  0.789E-07  pot  S   0.1000
       598  -0.941048   0.26544  0.77551  0.305E-07  0.793E-07  pot  S   0.1000
       599  -0.941047   0.26546  0.77551  0.299E-07  0.773E-07  pot  S   0.1000
       600  -0.941048   0.26544  0.77551  0.293E-07  0.747E-07  pot  S   0.1000
       601  -0.941047   0.26546  0.77551  0.287E-07  0.741E-07  pot  S   0.1000
       602  -0.941048   0.26544  0.77551  0.282E-07  0.731E-07  pot  S   0.1000
       603  -0.941047   0.26546  0.77551  0.277E-07  0.706E-07  pot  S   0.1000
       604  -0.941048   0.26544  0.77551  0.271E-07  0.690E-07  pot  S   0.1000
       605  -0.941047   0.26546  0.77551  0.266E-07  0.679E-07  pot  S   0.1000
       606  -0.941048   0.26544  0.77551  0.261E-07  0.663E-07  pot  S   0.1000
       607  -0.941047   0.26546  0.77551  0.256E-07  0.668E-07  pot  S   0.1000
       608  -0.941048   0.26544  0.77551  0.251E-07  0.652E-07  pot  S   0.1000
       609  -0.941047   0.26546  0.77551  0.246E-07  0.636E-07  pot  S   0.1000
       610  -0.941048   0.26544  0.77551  0.240E-07  0.610E-07  pot  S   0.1000
       611  -0.941047   0.26546  0.77551  0.235E-07  0.604E-07  pot  S   0.1000
       612  -0.941048   0.26544  0.77551  0.230E-07  0.608E-07  pot  S   0.1000
       613  -0.941047   0.26546  0.77551  0.226E-07  0.576E-07  pot  S   0.1000
       614  -0.941048   0.26544  0.77551  0.221E-07  0.564E-07  pot  S   0.1000
       615  -0.941047   0.26546  0.77551  0.217E-07  0.588E-07  pot  S   0.1000
       616  -0.941048   0.26544  0.77551  0.213E-07  0.544E-07  pot  S   0.1000
       617  -0.941047   0.26546  0.77551  0.209E-07  0.532E-07  pot  S   0.1000
       618  -0.941048   0.26544  0.77551  0.205E-07  0.532E-07  pot  S   0.1000
       619  -0.941047   0.26546  0.77551  0.201E-07  0.512E-07  pot  S   0.1000
       620  -0.941048   0.26544  0.77551  0.197E-07  0.523E-07  pot  S   0.1000
       621  -0.941047   0.26546  0.77551  0.193E-07  0.508E-07  pot  S   0.1000
       622  -0.941048   0.26544  0.77551  0.190E-07  0.511E-07  pot  S   0.1000
       623  -0.941047   0.26546  0.77551  0.186E-07  0.491E-07  pot  S   0.1000
       624  -0.941048   0.26545  0.77551  0.182E-07  0.478E-07  pot  S   0.1000
       625  -0.941047   0.26546  0.77551  0.179E-07  0.459E-07  pot  S   0.1000
       626  -0.941048   0.26545  0.77551  0.175E-07  0.448E-07  pot  S   0.1000
       627  -0.941047   0.26546  0.77551  0.172E-07  0.475E-07  pot  S   0.1000
       628  -0.941048   0.26545  0.77551  0.169E-07  0.459E-07  pot  S   0.1000
       629  -0.941047   0.26546  0.77551  0.166E-07  0.425E-07  pot  S   0.1000
       630  -0.941048   0.26545  0.77551  0.162E-07  0.455E-07  pot  S   0.1000
       631  -0.941047   0.26546  0.77551  0.159E-07  0.435E-07  pot  S   0.1000
       632  -0.941048   0.26545  0.77551  0.156E-07  0.438E-07  pot  S   0.1000
       633  -0.941047   0.26546  0.77551  0.153E-07  0.423E-07  pot  S   0.1000
       634  -0.941048   0.26545  0.77551  0.150E-07  0.396E-07  pot  S   0.1000
       635  -0.941047   0.26546  0.77551  0.147E-07  0.384E-07  pot  S   0.1000
       636  -0.941048   0.26545  0.77551  0.144E-07  0.396E-07  pot  S   0.1000
       637  -0.941047   0.26546  0.77551  0.142E-07  0.384E-07  pot  S   0.1000
       638  -0.941048   0.26545  0.77551  0.139E-07  0.406E-07  pot  S   0.1000
       639  -0.941047   0.26546  0.77551  0.136E-07  0.360E-07  pot  S   0.1000
       640  -0.941048   0.26545  0.77551  0.134E-07  0.355E-07  pot  S   0.1000
       641  -0.941047   0.26546  0.77551  0.131E-07  0.379E-07  pot  S   0.1000
       642  -0.941048   0.26545  0.77551  0.129E-07  0.338E-07  pot  S   0.1000
       643  -0.941047   0.26546  0.77551  0.126E-07  0.367E-07  pot  S   0.1000
       644  -0.941048   0.26545  0.77551  0.123E-07  0.326E-07  pot  S   0.1000
       645  -0.941047   0.26546  0.77551  0.121E-07  0.352E-07  pot  S   0.1000
       646  -0.941048   0.26545  0.77551  0.118E-07  0.307E-07  pot  S   0.1000
       647  -0.941047   0.26545  0.77551  0.115E-07  0.318E-07  pot  S   0.1000
       648  -0.941048   0.26545  0.77551  0.113E-07  0.322E-07  pot  S   0.1000
       649  -0.941047   0.26545  0.77551  0.110E-07  0.329E-07  pot  S   0.1000
       650  -0.941048   0.26545  0.77551  0.108E-07  0.290E-07  pot  S   0.1000
       651  -0.941047   0.26545  0.77551  0.106E-07  0.292E-07  pot  S   0.1000
       652  -0.941048   0.26545  0.77551  0.104E-07  0.283E-07  pot  S   0.1000
       653  -0.941047   0.26545  0.77551  0.102E-07  0.311E-07  pot  S   0.1000
       654  -0.941048   0.26545  0.77551  0.101E-07  0.327E-07  pot  S   0.1000
       655  -0.941047   0.26545  0.77551  0.988E-08  0.303E-07  pot  S   0.1000
       656  -0.941048   0.26545  0.77551  0.970E-08  0.272E-07  pot  S   0.1000
       657  -0.941047   0.26545  0.77551  0.951E-08  0.279E-07  pot  S   0.1000
       658  -0.941048   0.26545  0.77551  0.934E-08  0.260E-07  pot  S   0.1000
       659  -0.941047   0.26545  0.77551  0.916E-08  0.245E-07  pot  S   0.1000
       660  -0.941048   0.26545  0.77551  0.898E-08  0.240E-07  pot  S   0.1000
       661  -0.941047   0.26545  0.77551  0.881E-08  0.271E-07  pot  S   0.1000
       662  -0.941048   0.26545  0.77551  0.861E-08  0.233E-07  pot  S   0.1000
       663  -0.941047   0.26545  0.77551  0.842E-08  0.241E-07  pot  S   0.1000
       664  -0.941047   0.26545  0.77551  0.827E-08  0.323E-07  pot  S   0.1000
       665  -0.941047   0.26545  0.77551  0.812E-08  0.231E-07  pot  S   0.1000
       666  -0.941047   0.26545  0.77551  0.797E-08  0.232E-07  pot  S   0.1000
       667  -0.941047   0.26545  0.77551  0.781E-08  0.213E-07  pot  S   0.1000
       668  -0.941047   0.26545  0.77551  0.764E-08  0.218E-07  pot  S   0.1000
       669  -0.941047   0.26545  0.77551  0.748E-08  0.314E-07  pot  S   0.1000
       670  -0.941047   0.26545  0.77551  0.732E-08  0.203E-07  pot  S   0.1000
       671  -0.941047   0.26545  0.77551  0.719E-08  0.239E-07  pot  S   0.1000
       672  -0.941047   0.26545  0.77551  0.705E-08  0.218E-07  pot  S   0.1000
       673  -0.941047   0.26545  0.77551  0.690E-08  0.210E-07  pot  S   0.1000
       674  -0.941047   0.26545  0.77551  0.677E-08  0.296E-07  pot  S   0.1000
       675  -0.941047   0.26545  0.77551  0.664E-08  0.189E-07  pot  S   0.1000
       676  -0.941047   0.26545  0.77551  0.650E-08  0.182E-07  pot  S   0.1000
       677  -0.941047   0.26545  0.77551  0.638E-08  0.220E-07  pot  S   0.1000
       678  -0.941047   0.26545  0.77551  0.625E-08  0.175E-07  pot  S   0.1000
       679  -0.941047   0.26545  0.77551  0.612E-08  0.270E-07  pot  S   0.1000
       680  -0.941047   0.26545  0.77551  0.601E-08  0.251E-07  pot  S   0.1000
       681  -0.941047   0.26545  0.77551  0.590E-08  0.233E-07  pot  S   0.1000
       682  -0.941047   0.26545  0.77551  0.578E-08  0.187E-07  pot  S   0.1000
       683  -0.941047   0.26545  0.77551  0.568E-08  0.185E-07  pot  S   0.1000
       684  -0.941047   0.26545  0.77551  0.558E-08  0.231E-07  pot  S   0.1000
       685  -0.941047   0.26545  0.77551  0.545E-08  0.230E-07  pot  S   0.1000
       686  -0.941047   0.26545  0.77551  0.534E-08  0.227E-07  pot  S   0.1000
       687  -0.941047   0.26545  0.77551  0.523E-08  0.168E-07  pot  S   0.1000
       688  -0.941047   0.26545  0.77551  0.512E-08  0.177E-07  pot  S   0.1000
       689  -0.941047   0.26545  0.77551  0.499E-08  0.192E-07  pot  S   0.1000
       690  -0.941047   0.26545  0.77551  0.488E-08  0.179E-07  pot  S   0.1000
       691  -0.941047   0.26545  0.77551  0.478E-08  0.168E-07  pot  S   0.1000
       692  -0.941047   0.26545  0.77551  0.469E-08  0.265E-07  pot  S   0.1000
       693  -0.941047   0.26545  0.77551  0.460E-08  0.147E-07  pot  S   0.1000
       694  -0.941047   0.26545  0.77551  0.450E-08  0.158E-07  pot  S   0.1000
       695  -0.941047   0.26545  0.77551  0.440E-08  0.136E-07  pot  S   0.1000
       696  -0.941047   0.26545  0.77551  0.431E-08  0.160E-07  pot  S   0.1000
       697  -0.941047   0.26545  0.77551  0.420E-08  0.264E-07  pot  S   0.1000
       698  -0.941047   0.26545  0.77551  0.411E-08  0.133E-07  pot  S   0.1000
       699  -0.941047   0.26545  0.77551  0.403E-08  0.244E-07  pot  S   0.1000
       700  -0.941047   0.26545  0.77551  0.396E-08  0.148E-07  pot  S   0.1000
       701  -0.941047   0.26545  0.77551  0.389E-08  0.178E-07  pot  S   0.1000
       702  -0.941047   0.26545  0.77551  0.381E-08  0.130E-07  pot  S   0.1000
       703  -0.941047   0.26545  0.77551  0.374E-08  0.166E-07  pot  S   0.1000
       704  -0.941047   0.26545  0.77551  0.366E-08  0.154E-07  pot  S   0.1000
       705  -0.941047   0.26545  0.77551  0.359E-08  0.130E-07  pot  S   0.1000
       706  -0.941047   0.26545  0.77551  0.352E-08  0.182E-07  pot  S   0.1000
       707  -0.941047   0.26545  0.77551  0.343E-08  0.116E-07  pot  S   0.1000
       708  -0.941047   0.26545  0.77551  0.334E-08  0.131E-07  pot  S   0.1000
       709  -0.941047   0.26545  0.77551  0.328E-08  0.165E-07  pot  S   0.1000
       710  -0.941047   0.26545  0.77551  0.321E-08  0.234E-07  pot  S   0.1000
       711  -0.941047   0.26545  0.77551  0.315E-08  0.213E-07  pot  S   0.1000
       712  -0.941047   0.26545  0.77551  0.309E-08  0.158E-07  pot  S   0.1000
       713  -0.941047   0.26545  0.77551  0.303E-08  0.123E-07  pot  S   0.1000
       714  -0.941047   0.26545  0.77551  0.296E-08  0.157E-07  pot  S   0.1000
       715  -0.941047   0.26545  0.77551  0.288E-08  0.152E-07  pot  S   0.1000
       716  -0.941047   0.26545  0.77551  0.281E-08  0.214E-07  pot  S   0.1000
       717  -0.941047   0.26545  0.77551  0.274E-08  0.194E-07  pot  S   0.1000
       718  -0.941047   0.26545  0.77551  0.268E-08  0.178E-07  pot  S   0.1000
       719  -0.941047   0.26545  0.77551  0.264E-08  0.162E-07  pot  S   0.1000
       720  -0.941047   0.26545  0.77551  0.259E-08  0.148E-07  pot  S   0.1000
       721  -0.941047   0.26545  0.77551  0.254E-08  0.125E-07  pot  S   0.1000
       722  -0.941047   0.26545  0.77551  0.249E-08  0.114E-07  pot  S   0.1000
       723  -0.941047   0.26545  0.77551  0.243E-08  0.237E-07  pot  S   0.1000
       724  -0.941047   0.26545  0.77551  0.240E-08  0.112E-07  pot  S   0.1000
       725  -0.941047   0.26545  0.77551  0.237E-08  0.216E-07  pot  S   0.1000
       726  -0.941047   0.26545  0.77551  0.234E-08  0.112E-07  pot  S   0.1000
       727  -0.941047   0.26545  0.77551  0.230E-08  0.202E-07  pot  S   0.1000
       728  -0.941047   0.26545  0.77551  0.227E-08  0.186E-07  pot  S   0.1000
       729  -0.941047   0.26545  0.77551  0.222E-08  0.111E-07  pot  S   0.1000
       730  -0.941047   0.26545  0.77551  0.217E-08  0.145E-07  pot  S   0.1000
       731  -0.941047   0.26545  0.77551  0.212E-08  0.106E-07  pot  S   0.1000
       732  -0.941047   0.26545  0.77551  0.207E-08  0.175E-07  pot  S   0.1000
       733  -0.941047   0.26545  0.77551  0.203E-08  0.972E-08  pot  S   0.1000
       734  -0.941047   0.26545  0.77551  0.199E-08  0.200E-07  pot  S   0.1000
       735  -0.941047   0.26545  0.77551  0.195E-08  0.173E-07  pot  S   0.1000
       736  -0.941047   0.26545  0.77551  0.191E-08  0.983E-08  pot  S   0.1000
       737  -0.941047   0.26545  0.77551  0.188E-08  0.198E-07  pot  S   0.1000
       738  -0.941047   0.26545  0.77551  0.186E-08  0.136E-07  pot  S   0.1000
       739  -0.941047   0.26545  0.77551  0.183E-08  0.154E-07  pot  S   0.1000
       740  -0.941047   0.26545  0.77551  0.180E-08  0.193E-07  pot  S   0.1000
       741  -0.941047   0.26545  0.77551  0.177E-08  0.110E-07  pot  S   0.1000
       742  -0.941047   0.26545  0.77551  0.173E-08  0.130E-07  pot  S   0.1000
       743  -0.941047   0.26545  0.77551  0.170E-08  0.119E-07  pot  S   0.1000
       744  -0.941047   0.26545  0.77551  0.167E-08  0.112E-07  pot  S   0.1000
       745  -0.941047   0.26545  0.77551  0.164E-08  0.114E-07  pot  S   0.1000
       746  -0.941047   0.26545  0.77551  0.160E-08  0.104E-07  pot  S   0.1000
       747  -0.941047   0.26545  0.77551  0.156E-08  0.156E-07  pot  S   0.1000
