 ir        r            Re[f(r)]            Im[f(r)]
    1  0.00001379     -0.17068927D-17      0.00000000D+00
    2  0.00001396     -0.17919736D-17      0.00000000D+00
    3  0.00001413     -0.18812951D-17      0.00000000D+00
    4  0.00001431     -0.19750688D-17      0.00000000D+00
    5  0.00001448     -0.20735155D-17      0.00000000D+00
    6  0.00001466     -0.21768695D-17      0.00000000D+00
    7  0.00001484     -0.22853744D-17      0.00000000D+00
    8  0.00001502     -0.23992877D-17      0.00000000D+00
    9  0.00001520     -0.25188787D-17      0.00000000D+00
   10  0.00001539     -0.26444305D-17      0.00000000D+00
   11  0.00001558     -0.27762400D-17      0.00000000D+00
   12  0.00001577     -0.29146193D-17      0.00000000D+00
   13  0.00001596     -0.30598957D-17      0.00000000D+00
   14  0.00001616     -0.32124130D-17      0.00000000D+00
   15  0.00001636     -0.33725320D-17      0.00000000D+00
   16  0.00001656     -0.35406317D-17      0.00000000D+00
   17  0.00001676     -0.37171098D-17      0.00000000D+00
   18  0.00001696     -0.39023838D-17      0.00000000D+00
   19  0.00001717     -0.40968921D-17      0.00000000D+00
   20  0.00001738     -0.43010950D-17      0.00000000D+00
   21  0.00001759     -0.45154756D-17      0.00000000D+00
   22  0.00001781     -0.47405411D-17      0.00000000D+00
   23  0.00001803     -0.49768242D-17      0.00000000D+00
   24  0.00001825     -0.52248837D-17      0.00000000D+00
   25  0.00001847     -0.54853067D-17      0.00000000D+00
   26  0.00001870     -0.57587093D-17      0.00000000D+00
   27  0.00001893     -0.60457383D-17      0.00000000D+00
   28  0.00001916     -0.63470729D-17      0.00000000D+00
   29  0.00001939     -0.66634261D-17      0.00000000D+00
   30  0.00001963     -0.69955462D-17      0.00000000D+00
   31  0.00001987     -0.73442191D-17      0.00000000D+00
   32  0.00002011     -0.77102697D-17      0.00000000D+00
   33  0.00002036     -0.80945640D-17      0.00000000D+00
   34  0.00002061     -0.84980113D-17      0.00000000D+00
   35  0.00002086     -0.89215660D-17      0.00000000D+00
   36  0.00002112     -0.93662301D-17      0.00000000D+00
   37  0.00002137     -0.98330558D-17      0.00000000D+00
   38  0.00002163     -0.10323147D-16      0.00000000D+00
   39  0.00002190     -0.10837664D-16      0.00000000D+00
   40  0.00002217     -0.11377824D-16      0.00000000D+00
   41  0.00002244     -0.11944904D-16      0.00000000D+00
   42  0.00002271     -0.12540246D-16      0.00000000D+00
   43  0.00002299     -0.13165258D-16      0.00000000D+00
   44  0.00002327     -0.13821420D-16      0.00000000D+00
   45  0.00002356     -0.14510283D-16      0.00000000D+00
   46  0.00002385     -0.15233476D-16      0.00000000D+00
   47  0.00002414     -0.15992712D-16      0.00000000D+00
   48  0.00002443     -0.16789785D-16      0.00000000D+00
   49  0.00002473     -0.17626581D-16      0.00000000D+00
   50  0.00002503     -0.18505081D-16      0.00000000D+00
   51  0.00002534     -0.19427361D-16      0.00000000D+00
   52  0.00002565     -0.20395604D-16      0.00000000D+00
   53  0.00002596     -0.21412100D-16      0.00000000D+00
   54  0.00002628     -0.22479254D-16      0.00000000D+00
   55  0.00002660     -0.23599589D-16      0.00000000D+00
   56  0.00002693     -0.24775757D-16      0.00000000D+00
   57  0.00002726     -0.26010538D-16      0.00000000D+00
   58  0.00002759     -0.27306855D-16      0.00000000D+00
   59  0.00002793     -0.28667772D-16      0.00000000D+00
   60  0.00002827     -0.30096510D-16      0.00000000D+00
   61  0.00002862     -0.31596448D-16      0.00000000D+00
   62  0.00002897     -0.33171132D-16      0.00000000D+00
   63  0.00002932     -0.34824289D-16      0.00000000D+00
   64  0.00002968     -0.36559828D-16      0.00000000D+00
   65  0.00003005     -0.38381854D-16      0.00000000D+00
   66  0.00003041     -0.40294677D-16      0.00000000D+00
   67  0.00003078     -0.42302820D-16      0.00000000D+00
   68  0.00003116     -0.44411034D-16      0.00000000D+00
   69  0.00003154     -0.46624304D-16      0.00000000D+00
   70  0.00003193     -0.48947865D-16      0.00000000D+00
   71  0.00003232     -0.51387213D-16      0.00000000D+00
   72  0.00003272     -0.53948116D-16      0.00000000D+00
   73  0.00003312     -0.56636632D-16      0.00000000D+00
   74  0.00003352     -0.59459118D-16      0.00000000D+00
   75  0.00003393     -0.62422250D-16      0.00000000D+00
   76  0.00003435     -0.65533035D-16      0.00000000D+00
   77  0.00003477     -0.68798830D-16      0.00000000D+00
   78  0.00003519     -0.72227358D-16      0.00000000D+00
   79  0.00003562     -0.75826728D-16      0.00000000D+00
   80  0.00003606     -0.79605450D-16      0.00000000D+00
   81  0.00003650     -0.83572462D-16      0.00000000D+00
   82  0.00003695     -0.87737143D-16      0.00000000D+00
   83  0.00003740     -0.92109343D-16      0.00000000D+00
   84  0.00003786     -0.96699399D-16      0.00000000D+00
   85  0.00003832     -0.10151817D-15      0.00000000D+00
   86  0.00003879     -0.10657704D-15      0.00000000D+00
   87  0.00003926     -0.11188798D-15      0.00000000D+00
   88  0.00003974     -0.11746355D-15      0.00000000D+00
   89  0.00004023     -0.12331693D-15      0.00000000D+00
   90  0.00004072     -0.12946195D-15      0.00000000D+00
   91  0.00004122     -0.13591316D-15      0.00000000D+00
   92  0.00004172     -0.14268580D-15      0.00000000D+00
   93  0.00004223     -0.14979589D-15      0.00000000D+00
   94  0.00004275     -0.15726023D-15      0.00000000D+00
   95  0.00004327     -0.16509648D-15      0.00000000D+00
   96  0.00004380     -0.17332316D-15      0.00000000D+00
   97  0.00004434     -0.18195972D-15      0.00000000D+00
   98  0.00004488     -0.19102658D-15      0.00000000D+00
   99  0.00004543     -0.20054518D-15      0.00000000D+00
  100  0.00004599     -0.21053802D-15      0.00000000D+00
  101  0.00004655     -0.22102873D-15      0.00000000D+00
  102  0.00004712     -0.23204210D-15      0.00000000D+00
  103  0.00004770     -0.24360417D-15      0.00000000D+00
  104  0.00004828     -0.25574227D-15      0.00000000D+00
  105  0.00004887     -0.26848510D-15      0.00000000D+00
  106  0.00004947     -0.28186277D-15      0.00000000D+00
  107  0.00005008     -0.29590692D-15      0.00000000D+00
  108  0.00005069     -0.31065074D-15      0.00000000D+00
  109  0.00005131     -0.32612908D-15      0.00000000D+00
  110  0.00005194     -0.34237853D-15      0.00000000D+00
  111  0.00005257     -0.35943750D-15      0.00000000D+00
  112  0.00005321     -0.37734630D-15      0.00000000D+00
  113  0.00005387     -0.39614727D-15      0.00000000D+00
  114  0.00005453     -0.41588484D-15      0.00000000D+00
  115  0.00005519     -0.43660567D-15      0.00000000D+00
  116  0.00005587     -0.45835872D-15      0.00000000D+00
  117  0.00005655     -0.48119541D-15      0.00000000D+00
  118  0.00005724     -0.50516971D-15      0.00000000D+00
  119  0.00005794     -0.53033828D-15      0.00000000D+00
  120  0.00005865     -0.55676060D-15      0.00000000D+00
  121  0.00005937     -0.58449910D-15      0.00000000D+00
  122  0.00006010     -0.61361935D-15      0.00000000D+00
  123  0.00006083     -0.64419015D-15      0.00000000D+00
  124  0.00006158     -0.67628375D-15      0.00000000D+00
  125  0.00006233     -0.70997598D-15      0.00000000D+00
  126  0.00006309     -0.74534646D-15      0.00000000D+00
  127  0.00006387     -0.78247877D-15      0.00000000D+00
  128  0.00006465     -0.82146064D-15      0.00000000D+00
  129  0.00006544     -0.86238417D-15      0.00000000D+00
  130  0.00006624     -0.90534607D-15      0.00000000D+00
  131  0.00006705     -0.95044784D-15      0.00000000D+00
  132  0.00006787     -0.99779603D-15      0.00000000D+00
  133  0.00006870     -0.10475025D-14      0.00000000D+00
  134  0.00006954     -0.10996847D-14      0.00000000D+00
  135  0.00007039     -0.11544659D-14      0.00000000D+00
  136  0.00007125     -0.12119755D-14      0.00000000D+00
  137  0.00007212     -0.12723494D-14      0.00000000D+00
  138  0.00007301     -0.13357302D-14      0.00000000D+00
  139  0.00007390     -0.14022676D-14      0.00000000D+00
  140  0.00007481     -0.14721188D-14      0.00000000D+00
  141  0.00007572     -0.15454488D-14      0.00000000D+00
  142  0.00007665     -0.16224307D-14      0.00000000D+00
  143  0.00007758     -0.17032465D-14      0.00000000D+00
  144  0.00007853     -0.17880870D-14      0.00000000D+00
  145  0.00007950     -0.18771525D-14      0.00000000D+00
  146  0.00008047     -0.19706535D-14      0.00000000D+00
  147  0.00008145     -0.20688107D-14      0.00000000D+00
  148  0.00008245     -0.21718560D-14      0.00000000D+00
  149  0.00008346     -0.22800327D-14      0.00000000D+00
  150  0.00008448     -0.23935963D-14      0.00000000D+00
  151  0.00008551     -0.25128149D-14      0.00000000D+00
  152  0.00008656     -0.26379700D-14      0.00000000D+00
  153  0.00008762     -0.27693573D-14      0.00000000D+00
  154  0.00008869     -0.29072868D-14      0.00000000D+00
  155  0.00008978     -0.30520844D-14      0.00000000D+00
  156  0.00009088     -0.32040918D-14      0.00000000D+00
  157  0.00009199     -0.33636679D-14      0.00000000D+00
  158  0.00009311     -0.35311896D-14      0.00000000D+00
  159  0.00009425     -0.37070522D-14      0.00000000D+00
  160  0.00009541     -0.38916709D-14      0.00000000D+00
  161  0.00009657     -0.40854817D-14      0.00000000D+00
  162  0.00009775     -0.42889419D-14      0.00000000D+00
  163  0.00009895     -0.45025319D-14      0.00000000D+00
  164  0.00010016     -0.47267557D-14      0.00000000D+00
  165  0.00010139     -0.49621427D-14      0.00000000D+00
  166  0.00010263     -0.52092485D-14      0.00000000D+00
  167  0.00010388     -0.54686561D-14      0.00000000D+00
  168  0.00010516     -0.57409780D-14      0.00000000D+00
  169  0.00010644     -0.60268566D-14      0.00000000D+00
  170  0.00010774     -0.63269667D-14      0.00000000D+00
  171  0.00010906     -0.66420165D-14      0.00000000D+00
  172  0.00011040     -0.69727495D-14      0.00000000D+00
  173  0.00011175     -0.73199459D-14      0.00000000D+00
  174  0.00011312     -0.76844250D-14      0.00000000D+00
  175  0.00011450     -0.80670469D-14      0.00000000D+00
  176  0.00011590     -0.84687141D-14      0.00000000D+00
  177  0.00011732     -0.88903745D-14      0.00000000D+00
  178  0.00011875     -0.93330226D-14      0.00000000D+00
  179  0.00012021     -0.97977028D-14      0.00000000D+00
  180  0.00012168     -0.10285511D-13      0.00000000D+00
  181  0.00012317     -0.10797598D-13      0.00000000D+00
  182  0.00012468     -0.11335172D-13      0.00000000D+00
  183  0.00012620     -0.11899501D-13      0.00000000D+00
  184  0.00012775     -0.12491915D-13      0.00000000D+00
  185  0.00012931     -0.13113813D-13      0.00000000D+00
  186  0.00013089     -0.13766659D-13      0.00000000D+00
  187  0.00013249     -0.14451995D-13      0.00000000D+00
  188  0.00013411     -0.15171435D-13      0.00000000D+00
  189  0.00013575     -0.15926677D-13      0.00000000D+00
  190  0.00013742     -0.16719502D-13      0.00000000D+00
  191  0.00013910     -0.17551778D-13      0.00000000D+00
  192  0.00014080     -0.18425467D-13      0.00000000D+00
  193  0.00014252     -0.19342631D-13      0.00000000D+00
  194  0.00014427     -0.20305429D-13      0.00000000D+00
  195  0.00014603     -0.21316133D-13      0.00000000D+00
  196  0.00014782     -0.22377125D-13      0.00000000D+00
  197  0.00014963     -0.23490904D-13      0.00000000D+00
  198  0.00015146     -0.24660097D-13      0.00000000D+00
  199  0.00015331     -0.25887459D-13      0.00000000D+00
  200  0.00015519     -0.27175883D-13      0.00000000D+00
  201  0.00015709     -0.28528404D-13      0.00000000D+00
  202  0.00015901     -0.29948209D-13      0.00000000D+00
  203  0.00016095     -0.31438645D-13      0.00000000D+00
  204  0.00016292     -0.33003222D-13      0.00000000D+00
  205  0.00016492     -0.34645627D-13      0.00000000D+00
  206  0.00016694     -0.36369729D-13      0.00000000D+00
  207  0.00016898     -0.38179589D-13      0.00000000D+00
  208  0.00017105     -0.40079471D-13      0.00000000D+00
  209  0.00017314     -0.42073849D-13      0.00000000D+00
  210  0.00017526     -0.44167422D-13      0.00000000D+00
  211  0.00017740     -0.46365119D-13      0.00000000D+00
  212  0.00017957     -0.48672117D-13      0.00000000D+00
  213  0.00018177     -0.51093847D-13      0.00000000D+00
  214  0.00018400     -0.53636012D-13      0.00000000D+00
  215  0.00018625     -0.56304597D-13      0.00000000D+00
  216  0.00018853     -0.59105886D-13      0.00000000D+00
  217  0.00019083     -0.62046473D-13      0.00000000D+00
  218  0.00019317     -0.65133281D-13      0.00000000D+00
  219  0.00019553     -0.68373574D-13      0.00000000D+00
  220  0.00019792     -0.71774981D-13      0.00000000D+00
  221  0.00020035     -0.75345507D-13      0.00000000D+00
  222  0.00020280     -0.79093553D-13      0.00000000D+00
  223  0.00020528     -0.83027941D-13      0.00000000D+00
  224  0.00020779     -0.87157928D-13      0.00000000D+00
  225  0.00021033     -0.91493231D-13      0.00000000D+00
  226  0.00021291     -0.96044049D-13      0.00000000D+00
  227  0.00021551     -0.10082109D-12      0.00000000D+00
  228  0.00021815     -0.10583559D-12      0.00000000D+00
  229  0.00022082     -0.11109934D-12      0.00000000D+00
  230  0.00022352     -0.11662473D-12      0.00000000D+00
  231  0.00022626     -0.12242474D-12      0.00000000D+00
  232  0.00022903     -0.12851302D-12      0.00000000D+00
  233  0.00023183     -0.13490389D-12      0.00000000D+00
  234  0.00023467     -0.14161236D-12      0.00000000D+00
  235  0.00023754     -0.14865422D-12      0.00000000D+00
  236  0.00024044     -0.15604601D-12      0.00000000D+00
  237  0.00024339     -0.16380511D-12      0.00000000D+00
  238  0.00024636     -0.17194975D-12      0.00000000D+00
  239  0.00024938     -0.18049909D-12      0.00000000D+00
  240  0.00025243     -0.18947320D-12      0.00000000D+00
  241  0.00025552     -0.19889318D-12      0.00000000D+00
  242  0.00025865     -0.20878116D-12      0.00000000D+00
  243  0.00026181     -0.21916037D-12      0.00000000D+00
  244  0.00026502     -0.23005518D-12      0.00000000D+00
  245  0.00026826     -0.24149120D-12      0.00000000D+00
  246  0.00027154     -0.25349528D-12      0.00000000D+00
  247  0.00027486     -0.26609561D-12      0.00000000D+00
  248  0.00027823     -0.27932178D-12      0.00000000D+00
  249  0.00028163     -0.29320485D-12      0.00000000D+00
  250  0.00028508     -0.30777740D-12      0.00000000D+00
  251  0.00028857     -0.32307365D-12      0.00000000D+00
  252  0.00029210     -0.33912950D-12      0.00000000D+00
  253  0.00029567     -0.35598264D-12      0.00000000D+00
  254  0.00029929     -0.37367261D-12      0.00000000D+00
  255  0.00030295     -0.39224092D-12      0.00000000D+00
  256  0.00030666     -0.41173115D-12      0.00000000D+00
  257  0.00031041     -0.43218901D-12      0.00000000D+00
  258  0.00031421     -0.45366249D-12      0.00000000D+00
  259  0.00031806     -0.47620196D-12      0.00000000D+00
  260  0.00032195     -0.49986028D-12      0.00000000D+00
  261  0.00032589     -0.52469292D-12      0.00000000D+00
  262  0.00032987     -0.55075811D-12      0.00000000D+00
  263  0.00033391     -0.57811696D-12      0.00000000D+00
  264  0.00033800     -0.60683360D-12      0.00000000D+00
  265  0.00034213     -0.63697533D-12      0.00000000D+00
  266  0.00034632     -0.66861280D-12      0.00000000D+00
  267  0.00035056     -0.70182014D-12      0.00000000D+00
  268  0.00035485     -0.73667514D-12      0.00000000D+00
  269  0.00035919     -0.77325947D-12      0.00000000D+00
  270  0.00036358     -0.81165882D-12      0.00000000D+00
  271  0.00036803     -0.85196312D-12      0.00000000D+00
  272  0.00037254     -0.89426675D-12      0.00000000D+00
  273  0.00037710     -0.93866876D-12      0.00000000D+00
  274  0.00038171     -0.98527311D-12      0.00000000D+00
  275  0.00038638     -0.10341889D-11      0.00000000D+00
  276  0.00039111     -0.10855306D-11      0.00000000D+00
  277  0.00039590     -0.11394183D-11      0.00000000D+00
  278  0.00040074     -0.11959782D-11      0.00000000D+00
  279  0.00040564     -0.12553425D-11      0.00000000D+00
  280  0.00041061     -0.13176502D-11      0.00000000D+00
  281  0.00041563     -0.13830469D-11      0.00000000D+00
  282  0.00042072     -0.14516856D-11      0.00000000D+00
  283  0.00042587     -0.15237268D-11      0.00000000D+00
  284  0.00043108     -0.15993388D-11      0.00000000D+00
  285  0.00043635     -0.16786984D-11      0.00000000D+00
  286  0.00044169     -0.17619911D-11      0.00000000D+00
  287  0.00044710     -0.18494115D-11      0.00000000D+00
  288  0.00045257     -0.19411638D-11      0.00000000D+00
  289  0.00045811     -0.20374624D-11      0.00000000D+00
  290  0.00046371     -0.21385321D-11      0.00000000D+00
  291  0.00046939     -0.22446090D-11      0.00000000D+00
  292  0.00047513     -0.23559407D-11      0.00000000D+00
  293  0.00048094     -0.24727871D-11      0.00000000D+00
  294  0.00048683     -0.25954209D-11      0.00000000D+00
  295  0.00049279     -0.27241283D-11      0.00000000D+00
  296  0.00049882     -0.28592095D-11      0.00000000D+00
  297  0.00050492     -0.30009798D-11      0.00000000D+00
  298  0.00051110     -0.31497696D-11      0.00000000D+00
  299  0.00051735     -0.33059260D-11      0.00000000D+00
  300  0.00052368     -0.34698130D-11      0.00000000D+00
  301  0.00053009     -0.36418126D-11      0.00000000D+00
  302  0.00053658     -0.38223257D-11      0.00000000D+00
  303  0.00054314     -0.40117729D-11      0.00000000D+00
  304  0.00054979     -0.42105956D-11      0.00000000D+00
  305  0.00055652     -0.44192567D-11      0.00000000D+00
  306  0.00056333     -0.46382422D-11      0.00000000D+00
  307  0.00057022     -0.48680619D-11      0.00000000D+00
  308  0.00057720     -0.51092509D-11      0.00000000D+00
  309  0.00058426     -0.53623704D-11      0.00000000D+00
  310  0.00059141     -0.56280093D-11      0.00000000D+00
  311  0.00059865     -0.59067856D-11      0.00000000D+00
  312  0.00060597     -0.61993477D-11      0.00000000D+00
  313  0.00061339     -0.65063758D-11      0.00000000D+00
  314  0.00062090     -0.68285837D-11      0.00000000D+00
  315  0.00062849     -0.71667202D-11      0.00000000D+00
  316  0.00063618     -0.75215712D-11      0.00000000D+00
  317  0.00064397     -0.78939609D-11      0.00000000D+00
  318  0.00065185     -0.82847543D-11      0.00000000D+00
  319  0.00065983     -0.86948589D-11      0.00000000D+00
  320  0.00066790     -0.91252266D-11      0.00000000D+00
  321  0.00067607     -0.95768564D-11      0.00000000D+00
  322  0.00068435     -0.10050796D-10      0.00000000D+00
  323  0.00069272     -0.10548145D-10      0.00000000D+00
  324  0.00070120     -0.11070058D-10      0.00000000D+00
  325  0.00070978     -0.11617743D-10      0.00000000D+00
  326  0.00071846     -0.12192471D-10      0.00000000D+00
  327  0.00072725     -0.12795573D-10      0.00000000D+00
  328  0.00073615     -0.13428448D-10      0.00000000D+00
  329  0.00074516     -0.14092560D-10      0.00000000D+00
  330  0.00075428     -0.14789447D-10      0.00000000D+00
  331  0.00076351     -0.15520723D-10      0.00000000D+00
  332  0.00077285     -0.16288081D-10      0.00000000D+00
  333  0.00078231     -0.17093295D-10      0.00000000D+00
  334  0.00079188     -0.17938228D-10      0.00000000D+00
  335  0.00080157     -0.18824835D-10      0.00000000D+00
  336  0.00081138     -0.19755163D-10      0.00000000D+00
  337  0.00082131     -0.20731365D-10      0.00000000D+00
  338  0.00083136     -0.21755694D-10      0.00000000D+00
  339  0.00084153     -0.22830516D-10      0.00000000D+00
  340  0.00085183     -0.23958315D-10      0.00000000D+00
  341  0.00086226     -0.25141691D-10      0.00000000D+00
  342  0.00087281     -0.26383377D-10      0.00000000D+00
  343  0.00088349     -0.27686237D-10      0.00000000D+00
  344  0.00089430     -0.29053274D-10      0.00000000D+00
  345  0.00090524     -0.30487641D-10      0.00000000D+00
  346  0.00091632     -0.31992643D-10      0.00000000D+00
  347  0.00092753     -0.33571747D-10      0.00000000D+00
  348  0.00093888     -0.35228589D-10      0.00000000D+00
  349  0.00095037     -0.36966985D-10      0.00000000D+00
  350  0.00096200     -0.38790934D-10      0.00000000D+00
  351  0.00097377     -0.40704634D-10      0.00000000D+00
  352  0.00098569     -0.42712485D-10      0.00000000D+00
  353  0.00099775     -0.44819102D-10      0.00000000D+00
  354  0.00100996     -0.47029328D-10      0.00000000D+00
  355  0.00102232     -0.49348241D-10      0.00000000D+00
  356  0.00103483     -0.51781164D-10      0.00000000D+00
  357  0.00104749     -0.54333683D-10      0.00000000D+00
  358  0.00106031     -0.57011656D-10      0.00000000D+00
  359  0.00107328     -0.59821224D-10      0.00000000D+00
  360  0.00108642     -0.62768831D-10      0.00000000D+00
  361  0.00109971     -0.65861232D-10      0.00000000D+00
  362  0.00111317     -0.69105512D-10      0.00000000D+00
  363  0.00112679     -0.72509101D-10      0.00000000D+00
  364  0.00114058     -0.76079790D-10      0.00000000D+00
  365  0.00115453     -0.79825751D-10      0.00000000D+00
  366  0.00116866     -0.83755551D-10      0.00000000D+00
  367  0.00118296     -0.87878175D-10      0.00000000D+00
  368  0.00119744     -0.92203044D-10      0.00000000D+00
  369  0.00121209     -0.96740039D-10      0.00000000D+00
  370  0.00122692     -0.10149952D-09      0.00000000D+00
  371  0.00124194     -0.10649234D-09      0.00000000D+00
  372  0.00125713     -0.11172991D-09      0.00000000D+00
  373  0.00127252     -0.11722415D-09      0.00000000D+00
  374  0.00128809     -0.12298759D-09      0.00000000D+00
  375  0.00130385     -0.12903337D-09      0.00000000D+00
  376  0.00131981     -0.13537524D-09      0.00000000D+00
  377  0.00133596     -0.14202765D-09      0.00000000D+00
  378  0.00135230     -0.14900572D-09      0.00000000D+00
  379  0.00136885     -0.15632531D-09      0.00000000D+00
  380  0.00138560     -0.16400308D-09      0.00000000D+00
  381  0.00140256     -0.17205644D-09      0.00000000D+00
  382  0.00141972     -0.18050369D-09      0.00000000D+00
  383  0.00143709     -0.18936399D-09      0.00000000D+00
  384  0.00145468     -0.19865743D-09      0.00000000D+00
  385  0.00147248     -0.20840508D-09      0.00000000D+00
  386  0.00149050     -0.21862903D-09      0.00000000D+00
  387  0.00150874     -0.22935241D-09      0.00000000D+00
  388  0.00152720     -0.24059950D-09      0.00000000D+00
  389  0.00154589     -0.25239572D-09      0.00000000D+00
  390  0.00156480     -0.26476775D-09      0.00000000D+00
  391  0.00158395     -0.27774354D-09      0.00000000D+00
  392  0.00160333     -0.29135237D-09      0.00000000D+00
  393  0.00162295     -0.30562495D-09      0.00000000D+00
  394  0.00164281     -0.32059348D-09      0.00000000D+00
  395  0.00166291     -0.33629167D-09      0.00000000D+00
  396  0.00168326     -0.35275489D-09      0.00000000D+00
  397  0.00170386     -0.37002019D-09      0.00000000D+00
  398  0.00172471     -0.38812641D-09      0.00000000D+00
  399  0.00174582     -0.40711426D-09      0.00000000D+00
  400  0.00176718     -0.42702638D-09      0.00000000D+00
  401  0.00178880     -0.44790749D-09      0.00000000D+00
  402  0.00181069     -0.46980442D-09      0.00000000D+00
  403  0.00183285     -0.49276628D-09      0.00000000D+00
  404  0.00185528     -0.51684452D-09      0.00000000D+00
  405  0.00187798     -0.54209303D-09      0.00000000D+00
  406  0.00190096     -0.56856832D-09      0.00000000D+00
  407  0.00192422     -0.59632958D-09      0.00000000D+00
  408  0.00194777     -0.62543883D-09      0.00000000D+00
  409  0.00197160     -0.65596107D-09      0.00000000D+00
  410  0.00199573     -0.68796439D-09      0.00000000D+00
  411  0.00202015     -0.72152013D-09      0.00000000D+00
  412  0.00204487     -0.75670305D-09      0.00000000D+00
  413  0.00206989     -0.79359146D-09      0.00000000D+00
  414  0.00209522     -0.83226741D-09      0.00000000D+00
  415  0.00212086     -0.87281686D-09      0.00000000D+00
  416  0.00214681     -0.91532985D-09      0.00000000D+00
  417  0.00217308     -0.95990073D-09      0.00000000D+00
  418  0.00219968     -0.10066283D-08      0.00000000D+00
  419  0.00222659     -0.10556161D-08      0.00000000D+00
  420  0.00225384     -0.11069725D-08      0.00000000D+00
  421  0.00228142     -0.11608112D-08      0.00000000D+00
  422  0.00230934     -0.12172511D-08      0.00000000D+00
  423  0.00233759     -0.12764168D-08      0.00000000D+00
  424  0.00236620     -0.13384387D-08      0.00000000D+00
  425  0.00239515     -0.14034537D-08      0.00000000D+00
  426  0.00242446     -0.14716049D-08      0.00000000D+00
  427  0.00245413     -0.15430422D-08      0.00000000D+00
  428  0.00248416     -0.16179225D-08      0.00000000D+00
  429  0.00251456     -0.16964104D-08      0.00000000D+00
  430  0.00254533     -0.17786779D-08      0.00000000D+00
  431  0.00257648     -0.18649055D-08      0.00000000D+00
  432  0.00260800     -0.19552818D-08      0.00000000D+00
  433  0.00263992     -0.20500046D-08      0.00000000D+00
  434  0.00267222     -0.21492809D-08      0.00000000D+00
  435  0.00270492     -0.22533274D-08      0.00000000D+00
  436  0.00273802     -0.23623708D-08      0.00000000D+00
  437  0.00277152     -0.24766489D-08      0.00000000D+00
  438  0.00280544     -0.25964103D-08      0.00000000D+00
  439  0.00283977     -0.27219153D-08      0.00000000D+00
  440  0.00287452     -0.28534364D-08      0.00000000D+00
  441  0.00290969     -0.29912589D-08      0.00000000D+00
  442  0.00294530     -0.31356815D-08      0.00000000D+00
  443  0.00298134     -0.32870167D-08      0.00000000D+00
  444  0.00301782     -0.34455916D-08      0.00000000D+00
  445  0.00305475     -0.36117487D-08      0.00000000D+00
  446  0.00309213     -0.37858463D-08      0.00000000D+00
  447  0.00312997     -0.39682594D-08      0.00000000D+00
  448  0.00316827     -0.41593806D-08      0.00000000D+00
  449  0.00320704     -0.43596205D-08      0.00000000D+00
  450  0.00324628     -0.45694090D-08      0.00000000D+00
  451  0.00328601     -0.47891957D-08      0.00000000D+00
  452  0.00332622     -0.50194512D-08      0.00000000D+00
  453  0.00336692     -0.52606678D-08      0.00000000D+00
  454  0.00340812     -0.55133607D-08      0.00000000D+00
  455  0.00344982     -0.57780687D-08      0.00000000D+00
  456  0.00349204     -0.60553556D-08      0.00000000D+00
  457  0.00353477     -0.63458112D-08      0.00000000D+00
  458  0.00357802     -0.66500524D-08      0.00000000D+00
  459  0.00362181     -0.69687244D-08      0.00000000D+00
  460  0.00366613     -0.73025023D-08      0.00000000D+00
  461  0.00371099     -0.76520920D-08      0.00000000D+00
  462  0.00375640     -0.80182319D-08      0.00000000D+00
  463  0.00380236     -0.84016940D-08      0.00000000D+00
  464  0.00384889     -0.88032859D-08      0.00000000D+00
  465  0.00389599     -0.92238519D-08      0.00000000D+00
  466  0.00394366     -0.96642750D-08      0.00000000D+00
  467  0.00399192     -0.10125478D-07      0.00000000D+00
  468  0.00404077     -0.10608427D-07      0.00000000D+00
  469  0.00409022     -0.11114131D-07      0.00000000D+00
  470  0.00414027     -0.11643644D-07      0.00000000D+00
  471  0.00419093     -0.12198070D-07      0.00000000D+00
  472  0.00424221     -0.12778561D-07      0.00000000D+00
  473  0.00429413     -0.13386322D-07      0.00000000D+00
  474  0.00434667     -0.14022613D-07      0.00000000D+00
  475  0.00439986     -0.14688751D-07      0.00000000D+00
  476  0.00445370     -0.15386110D-07      0.00000000D+00
  477  0.00450820     -0.16116129D-07      0.00000000D+00
  478  0.00456337     -0.16880310D-07      0.00000000D+00
  479  0.00461921     -0.17680221D-07      0.00000000D+00
  480  0.00467573     -0.18517505D-07      0.00000000D+00
  481  0.00473295     -0.19393873D-07      0.00000000D+00
  482  0.00479086     -0.20311117D-07      0.00000000D+00
  483  0.00484949     -0.21271105D-07      0.00000000D+00
  484  0.00490883     -0.22275792D-07      0.00000000D+00
  485  0.00496890     -0.23327217D-07      0.00000000D+00
  486  0.00502970     -0.24427512D-07      0.00000000D+00
  487  0.00509125     -0.25578901D-07      0.00000000D+00
  488  0.00515355     -0.26783709D-07      0.00000000D+00
  489  0.00521661     -0.28044362D-07      0.00000000D+00
  490  0.00528045     -0.29363394D-07      0.00000000D+00
  491  0.00534506     -0.30743451D-07      0.00000000D+00
  492  0.00541047     -0.32187294D-07      0.00000000D+00
  493  0.00547668     -0.33697806D-07      0.00000000D+00
  494  0.00554369     -0.35277997D-07      0.00000000D+00
  495  0.00561153     -0.36931008D-07      0.00000000D+00
  496  0.00568020     -0.38660117D-07      0.00000000D+00
  497  0.00574970     -0.40468746D-07      0.00000000D+00
  498  0.00582006     -0.42360464D-07      0.00000000D+00
  499  0.00589128     -0.44338998D-07      0.00000000D+00
  500  0.00596337     -0.46408233D-07      0.00000000D+00
  501  0.00603634     -0.48572224D-07      0.00000000D+00
  502  0.00611021     -0.50835201D-07      0.00000000D+00
  503  0.00618498     -0.53201577D-07      0.00000000D+00
  504  0.00626066     -0.55675953D-07      0.00000000D+00
  505  0.00633727     -0.58263128D-07      0.00000000D+00
  506  0.00641482     -0.60968108D-07      0.00000000D+00
  507  0.00649332     -0.63796110D-07      0.00000000D+00
  508  0.00657277     -0.66752576D-07      0.00000000D+00
  509  0.00665320     -0.69843178D-07      0.00000000D+00
  510  0.00673462     -0.73073829D-07      0.00000000D+00
  511  0.00681703     -0.76450693D-07      0.00000000D+00
  512  0.00690045     -0.79980194D-07      0.00000000D+00
  513  0.00698489     -0.83669025D-07      0.00000000D+00
  514  0.00707036     -0.87524163D-07      0.00000000D+00
  515  0.00715688     -0.91552876D-07      0.00000000D+00
  516  0.00724445     -0.95762736D-07      0.00000000D+00
  517  0.00733310     -0.10016163D-06      0.00000000D+00
  518  0.00742284     -0.10475778D-06      0.00000000D+00
  519  0.00751367     -0.10955973D-06      0.00000000D+00
  520  0.00760561     -0.11457641D-06      0.00000000D+00
  521  0.00769868     -0.11981708D-06      0.00000000D+00
  522  0.00779289     -0.12529141D-06      0.00000000D+00
  523  0.00788825     -0.13100946D-06      0.00000000D+00
  524  0.00798477     -0.13698169D-06      0.00000000D+00
  525  0.00808248     -0.14321900D-06      0.00000000D+00
  526  0.00818138     -0.14973273D-06      0.00000000D+00
  527  0.00828150     -0.15653467D-06      0.00000000D+00
  528  0.00838284     -0.16363711D-06      0.00000000D+00
  529  0.00848542     -0.17105280D-06      0.00000000D+00
  530  0.00858925     -0.17879504D-06      0.00000000D+00
  531  0.00869435     -0.18687763D-06      0.00000000D+00
  532  0.00880074     -0.19531495D-06      0.00000000D+00
  533  0.00890844     -0.20412192D-06      0.00000000D+00
  534  0.00901745     -0.21331407D-06      0.00000000D+00
  535  0.00912779     -0.22290754D-06      0.00000000D+00
  536  0.00923949     -0.23291911D-06      0.00000000D+00
  537  0.00935255     -0.24336620D-06      0.00000000D+00
  538  0.00946699     -0.25426693D-06      0.00000000D+00
  539  0.00958284     -0.26564012D-06      0.00000000D+00
  540  0.00970010     -0.27750530D-06      0.00000000D+00
  541  0.00981880     -0.28988278D-06      0.00000000D+00
  542  0.00993895     -0.30279362D-06      0.00000000D+00
  543  0.01006057     -0.31625972D-06      0.00000000D+00
  544  0.01018368     -0.33030379D-06      0.00000000D+00
  545  0.01030830     -0.34494940D-06      0.00000000D+00
  546  0.01043444     -0.36022103D-06      0.00000000D+00
  547  0.01056212     -0.37614406D-06      0.00000000D+00
  548  0.01069137     -0.39274482D-06      0.00000000D+00
  549  0.01082220     -0.41005062D-06      0.00000000D+00
  550  0.01095462     -0.42808980D-06      0.00000000D+00
  551  0.01108867     -0.44689172D-06      0.00000000D+00
  552  0.01122436     -0.46648683D-06      0.00000000D+00
  553  0.01136171     -0.48690669D-06      0.00000000D+00
  554  0.01150074     -0.50818399D-06      0.00000000D+00
  555  0.01164148     -0.53035262D-06      0.00000000D+00
  556  0.01178393     -0.55344767D-06      0.00000000D+00
  557  0.01192813     -0.57750548D-06      0.00000000D+00
  558  0.01207409     -0.60256370D-06      0.00000000D+00
  559  0.01222184     -0.62866128D-06      0.00000000D+00
  560  0.01237139     -0.65583855D-06      0.00000000D+00
  561  0.01252278     -0.68413723D-06      0.00000000D+00
  562  0.01267602     -0.71360049D-06      0.00000000D+00
  563  0.01283113     -0.74427300D-06      0.00000000D+00
  564  0.01298814     -0.77620092D-06      0.00000000D+00
  565  0.01314708     -0.80943199D-06      0.00000000D+00
  566  0.01330795     -0.84401556D-06      0.00000000D+00
  567  0.01347080     -0.88000262D-06      0.00000000D+00
  568  0.01363564     -0.91744585D-06      0.00000000D+00
  569  0.01380250     -0.95639965D-06      0.00000000D+00
  570  0.01397139     -0.99692021D-06      0.00000000D+00
  571  0.01414236     -0.10390655D-05      0.00000000D+00
  572  0.01431542     -0.10828955D-05      0.00000000D+00
  573  0.01449059     -0.11284718D-05      0.00000000D+00
  574  0.01466791     -0.11758582D-05      0.00000000D+00
  575  0.01484740     -0.12251204D-05      0.00000000D+00
  576  0.01502908     -0.12763260D-05      0.00000000D+00
  577  0.01521299     -0.13295450D-05      0.00000000D+00
  578  0.01539915     -0.13848491D-05      0.00000000D+00
  579  0.01558758     -0.14423124D-05      0.00000000D+00
  580  0.01577832     -0.15020113D-05      0.00000000D+00
  581  0.01597140     -0.15640241D-05      0.00000000D+00
  582  0.01616684     -0.16284315D-05      0.00000000D+00
  583  0.01636467     -0.16953168D-05      0.00000000D+00
  584  0.01656492     -0.17647652D-05      0.00000000D+00
  585  0.01676762     -0.18368646D-05      0.00000000D+00
  586  0.01697280     -0.19117051D-05      0.00000000D+00
  587  0.01718049     -0.19893794D-05      0.00000000D+00
  588  0.01739073     -0.20699825D-05      0.00000000D+00
  589  0.01760353     -0.21536122D-05      0.00000000D+00
  590  0.01781895     -0.22403684D-05      0.00000000D+00
  591  0.01803699     -0.23303539D-05      0.00000000D+00
  592  0.01825771     -0.24236740D-05      0.00000000D+00
  593  0.01848112     -0.25204364D-05      0.00000000D+00
  594  0.01870727     -0.26207516D-05      0.00000000D+00
  595  0.01893619     -0.27247326D-05      0.00000000D+00
  596  0.01916791     -0.28324950D-05      0.00000000D+00
  597  0.01940246     -0.29441571D-05      0.00000000D+00
  598  0.01963988     -0.30598396D-05      0.00000000D+00
  599  0.01988021     -0.31796662D-05      0.00000000D+00
  600  0.02012348     -0.33037627D-05      0.00000000D+00
  601  0.02036973     -0.34322578D-05      0.00000000D+00
  602  0.02061899     -0.35652827D-05      0.00000000D+00
  603  0.02087130     -0.37029709D-05      0.00000000D+00
  604  0.02112670     -0.38454587D-05      0.00000000D+00
  605  0.02138522     -0.39928845D-05      0.00000000D+00
  606  0.02164690     -0.41453893D-05      0.00000000D+00
  607  0.02191179     -0.43031165D-05      0.00000000D+00
  608  0.02217992     -0.44662114D-05      0.00000000D+00
  609  0.02245133     -0.46348217D-05      0.00000000D+00
  610  0.02272607     -0.48090973D-05      0.00000000D+00
  611  0.02300416     -0.49891899D-05      0.00000000D+00
  612  0.02328566     -0.51752531D-05      0.00000000D+00
  613  0.02357060     -0.53674423D-05      0.00000000D+00
  614  0.02385903     -0.55659147D-05      0.00000000D+00
  615  0.02415098     -0.57708288D-05      0.00000000D+00
  616  0.02444651     -0.59823445D-05      0.00000000D+00
  617  0.02474566     -0.62006230D-05      0.00000000D+00
  618  0.02504847     -0.64258262D-05      0.00000000D+00
  619  0.02535498     -0.66581173D-05      0.00000000D+00
  620  0.02566524     -0.68976598D-05      0.00000000D+00
  621  0.02597930     -0.71446176D-05      0.00000000D+00
  622  0.02629721     -0.73991549D-05      0.00000000D+00
  623  0.02661900     -0.76614357D-05      0.00000000D+00
  624  0.02694473     -0.79316236D-05      0.00000000D+00
  625  0.02727445     -0.82098817D-05      0.00000000D+00
  626  0.02760820     -0.84963722D-05      0.00000000D+00
  627  0.02794603     -0.87912557D-05      0.00000000D+00
  628  0.02828800     -0.90946916D-05      0.00000000D+00
  629  0.02863416     -0.94068370D-05      0.00000000D+00
  630  0.02898455     -0.97278469D-05      0.00000000D+00
  631  0.02933922     -0.10057874D-04      0.00000000D+00
  632  0.02969824     -0.10397066D-04      0.00000000D+00
  633  0.03006165     -0.10745569D-04      0.00000000D+00
  634  0.03042951     -0.11103525D-04      0.00000000D+00
  635  0.03080187     -0.11471070D-04      0.00000000D+00
  636  0.03117879     -0.11848336D-04      0.00000000D+00
  637  0.03156031     -0.12235449D-04      0.00000000D+00
  638  0.03194651     -0.12632529D-04      0.00000000D+00
  639  0.03233743     -0.13039690D-04      0.00000000D+00
  640  0.03273314     -0.13457037D-04      0.00000000D+00
  641  0.03313369     -0.13884669D-04      0.00000000D+00
  642  0.03353914     -0.14322675D-04      0.00000000D+00
  643  0.03394955     -0.14771136D-04      0.00000000D+00
  644  0.03436498     -0.15230122D-04      0.00000000D+00
  645  0.03478550     -0.15699693D-04      0.00000000D+00
  646  0.03521116     -0.16179897D-04      0.00000000D+00
  647  0.03564203     -0.16670771D-04      0.00000000D+00
  648  0.03607817     -0.17172338D-04      0.00000000D+00
  649  0.03651965     -0.17684607D-04      0.00000000D+00
  650  0.03696654     -0.18207575D-04      0.00000000D+00
  651  0.03741889     -0.18741221D-04      0.00000000D+00
  652  0.03787678     -0.19285509D-04      0.00000000D+00
  653  0.03834027     -0.19840386D-04      0.00000000D+00
  654  0.03880943     -0.20405779D-04      0.00000000D+00
  655  0.03928433     -0.20981600D-04      0.00000000D+00
  656  0.03976504     -0.21567737D-04      0.00000000D+00
  657  0.04025164     -0.22164061D-04      0.00000000D+00
  658  0.04074419     -0.22770420D-04      0.00000000D+00
  659  0.04124277     -0.23386637D-04      0.00000000D+00
  660  0.04174745     -0.24012515D-04      0.00000000D+00
  661  0.04225830     -0.24647832D-04      0.00000000D+00
  662  0.04277541     -0.25292337D-04      0.00000000D+00
  663  0.04329884     -0.25945758D-04      0.00000000D+00
  664  0.04382868     -0.26607791D-04      0.00000000D+00
  665  0.04436500     -0.27278106D-04      0.00000000D+00
  666  0.04490788     -0.27956344D-04      0.00000000D+00
  667  0.04545741     -0.28642115D-04      0.00000000D+00
  668  0.04601366     -0.29334997D-04      0.00000000D+00
  669  0.04657672     -0.30034539D-04      0.00000000D+00
  670  0.04714667     -0.30740255D-04      0.00000000D+00
  671  0.04772360     -0.31451625D-04      0.00000000D+00
  672  0.04830758     -0.32168097D-04      0.00000000D+00
  673  0.04889871     -0.32889083D-04      0.00000000D+00
  674  0.04949707     -0.33613957D-04      0.00000000D+00
  675  0.05010275     -0.34342061D-04      0.00000000D+00
  676  0.05071585     -0.35072696D-04      0.00000000D+00
  677  0.05133645     -0.35805127D-04      0.00000000D+00
  678  0.05196464     -0.36538583D-04      0.00000000D+00
  679  0.05260052     -0.37272253D-04      0.00000000D+00
  680  0.05324418     -0.38005287D-04      0.00000000D+00
  681  0.05389572     -0.38736797D-04      0.00000000D+00
  682  0.05455523     -0.39465857D-04      0.00000000D+00
  683  0.05522281     -0.40191501D-04      0.00000000D+00
  684  0.05589856     -0.40912726D-04      0.00000000D+00
  685  0.05658258     -0.41628488D-04      0.00000000D+00
  686  0.05727497     -0.42337708D-04      0.00000000D+00
  687  0.05797583     -0.43039268D-04      0.00000000D+00
  688  0.05868527     -0.43732014D-04      0.00000000D+00
  689  0.05940338     -0.44414755D-04      0.00000000D+00
  690  0.06013029     -0.45086265D-04      0.00000000D+00
  691  0.06086609     -0.45745286D-04      0.00000000D+00
  692  0.06161090     -0.46390525D-04      0.00000000D+00
  693  0.06236482     -0.47020659D-04      0.00000000D+00
  694  0.06312796     -0.47634336D-04      0.00000000D+00
  695  0.06390044     -0.48230176D-04      0.00000000D+00
  696  0.06468238     -0.48806773D-04      0.00000000D+00
  697  0.06547388     -0.49362698D-04      0.00000000D+00
  698  0.06627507     -0.49896502D-04      0.00000000D+00
  699  0.06708607     -0.50406718D-04      0.00000000D+00
  700  0.06790698     -0.50891862D-04      0.00000000D+00
  701  0.06873795     -0.51350440D-04      0.00000000D+00
  702  0.06957908     -0.51780949D-04      0.00000000D+00
  703  0.07043050     -0.52181881D-04      0.00000000D+00
  704  0.07129234     -0.52551726D-04      0.00000000D+00
  705  0.07216473     -0.52888979D-04      0.00000000D+00
  706  0.07304779     -0.53192140D-04      0.00000000D+00
  707  0.07394166     -0.53459723D-04      0.00000000D+00
  708  0.07484647     -0.53690259D-04      0.00000000D+00
  709  0.07576235     -0.53882298D-04      0.00000000D+00
  710  0.07668944     -0.54034420D-04      0.00000000D+00
  711  0.07762787     -0.54145238D-04      0.00000000D+00
  712  0.07857779     -0.54213402D-04      0.00000000D+00
  713  0.07953933     -0.54237606D-04      0.00000000D+00
  714  0.08051263     -0.54216598D-04      0.00000000D+00
  715  0.08149785     -0.54149179D-04      0.00000000D+00
  716  0.08249512     -0.54034217D-04      0.00000000D+00
  717  0.08350459     -0.53870649D-04      0.00000000D+00
  718  0.08452642     -0.53657489D-04      0.00000000D+00
  719  0.08556075     -0.53393838D-04      0.00000000D+00
  720  0.08660774     -0.53078885D-04      0.00000000D+00
  721  0.08766754     -0.52711923D-04      0.00000000D+00
  722  0.08874031     -0.52292346D-04      0.00000000D+00
  723  0.08982620     -0.51819667D-04      0.00000000D+00
  724  0.09092538     -0.51293516D-04      0.00000000D+00
  725  0.09203802     -0.50713656D-04      0.00000000D+00
  726  0.09316427     -0.50079984D-04      0.00000000D+00
  727  0.09430430     -0.49392541D-04      0.00000000D+00
  728  0.09545828     -0.48651520D-04      0.00000000D+00
  729  0.09662638     -0.47857272D-04      0.00000000D+00
  730  0.09780878     -0.47010315D-04      0.00000000D+00
  731  0.09900564     -0.46111338D-04      0.00000000D+00
  732  0.10021715     -0.45161208D-04      0.00000000D+00
  733  0.10144349     -0.44160980D-04      0.00000000D+00
  734  0.10268483     -0.43111898D-04      0.00000000D+00
  735  0.10394136     -0.42015405D-04      0.00000000D+00
  736  0.10521327     -0.40873144D-04      0.00000000D+00
  737  0.10650074     -0.39686967D-04      0.00000000D+00
  738  0.10780396     -0.38458937D-04      0.00000000D+00
  739  0.10912314     -0.37191331D-04      0.00000000D+00
  740  0.11045845     -0.35886645D-04      0.00000000D+00
  741  0.11181011     -0.34547593D-04      0.00000000D+00
  742  0.11317830     -0.33177114D-04      0.00000000D+00
  743  0.11456324     -0.31778367D-04      0.00000000D+00
  744  0.11596513     -0.30354737D-04      0.00000000D+00
  745  0.11738417     -0.28909829D-04      0.00000000D+00
  746  0.11882057     -0.27447468D-04      0.00000000D+00
  747  0.12027455     -0.25971698D-04      0.00000000D+00
  748  0.12174632     -0.24486775D-04      0.00000000D+00
  749  0.12323611     -0.22997167D-04      0.00000000D+00
  750  0.12474412     -0.21507542D-04      0.00000000D+00
  751  0.12627059     -0.20022766D-04      0.00000000D+00
  752  0.12781573     -0.18547892D-04      0.00000000D+00
  753  0.12937979     -0.17088153D-04      0.00000000D+00
  754  0.13096298     -0.15648948D-04      0.00000000D+00
  755  0.13256554     -0.14235831D-04      0.00000000D+00
  756  0.13418772     -0.12854503D-04      0.00000000D+00
  757  0.13582974     -0.11510787D-04      0.00000000D+00
  758  0.13749186     -0.10210624D-04      0.00000000D+00
  759  0.13917432     -0.89600457D-05      0.00000000D+00
  760  0.14087736     -0.77651627D-05      0.00000000D+00
  761  0.14260125     -0.66321421D-05      0.00000000D+00
  762  0.14434623     -0.55671868D-05      0.00000000D+00
  763  0.14611256     -0.45765137D-05      0.00000000D+00
  764  0.14790051     -0.36663296D-05      0.00000000D+00
  765  0.14971034     -0.28428075D-05      0.00000000D+00
  766  0.15154231     -0.21120601D-05      0.00000000D+00
  767  0.15339670     -0.14801135D-05      0.00000000D+00
  768  0.15527378     -0.95287955D-06      0.00000000D+00
  769  0.15717383     -0.53612697D-06      0.00000000D+00
  770  0.15909713     -0.23545226D-06      0.00000000D+00
  771  0.16104397     -0.56249535D-07      0.00000000D+00
  772  0.16301463     -0.36799005D-08      0.00000000D+00
  773  0.16500940     -0.82640358D-07      0.00000000D+00
  774  0.16702858     -0.29773239D-06      0.00000000D+00
  775  0.16907248     -0.65323035D-06      0.00000000D+00
  776  0.17114138     -0.11530498D-05      0.00000000D+00
  777  0.17323560     -0.18007161D-05      0.00000000D+00
  778  0.17535544     -0.25993329D-05      0.00000000D+00
  779  0.17750123     -0.35515517D-05      0.00000000D+00
  780  0.17967327     -0.46595414D-05      0.00000000D+00
  781  0.18187190     -0.59249592D-05      0.00000000D+00
  782  0.18409742     -0.73489221D-05      0.00000000D+00
  783  0.18635018     -0.89319802D-05      0.00000000D+00
  784  0.18863051     -0.10674090D-04      0.00000000D+00
  785  0.19093874     -0.12574593D-04      0.00000000D+00
  786  0.19327521     -0.14632189D-04      0.00000000D+00
  787  0.19564028     -0.16844920D-04      0.00000000D+00
  788  0.19803428     -0.19210151D-04      0.00000000D+00
  789  0.20045759     -0.21724553D-04      0.00000000D+00
  790  0.20291054     -0.24384093D-04      0.00000000D+00
  791  0.20539351     -0.27184021D-04      0.00000000D+00
  792  0.20790687     -0.30118864D-04      0.00000000D+00
  793  0.21045098     -0.33182425D-04      0.00000000D+00
  794  0.21302622     -0.36367778D-04      0.00000000D+00
  795  0.21563298     -0.39667273D-04      0.00000000D+00
  796  0.21827163     -0.43072545D-04      0.00000000D+00
  797  0.22094257     -0.46574521D-04      0.00000000D+00
  798  0.22364620     -0.50163439D-04      0.00000000D+00
  799  0.22638290     -0.53828860D-04      0.00000000D+00
  800  0.22915310     -0.57559701D-04      0.00000000D+00
  801  0.23195720     -0.61344250D-04      0.00000000D+00
  802  0.23479561     -0.65170208D-04      0.00000000D+00
  803  0.23766875     -0.69024719D-04      0.00000000D+00
  804  0.24057705     -0.72894410D-04      0.00000000D+00
  805  0.24352094     -0.76765438D-04      0.00000000D+00
  806  0.24650085     -0.80623536D-04      0.00000000D+00
  807  0.24951723     -0.84454065D-04      0.00000000D+00
  808  0.25257051     -0.88242072D-04      0.00000000D+00
  809  0.25566116     -0.91972353D-04      0.00000000D+00
  810  0.25878963     -0.95629509D-04      0.00000000D+00
  811  0.26195638     -0.99198022D-04      0.00000000D+00
  812  0.26516189     -0.10266232D-03      0.00000000D+00
  813  0.26840661     -0.10600686D-03      0.00000000D+00
  814  0.27169104     -0.10921617D-03      0.00000000D+00
  815  0.27501567     -0.11227501D-03      0.00000000D+00
  816  0.27838097     -0.11516833D-03      0.00000000D+00
  817  0.28178746     -0.11788147D-03      0.00000000D+00
  818  0.28523563     -0.12040017D-03      0.00000000D+00
  819  0.28872600     -0.12271070D-03      0.00000000D+00
  820  0.29225907     -0.12479988D-03      0.00000000D+00
  821  0.29583538     -0.12665526D-03      0.00000000D+00
  822  0.29945545     -0.12826511D-03      0.00000000D+00
  823  0.30311983     -0.12961856D-03      0.00000000D+00
  824  0.30682904     -0.13070568D-03      0.00000000D+00
  825  0.31058363     -0.13151751D-03      0.00000000D+00
  826  0.31438418     -0.13204621D-03      0.00000000D+00
  827  0.31823123     -0.13228508D-03      0.00000000D+00
  828  0.32212535     -0.13222863D-03      0.00000000D+00
  829  0.32606713     -0.13187269D-03      0.00000000D+00
  830  0.33005714     -0.13121442D-03      0.00000000D+00
  831  0.33409598     -0.13025240D-03      0.00000000D+00
  832  0.33818424     -0.12898667D-03      0.00000000D+00
  833  0.34232252     -0.12741878D-03      0.00000000D+00
  834  0.34651145     -0.12555181D-03      0.00000000D+00
  835  0.35075163     -0.12339041D-03      0.00000000D+00
  836  0.35504370     -0.12094085D-03      0.00000000D+00
  837  0.35938829     -0.11821101D-03      0.00000000D+00
  838  0.36378605     -0.11521038D-03      0.00000000D+00
  839  0.36823762     -0.11195008D-03      0.00000000D+00
  840  0.37274366     -0.10844285D-03      0.00000000D+00
  841  0.37730484     -0.10470303D-03      0.00000000D+00
  842  0.38192184     -0.10074653D-03      0.00000000D+00
  843  0.38659533     -0.96590816D-04      0.00000000D+00
  844  0.39132601     -0.92254838D-04      0.00000000D+00
  845  0.39611458     -0.87758998D-04      0.00000000D+00
  846  0.40096175     -0.83125086D-04      0.00000000D+00
  847  0.40586823     -0.78376208D-04      0.00000000D+00
  848  0.41083475     -0.73536711D-04      0.00000000D+00
  849  0.41586204     -0.68632093D-04      0.00000000D+00
  850  0.42095085     -0.63688915D-04      0.00000000D+00
  851  0.42610194     -0.58734690D-04      0.00000000D+00
  852  0.43131605     -0.53797781D-04      0.00000000D+00
  853  0.43659397     -0.48907277D-04      0.00000000D+00
  854  0.44193648     -0.44092875D-04      0.00000000D+00
  855  0.44734435     -0.39384746D-04      0.00000000D+00
  856  0.45281841     -0.34813400D-04      0.00000000D+00
  857  0.45835945     -0.30409544D-04      0.00000000D+00
  858  0.46396829     -0.26203940D-04      0.00000000D+00
  859  0.46964577     -0.22227251D-04      0.00000000D+00
  860  0.47539272     -0.18509891D-04      0.00000000D+00
  861  0.48120999     -0.15081870D-04      0.00000000D+00
  862  0.48709846     -0.11972636D-04      0.00000000D+00
  863  0.49305897     -0.92109226D-05      0.00000000D+00
  864  0.49909242     -0.68245843D-05      0.00000000D+00
  865  0.50519971     -0.48404468D-05      0.00000000D+00
  866  0.51138173     -0.32841499D-05      0.00000000D+00
  867  0.51763939     -0.21799971D-05      0.00000000D+00
  868  0.52397363     -0.15508074D-05      0.00000000D+00
  869  0.53038538     -0.14177722D-05      0.00000000D+00
  870  0.53687559     -0.18003182D-05      0.00000000D+00
  871  0.54344522     -0.27159761D-05      0.00000000D+00
  872  0.55009523     -0.41802568D-05      0.00000000D+00
  873  0.55682663     -0.62065361D-05      0.00000000D+00
  874  0.56364039     -0.88059484D-05      0.00000000D+00
  875  0.57053754     -0.11987290D-04      0.00000000D+00
  876  0.57751908     -0.15756934D-04      0.00000000D+00
  877  0.58458605     -0.20118754D-04      0.00000000D+00
  878  0.59173950     -0.25074064D-04      0.00000000D+00
  879  0.59898049     -0.30621566D-04      0.00000000D+00
  880  0.60631008     -0.36757316D-04      0.00000000D+00
  881  0.61372936     -0.43474698D-04      0.00000000D+00
  882  0.62123943     -0.50764416D-04      0.00000000D+00
  883  0.62884140     -0.58614499D-04      0.00000000D+00
  884  0.63653639     -0.67010318D-04      0.00000000D+00
  885  0.64432555     -0.75934622D-04      0.00000000D+00
  886  0.65221002     -0.85367582D-04      0.00000000D+00
  887  0.66019097     -0.95286855D-04      0.00000000D+00
  888  0.66826958     -0.10566766D-03      0.00000000D+00
  889  0.67644705     -0.11648286D-03      0.00000000D+00
  890  0.68472458     -0.12770308D-03      0.00000000D+00
  891  0.69310340     -0.13929680D-03      0.00000000D+00
  892  0.70158476     -0.15123050D-03      0.00000000D+00
  893  0.71016989     -0.16346878D-03      0.00000000D+00
  894  0.71886009     -0.17597452D-03      0.00000000D+00
  895  0.72765662     -0.18870903D-03      0.00000000D+00
  896  0.73656079     -0.20163223D-03      0.00000000D+00
  897  0.74557392     -0.21470280D-03      0.00000000D+00
  898  0.75469735     -0.22787836D-03      0.00000000D+00
  899  0.76393241     -0.24111568D-03      0.00000000D+00
  900  0.77328048     -0.25437086D-03      0.00000000D+00
  901  0.78274295     -0.26759949D-03      0.00000000D+00
  902  0.79232120     -0.28075690D-03      0.00000000D+00
  903  0.80201666     -0.29379828D-03      0.00000000D+00
  904  0.81183076     -0.30667898D-03      0.00000000D+00
  905  0.82176495     -0.31935459D-03      0.00000000D+00
  906  0.83182071     -0.33178121D-03      0.00000000D+00
  907  0.84199951     -0.34391561D-03      0.00000000D+00
  908  0.85230288     -0.35571541D-03      0.00000000D+00
  909  0.86273232     -0.36713927D-03      0.00000000D+00
  910  0.87328938     -0.37814703D-03      0.00000000D+00
  911  0.88397563     -0.38869993D-03      0.00000000D+00
  912  0.89479265     -0.39876069D-03      0.00000000D+00
  913  0.90574203     -0.40829371D-03      0.00000000D+00
  914  0.91682539     -0.41726517D-03      0.00000000D+00
  915  0.92804438     -0.42564316D-03      0.00000000D+00
  916  0.93940066     -0.43339779D-03      0.00000000D+00
  917  0.95089589     -0.44050127D-03      0.00000000D+00
  918  0.96253180     -0.44692800D-03      0.00000000D+00
  919  0.97431009     -0.45265462D-03      0.00000000D+00
  920  0.98623250     -0.45766008D-03      0.00000000D+00
  921  0.99830081     -0.46192566D-03      0.00000000D+00
  922  1.01051680     -0.46543497D-03      0.00000000D+00
  923  1.02288227     -0.46817399D-03      0.00000000D+00
  924  1.03539905     -0.47013102D-03      0.00000000D+00
  925  1.04806900     -0.47129668D-03      0.00000000D+00
  926  1.06089399     -0.47166385D-03      0.00000000D+00
  927  1.07387592     -0.47122759D-03      0.00000000D+00
  928  1.08701670     -0.46998512D-03      0.00000000D+00
  929  1.10031828     -0.46793568D-03      0.00000000D+00
  930  1.11378263     -0.46508045D-03      0.00000000D+00
  931  1.12741175     -0.46142245D-03      0.00000000D+00
  932  1.14120763     -0.45696640D-03      0.00000000D+00
  933  1.15517234     -0.45171858D-03      0.00000000D+00
  934  1.16930793     -0.44568672D-03      0.00000000D+00
  935  1.18361649     -0.43887981D-03      0.00000000D+00
  936  1.19810014     -0.43130798D-03      0.00000000D+00
  937  1.21276103     -0.42298230D-03      0.00000000D+00
  938  1.22760132     -0.41391463D-03      0.00000000D+00
  939  1.24262321     -0.40411746D-03      0.00000000D+00
  940  1.25782891     -0.39360373D-03      0.00000000D+00
  941  1.27322069     -0.38238662D-03      0.00000000D+00
  942  1.28880081     -0.37047942D-03      0.00000000D+00
  943  1.30457158     -0.35789532D-03      0.00000000D+00
  944  1.32053533     -0.34464727D-03      0.00000000D+00
  945  1.33669443     -0.33074777D-03      0.00000000D+00
  946  1.35305126     -0.31620875D-03      0.00000000D+00
  947  1.36960825     -0.30104137D-03      0.00000000D+00
  948  1.38636785     -0.28525589D-03      0.00000000D+00
  949  1.40333252     -0.26886153D-03      0.00000000D+00
  950  1.42050479     -0.25186629D-03      0.00000000D+00
  951  1.43788720     -0.23427686D-03      0.00000000D+00
  952  1.45548230     -0.21609847D-03      0.00000000D+00
  953  1.47329272     -0.19733478D-03      0.00000000D+00
  954  1.49132108     -0.17798779D-03      0.00000000D+00
  955  1.50957004     -0.15805773D-03      0.00000000D+00
  956  1.52804232     -0.13754299D-03      0.00000000D+00
  957  1.54674064     -0.11644009D-03      0.00000000D+00
  958  1.56566776     -0.94743601D-04      0.00000000D+00
  959  1.58482649     -0.72446127D-04      0.00000000D+00
  960  1.60421966     -0.49538285D-04      0.00000000D+00
  961  1.62385014     -0.26008699D-04      0.00000000D+00
  962  1.64372084     -0.18440179D-05      0.00000000D+00
  963  1.66383469      0.22971042D-04      0.00000000D+00
  964  1.68419466      0.48453621D-04      0.00000000D+00
  965  1.70480378      0.74622606D-04      0.00000000D+00
  966  1.72566509      0.10149848D-03      0.00000000D+00
  967  1.74678167      0.12910315D-03      0.00000000D+00
  968  1.76815665      0.15745971D-03      0.00000000D+00
  969  1.78979319      0.18659219D-03      0.00000000D+00
  970  1.81169450      0.21652527D-03      0.00000000D+00
  971  1.83386380      0.24728383D-03      0.00000000D+00
  972  1.85630439      0.27889256D-03      0.00000000D+00
  973  1.87901958      0.31137527D-03      0.00000000D+00
  974  1.90201272      0.34475419D-03      0.00000000D+00
  975  1.92528723      0.37904912D-03      0.00000000D+00
  976  1.94884655      0.41427639D-03      0.00000000D+00
  977  1.97269415      0.45044767D-03      0.00000000D+00
  978  1.99683357      0.48756863D-03      0.00000000D+00
  979  2.02126838      0.52563718D-03      0.00000000D+00
  980  2.04600220      0.56464149D-03      0.00000000D+00
  981  2.07103868      0.60455743D-03      0.00000000D+00
  982  2.09638152      0.64534567D-03      0.00000000D+00
  983  2.12203448      0.68694818D-03      0.00000000D+00
  984  2.14800134      0.72928428D-03      0.00000000D+00
  985  2.17428596      0.77224594D-03      0.00000000D+00
  986  2.20089222      0.81569216D-03      0.00000000D+00
  987  2.22782405      0.85944231D-03      0.00000000D+00
  988  2.25508544      0.90326807D-03      0.00000000D+00
  989  2.28268042      0.94688404D-03      0.00000000D+00
  990  2.31061308      0.98993691D-03      0.00000000D+00
  991  2.33888754      0.10319928D-02      0.00000000D+00
  992  2.36750799      0.10725226D-02      0.00000000D+00
  993  2.39647866      0.11108840D-02      0.00000000D+00
  994  2.42580384      0.11463006D-02      0.00000000D+00
  995  2.45548787      0.11778377D-02      0.00000000D+00
  996  2.48553513      0.12043732D-02      0.00000000D+00
  997  2.51595007      0.12245656D-02      0.00000000D+00
  998  2.54673720      0.12368145D-02      0.00000000D+00
  999  2.57790106      0.12392145D-02      0.00000000D+00
 1000  2.60944626      0.12295008D-02      0.00000000D+00
 1001  2.64137748      0.12049861D-02      0.00000000D+00
 1002  2.67369943      0.11624882D-02      0.00000000D+00
 1003  2.70641690      0.11126156D-02      0.00000000D+00
 1004  2.73953473      0.10579854D-02      0.00000000D+00
 1005  2.77305781      0.10038955D-02      0.00000000D+00
 1006  2.80699111      0.95260172D-03      0.00000000D+00
 1007  2.84133964      0.90489924D-03      0.00000000D+00
 1008  2.87610848      0.86040141D-03      0.00000000D+00
 1009  2.91130278      0.81779240D-03      0.00000000D+00
 1010  2.94692775      0.77505782D-03      0.00000000D+00
 1011  2.98298866      0.72969170D-03      0.00000000D+00
 1012  3.01949083      0.67887708D-03      0.00000000D+00
 1013  3.05643967      0.61964894D-03      0.00000000D+00
 1014  3.09384065      0.54990094D-03      0.00000000D+00
 1015  3.13169929      0.47197146D-03      0.00000000D+00
 1016  3.17002121      0.38771577D-03      0.00000000D+00
 1017  3.20881205      0.30069585D-03      0.00000000D+00
 1018  3.24807758      0.21461493D-03      0.00000000D+00
 1019  3.28782359      0.13302657D-03      0.00000000D+00
 1020  3.32805596      0.57546900D-04      0.00000000D+00
 1021  3.36878064     -0.10669618D-04      0.00000000D+00
 1022  3.41000367     -0.71469209D-04      0.00000000D+00
 1023  3.45173113     -0.12521512D-03      0.00000000D+00
 1024  3.49396920     -0.17253267D-03      0.00000000D+00
 1025  3.53672413     -0.21400244D-03      0.00000000D+00
 1026  3.58000224     -0.25015853D-03      0.00000000D+00
 1027  3.62380993     -0.28149129D-03      0.00000000D+00
 1028  3.66815370     -0.30844989D-03      0.00000000D+00
 1029  3.71304008     -0.33144465D-03      0.00000000D+00
 1030  3.75847573     -0.35084929D-03      0.00000000D+00
 1031  3.80446737     -0.36700291D-03      0.00000000D+00
 1032  3.85102180     -0.38021185D-03      0.00000000D+00
