System Description            : Nb, bcc structure                               
Number of Atoms in Unit Cell  : 1                                               
Number of Atomic Species      : 1                                               
Number of Atoms in Each Type  : 1(Nb)                                           
Energy Offset                 : -7502                                           
=======================================================================================
    Iter     Energy      3PV     Efermi   Rms_rho    Rms_pot   Mix  Alg  Alpha 
---------------------------------------------------------------------------------------
**       1  -0.932129   1.07986  0.96166  0.322E-03  0.630E-02  pot  B   0.1000
         2  -0.920772   1.00641  0.96954  0.109E-03  0.169E-03  pot  B   0.1000
         3  -0.920688   1.01250  0.96625  0.174E-04  0.110E-03  pot  B   0.1000
         4  -0.920658   0.99935  0.96679  0.142E-04  0.158E-03  pot  B   0.1000
         5  -0.920727   1.06703  0.96639  0.855E-05  0.121E-03  pot  B   0.1000
         6  -0.921072   1.02675  0.96878  0.715E-05  0.885E-04  pot  B   0.1000
         7  -0.921040   1.03187  0.96776  0.343E-05  0.964E-04  pot  B   0.1000
         8  -0.920889   1.05875  0.96689  0.480E-05  0.226E-04  pot  B   0.1000
         9  -0.920942   1.04899  0.96747  0.134E-05  0.777E-05  pot  B   0.1000
        10  -0.920929   1.04917  0.96706  0.741E-06  0.731E-05  pot  B   0.1000
        11  -0.920930   1.04963  0.96726  0.525E-06  0.225E-05  pot  B   0.1000
        12  -0.920926   1.04968  0.96712  0.258E-06  0.269E-05  pot  B   0.1000
        13  -0.920928   1.04973  0.96721  0.175E-06  0.195E-05  pot  B   0.1000
        14  -0.920926   1.04981  0.96715  0.104E-06  0.184E-05  pot  B   0.1000
        15  -0.920925   1.05008  0.96717  0.112E-06  0.195E-06  pot  B   0.1000
        16  -0.920924   1.05008  0.96715  0.330E-07  0.281E-06  pot  B   0.1000
        17  -0.920925   1.05010  0.96716  0.229E-07  0.164E-06  pot  B   0.1000
        18  -0.920925   1.05010  0.96716  0.135E-07  0.190E-06  pot  B   0.1000
        19  -0.920924   1.05012  0.96716  0.115E-07  0.645E-07  pot  B   0.1000
        20  -0.920924   1.05012  0.96716  0.517E-08  0.994E-07  pot  B   0.1000
        21  -0.920924   1.05012  0.96716  0.300E-08  0.881E-07  pot  B   0.1000
        22  -0.920924   1.05011  0.96716  0.220E-08  0.102E-06  pot  B   0.1000
        23  -0.920924   1.05011  0.96716  0.111E-08  0.973E-07  pot  B   0.1000
        24  -0.920924   1.05011  0.96716  0.741E-09  0.129E-06  pot  B   0.1000
        25  -0.920924   1.05011  0.96716  0.406E-09  0.106E-06  pot  B   0.1000
        26  -0.920924   1.05012  0.96716  0.953E-09  0.796E-07  pot  B   0.1000
        27  -0.920924   1.05013  0.96716  0.180E-08  0.353E-07  pot  B   0.1000
        28  -0.920924   1.05013  0.96716  0.183E-09  0.387E-07  pot  B   0.1000
        29  -0.920924   1.05013  0.96716  0.181E-08  0.170E-07  pot  B   0.1000
        30  -0.920924   1.05013  0.96716  0.683E-09  0.809E-07  pot  B   0.1000
        31  -0.920924   1.05013  0.96716  0.569E-09  0.120E-07  pot  B   0.1000
        32  -0.920924   1.05013  0.96716  0.287E-09  0.307E-07  pot  B   0.1000
        33  -0.920924   1.05013  0.96716  0.260E-09  0.795E-07  pot  B   0.1000
        34  -0.920924   1.05013  0.96716  0.306E-09  0.806E-07  pot  B   0.1000
        35  -0.920924   1.05013  0.96716  0.545E-09  0.813E-07  pot  B   0.1000
        36  -0.920924   1.05013  0.96716  0.512E-09  0.529E-08  pot  B   0.1000
        37  -0.920924   1.05013  0.96716  0.391E-09  0.304E-07  pot  B   0.1000
        38  -0.920924   1.05013  0.96716  0.325E-09  0.303E-07  pot  B   0.1000
        39  -0.920924   1.05013  0.96716  0.234E-09  0.303E-07  pot  B   0.1000
        40  -0.920924   1.05013  0.96716  0.146E-09  0.305E-07  pot  B   0.1000
