System Description            : Fe, SC-2 structure                              
Number of Atoms in Unit Cell  : 2                                               
Number of Atomic Species      : 2                                               
Number of Atoms in Each Type  : 1(Fe), 1(Va)                                    
Energy Offset                 : -2522                                           
=======================================================================================
    Iter     Energy      3PV     Efermi   Rms_rho    Rms_pot   Mix  Alg  Alpha    Mom  
---------------------------------------------------------------------------------------
**       1  -0.297965  -9.62553  0.68458  0.548E-02  0.148E+00  pot  S   0.0100  1.4034
         2  -0.290036 -11.38125  0.68477  0.102E-02  0.153E+00  pot  S   0.0100  1.3366
         3  -0.334374 -10.57400  0.67738  0.719E-03  0.150E+00  pot  S   0.0100  1.3769
         4  -0.366495  -9.92955  0.67254  0.357E-03  0.148E+00  pot  S   0.0100  1.3843
         5  -0.398195  -9.27449  0.66725  0.365E-03  0.146E+00  pot  S   0.0100  1.4031
         6  -0.425447  -8.67771  0.66267  0.331E-03  0.144E+00  pot  S   0.0100  1.4151
         7  -0.449909  -8.11606  0.65843  0.311E-03  0.142E+00  pot  S   0.0100  1.4262
         8  -0.471620  -7.59241  0.65458  0.289E-03  0.140E+00  pot  S   0.0100  1.4350
         9  -0.490967  -7.10305  0.65108  0.270E-03  0.138E+00  pot  S   0.0100  1.4421
        10  -0.508257  -6.64492  0.64787  0.253E-03  0.136E+00  pot  S   0.0100  1.4476
        11  -0.523765  -6.21507  0.64494  0.237E-03  0.134E+00  pot  S   0.0100  1.4520
        12  -0.537719  -5.81093  0.64223  0.223E-03  0.132E+00  pot  S   0.0100  1.4555
        13  -0.550312  -5.43035  0.63974  0.210E-03  0.131E+00  pot  S   0.0100  1.4583
        14  -0.561703  -5.07151  0.63743  0.198E-03  0.129E+00  pot  S   0.0100  1.4605
        15  -0.572027  -4.73287  0.63530  0.187E-03  0.127E+00  pot  S   0.0100  1.4622
        16  -0.581400  -4.41308  0.63332  0.177E-03  0.126E+00  pot  S   0.0100  1.4636
        17  -0.589923  -4.11096  0.63149  0.168E-03  0.124E+00  pot  S   0.0100  1.4647
        18  -0.597682  -3.82545  0.62979  0.159E-03  0.123E+00  pot  S   0.0100  1.4656
        19  -0.604755  -3.55559  0.62822  0.150E-03  0.121E+00  pot  S   0.0100  1.4662
        20  -0.611211  -3.30049  0.62677  0.142E-03  0.120E+00  pot  S   0.0100  1.4667
        21  -0.617109  -3.05935  0.62543  0.135E-03  0.118E+00  pot  S   0.0100  1.4671
        22  -0.622503  -2.83142  0.62419  0.128E-03  0.117E+00  pot  S   0.0100  1.4673
        23  -0.627443  -2.61599  0.62305  0.121E-03  0.115E+00  pot  S   0.0100  1.4674
        24  -0.631969  -2.41241  0.62201  0.115E-03  0.114E+00  pot  S   0.0100  1.4674
        25  -0.636122  -2.22008  0.62105  0.109E-03  0.113E+00  pot  S   0.0100  1.4674
        26  -0.639936  -2.03840  0.62018  0.103E-03  0.111E+00  pot  S   0.0100  1.4673
        27  -0.643442  -1.86684  0.61938  0.981E-04  0.110E+00  pot  S   0.0100  1.4671
        28  -0.646669  -1.70489  0.61866  0.931E-04  0.109E+00  pot  S   0.0100  1.4669
        29  -0.649642  -1.55205  0.61801  0.883E-04  0.107E+00  pot  S   0.0100  1.4667
        30  -0.652383  -1.40787  0.61742  0.837E-04  0.106E+00  pot  S   0.0100  1.4664
        31  -0.654914  -1.27190  0.61690  0.794E-04  0.105E+00  pot  S   0.0100  1.4661
        32  -0.657254  -1.14374  0.61644  0.753E-04  0.104E+00  pot  S   0.0100  1.4658
        33  -0.659419  -1.02299  0.61604  0.714E-04  0.103E+00  pot  S   0.0100  1.4655
        34  -0.661426  -0.90928  0.61569  0.678E-04  0.101E+00  pot  S   0.0100  1.4651
        35  -0.663286  -0.80225  0.61539  0.643E-04  0.100E+00  pot  S   0.0100  1.4648
        36  -0.665015  -0.70157  0.61513  0.610E-04  0.992E-01  pot  S   0.0100  1.4644
        37  -0.666622  -0.60691  0.61493  0.578E-04  0.981E-01  pot  S   0.0100  1.4640
        38  -0.668119  -0.51796  0.61476  0.548E-04  0.970E-01  pot  S   0.0100  1.4637
        39  -0.669514  -0.43445  0.61464  0.520E-04  0.960E-01  pot  S   0.0100  1.4633
        40  -0.670817  -0.35609  0.61456  0.493E-04  0.949E-01  pot  S   0.0100  1.4629
**      41  -0.670817  -0.35609  0.61456  0.231E-12  0.949E-01  pot  B   0.0100  1.4629
        42  -0.672035  -0.28262  0.61451  0.468E-04  0.939E-01  pot  B   0.0100  1.4625
        43  -0.688215   2.64346  0.61320  0.187E-02  0.498E-01  pot  B   0.0100  1.4363
        44  -0.717287   0.25723  0.66124  0.113E-02  0.107E-01  pot  B   0.0100  1.4524
        45  -0.697923   0.11229  0.66416  0.872E-03  0.118E-01  pot  B   0.0100  1.4327
        46  -0.696686   0.39709  0.66135  0.145E-03  0.132E-01  pot  B   0.0100  1.4310
        47  -0.698874  -0.00096  0.66580  0.227E-03  0.103E-01  pot  B   0.0100  1.4327
        48  -0.701281   0.16387  0.67564  0.245E-03  0.448E-02  pot  B   0.0100  1.4235
        49  -0.701129  -0.31252  0.68068  0.265E-03  0.170E-02  pot  B   0.0100  1.4269
        50  -0.700870  -0.38092  0.68182  0.388E-04  0.133E-02  pot  B   0.0100  1.4282
        51  -0.700581   0.00869  0.67861  0.194E-03  0.325E-02  pot  B   0.0100  1.4288
        52  -0.701464  -0.41490  0.68469  0.302E-03  0.713E-03  pot  B   0.0100  1.4369
        53  -0.700974  -0.49928  0.68612  0.476E-04  0.125E-02  pot  B   0.0100  1.4382
        54  -0.700837  -0.63870  0.68742  0.810E-04  0.211E-02  pot  B   0.0100  1.4392
        55  -0.700836  -0.60460  0.68774  0.312E-04  0.183E-02  pot  B   0.0100  1.4410
        56  -0.700953  -0.48788  0.68667  0.635E-04  0.121E-02  pot  B   0.0100  1.4402
        57  -0.700981  -0.44121  0.68642  0.299E-04  0.858E-03  pot  B   0.0100  1.4410
        58  -0.701027  -0.36790  0.68624  0.742E-04  0.261E-03  pot  B   0.0100  1.4433
        59  -0.701023  -0.37737  0.68628  0.658E-05  0.274E-03  pot  B   0.0100  1.4430
        60  -0.701025  -0.34745  0.68597  0.142E-04  0.138E-03  pot  B   0.0100  1.4426
        61  -0.701019  -0.34493  0.68595  0.138E-05  0.125E-03  pot  B   0.0100  1.4426
        62  -0.700857  -0.32288  0.68580  0.988E-05  0.156E-04  pot  B   0.0100  1.4423
        63  -0.700905  -0.32361  0.68580  0.463E-06  0.162E-04  pot  B   0.0100  1.4423
        64  -0.701193  -0.32227  0.68579  0.588E-05  0.699E-05  pot  B   0.0100  1.4426
        65  -0.701224  -0.32409  0.68581  0.757E-06  0.121E-04  pot  B   0.0100  1.4427
        66  -0.700992  -0.32619  0.68585  0.204E-05  0.310E-04  pot  B   0.0100  1.4425
        67  -0.701054  -0.32560  0.68584  0.661E-06  0.271E-04  pot  B   0.0100  1.4426
        68  -0.701255  -0.32552  0.68583  0.224E-05  0.209E-04  pot  B   0.0100  1.4427
        69  -0.700972  -0.32780  0.68587  0.410E-05  0.464E-04  pot  B   0.0100  1.4425
        70  -0.701320  -0.32563  0.68583  0.446E-05  0.205E-04  pot  B   0.0100  1.4427
        71  -0.701287  -0.32672  0.68584  0.120E-05  0.266E-04  pot  B   0.0100  1.4427
        72  -0.701446  -0.32571  0.68583  0.261E-05  0.239E-04  pot  B   0.0100  1.4429
        73  -0.702111  -0.32038  0.68575  0.107E-04  0.101E-03  pot  B   0.0100  1.4435
        74  -0.701940  -0.32314  0.68578  0.362E-05  0.528E-04  pot  B   0.0100  1.4434
        75  -0.702146  -0.32112  0.68575  0.293E-05  0.675E-04  pot  B   0.0100  1.4435
        76  -0.701438  -0.32745  0.68585  0.110E-04  0.500E-04  pot  B   0.0100  1.4429
        77  -0.701880  -0.32532  0.68581  0.620E-05  0.527E-04  pot  B   0.0100  1.4433
        78  -0.701685  -0.32713  0.68583  0.276E-05  0.281E-04  pot  B   0.0100  1.4431
        79  -0.701619  -0.32778  0.68584  0.805E-06  0.299E-04  pot  B   0.0100  1.4431
        80  -0.701706  -0.32481  0.68581  0.283E-05  0.195E-04  pot  B   0.0100  1.4431
        81  -0.701731  -0.32460  0.68581  0.612E-06  0.298E-04  pot  B   0.0100  1.4432
        82  -0.701811  -0.32403  0.68579  0.124E-05  0.428E-04  pot  B   0.0100  1.4432
        83  -0.701771  -0.32305  0.68578  0.577E-06  0.397E-04  pot  B   0.0100  1.4432
        84  -0.701941  -0.32174  0.68577  0.232E-05  0.518E-04  pot  B   0.0100  1.4433
**      85  -0.701015  -0.32749  0.68586  0.942E-05  0.313E-04  pot  S   0.0500  1.4426
        86  -0.701015  -0.32624  0.68585  0.640E-06  0.256E-04  pot  S   0.0500  1.4426
        87  -0.701015  -0.32528  0.68584  0.492E-06  0.211E-04  pot  S   0.0500  1.4425
        88  -0.701015  -0.32455  0.68583  0.379E-06  0.176E-04  pot  S   0.0500  1.4425
        89  -0.701015  -0.32399  0.68582  0.292E-06  0.149E-04  pot  S   0.0500  1.4425
        90  -0.701015  -0.32356  0.68582  0.225E-06  0.127E-04  pot  S   0.0500  1.4425
        91  -0.701015  -0.32324  0.68581  0.173E-06  0.110E-04  pot  S   0.0500  1.4425
        92  -0.701015  -0.32300  0.68581  0.133E-06  0.959E-05  pot  S   0.0500  1.4425
        93  -0.701015  -0.32281  0.68581  0.102E-06  0.849E-05  pot  S   0.0500  1.4425
        94  -0.701015  -0.32268  0.68581  0.896E-07  0.759E-05  pot  S   0.0500  1.4425
        95  -0.701015  -0.32258  0.68580  0.864E-07  0.685E-05  pot  S   0.0500  1.4425
        96  -0.701015  -0.32250  0.68580  0.833E-07  0.623E-05  pot  S   0.0500  1.4425
        97  -0.701015  -0.32245  0.68580  0.803E-07  0.571E-05  pot  S   0.0500  1.4425
        98  -0.701015  -0.32241  0.68580  0.773E-07  0.527E-05  pot  S   0.0500  1.4425
        99  -0.701015  -0.32239  0.68580  0.745E-07  0.489E-05  pot  S   0.0500  1.4425
       100  -0.701015  -0.32237  0.68580  0.717E-07  0.456E-05  pot  S   0.0500  1.4425
       101  -0.701015  -0.32236  0.68580  0.690E-07  0.427E-05  pot  S   0.0500  1.4425
       102  -0.701015  -0.32236  0.68579  0.664E-07  0.400E-05  pot  S   0.0500  1.4425
       103  -0.701015  -0.32236  0.68579  0.639E-07  0.377E-05  pot  S   0.0500  1.4425
       104  -0.701015  -0.32236  0.68579  0.615E-07  0.355E-05  pot  S   0.0500  1.4425
       105  -0.701015  -0.32236  0.68579  0.592E-07  0.336E-05  pot  S   0.0500  1.4425
       106  -0.701015  -0.32237  0.68579  0.569E-07  0.321E-05  pot  S   0.0500  1.4425
       107  -0.701015  -0.32238  0.68579  0.547E-07  0.310E-05  pot  S   0.0500  1.4425
       108  -0.701015  -0.32238  0.68579  0.527E-07  0.298E-05  pot  S   0.0500  1.4425
       109  -0.701015  -0.32239  0.68579  0.506E-07  0.287E-05  pot  S   0.0500  1.4425
       110  -0.701015  -0.32240  0.68579  0.487E-07  0.276E-05  pot  S   0.0500  1.4424
       111  -0.701015  -0.32241  0.68579  0.468E-07  0.265E-05  pot  S   0.0500  1.4424
       112  -0.701015  -0.32241  0.68579  0.451E-07  0.255E-05  pot  S   0.0500  1.4424
       113  -0.701015  -0.32242  0.68579  0.433E-07  0.245E-05  pot  S   0.0500  1.4424
       114  -0.701015  -0.32243  0.68579  0.417E-07  0.235E-05  pot  S   0.0500  1.4424
       115  -0.701015  -0.32243  0.68579  0.401E-07  0.225E-05  pot  S   0.0500  1.4424
       116  -0.701015  -0.32244  0.68579  0.386E-07  0.216E-05  pot  S   0.0500  1.4424
       117  -0.701015  -0.32245  0.68579  0.371E-07  0.207E-05  pot  S   0.0500  1.4424
       118  -0.701015  -0.32245  0.68579  0.357E-07  0.199E-05  pot  S   0.0500  1.4424
       119  -0.701015  -0.32246  0.68579  0.343E-07  0.191E-05  pot  S   0.0500  1.4424
       120  -0.701015  -0.32246  0.68579  0.330E-07  0.183E-05  pot  S   0.0500  1.4424
       121  -0.701015  -0.32247  0.68578  0.317E-07  0.175E-05  pot  S   0.0500  1.4424
       122  -0.701015  -0.32247  0.68578  0.305E-07  0.168E-05  pot  S   0.0500  1.4424
       123  -0.701015  -0.32248  0.68578  0.293E-07  0.161E-05  pot  S   0.0500  1.4424
       124  -0.701015  -0.32248  0.68578  0.282E-07  0.154E-05  pot  S   0.0500  1.4424
       125  -0.701015  -0.32248  0.68578  0.271E-07  0.148E-05  pot  S   0.0500  1.4424
       126  -0.701015  -0.32249  0.68578  0.261E-07  0.142E-05  pot  S   0.0500  1.4424
       127  -0.701015  -0.32249  0.68578  0.251E-07  0.136E-05  pot  S   0.0500  1.4424
       128  -0.701015  -0.32249  0.68578  0.241E-07  0.130E-05  pot  S   0.0500  1.4424
       129  -0.701015  -0.32250  0.68578  0.232E-07  0.125E-05  pot  S   0.0500  1.4424
       130  -0.701015  -0.32250  0.68578  0.223E-07  0.119E-05  pot  S   0.0500  1.4424
       131  -0.701015  -0.32250  0.68578  0.215E-07  0.115E-05  pot  S   0.0500  1.4424
       132  -0.701015  -0.32251  0.68578  0.207E-07  0.110E-05  pot  S   0.0500  1.4424
       133  -0.701015  -0.32251  0.68578  0.199E-07  0.105E-05  pot  S   0.0500  1.4424
       134  -0.701015  -0.32251  0.68578  0.191E-07  0.101E-05  pot  S   0.0500  1.4424
       135  -0.701015  -0.32251  0.68578  0.184E-07  0.966E-06  pot  S   0.0500  1.4424
       136  -0.701015  -0.32251  0.68578  0.177E-07  0.926E-06  pot  S   0.0500  1.4424
       137  -0.701015  -0.32252  0.68578  0.170E-07  0.887E-06  pot  S   0.0500  1.4424
       138  -0.701015  -0.32252  0.68578  0.164E-07  0.850E-06  pot  S   0.0500  1.4424
       139  -0.701015  -0.32252  0.68578  0.157E-07  0.815E-06  pot  S   0.0500  1.4424
       140  -0.701015  -0.32252  0.68578  0.151E-07  0.781E-06  pot  S   0.0500  1.4424
       141  -0.701015  -0.32252  0.68578  0.146E-07  0.748E-06  pot  S   0.0500  1.4424
       142  -0.701015  -0.32253  0.68578  0.140E-07  0.717E-06  pot  S   0.0500  1.4424
       143  -0.701015  -0.32253  0.68578  0.135E-07  0.687E-06  pot  S   0.0500  1.4424
       144  -0.701015  -0.32253  0.68578  0.130E-07  0.658E-06  pot  S   0.0500  1.4424
       145  -0.701015  -0.32253  0.68578  0.125E-07  0.631E-06  pot  S   0.0500  1.4424
       146  -0.701015  -0.32253  0.68578  0.120E-07  0.605E-06  pot  S   0.0500  1.4424
       147  -0.701015  -0.32253  0.68578  0.115E-07  0.579E-06  pot  S   0.0500  1.4424
       148  -0.701015  -0.32253  0.68578  0.111E-07  0.555E-06  pot  S   0.0500  1.4424
       149  -0.701015  -0.32253  0.68578  0.107E-07  0.532E-06  pot  S   0.0500  1.4424
       150  -0.701015  -0.32253  0.68578  0.103E-07  0.510E-06  pot  S   0.0500  1.4424
       151  -0.701015  -0.32253  0.68578  0.987E-08  0.489E-06  pot  S   0.0500  1.4424
       152  -0.701015  -0.32254  0.68578  0.950E-08  0.469E-06  pot  S   0.0500  1.4424
       153  -0.701015  -0.32254  0.68578  0.913E-08  0.449E-06  pot  S   0.0500  1.4424
       154  -0.701015  -0.32254  0.68578  0.879E-08  0.430E-06  pot  S   0.0500  1.4424
       155  -0.701015  -0.32254  0.68578  0.845E-08  0.413E-06  pot  S   0.0500  1.4424
       156  -0.701015  -0.32254  0.68578  0.813E-08  0.395E-06  pot  S   0.0500  1.4424
       157  -0.701015  -0.32254  0.68578  0.782E-08  0.379E-06  pot  S   0.0500  1.4424
       158  -0.701015  -0.32254  0.68578  0.752E-08  0.363E-06  pot  S   0.0500  1.4424
       159  -0.701015  -0.32254  0.68578  0.724E-08  0.348E-06  pot  S   0.0500  1.4424
       160  -0.701015  -0.32254  0.68578  0.696E-08  0.334E-06  pot  S   0.0500  1.4424
       161  -0.701015  -0.32254  0.68578  0.669E-08  0.320E-06  pot  S   0.0500  1.4424
       162  -0.701015  -0.32254  0.68578  0.644E-08  0.307E-06  pot  S   0.0500  1.4424
       163  -0.701015  -0.32254  0.68578  0.619E-08  0.294E-06  pot  S   0.0500  1.4424
       164  -0.701015  -0.32254  0.68578  0.596E-08  0.282E-06  pot  S   0.0500  1.4424
       165  -0.701015  -0.32254  0.68578  0.573E-08  0.270E-06  pot  S   0.0500  1.4424
       166  -0.701015  -0.32254  0.68578  0.551E-08  0.259E-06  pot  S   0.0500  1.4424
       167  -0.701015  -0.32254  0.68578  0.530E-08  0.248E-06  pot  S   0.0500  1.4424
       168  -0.701015  -0.32254  0.68578  0.510E-08  0.238E-06  pot  S   0.0500  1.4424
       169  -0.701015  -0.32254  0.68578  0.491E-08  0.228E-06  pot  S   0.0500  1.4424
       170  -0.701015  -0.32254  0.68578  0.472E-08  0.219E-06  pot  S   0.0500  1.4424
       171  -0.701015  -0.32255  0.68578  0.454E-08  0.210E-06  pot  S   0.0500  1.4424
       172  -0.701015  -0.32255  0.68578  0.437E-08  0.201E-06  pot  S   0.0500  1.4424
       173  -0.701015  -0.32255  0.68578  0.420E-08  0.193E-06  pot  S   0.0500  1.4424
       174  -0.701015  -0.32255  0.68578  0.404E-08  0.185E-06  pot  S   0.0500  1.4424
       175  -0.701015  -0.32255  0.68578  0.389E-08  0.177E-06  pot  S   0.0500  1.4424
       176  -0.701015  -0.32255  0.68578  0.374E-08  0.170E-06  pot  S   0.0500  1.4424
       177  -0.701015  -0.32255  0.68578  0.360E-08  0.163E-06  pot  S   0.0500  1.4424
       178  -0.701015  -0.32255  0.68578  0.346E-08  0.156E-06  pot  S   0.0500  1.4424
       179  -0.701015  -0.32255  0.68578  0.333E-08  0.150E-06  pot  S   0.0500  1.4424
       180  -0.701015  -0.32255  0.68578  0.320E-08  0.144E-06  pot  S   0.0500  1.4424
       181  -0.701015  -0.32255  0.68578  0.308E-08  0.138E-06  pot  S   0.0500  1.4424
       182  -0.701015  -0.32255  0.68578  0.296E-08  0.132E-06  pot  S   0.0500  1.4424
       183  -0.701015  -0.32255  0.68578  0.285E-08  0.127E-06  pot  S   0.0500  1.4424
       184  -0.701015  -0.32255  0.68578  0.274E-08  0.121E-06  pot  S   0.0500  1.4424
       185  -0.701015  -0.32255  0.68578  0.264E-08  0.116E-06  pot  S   0.0500  1.4424
       186  -0.701015  -0.32255  0.68578  0.254E-08  0.112E-06  pot  S   0.0500  1.4424
       187  -0.701015  -0.32255  0.68578  0.244E-08  0.107E-06  pot  S   0.0500  1.4424
       188  -0.701015  -0.32255  0.68578  0.235E-08  0.103E-06  pot  S   0.0500  1.4424
       189  -0.701015  -0.32255  0.68578  0.226E-08  0.985E-07  pot  S   0.0500  1.4424
       190  -0.701015  -0.32255  0.68578  0.217E-08  0.945E-07  pot  S   0.0500  1.4424
       191  -0.701015  -0.32255  0.68578  0.209E-08  0.906E-07  pot  S   0.0500  1.4424
       192  -0.701015  -0.32255  0.68578  0.201E-08  0.869E-07  pot  S   0.0500  1.4424
       193  -0.701015  -0.32255  0.68578  0.194E-08  0.834E-07  pot  S   0.0500  1.4424
       194  -0.701015  -0.32255  0.68578  0.186E-08  0.800E-07  pot  S   0.0500  1.4424
       195  -0.701015  -0.32255  0.68578  0.179E-08  0.767E-07  pot  S   0.0500  1.4424
       196  -0.701015  -0.32255  0.68578  0.172E-08  0.736E-07  pot  S   0.0500  1.4424
       197  -0.701015  -0.32255  0.68578  0.166E-08  0.706E-07  pot  S   0.0500  1.4424
       198  -0.701015  -0.32255  0.68578  0.159E-08  0.677E-07  pot  S   0.0500  1.4424
       199  -0.701015  -0.32255  0.68578  0.153E-08  0.649E-07  pot  S   0.0500  1.4424
       200  -0.701015  -0.32255  0.68578  0.148E-08  0.623E-07  pot  S   0.0500  1.4424
       201  -0.701015  -0.32255  0.68578  0.142E-08  0.598E-07  pot  S   0.0500  1.4424
       202  -0.701015  -0.32255  0.68578  0.137E-08  0.573E-07  pot  S   0.0500  1.4424
       203  -0.701015  -0.32255  0.68578  0.131E-08  0.550E-07  pot  S   0.0500  1.4424
       204  -0.701015  -0.32255  0.68578  0.126E-08  0.528E-07  pot  S   0.0500  1.4424
       205  -0.701015  -0.32255  0.68578  0.122E-08  0.506E-07  pot  S   0.0500  1.4424
       206  -0.701015  -0.32255  0.68578  0.117E-08  0.486E-07  pot  S   0.0500  1.4424
       207  -0.701015  -0.32255  0.68578  0.113E-08  0.466E-07  pot  S   0.0500  1.4424
       208  -0.701015  -0.32255  0.68578  0.108E-08  0.447E-07  pot  S   0.0500  1.4424
       209  -0.701015  -0.32255  0.68578  0.104E-08  0.430E-07  pot  S   0.0500  1.4424
       210  -0.701015  -0.32255  0.68578  0.100E-08  0.415E-07  pot  S   0.0500  1.4424
       211  -0.701015  -0.32255  0.68578  0.964E-09  0.402E-07  pot  S   0.0500  1.4424
       212  -0.701015  -0.32255  0.68578  0.927E-09  0.388E-07  pot  S   0.0500  1.4424
       213  -0.701015  -0.32255  0.68578  0.892E-09  0.375E-07  pot  S   0.0500  1.4424
       214  -0.701015  -0.32255  0.68578  0.858E-09  0.363E-07  pot  S   0.0500  1.4424
       215  -0.701015  -0.32255  0.68578  0.826E-09  0.351E-07  pot  S   0.0500  1.4424
       216  -0.701015  -0.32255  0.68578  0.794E-09  0.339E-07  pot  S   0.0500  1.4424
       217  -0.701015  -0.32255  0.68578  0.764E-09  0.328E-07  pot  S   0.0500  1.4424
       218  -0.701015  -0.32255  0.68578  0.735E-09  0.317E-07  pot  S   0.0500  1.4424
       219  -0.701015  -0.32255  0.68578  0.707E-09  0.306E-07  pot  S   0.0500  1.4424
       220  -0.701015  -0.32255  0.68578  0.680E-09  0.296E-07  pot  S   0.0500  1.4424
       221  -0.701015  -0.32255  0.68578  0.654E-09  0.286E-07  pot  S   0.0500  1.4424
       222  -0.701015  -0.32255  0.68578  0.630E-09  0.276E-07  pot  S   0.0500  1.4424
       223  -0.701015  -0.32255  0.68578  0.606E-09  0.267E-07  pot  S   0.0500  1.4424
       224  -0.701015  -0.32255  0.68578  0.583E-09  0.258E-07  pot  S   0.0500  1.4424
       225  -0.701015  -0.32255  0.68578  0.561E-09  0.249E-07  pot  S   0.0500  1.4424
       226  -0.701015  -0.32255  0.68578  0.539E-09  0.241E-07  pot  S   0.0500  1.4424
       227  -0.701015  -0.32255  0.68578  0.519E-09  0.232E-07  pot  S   0.0500  1.4424
       228  -0.701015  -0.32255  0.68578  0.499E-09  0.224E-07  pot  S   0.0500  1.4424
       229  -0.701015  -0.32255  0.68578  0.480E-09  0.217E-07  pot  S   0.0500  1.4424
       230  -0.701015  -0.32255  0.68578  0.462E-09  0.209E-07  pot  S   0.0500  1.4424
       231  -0.701015  -0.32255  0.68578  0.444E-09  0.202E-07  pot  S   0.0500  1.4424
       232  -0.701015  -0.32255  0.68578  0.428E-09  0.195E-07  pot  S   0.0500  1.4424
       233  -0.701015  -0.32255  0.68578  0.411E-09  0.189E-07  pot  S   0.0500  1.4424
       234  -0.701015  -0.32255  0.68578  0.396E-09  0.182E-07  pot  S   0.0500  1.4424
       235  -0.701015  -0.32255  0.68578  0.381E-09  0.176E-07  pot  S   0.0500  1.4424
       236  -0.701015  -0.32255  0.68578  0.366E-09  0.170E-07  pot  S   0.0500  1.4424
       237  -0.701015  -0.32255  0.68578  0.352E-09  0.164E-07  pot  S   0.0500  1.4424
       238  -0.701015  -0.32255  0.68578  0.339E-09  0.159E-07  pot  S   0.0500  1.4424
       239  -0.701015  -0.32255  0.68578  0.326E-09  0.153E-07  pot  S   0.0500  1.4424
       240  -0.701015  -0.32255  0.68578  0.314E-09  0.148E-07  pot  S   0.0500  1.4424
       241  -0.701015  -0.32255  0.68578  0.302E-09  0.143E-07  pot  S   0.0500  1.4424
       242  -0.701015  -0.32255  0.68578  0.290E-09  0.138E-07  pot  S   0.0500  1.4424
       243  -0.701015  -0.32255  0.68578  0.279E-09  0.133E-07  pot  S   0.0500  1.4424
       244  -0.701015  -0.32255  0.68578  0.269E-09  0.129E-07  pot  S   0.0500  1.4424
       245  -0.701015  -0.32255  0.68578  0.259E-09  0.124E-07  pot  S   0.0500  1.4424
       246  -0.701015  -0.32255  0.68578  0.249E-09  0.120E-07  pot  S   0.0500  1.4424
       247  -0.701015  -0.32255  0.68578  0.239E-09  0.116E-07  pot  S   0.0500  1.4424
       248  -0.701015  -0.32255  0.68578  0.230E-09  0.112E-07  pot  S   0.0500  1.4424
       249  -0.701015  -0.32255  0.68578  0.221E-09  0.108E-07  pot  S   0.0500  1.4424
       250  -0.701015  -0.32255  0.68578  0.213E-09  0.104E-07  pot  S   0.0500  1.4424
       251  -0.701015  -0.32255  0.68578  0.205E-09  0.100E-07  pot  S   0.0500  1.4424
       252  -0.701015  -0.32255  0.68578  0.197E-09  0.969E-08  pot  S   0.0500  1.4424
