 nspin  vdif :::::: Potentials for non-spin-polarized non-relativistic Va.      
    2   0.0000000000000D+00
 LSMS:           Va     z=  0.    xvalws=   0.60568
   0.                      2.09145   0. 0.6857769443307D+00
                 -0.1113096740000D+02 0.7378582508786D+00 1001 1023
 0.8171432221768D-05 0.8268960273318D-05 0.8367652765536D-05 0.8467523601070D-05
 0.8568586848492D-05 0.8670856745170D-05 0.8774347697323D-05 0.8879074284690D-05
 0.8985051259129D-05 0.9092293550396D-05 0.9200816265663D-05 0.9310634692265D-05
 0.9421764300914D-05 0.9534220746167D-05 0.9648019869682D-05 0.9763177703049D-05
 0.9879710468101D-05 0.9997634580952D-05 0.1011696665380D-04 0.1023772349697D-04
 0.1035992212144D-04 0.1048357974137D-04 0.1060871377701D-04 0.1073534185540D-04
 0.1086348181530D-04 0.1099315170740D-04 0.1112436979871D-04 0.1125715457390D-04
 0.1139152473830D-04 0.1152749922098D-04 0.1166509717655D-04 0.1180433798871D-04
 0.1194524127241D-04 0.1208782687663D-04 0.1223211488753D-04 0.1237812563101D-04
 0.1252587967608D-04 0.1267539783622D-04 0.1282670117507D-04 0.1297981100599D-04
 0.1313474889830D-04 0.1329153667779D-04 0.1345019643150D-04 0.1361075050976D-04
 0.1377322152983D-04 0.1393763237973D-04 0.1410400621950D-04 0.1427236648650D-04
 0.1444273689795D-04 0.1461514145362D-04 0.1478960444081D-04 0.1496615043593D-04
 0.1514480430904D-04 0.1532559122731D-04 0.1550853665827D-04 0.1569366637369D-04
 0.1588100645319D-04 0.1607058328697D-04 0.1626242358106D-04 0.1645655435997D-04
 0.1665300297140D-04 0.1685179708910D-04 0.1705296471682D-04 0.1725653419373D-04
 0.1746253419682D-04 0.1767099374521D-04 0.1788194220481D-04 0.1809540929196D-04
 0.1831142507826D-04 0.1853001999373D-04 0.1875122483172D-04 0.1897507075428D-04
 0.1920158929383D-04 0.1943081236060D-04 0.1966277224566D-04 0.1989750162504D-04
 0.2013503356516D-04 0.2037540152765D-04 0.2061863937305D-04 0.2086478136641D-04
 0.2111386218211D-04 0.2136591690804D-04 0.2162098105174D-04 0.2187909054381D-04
 0.2214028174470D-04 0.2240459144844D-04 0.2267205688826D-04 0.2294271574265D-04
 0.2321660613931D-04 0.2349376666122D-04 0.2377423635238D-04 0.2405805472258D-04
 0.2434526175355D-04 0.2463589790452D-04 0.2493000411729D-04 0.2522762182306D-04
 0.2552879294740D-04 0.2583355991634D-04 0.2614196566260D-04 0.2645405363183D-04
 0.2676986778762D-04 0.2708945261909D-04 0.2741285314679D-04 0.2774011492769D-04
 0.2807128406388D-04 0.2840640720721D-04 0.2874553156663D-04 0.2908870491468D-04
 0.2943597559487D-04 0.2978739252733D-04 0.3014300521588D-04 0.3050286375651D-04
 0.3086701884258D-04 0.3123552177272D-04 0.3160842445858D-04 0.3198577943056D-04
 0.3236763984749D-04 0.3275405950192D-04 0.3314509282934D-04 0.3354079491463D-04
 0.3394122150087D-04 0.3434642899605D-04 0.3475647448238D-04 0.3517141572325D-04
 0.3559131117143D-04 0.3601621997806D-04 0.3644620200038D-04 0.3688131781016D-04
 0.3732162870242D-04 0.3776719670401D-04 0.3821808458253D-04 0.3867435585472D-04
 0.3913607479610D-04 0.3960330644903D-04 0.4007611663301D-04 0.4055457195272D-04
 0.4103873980894D-04 0.4152868840650D-04 0.4202448676468D-04 0.4252620472710D-04
 0.4303391297105D-04 0.4354768301773D-04 0.4406758724246D-04 0.4459369888410D-04
 0.4512609205683D-04 0.4566484175868D-04 0.4621002388409D-04 0.4676171523320D-04
 0.4731999352308D-04 0.4788493739853D-04 0.4845662644407D-04 0.4903514119350D-04
 0.4962056314279D-04 0.5021297476053D-04 0.5081245950045D-04 0.5141910181226D-04
 0.5203298715372D-04 0.5265420200375D-04 0.5328283387302D-04 0.5391897131755D-04
 0.5456270395033D-04 0.5521412245416D-04 0.5587331859506D-04 0.5654038523458D-04
 0.5721541634262D-04 0.5789850701115D-04 0.5858975346789D-04 0.5928925308905D-04
 0.5999710441367D-04 0.6071340715717D-04 0.6143826222565D-04 0.6217177172990D-04
 0.6291403899992D-04 0.6366516859924D-04 0.6442526634029D-04 0.6519443929834D-04
 0.6597279582738D-04 0.6676044557489D-04 0.6755749949769D-04 0.6836406987744D-04
 0.6918027033614D-04 0.7000621585258D-04 0.7084202277787D-04 0.7168780885312D-04
 0.7254369322448D-04 0.7340979646138D-04 0.7428624057190D-04 0.7517314902137D-04
 0.7607064674962D-04 0.7697886018722D-04 0.7789791727508D-04 0.7882794748134D-04
 0.7976908181987D-04 0.8072145286892D-04 0.8168519478969D-04 0.8266044334525D-04
 0.8364733591943D-04 0.8464601153622D-04 0.8565661088008D-04 0.8667927631450D-04
 0.8771415190342D-04 0.8876138342997D-04 0.8982111841873D-04 0.9089350615495D-04
 0.9197869770697D-04 0.9307684594631D-04 0.9418810556957D-04 0.9531263312080D-04
 0.9645058701310D-04 0.9760212755072D-04 0.9876741695175D-04 0.9994661937131D-04
 0.1011399009247D-03 0.1023474297101D-03 0.1035693758328D-03 0.1048059114293D-03
 0.1060572106911D-03 0.1073234498895D-03 0.1086048074007D-03 0.1099014637299D-03
 0.1112136015384D-03 0.1125414056676D-03 0.1138850631663D-03 0.1152447633164D-03
 0.1166206976597D-03 0.1180130600250D-03 0.1194220465553D-03 0.1208478557354D-03
 0.1222906884201D-03 0.1237507478621D-03 0.1252282397408D-03 0.1267233721915D-03
 0.1282363558347D-03 0.1297674038049D-03 0.1313167317824D-03 0.1328845580217D-03
 0.1344711033837D-03 0.1360765913657D-03 0.1377012481342D-03 0.1393453025554D-03
 0.1410089862284D-03 0.1426925335175D-03 0.1443961815850D-03 0.1461201704247D-03
 0.1478647428963D-03 0.1496301447588D-03 0.1514166247053D-03 0.1532244343986D-03
 0.1550538285057D-03 0.1569050647348D-03 0.1587784038706D-03 0.1606741098117D-03
 0.1625924496072D-03 0.1645336934949D-03 0.1664981149390D-03 0.1684859906689D-03
 0.1704976007179D-03 0.1725332284628D-03 0.1745931606635D-03 0.1766776875042D-03
 0.1787871026334D-03 0.1809217032058D-03 0.1830817899235D-03 0.1852676670801D-03
 0.1874796426007D-03 0.1897180280880D-03 0.1919831388645D-03 0.1942752940180D-03
 0.1965948164456D-03 0.1989420329001D-03 0.2013172740351D-03 0.2037208744522D-03
 0.2061531727483D-03 0.2086145115626D-03 0.2111052376253D-03 0.2136257018065D-03
 0.2161762591657D-03 0.2187572690011D-03 0.2213690949014D-03 0.2240121047959D-03
 0.2266866710070D-03 0.2293931703026D-03 0.2321319839483D-03 0.2349034977630D-03
 0.2377081021711D-03 0.2405461922592D-03 0.2434181678303D-03 0.2463244334615D-03
 0.2492653985599D-03 0.2522414774211D-03 0.2552530892870D-03 0.2583006584050D-03
 0.2613846140880D-03 0.2645053907743D-03 0.2676634280897D-03 0.2708591709087D-03
 0.2740930694173D-03 0.2773655791763D-03 0.2806771611863D-03 0.2840282819515D-03
 0.2874194135461D-03 0.2908510336806D-03 0.2943236257693D-03 0.2978376789979D-03
 0.3013936883929D-03 0.3049921548915D-03 0.3086335854111D-03 0.3123184929223D-03
 0.3160473965198D-03 0.3198208214959D-03 0.3236392994152D-03 0.3275033681884D-03
 0.3314135721488D-03 0.3353704621289D-03 0.3393745955374D-03 0.3434265364388D-03
 0.3475268556318D-03 0.3516761307304D-03 0.3558749462448D-03 0.3601238936641D-03
 0.3644235715396D-03 0.3687745855688D-03 0.3731775486809D-03 0.3776330811232D-03
 0.3821418105488D-03 0.3867043721040D-03 0.3913214085190D-03 0.3959935701976D-03
 0.4007215153090D-03 0.4055059098810D-03 0.4103474278929D-03 0.4152467513712D-03
 0.4202045704860D-03 0.4252215836466D-03 0.4302984976017D-03 0.4354360275380D-03
 0.4406348971813D-03 0.4458958388979D-03 0.4512195937987D-03 0.4566069118427D-03
 0.4620585519430D-03 0.4675752820742D-03 0.4731578793796D-03 0.4788071302811D-03
 0.4845238305907D-03 0.4903087856213D-03 0.4961628103013D-03 0.5020867292886D-03
 0.5080813770869D-03 0.5141475981640D-03 0.5202862470697D-03 0.5264981885568D-03
 0.5327842977029D-03 0.5391454600333D-03 0.5455825716461D-03 0.5520965393385D-03
 0.5586882807340D-03 0.5653587244122D-03 0.5721088100397D-03 0.5789394885015D-03
 0.5858517220362D-03 0.5928464843708D-03 0.5999247608580D-03 0.6070875486151D-03
 0.6143358566644D-03 0.6216707060754D-03 0.6290931301084D-03 0.6366041743604D-03
 0.6442048969121D-03 0.6518963684770D-03 0.6596796725526D-03 0.6675559055722D-03
 0.6755261770605D-03 0.6835916097886D-03 0.6917533399332D-03 0.7000125172361D-03
 0.7083703051663D-03 0.7168278810840D-03 0.7253864364064D-03 0.7340471767752D-03
 0.7428113222269D-03 0.7516801073645D-03 0.7606547815314D-03 0.7697366089869D-03
 0.7789268690852D-03 0.7882268564552D-03 0.7976378811826D-03 0.8071612689945D-03
 0.8167983614467D-03 0.8265505161120D-03 0.8364191067716D-03 0.8464055236092D-03
 0.8565111734057D-03 0.8667374797385D-03 0.8770858831811D-03 0.8875578415068D-03
 0.8981548298934D-03 0.9088783411315D-03 0.9197298858342D-03 0.9307109926506D-03
 0.9418232084806D-03 0.9530680986927D-03 0.9644472473452D-03 0.9759622574082D-03
 0.9876147509908D-03 0.9994063695682D-03 0.1011338774214D-02 0.1023413645833D-02
 0.1035632685400D-02 0.1047997614196D-02 0.1060510174055D-02 0.1073172127605D-02
 0.1085985258521D-02 0.1098951371770D-02 0.1112072293872D-02 0.1125349873152D-02
 0.1138785980003D-02 0.1152382507150D-02 0.1166141369913D-02 0.1180064506482D-02
 0.1194153878185D-02 0.1208411469769D-02 0.1222839289673D-02 0.1237439370318D-02
 0.1252213768391D-02 0.1267164565130D-02 0.1282293866626D-02 0.1297603804109D-02
 0.1313096534258D-02 0.1328774239500D-02 0.1344639128316D-02 0.1360693435555D-02
 0.1376939422749D-02 0.1393379378428D-02 0.1410015618447D-02 0.1426850486307D-02
 0.1443886353490D-02 0.1461125619790D-02 0.1478570713653D-02 0.1496224092515D-02
 0.1514088243153D-02 0.1532165682034D-02 0.1550458955666D-02 0.1568970640961D-02
 0.1587703345595D-02 0.1606659708378D-02 0.1625842399622D-02 0.1645254121521D-02
 0.1664897608528D-02 0.1684775627742D-02 0.1704890979298D-02 0.1725246496760D-02
 0.1745845047521D-02 0.1766689533208D-02 0.1787782890086D-02 0.1809128089478D-02
 0.1830728138178D-02 0.1852586078877D-02 0.1874704990591D-02 0.1897087989095D-02
 0.1919738227361D-02 0.1942658896002D-02 0.1965853223722D-02 0.1989324477770D-02
 0.2013075964401D-02 0.2037111029340D-02 0.2061433058253D-02 0.2086045477228D-02
 0.2110951753252D-02 0.2136155394700D-02 0.2161659951832D-02 0.2187469017291D-02
 0.2213586226609D-02 0.2240015258719D-02 0.2266759836471D-02 0.2293823727161D-02
 0.2321210743056D-02 0.2348924741935D-02 0.2376969627629D-02 0.2405349350571D-02
 0.2434067908356D-02 0.2463129346298D-02 0.2492537758004D-02 0.2522297285948D-02
 0.2552412122054D-02 0.2582886508289D-02 0.2613724737255D-02 0.2644931152800D-02
 0.2676510150623D-02 0.2708466178897D-02 0.2740803738893D-02 0.2773527385613D-02
 0.2806641728436D-02 0.2840151431759D-02 0.2874061215661D-02 0.2908375856562D-02
 0.2943100187899D-02 0.2978239100803D-02 0.3013797544790D-02 0.3049780528456D-02
 0.3086193120182D-02 0.3123040448850D-02 0.3160327704559D-02 0.3198060139361D-02
 0.3236243067997D-02 0.3274881868647D-02 0.3313981983684D-02 0.3353548920443D-02
 0.3393588251991D-02 0.3434105617918D-02 0.3475106725124D-02 0.3516597348627D-02
 0.3558583332371D-02 0.3601070590052D-02 0.3644065105948D-02 0.3687572935759D-02
 0.3731600207464D-02 0.3776153122177D-02 0.3821237955025D-02 0.3866861056025D-02
 0.3913028850982D-02 0.3959747842389D-02 0.4007024610344D-02 0.4054865813474D-02
 0.4103278189873D-02 0.4152268558047D-02 0.4201843817875D-02 0.4252010951578D-02
 0.4302777024701D-02 0.4354149187106D-02 0.4406134673979D-02 0.4458740806845D-02
 0.4511974994596D-02 0.4565844734539D-02 0.4620357613441D-02 0.4675521308602D-02
 0.4731343588930D-02 0.4787832316035D-02 0.4844995445335D-02 0.4902841027171D-02
 0.4961377207937D-02 0.5020612231231D-02 0.5080554439005D-02 0.5141212272746D-02
 0.5202594274652D-02 0.5264709088840D-02 0.5327565462556D-02 0.5391172247404D-02
 0.5455538400590D-02 0.5520672986180D-02 0.5586585176371D-02 0.5653284252783D-02
 0.5720779607754D-02 0.5789080745669D-02 0.5858197284286D-02 0.5928138956089D-02
 0.5998915609654D-02 0.6070537211032D-02 0.6143013845144D-02 0.6216355717200D-02
 0.6290573154129D-02 0.6365676606027D-02 0.6441676647625D-02 0.6518583979769D-02
 0.6596409430924D-02 0.6675163958689D-02 0.6754858651336D-02 0.6835504729365D-02
 0.6917113547074D-02 0.6999696594152D-02 0.7083265497290D-02 0.7167832021808D-02
 0.7253408073306D-02 0.7340005699329D-02 0.7427637091058D-02 0.7516314585014D-02
 0.7606050664787D-02 0.7696857962784D-02 0.7788749261998D-02 0.7881737497794D-02
 0.7975835759725D-02 0.8071057293356D-02 0.8167415502126D-02 0.8264923949215D-02
 0.8363596359444D-02 0.8463446621196D-02 0.8564488788353D-02 0.8666737082267D-02
 0.8770205893740D-02 0.8874909785041D-02 0.8980863491937D-02 0.9088081925753D-02
 0.9196580175451D-02 0.9306373509741D-02 0.9417477379209D-02 0.9529907418475D-02
 0.9643679448374D-02 0.9758809478161D-02 0.9875313707746D-02 0.9993208529952D-02
 0.1011251053280D-01 0.1023323650181D-01 0.1035540342237D-01 0.1047902848207D-01
 0.1060412907309D-01 0.1073072279467D-01 0.1085882745550D-01 0.1098846107623D-01
 0.1111964189198D-01 0.1125238835485D-01 0.1138671913652D-01 0.1152265313080D-01
 0.1166020945630D-01 0.1179940745904D-01 0.1194026671517D-01 0.1208280703369D-01
 0.1222704845916D-01 0.1237301127449D-01 0.1252071600380D-01 0.1267018341520D-01
 0.1282143452368D-01 0.1297449059406D-01 0.1312937314389D-01 0.1328610394641D-01
 0.1344470503364D-01 0.1360519869933D-01 0.1376760750210D-01 0.1393195426854D-01
 0.1409826209634D-01 0.1426655435750D-01 0.1443685470153D-01 0.1460918705876D-01
 0.1478357564354D-01 0.1496004495766D-01 0.1513861979368D-01 0.1531932523836D-01
 0.1550218667606D-01 0.1568722979228D-01 0.1587448057715D-01 0.1606396532901D-01
 0.1625571065802D-01 0.1644974348975D-01 0.1664609106896D-01 0.1684478096322D-01
 0.1704584106676D-01 0.1724929960423D-01 0.1745518513459D-01 0.1766352655495D-01
 0.1787435310455D-01 0.1808769436873D-01 0.1830358028294D-01 0.1852204113683D-01
 0.1874310757832D-01 0.1896681061783D-01 0.1919318163239D-01 0.1942225236996D-01
 0.1965405495370D-01 0.1988862188628D-01 0.2012598605433D-01 0.2036618073280D-01
 0.2060923958952D-01 0.2085519668964D-01 0.2110408650030D-01 0.2135594389519D-01
 0.2161080415923D-01 0.2186870299333D-01 0.2212967651914D-01 0.2239376128388D-01
 0.2266099426519D-01 0.2293141287611D-01 0.2320505496998D-01 0.2348195884555D-01
 0.2376216325198D-01 0.2404570739404D-01 0.2433263093724D-01 0.2462297401309D-01
 0.2491677722439D-01 0.2521408165057D-01 0.2551492885308D-01 0.2581936088083D-01
 0.2612742027572D-01 0.2643915007817D-01 0.2675459383274D-01 0.2707379559382D-01
 0.2739679993129D-01 0.2772365193638D-01 0.2805439722742D-01 0.2838908195577D-01
 0.2872775281178D-01 0.2907045703073D-01 0.2941724239893D-01 0.2976815725980D-01
 0.3012325052009D-01 0.3048257165600D-01 0.3084617071958D-01 0.3121409834495D-01
 0.3158640575478D-01 0.3196314476665D-01 0.3234436779964D-01 0.3273012788082D-01
 0.3312047865189D-01 0.3351547437583D-01 0.3391516994364D-01 0.3431962088112D-01
 0.3472888335569D-01 0.3514301418328D-01 0.3556207083528D-01 0.3598611144552D-01
 0.3641519481733D-01 0.3684938043064D-01 0.3728872844913D-01 0.3773329972745D-01
 0.3818315581845D-01 0.3863835898050D-01 0.3909897218487D-01 0.3956505912310D-01
 0.4003668421448D-01 0.4051391261354D-01 0.4099681021760D-01 0.4148544367439D-01
 0.4197988038964D-01 0.4248018853479D-01 0.4298643705475D-01 0.4349869567557D-01
 0.4401703491236D-01 0.4454152607705D-01 0.4507224128627D-01 0.4560925346933D-01
 0.4615263637611D-01 0.4670246458503D-01 0.4725881351109D-01 0.4782175941391D-01
 0.4839137940575D-01 0.4896775145960D-01 0.4955095441732D-01 0.5014106799772D-01
 0.5073817280470D-01 0.5134235033540D-01 0.5195368298838D-01 0.5257225407173D-01
 0.5319814781129D-01 0.5383144935879D-01 0.5447224479999D-01 0.5512062116288D-01
 0.5577666642578D-01 0.5644046952548D-01 0.5711212036535D-01 0.5779170982343D-01
 0.5847932976046D-01 0.5917507302790D-01 0.5987903347594D-01 0.6059130596137D-01
 0.6131198635555D-01 0.6204117155216D-01 0.6277895947500D-01 0.6352544908569D-01
 0.6428074039128D-01 0.6504493445178D-01 0.6581813338762D-01 0.6660044038702D-01
 0.6739195971318D-01 0.6819279671146D-01 0.6900305781639D-01 0.6982285055851D-01
 0.7065228357115D-01 0.7149146659698D-01 0.7234051049445D-01 0.7319952724407D-01
 0.7406862995443D-01 0.7494793286812D-01 0.7583755136738D-01 0.7673760197957D-01
 0.7764820238237D-01 0.7856947140875D-01 0.7950152905173D-01 0.8044449646877D-01
 0.8139849598594D-01 0.8236365110178D-01 0.8334008649079D-01 0.8432792800664D-01
 0.8532730268501D-01 0.8633833874597D-01 0.8736116559613D-01 0.8839591383018D-01
 0.8944271523217D-01 0.9050170277618D-01 0.9157301062664D-01 0.9265677413802D-01
 0.9375312985412D-01 0.9486221550667D-01 0.9598417001342D-01 0.9711913347566D-01
 0.9826724717500D-01 0.9942865356954D-01 0.1006034962893D+00 0.1017919201311D+00
 0.1029940710523D+00 0.1042100961640D+00 0.1054401437235D+00 0.1066843631256D+00
 0.1079429048933D+00 0.1092159206671D+00 0.1105035631938D+00 0.1118059863138D+00
 0.1131233449478D+00 0.1144557950820D+00 0.1158034937521D+00 0.1171665990264D+00
 0.1185452699869D+00 0.1199396667104D+00 0.1213499502463D+00 0.1227762825947D+00
 0.1242188266822D+00 0.1256777463356D+00 0.1271532062550D+00 0.1286453719847D+00
 0.1301544098818D+00 0.1316804870836D+00 0.1332237714733D+00 0.1347844316422D+00
 0.1363626368517D+00 0.1379585569917D+00 0.1395723625371D+00 0.1412042245023D+00
 0.1428543143925D+00 0.1445228041530D+00 0.1462098661156D+00 0.1479156729418D+00
 0.1496403975640D+00 0.1513842131226D+00 0.1531472929006D+00 0.1549298102546D+00
 0.1567319385428D+00 0.1585538510487D+00 0.1603957209017D+00 0.1622577209936D+00
 0.1641400238911D+00 0.1660428017441D+00 0.1679662261897D+00 0.1699104682516D+00
 0.1718756982348D+00 0.1738620856156D+00 0.1758697989261D+00 0.1778990056340D+00
 0.1799498720161D+00 0.1820225630267D+00 0.1841172421600D+00 0.1862340713061D+00
 0.1883732106003D+00 0.1905348182665D+00 0.1927190504527D+00 0.1949260610601D+00
 0.1971560015640D+00 0.1994090208273D+00 0.2016852649055D+00 0.2039848768435D+00
 0.2063079964639D+00 0.2086547601452D+00 0.2110253005912D+00 0.2134197465905D+00
 0.2158382227656D+00 0.2182808493109D+00 0.2207477417201D+00 0.2232390105021D+00
 0.2257547608840D+00 0.2282950925025D+00 0.2308600990822D+00 0.2334498680995D+00
 0.2360644804334D+00 0.2387040100014D+00 0.2413685233796D+00 0.2440580794078D+00
 0.2467727287772D+00 0.2495125136021D+00 0.2522774669727D+00 0.2550676124897D+00
 0.2578829637799D+00 0.2607235239913D+00 0.2635892852678D+00 0.2664802282013D+00
 0.2693963212621D+00 0.2723375202054D+00 0.2753037674529D+00 0.2782949914498D+00
 0.2813111059945D+00 0.2843520095406D+00 0.2874175844710D+00 0.2905076963413D+00
 0.2936221930922D+00 0.2967609042299D+00 0.2999236399716D+00 0.3031101903576D+00
 0.3063203243248D+00 0.3095537887436D+00 0.3128103074143D+00 0.3160895800221D+00
 0.3193912810493D+00 0.3227150586424D+00 0.3260605334324D+00 0.3294272973061D+00
 0.3328149121271D+00 0.3362229084032D+00 0.3396507838990D+00 0.3430980021907D+00
 0.3465639911610D+00 0.3500481414311D+00 0.3535498047281D+00 0.3570682921835D+00
 0.3606028725610D+00 0.3641527704107D+00 0.3677171641452D+00 0.3712951840358D+00
 0.3748859101239D+00 0.3784883700452D+00 0.3821015367617D+00 0.3857243261983D+00
 0.3893555947796D+00 0.3929941368620D+00 0.3966386820570D+00 0.4002878924412D+00
 0.4039403596467D+00 0.4075946018278D+00 0.4112490604977D+00 0.4149020972302D+00
 0.4185519902188D+00 0.4221969306890D+00 0.4258350191544D+00 0.4294642615120D+00
 0.4330825649682D+00 0.4366877337873D+00 0.4402774648559D+00 0.4438493430526D+00
 0.4474008364165D+00 0.4509292911030D+00 0.4544319261184D+00 0.4579058278229D+00
 0.4613479441902D+00 0.4647550788138D+00 0.4681238846477D+00 0.4714508574676D+00
 0.4747323290428D+00 0.4779644600012D+00 0.4811432323762D+00 0.4842644418190D+00
 0.4873236894610D+00 0.4903163734089D+00 0.4932376798566D+00 0.4960825737951D+00
 0.4988457893006D+00 0.5015218193819D+00 0.5041049053663D+00 0.5065890258013D+00
 0.5089678848494D+00 0.5112349001528D+00 0.5133831901421D+00 0.5154055607630D+00
 0.5172944915935D+00 0.5190421213232D+00 0.5206402325646D+00 0.5220802359646D+00
 0.5233531535843D+00 0.5244496015122D+00 0.5253597716765D+00 0.5260734128174D+00
 0.5265798105831D+00 0.5268677667077D+00 0.5269255772296D+00 0.5267410097084D+00
 0.5263012793928D+00 0.5255930242950D+00 0.5246022791232D+00 0.5233144480205D+00
 0.5217142760609D+00 0.5197858194484D+00 0.5175124143644D+00 0.5148766444079D+00
 0.5118603065709D+00 0.5084443756904D+00 0.5046089673174D+00 0.5003332989428D+00
 0.4955956495180D+00 0.4903733172088D+00 0.4846425753225D+00 0.4783786263435D+00
 0.4715555540194D+00 0.4641462734370D+00 0.4561224790298D+00 0.4474545904622D+00
 0.4381116963382D+00 0.4280614956864D+00 0.4172702371782D+00 0.4057026560430D+00
 0.3933219086512D+00 0.3800895047455D+00 0.3659652373119D+00 0.3509071100937D+00
 0.3348712627698D+00 0.3178118938318D+00 0.2996811812205D+00 0.2804292007318D+00
 0.2600038426681D+00
                                    0.0000000000000D+00
 1023 0.6056845857345D+00
 0.1331757347239D-10 0.1363770418379D-10 0.1396552759446D-10 0.1430122852599D-10
 0.1464499624672D-10 0.1499702455710D-10 0.1535751193273D-10 0.1572666159770D-10
 0.1610468167157D-10 0.1649178526824D-10 0.1688819062790D-10 0.1729412122435D-10
 0.1770980590502D-10 0.1813547901502D-10 0.1857138053131D-10 0.1901775618673D-10
 0.1947485763089D-10 0.1994294254192D-10 0.2042227480994D-10 0.2091312465123D-10
 0.2141576876634D-10 0.2193049052020D-10 0.2245758007122D-10 0.2299733455751D-10
 0.2355005825316D-10 0.2411606273866D-10 0.2469566707692D-10 0.2528919801144D-10
 0.2589699011516D-10 0.2651938601338D-10 0.2715673654721D-10 0.2780940100631D-10
 0.2847774729812D-10 0.2916215216504D-10 0.2986300140602D-10 0.3058069009332D-10
 0.3131562277898D-10 0.3206821374736D-10 0.3283888721413D-10 0.3362807761840D-10
 0.3443622979281D-10 0.3526379929488D-10 0.3611125260938D-10 0.3697906741384D-10
 0.3786773290808D-10 0.3877774997639D-10 0.3970963158686D-10 0.4066390301058D-10
 0.4164110214704D-10 0.4264177980414D-10 0.4366650003562D-10 0.4471584043794D-10
 0.4579039248282D-10 0.4689076185202D-10 0.4801756877480D-10 0.4917144838934D-10
 0.5035305107606D-10 0.5156304285616D-10 0.5280210573476D-10 0.5407093811744D-10
 0.5537025517738D-10 0.5670078925352D-10 0.5806329031941D-10 0.5945852631310D-10
 0.6088728366073D-10 0.6235036765934D-10 0.6384860296148D-10 0.6538283402595D-10
 0.6695392558771D-10 0.6856276318299D-10 0.7021025358502D-10 0.7189732538245D-10
 0.7362492944736D-10 0.7539403950956D-10 0.7720565267748D-10 0.7906079002413D-10
 0.8096049713543D-10 0.8290584474715D-10 0.8489792927225D-10 0.8693787349787D-10
 0.8902682717385D-10 0.9116596765421D-10 0.9335650060005D-10 0.9559966061248D-10
 0.9789671197344D-10 0.1002489493209D-09 0.1026576983847D-09 0.1051243167722D-09
 0.1076501946820D-09 0.1102367556925D-09 0.1128854576290D-09 0.1155977932797D-09
 0.1183752913286D-09 0.1212195171906D-09 0.1241320738509D-09 0.1271146028349D-09
 0.1301687850714D-09 0.1332963418980D-09 0.1364990359782D-09 0.1397786723421D-09
 0.1431370993683D-09 0.1465762098266D-09 0.1500979419652D-09 0.1537042806047D-09
 0.1573972582334D-09 0.1611789561586D-09 0.1650515057045D-09 0.1690170893910D-09
 0.1730779421323D-09 0.1772363525871D-09 0.1814946643429D-09 0.1858552773074D-09
 0.1903206490461D-09 0.1948932961475D-09 0.1995757956556D-09 0.2043707865358D-09
 0.2092809711087D-09 0.2143091166651D-09 0.2194580569232D-09 0.2247306937121D-09
 0.2301299985328D-09 0.2356590142902D-09 0.2413208570032D-09 0.2471187174918D-09
 0.2530558632754D-09 0.2591356403406D-09 0.2653614750696D-09 0.2717368761179D-09
 0.2782654364744D-09 0.2849508354187D-09 0.2917968406155D-09 0.2988073102006D-09
 0.3059861950559D-09 0.3133375408952D-09 0.3208654907178D-09 0.3285742869692D-09
 0.3364682740132D-09 0.3445519005956D-09 0.3528297223216D-09 0.3613064042646D-09
 0.3699867234987D-09 0.3788755719074D-09 0.3879779588244D-09 0.3972990140071D-09
 0.4068439903632D-09 0.4166182670384D-09 0.4266273523498D-09 0.4368768869496D-09
 0.4473726470237D-09 0.4581205474748D-09 0.4691266453367D-09 0.4803971430582D-09
 0.4919383921780D-09 0.5037568968019D-09 0.5158593171653D-09 0.5282524736249D-09
 0.5409433503559D-09 0.5539390992618D-09 0.5672470440461D-09 0.5808746843878D-09
 0.5948297000675D-09 0.6091199554366D-09 0.6237535036864D-09 0.6387385914376D-09
 0.6540836634840D-09 0.6697973674964D-09 0.6858885587657D-09 0.7023663054139D-09
 0.7192398933275D-09 0.7365188315202D-09 0.7542128573558D-09 0.7723319421681D-09
 0.7908862968140D-09 0.8098863774282D-09 0.8293428912723D-09 0.8492668028841D-09
 0.8696693401796D-09 0.8905620007501D-09 0.9119565584300D-09 0.9338650698989D-09
 0.9562998813387D-09 0.9792736355952D-09 0.1002799279302D-08 0.1026890069986D-08
 0.1051559583604D-08 0.1076821722374D-08 0.1102690722341D-08 0.1129181161620D-08
 0.1156307968503D-08 0.1184086429786D-08 0.1212532199622D-08 0.1241661308096D-08
 0.1271490170489D-08 0.1302035596251D-08 0.1333314798795D-08 0.1365345404849D-08
 0.1398145464744D-08 0.1431733462287D-08 0.1466128325340D-08 0.1501349436512D-08
 0.1537416643852D-08 0.1574350272403D-08 0.1612171135274D-08 0.1650900545691D-08
 0.1690560328786D-08 0.1731172833882D-08 0.1772760947382D-08 0.1815348105254D-08
 0.1858958306630D-08 0.1903616126985D-08 0.1949346732218D-08 0.1996175892697D-08
 0.2044129997986D-08 0.2093236071431D-08 0.2143521785526D-08 0.2195015477631D-08
 0.2247746165674D-08 0.2301743564794D-08 0.2357038103773D-08 0.2413660942551D-08
 0.2471643989373D-08 0.2531019919130D-08 0.2591822191498D-08 0.2654085070105D-08
 0.2717843641446D-08 0.2783133834906D-08 0.2849992443070D-08 0.2918457142250D-08
 0.2988566513850D-08 0.3060360066014D-08 0.3133878255937D-08 0.3209162512847D-08
 0.3286255260900D-08 0.3365199943499D-08 0.3446041047705D-08 0.3528824129055D-08
 0.3613595837607D-08 0.3700403943881D-08 0.3789297366040D-08 0.3880326197226D-08
 0.3973541734030D-08 0.4068996505168D-08 0.4166744301345D-08 0.4266840205268D-08
 0.4369340622789D-08 0.4474303314919D-08 0.4581787429992D-08 0.4691853537326D-08
 0.4804563661158D-08 0.4919981315691D-08 0.5038171540857D-08 0.5159200938840D-08
 0.5283137711895D-08 0.5410051700379D-08 0.5540014422744D-08 0.5673099115005D-08
 0.5809380772669D-08 0.5948936192714D-08 0.6091844016874D-08 0.6238184776044D-08
 0.6388040935651D-08 0.6541496942034D-08 0.6698639270044D-08 0.6859556471758D-08
 0.7024339226655D-08 0.7193080392233D-08 0.7365875056938D-08 0.7542820592756D-08
 0.7724016711443D-08 0.7909565519644D-08 0.8099571576742D-08 0.8294141953981D-08
 0.8493386294501D-08 0.8697416875390D-08 0.8906348670681D-08 0.9120299416371D-08
 0.9339389676683D-08 0.9563742912005D-08 0.9793485548320D-08 0.1002874704886D-07
 0.1026965998656D-07 0.1051636011892D-07 0.1076898646480D-07 0.1102768138241D-07
 0.1129259064961D-07 0.1156386354609D-07 0.1184165293791D-07 0.1212611536229D-07
 0.1241741111784D-07 0.1271570435289D-07 0.1302116315957D-07 0.1333395966763D-07
 0.1365427014150D-07 0.1398227507981D-07 0.1431815931752D-07 0.1466211212914D-07
 0.1501432733606D-07 0.1537500341552D-07 0.1574434361268D-07 0.1612255605492D-07
 0.1650985386901D-07 0.1690645530165D-07 0.1731258384225D-07 0.1772846834834D-07
 0.1815434317564D-07 0.1859044830895D-07 0.1903702949841D-07 0.1949433839689D-07
 0.1996263270305D-07 0.2044217630532D-07 0.2093323943160D-07 0.2143609880091D-07
 0.2195103777970D-07 0.2247834654128D-07 0.2301832222911D-07 0.2357126912511D-07
 0.2413749882014D-07 0.2471733039021D-07 0.2531109057597D-07 0.2591911396731D-07
 0.2654174319076D-07 0.2717932910374D-07 0.2783223099247D-07 0.2850081677268D-07
 0.2918546319889D-07 0.2988655607564D-07 0.3060449047533D-07 0.3133967096017D-07
 0.3209251181099D-07 0.3286343726079D-07 0.3365288173260D-07 0.3446129008535D-07
 0.3528911786444D-07 0.3613683155776D-07 0.3700490885937D-07 0.3789383893846D-07
 0.3880412271473D-07 0.3973627314054D-07 0.4069081549101D-07 0.4166828765862D-07
 0.4266924045689D-07 0.4369423793111D-07 0.4474385767604D-07 0.4581869116096D-07
 0.4691934406308D-07 0.4804643660958D-07 0.4920060392628D-07 0.5038249639548D-07
 0.5159278002302D-07 0.5283213681392D-07 0.5410126515481D-07 0.5540088020995D-07
 0.5673171432294D-07 0.5809451742844D-07 0.5949005747756D-07 0.6091912086714D-07
 0.6238251288587D-07 0.6388105816659D-07 0.6541560115079D-07 0.6698700656487D-07
 0.6859615990853D-07 0.7024396795159D-07 0.7193135924600D-07 0.7365928464979D-07
 0.7542871786239D-07 0.7724065597190D-07 0.7909612001930D-07 0.8099615557239D-07
 0.8294183331593D-07 0.8493424965330D-07 0.8697452732543D-07 0.8906381604492D-07
 0.9120329314089D-07 0.9339416422449D-07 0.9563766386783D-07 0.9793505629928D-07
 0.1002876361167D-06 0.1026967290156D-06 0.1051636925381D-06 0.1076899168361D-06
 0.1102768254555D-06 0.1129258761381D-06 0.1156385616439D-06 0.1184164105904D-06
 0.1212609883163D-06 0.1241738977622D-06 0.1271567803741D-06 0.1302113170279D-06
 0.1333392289776D-06 0.1365422788247D-06 0.1398222715117D-06 0.1431810553385D-06
 0.1466205230046D-06 0.1501426126765D-06 0.1537493090770D-06 0.1574426446069D-06
 0.1612247004882D-06 0.1650976079383D-06 0.1690635493695D-06 0.1731247596197D-06
 0.1772835272120D-06 0.1815421956437D-06 0.1859031647065D-06 0.1903688918410D-06
 0.1949418935179D-06 0.1996247466600D-06 0.2044200900912D-06 0.2093306260252D-06
 0.2143591215877D-06 0.2195084103765D-06 0.2247813940555D-06 0.2301810439946D-06
 0.2357104029399D-06 0.2413725867302D-06 0.2471707860517D-06 0.2531082682387D-06
 0.2591883791113D-06 0.2654145448618D-06 0.2717902739888D-06 0.2783191592690D-06
 0.2850048797857D-06 0.2918512029996D-06 0.2988619868746D-06 0.3060411820477D-06
 0.3133928340599D-06 0.3209210856329D-06 0.3286301790052D-06 0.3365244583201D-06
 0.3446083720780D-06 0.3528864756394D-06 0.3613634337934D-06 0.3700440233864D-06
 0.3789331360153D-06 0.3880357807805D-06 0.3973570871120D-06 0.4069023076594D-06
 0.4166768212504D-06 0.4266861359234D-06 0.4369358920299D-06 0.4474318654148D-06
 0.4581799706708D-06 0.4691862644697D-06 0.4804569489778D-06 0.4919983753502D-06
 0.5038170473090D-06 0.5159196248095D-06 0.5283129277928D-06 0.5410039400287D-06
 0.5539998130541D-06 0.5673078701972D-06 0.5809356107096D-06 0.5948907139914D-06
 0.6091810439177D-06 0.6238146532712D-06 0.6387997882773D-06 0.6541448932581D-06
 0.6698586153823D-06 0.6859498095464D-06 0.7024275433563D-06 0.7193011022469D-06
 0.7365799947070D-06 0.7542739576410D-06 0.7723929618558D-06 0.7909472176801D-06
 0.8099471807196D-06 0.8294035577435D-06 0.8493273127270D-06 0.8697296730212D-06
 0.8906221356900D-06 0.9120164739791D-06 0.9339247439576D-06 0.9563592913120D-06
 0.9793327582970D-06 0.1002858090872D-05 0.1026948545984D-05 0.1051617699051D-05
 0.1076879451599D-05 0.1102748039111D-05 0.1129238039036D-05 0.1156364379016D-05
 0.1184142345292D-05 0.1212587591317D-05 0.1241716146588D-05 0.1271544425665D-05
 0.1302089237436D-05 0.1333367794581D-05 0.1365397723275D-05 0.1398197073126D-05
 0.1431784327341D-05 0.1466178413144D-05 0.1501398712449D-05 0.1537465072774D-05
 0.1574397818437D-05 0.1612217762002D-05 0.1650946216014D-05 0.1690605005010D-05
 0.1731216477814D-05 0.1772803520142D-05 0.1815389567495D-05 0.1858998618362D-05
 0.1903655247760D-05 0.1949384621070D-05 0.1996212508232D-05 0.2044165298260D-05
 0.2093270014121D-05 0.2143554327964D-05 0.2195046576718D-05 0.2247775778062D-05
 0.2301771646777D-05 0.2357064611506D-05 0.2413685831886D-05 0.2471667216130D-05
 0.2531041438998D-05 0.2591841960219D-05 0.2654103043354D-05 0.2717859775101D-05
 0.2783148085080D-05 0.2850004766078D-05 0.2918467494792D-05 0.2988574853065D-05
 0.3060366349634D-05 0.3133882442399D-05 0.3209164561226D-05 0.3286255131308D-05
 0.3365197597070D-05 0.3446036446665D-05 0.3528817237055D-05 0.3613586619676D-05
 0.3700392366750D-05 0.3789283398215D-05 0.3880309809293D-05 0.3973522898737D-05
 0.4068975197744D-05 0.4166720499570D-05 0.4266813889864D-05 0.4369311777707D-05
 0.4474271927424D-05 0.4581753491146D-05 0.4691817042154D-05 0.4804524609025D-05
 0.4919939710626D-05 0.5038127391888D-05 0.5159154260506D-05 0.5283088524481D-05
 0.5410000030574D-05 0.5539960303688D-05 0.5673042587199D-05 0.5809321884249D-05
 0.5948875000031D-05 0.6091780585099D-05 0.6238119179720D-05 0.6387973259269D-05
 0.6541427280765D-05 0.6698567730452D-05 0.6859483172605D-05 0.7024264299453D-05
 0.7193003982310D-05 0.7365797323976D-05 0.7542741712337D-05 0.7723936875299D-05
 0.7909484937026D-05 0.8099490475531D-05 0.8294060581666D-05 0.8493304919485D-05
 0.8697335788139D-05 0.8906268185168D-05 0.9120219871392D-05 0.9339311437309D-05
 0.9563666371130D-05 0.9793411128403D-05 0.1002867520338D-04 0.1026959120203D-04
 0.1051629491684D-04 0.1076892540344D-04 0.1102762505902D-04 0.1129253970266D-04
 0.1156381865762D-04 0.1184161483554D-04 0.1212608482276D-04 0.1241738896859D-04
 0.1271569147586D-04 0.1302116049352D-04 0.1333396821151D-04 0.1365429095794D-04
 0.1398230929860D-04 0.1431820813880D-04 0.1466217682775D-04 0.1501440926543D-04
 0.1537510401199D-04 0.1574446439980D-04 0.1612269864824D-04 0.1651001998121D-04
 0.1690664674746D-04 0.1731280254387D-04 0.1772871634165D-04 0.1815462261558D-04
 0.1859076147641D-04 0.1903737880639D-04 0.1949472639807D-04 0.1996306209652D-04
 0.2044264994486D-04 0.2093376033336D-04 0.2143667015220D-04 0.2195166294768D-04
 0.2247902908251D-04 0.2301906589969D-04 0.2357207789051D-04 0.2413837686648D-04
 0.2471828213552D-04 0.2531212068228D-04 0.2592022735288D-04 0.2654294504415D-04
 0.2718062489722D-04 0.2783362649609D-04 0.2850231807068D-04 0.2918707670503D-04
 0.2988828855033D-04 0.3060634904319D-04 0.3134166312916D-04 0.3209464549164D-04
 0.3286572078625D-04 0.3365532388099D-04 0.3446390010203D-04 0.3529190548559D-04
 0.3613980703576D-04 0.3700808298866D-04 0.3789722308286D-04 0.3880772883646D-04
 0.3974011383075D-04 0.4069490400076D-04 0.4167263793285D-04 0.4267386716946D-04
 0.4369915652121D-04 0.4474908438660D-04 0.4582424307933D-04 0.4692523916366D-04
 0.4805269379779D-04 0.4920724308553D-04 0.5038953843654D-04 0.5160024693526D-04
 0.5284005171869D-04 0.5410965236343D-04 0.5540976528196D-04 0.5674112412863D-04
 0.5810448021540D-04 0.5950060293760D-04 0.6093028021014D-04 0.6239431891416D-04
 0.6389354535454D-04 0.6542880572850D-04 0.6700096660551D-04 0.6861091541893D-04
 0.7025956096943D-04 0.7194783394074D-04 0.7367668742783D-04 0.7544709747793D-04
 0.7726006364466D-04 0.7911660955565D-04 0.8101778349385D-04 0.8296465899307D-04
 0.8495833544788D-04 0.8699993873835D-04 0.8909062187004D-04 0.9123156562946D-04
 0.9342397925546D-04 0.9566910112704D-04 0.9796819946778D-04 0.1003225730675D-03
 0.1027335520214D-03 0.1052024984873D-03 0.1077308074611D-03 0.1103199075717D-03
 0.1129712618942D-03 0.1156863687843D-03 0.1184667627321D-03 0.1213140152366D-03
 0.1242297357028D-03 0.1272155723588D-03 0.1302732131971D-03 0.1334043869379D-03
 0.1366108640159D-03 0.1398944575921D-03 0.1432570245889D-03 0.1467004667521D-03
 0.1502267317381D-03 0.1538378142274D-03 0.1575357570660D-03 0.1613226524347D-03
 0.1652006430470D-03 0.1691719233760D-03 0.1732387409122D-03 0.1774033974515D-03
 0.1816682504151D-03 0.1860357142023D-03 0.1905082615755D-03 0.1950884250806D-03
 0.1997787985014D-03 0.2045820383503D-03 0.2095008653958D-03 0.2145380662271D-03
 0.2196964948583D-03 0.2249790743715D-03 0.2303887986007D-03 0.2359287338574D-03
 0.2416020206990D-03 0.2474118757410D-03 0.2533615935137D-03 0.2594545483656D-03
 0.2656941964139D-03 0.2720840775428D-03 0.2786278174526D-03 0.2853291297589D-03
 0.2921918181443D-03 0.2992197785642D-03 0.3064170015067D-03 0.3137875743098D-03
 0.3213356835363D-03 0.3290656174076D-03 0.3369817682992D-03 0.3450886352977D-03
 0.3533908268235D-03 0.3618930633175D-03 0.3706001799967D-03 0.3795171296788D-03
 0.3886489856772D-03 0.3980009447703D-03 0.4075783302444D-03 0.4173865950144D-03
 0.4274313248231D-03 0.4377182415214D-03 0.4482532064321D-03 0.4590422237982D-03
 0.4700914443202D-03 0.4814071687820D-03 0.4929958517699D-03 0.5048641054869D-03
 0.5170187036631D-03 0.5294665855678D-03 0.5422148601227D-03 0.5552708101223D-03
 0.5686418965609D-03 0.5823357630728D-03 0.5963602404852D-03 0.6107233514897D-03
 0.6254333154342D-03 0.6404985532388D-03 0.6559276924388D-03 0.6717295723594D-03
 0.6879132494245D-03 0.7044880026039D-03 0.7214633390027D-03 0.7388489995970D-03
 0.7566549651196D-03 0.7748914621003D-03 0.7935689690649D-03 0.8126982228978D-03
 0.8322902253722D-03 0.8523562498530D-03 0.8729078481777D-03 0.8939568577193D-03
 0.9155154086379D-03 0.9375959313255D-03 0.9602111640488D-03 0.9833741607983D-03
 0.1007098299347D-02 0.1031397289524D-02 0.1056285181719D-02 0.1081776375603D-02
 0.1107885629099D-02 0.1134628067589D-02 0.1162019193372D-02 0.1190074895382D-02
 0.1218811459171D-02 0.1248245577167D-02 0.1278394359209D-02 0.1309275343382D-02
 0.1340906507144D-02 0.1373306278762D-02 0.1406493549067D-02 0.1440487683544D-02
 0.1475308534743D-02 0.1510976455058D-02 0.1547512309850D-02 0.1584937490948D-02
 0.1623273930529D-02 0.1662544115396D-02 0.1702771101655D-02 0.1743978529819D-02
 0.1786190640339D-02 0.1829432289586D-02 0.1873728966291D-02 0.1919106808460D-02
 0.1965592620785D-02 0.2013213892553D-02 0.2061998816089D-02 0.2111976305735D-02
 0.2163176017385D-02 0.2215628368602D-02 0.2269364559329D-02 0.2324416593215D-02
 0.2380817299585D-02 0.2438600356055D-02 0.2497800311845D-02 0.2558452611778D-02
 0.2620593621022D-02 0.2684260650579D-02 0.2749491983547D-02 0.2816326902198D-02
 0.2884805715887D-02 0.2954969789817D-02 0.3026861574710D-02 0.3100524637389D-02
 0.3176003692329D-02 0.3253344634197D-02 0.3332594571412D-02 0.3413801860780D-02
 0.3497016143226D-02 0.3582288380667D-02 0.3669670894073D-02 0.3759217402755D-02
 0.3850983064924D-02 0.3945024519572D-02 0.4041399929718D-02 0.4140169027080D-02
 0.4241393158215D-02 0.4345135332187D-02 0.4451460269829D-02 0.4560434454641D-02
 0.4672126185404D-02 0.4786605630567D-02 0.4903944884481D-02 0.5024218025539D-02
 0.5147501176315D-02 0.5273872565765D-02 0.5403412593572D-02 0.5536203896731D-02
 0.5672331418452D-02 0.5811882479473D-02 0.5954946851885D-02 0.6101616835570D-02
 0.6251987337348D-02 0.6406155952952D-02 0.6564223051946D-02 0.6726291865700D-02
 0.6892468578551D-02 0.7062862422280D-02 0.7237585774046D-02 0.7416754257913D-02
 0.7600486850133D-02 0.7788905988322D-02 0.7982137684718D-02 0.8180311643669D-02
 0.8383561383552D-02 0.8592024363295D-02 0.8805842113710D-02 0.9025160373839D-02
 0.9250129232532D-02 0.9480903275480D-02 0.9717641737945D-02 0.9960508663435D-02
 0.1020967306858D-01 0.1046530911450D-01 0.1072759628491D-01 0.1099671957132D-01
 0.1127286966563D-01 0.1155624316037D-01 0.1184704275707D-01 0.1214547748304D-01
 0.1245176291692D-01 0.1276612142346D-01 0.1308878239797D-01 0.1341998252075D-01
 0.1375996602213D-01 0.1410898495850D-01 0.1446729949989D-01 0.1483517822958D-01
 0.1521289845641D-01 0.1560074654027D-01 0.1599901823148D-01 0.1640801902463D-01
 0.1682806452768D-01 0.1725948084696D-01 0.1770260498884D-01 0.1815778527894D-01
 0.1862538179961D-01 0.1910576684671D-01 0.1959932540647D-01 0.2010645565360D-01
 0.2062756947145D-01 0.2116309299553D-01 0.2171346718145D-01 0.2227914839844D-01
 0.2286060904985D-01 0.2345833822178D-01 0.2407284236152D-01 0.2470464598704D-01
 0.2535429242925D-01 0.2602234460865D-01 0.2670938584810D-01 0.2741602072355D-01
 0.2814287595479D-01 0.2889060133803D-01 0.2965987072274D-01 0.3045138303488D-01
 0.3126586334892D-01 0.3210406401133D-01 0.3296676581807D-01 0.3385477924902D-01
 0.3476894576230D-01 0.3571013915168D-01 0.3667926697040D-01 0.3767727202489D-01
 0.3870513394228D-01 0.3976387081541D-01 0.4085454092976D-01 0.4197824457647D-01
 0.4313612595630D-01 0.4432937517938D-01 0.4555923036596D-01 0.4682697985364D-01
 0.4813396451697D-01 0.4948158020563D-01 0.5087128030748D-01 0.5230457844371D-01
 0.5378305130312D-01 0.5530834162340D-01 0.5688216132750D-01 0.5850629482380D-01
 0.6018260247921D-01 0.6191302427485D-01 0.6369958365463D-01 0.6554439157743D-01
 0.6744965078458D-01 0.6941766029452D-01 0.7145082013769D-01 0.7355163634510D-01
 0.7572272620503D-01 0.7796682380303D-01 0.8028678586130D-01 0.8268559789444D-01
 0.8516638069951D-01 0.8773239719947D-01 0.9038705965993D-01 0.9313393730059D-01
 0.9597676432345D-01 0.9891944838177D-01 0.1019660795143D+00 0.1051209395715D+00
 0.1083885121607D+00 0.1117734931403D+00 0.1152808016934D+00 0.1189155920116D+00
 0.1226832656264D+00 0.1265894844194D+00 0.1306401843526D+00 0.1348415899548D+00
 0.1392002296078D+00 0.1437229516722D+00 0.1484169415000D+00 0.1532897393792D+00
 0.1583492594582D+00 0.1636038097011D+00 0.1690621129249D+00 0.1747333289723D+00
 0.1806270780741D+00 0.1867534654589D+00 0.1931231072654D+00 0.1997471578164D+00
 0.2066373383132D+00 0.2138059670081D+00 0.2212659909137D+00 0.2290310191053D+00
 0.2371153576731D+00 0.2455340463753D+00 0.2543028970419D+00 0.2634385337738D+00
 0.2729584349742D+00 0.2828809772443D+00 0.2932254811623D+00 0.3040122589559D+00
 0.3152626640631D+00 0.3269991425575D+00 0.3392452863982D+00 0.3520258884346D+00
 0.3653669990730D+00 0.3792959844760D+00 0.3938415861277D+00 0.4090339815519D+00
 0.4249048459199D+00 0.4414874142222D+00 0.4588165436100D+00 0.4769287754335D+00
 0.4958623964108D+00 0.5156574982595D+00 0.5363560350038D+00 0.5580018770338D+00
 0.5806408608461D+00 0.6043208332180D+00 0.6290916883769D+00 0.6550053966162D+00
 0.6821160219150D+00 0.7104270907404D+00 0.7399431116267D+00 0.7707236865476D+00
 0.8028319415708D+00 0.8363347538897D+00 0.8713029928350D+00 0.9078117755260D+00
 0.9459407378173D+00 0.9857743211951D+00 0.1027402076262D+01 0.1070918983430D+01
 0.1116425791419D+01 0.1164029374105D+01 0.1213843106230D+01 0.1265987258415D+01
 0.1320589411829D+01 0.1377784892799D+01 0.1437717227507D+01 0.1500538616798D+01
 0.1566410430970D+01 0.1635503724233D+01 0.1707999768295D+01
    0    0
 LSMS:           Va     z=  0.    xvalws=   0.61117
   0.                      2.09145   0. 0.6857769443307D+00
                 -0.1113096740000D+02 0.7378582508786D+00 1001 1023
 0.7733006682665D-05 0.7825305887954D-05 0.7918707103719D-05 0.8013223487331D-05
 0.8108868353008D-05 0.8205655174950D-05 0.8303597586836D-05 0.8402709386741D-05
 0.8503004535744D-05 0.8604497162962D-05 0.8707201565651D-05 0.8811132211770D-05
 0.8916303742402D-05 0.9022730972839D-05 0.9130428895366D-05 0.9239412681961D-05
 0.9349697684994D-05 0.9461299440343D-05 0.9574233669587D-05 0.9688516281695D-05
 0.9804163375566D-05 0.9921191242741D-05 0.1003961636924D-04 0.1015945543711D-04
 0.1028072532873D-04 0.1040344312715D-04 0.1052762611972D-04 0.1065329180022D-04
 0.1078045787123D-04 0.1090914224693D-04 0.1103936305490D-04 0.1117113863946D-04
 0.1130448756417D-04 0.1143942861373D-04 0.1157598079754D-04 0.1171416335162D-04
 0.1185399574218D-04 0.1199549766682D-04 0.1213868905999D-04 0.1228359009220D-04
 0.1243022117644D-04 0.1257860296833D-04 0.1272875637073D-04 0.1288070253580D-04
 0.1303446286805D-04 0.1319005902841D-04 0.1334751293516D-04 0.1350684676935D-04
 0.1366808297635D-04 0.1383124426940D-04 0.1399635363347D-04 0.1416343432747D-04
 0.1433250988811D-04 0.1450360413326D-04 0.1467674116484D-04 0.1485194537313D-04
 0.1502924143950D-04 0.1520865433913D-04 0.1539020934630D-04 0.1557393203669D-04
 0.1575984829175D-04 0.1594798430147D-04 0.1613836656839D-04 0.1633102191210D-04
 0.1652597747221D-04 0.1672326071196D-04 0.1692289942298D-04 0.1712492172822D-04
 0.1732935608723D-04 0.1753623129829D-04 0.1774557650410D-04 0.1795742119570D-04
 0.1817179521524D-04 0.1838872876193D-04 0.1860825239562D-04 0.1883039704048D-04
 0.1905519399013D-04 0.1928267491212D-04 0.1951287185167D-04 0.1974581723673D-04
 0.1998154388266D-04 0.2022008499615D-04 0.2046147418099D-04 0.2070574544152D-04
 0.2095293318864D-04 0.2120307224372D-04 0.2145619784391D-04 0.2171234564751D-04
 0.2197155173810D-04 0.2223385263003D-04 0.2249928527397D-04 0.2276788706155D-04
 0.2303969583084D-04 0.2331474987188D-04 0.2359308793154D-04 0.2387474921969D-04
 0.2415977341399D-04 0.2444820066609D-04 0.2474007160672D-04 0.2503542735228D-04
 0.2533430950939D-04 0.2563676018180D-04 0.2594282197636D-04 0.2625253800772D-04
 0.2656595190615D-04 0.2688310782230D-04 0.2720405043410D-04 0.2752882495279D-04
 0.2785747713001D-04 0.2819005326307D-04 0.2852660020184D-04 0.2886716535630D-04
 0.2921179670199D-04 0.2956054278727D-04 0.2991345274062D-04 0.3027057627610D-04
 0.3063196370240D-04 0.3099766592812D-04 0.3136773447023D-04 0.3174222146031D-04
 0.3212117965277D-04 0.3250466243149D-04 0.3289272381816D-04 0.3328541847938D-04
 0.3368280173392D-04 0.3408492956173D-04 0.3449185861068D-04 0.3490364620522D-04
 0.3532035035409D-04 0.3574202975860D-04 0.3616874382115D-04 0.3660055265322D-04
 0.3703751708404D-04 0.3747969866896D-04 0.3792715969856D-04 0.3837996320677D-04
 0.3883817298056D-04 0.3930185356815D-04 0.3977107028838D-04 0.4024588924029D-04
 0.4072637731192D-04 0.4121260218999D-04 0.4170463236934D-04 0.4220253716234D-04
 0.4270638670968D-04 0.4321625198847D-04 0.4373220482391D-04 0.4425431789872D-04
 0.4478266476335D-04 0.4531731984620D-04 0.4585835846481D-04 0.4640585683531D-04
 0.4695989208443D-04 0.4752054225922D-04 0.4808788633910D-04 0.4866200424617D-04
 0.4924297685654D-04 0.4983088601255D-04 0.5042581453312D-04 0.5102784622652D-04
 0.5163706590107D-04 0.5225355937786D-04 0.5287741350304D-04 0.5350871615942D-04
 0.5414755627873D-04 0.5479402385483D-04 0.5544820995624D-04 0.5611020673849D-04
 0.5678010745755D-04 0.5745800648270D-04 0.5814399931015D-04 0.5883818257604D-04
 0.5954065407045D-04 0.6025151275108D-04 0.6097085875710D-04 0.6169879342324D-04
 0.6243541929397D-04 0.6318084013843D-04 0.6393516096457D-04 0.6469848803406D-04
 0.6547092887725D-04 0.6625259230852D-04 0.6704358844096D-04 0.6784402870316D-04
 0.6865402585332D-04 0.6947369399663D-04 0.7030314859997D-04 0.7114250650923D-04
 0.7199188596561D-04 0.7285140662134D-04 0.7372118955793D-04 0.7460135730223D-04
 0.7549203384402D-04 0.7639334465350D-04 0.7730541669879D-04 0.7822837846450D-04
 0.7916235996855D-04 0.8010749278139D-04 0.8106391004494D-04 0.8203174648983D-04
 0.8301113845635D-04 0.8400222391170D-04 0.8500514247092D-04 0.8602003541561D-04
 0.8704704571481D-04 0.8808631804391D-04 0.8913799880574D-04 0.9020223615142D-04
 0.9127918000077D-04 0.9236898206363D-04 0.9347179586098D-04 0.9458777674693D-04
 0.9571708193069D-04 0.9685987049816D-04 0.9801630343447D-04 0.9918654364724D-04
 0.1003707559891D-03 0.1015691072806D-03 0.1027817663344D-03 0.1040089039783D-03
 0.1052506930806D-03 0.1065073085724D-03 0.1077789274742D-03 0.1090657289197D-03
 0.1103678941814D-03 0.1116856066963D-03 0.1130190520914D-03 0.1143684182100D-03
 0.1157338951381D-03 0.1171156752315D-03 0.1185139531423D-03 0.1199289258469D-03
 0.1213607926733D-03 0.1228097553296D-03 0.1242760179323D-03 0.1257597870344D-03
 0.1272612716558D-03 0.1287806833112D-03 0.1303182360413D-03 0.1318741464421D-03
 0.1334486336958D-03 0.1350419196014D-03 0.1366542286061D-03 0.1382857878367D-03
 0.1399368271323D-03 0.1416075790757D-03 0.1432982790268D-03 0.1450091651557D-03
 0.1467404784758D-03 0.1484924628785D-03 0.1502653651669D-03 0.1520594350909D-03
 0.1538749253821D-03 0.1557120917900D-03 0.1575711931171D-03 0.1594524912564D-03
 0.1613562512276D-03 0.1632827412144D-03 0.1652322326027D-03 0.1672050000186D-03
 0.1692013213669D-03 0.1712214778709D-03 0.1732657541111D-03 0.1753344380662D-03
 0.1774278211527D-03 0.1795461982670D-03 0.1816898678260D-03 0.1838591318098D-03
 0.1860542958040D-03 0.1882756690427D-03 0.1905235644520D-03 0.1927982986943D-03
 0.1951001922130D-03 0.1974295692770D-03 0.1997867580272D-03 0.2021720905220D-03
 0.2045859027849D-03 0.2070285348508D-03 0.2095003308150D-03 0.2120016388805D-03
 0.2145328114083D-03 0.2170942049664D-03 0.2196861803791D-03 0.2223091027803D-03
 0.2249633416620D-03 0.2276492709288D-03 0.2303672689489D-03 0.2331177186083D-03
 0.2359010073643D-03 0.2387175273004D-03 0.2415676751815D-03 0.2444518525095D-03
 0.2473704655800D-03 0.2503239255398D-03 0.2533126484443D-03 0.2563370553167D-03
 0.2593975722068D-03 0.2624946302511D-03 0.2656286657342D-03 0.2688001201493D-03
 0.2720094402606D-03 0.2752570781672D-03 0.2785434913653D-03 0.2818691428137D-03
 0.2852345009985D-03 0.2886400400000D-03 0.2920862395576D-03 0.2955735851397D-03
 0.2991025680102D-03 0.3026736852987D-03 0.3062874400705D-03 0.3099443413967D-03
 0.3136449044272D-03 0.3173896504618D-03 0.3211791070248D-03 0.3250138079389D-03
 0.3288942934001D-03 0.3328211100543D-03 0.3367948110739D-03 0.3408159562360D-03
 0.3448851120012D-03 0.3490028515934D-03 0.3531697550803D-03 0.3573864094555D-03
 0.3616534087209D-03 0.3659713539705D-03 0.3703408534751D-03 0.3747625227679D-03
 0.3792369847313D-03 0.3837648696846D-03 0.3883468154726D-03 0.3929834675559D-03
 0.3976754791016D-03 0.4024235110750D-03 0.4072282323331D-03 0.4120903197187D-03
 0.4170104581560D-03 0.4219893407463D-03 0.4270276688667D-03 0.4321261522681D-03
 0.4372855091755D-03 0.4425064663892D-03 0.4477897593870D-03 0.4531361324277D-03
 0.4585463386569D-03 0.4640211402116D-03 0.4695613083286D-03 0.4751676234528D-03
 0.4808408753472D-03 0.4865818632041D-03 0.4923913957580D-03 0.4982702913989D-03
 0.5042193782881D-03 0.5102394944744D-03 0.5163314880130D-03 0.5224962170839D-03
 0.5287345501135D-03 0.5350473658967D-03 0.5414355537209D-03 0.5479000134907D-03
 0.5544416558552D-03 0.5610614023364D-03 0.5677601854584D-03 0.5745389488793D-03
 0.5813986475238D-03 0.5883402477180D-03 0.5953647273252D-03 0.6024730758839D-03
 0.6096662947472D-03 0.6169453972235D-03 0.6243114087198D-03 0.6317653668856D-03
 0.6393083217596D-03 0.6469413359169D-03 0.6546654846195D-03 0.6624818559672D-03
 0.6703915510509D-03 0.6783956841082D-03 0.6864953826796D-03 0.6946917877681D-03
 0.7029860539991D-03 0.7113793497841D-03 0.7198728574842D-03 0.7284677735771D-03
 0.7371653088260D-03 0.7459666884496D-03 0.7548731522951D-03 0.7638859550125D-03
 0.7730063662312D-03 0.7822356707398D-03 0.7915751686657D-03 0.8010261756595D-03
 0.8105900230793D-03 0.8202680581791D-03 0.8300616442979D-03 0.8399721610520D-03
 0.8500010045294D-03 0.8601495874865D-03 0.8704193395468D-03 0.8808117074026D-03
 0.8913281550186D-03 0.9019701638380D-03 0.9127392329917D-03 0.9236368795085D-03
 0.9346646385300D-03 0.9458240635257D-03 0.9571167265127D-03 0.9685442182763D-03
 0.9801081485951D-03 0.9918101464665D-03 0.1003651860337D-02 0.1015634958335D-02
 0.1027761128504D-02 0.1040032079042D-02 0.1052449538541D-02 0.1065015256229D-02
 0.1077731002223D-02 0.1090598567770D-02 0.1103619765503D-02 0.1116796429698D-02
 0.1130130416529D-02 0.1143623604332D-02 0.1157277893868D-02 0.1171095208592D-02
 0.1185077494922D-02 0.1199226722515D-02 0.1213544884544D-02 0.1228033997980D-02
 0.1242696103871D-02 0.1257533267635D-02 0.1272547579351D-02 0.1287741154047D-02
 0.1303116132007D-02 0.1318674679064D-02 0.1334418986909D-02 0.1350351273403D-02
 0.1366473782881D-02 0.1382788786476D-02 0.1399298582435D-02 0.1416005496442D-02
 0.1432911881949D-02 0.1450020120505D-02 0.1467332622090D-02 0.1484851825458D-02
 0.1502580198478D-02 0.1520520238484D-02 0.1538674472621D-02 0.1557045458209D-02
 0.1575635783096D-02 0.1594448066027D-02 0.1613484957011D-02 0.1632749137694D-02
 0.1652243321738D-02 0.1671970255201D-02 0.1691932716925D-02 0.1712133518928D-02
 0.1732575506799D-02 0.1753261560100D-02 0.1774194592768D-02 0.1795377553529D-02
 0.1816813426314D-02 0.1838505230674D-02 0.1860456022210D-02 0.1882668893002D-02
 0.1905146972044D-02 0.1927893425683D-02 0.1950911458069D-02 0.1974204311603D-02
 0.1997775267393D-02 0.2021627645717D-02 0.2045764806494D-02 0.2070190149751D-02
 0.2094907116105D-02 0.2119919187246D-02 0.2145229886432D-02 0.2170842778976D-02
 0.2196761472758D-02 0.2222989618724D-02 0.2249530911409D-02 0.2276389089447D-02
 0.2303567936106D-02 0.2331071279817D-02 0.2358902994713D-02 0.2387067001174D-02
 0.2415567266379D-02 0.2444407804868D-02 0.2473592679101D-02 0.2503126000035D-02
 0.2533011927698D-02 0.2563254671782D-02 0.2593858492226D-02 0.2624827699824D-02
 0.2656166656826D-02 0.2687879777555D-02 0.2719971529028D-02 0.2752446431585D-02
 0.2785309059522D-02 0.2818564041739D-02 0.2852216062390D-02 0.2886269861542D-02
 0.2920730235842D-02 0.2955602039191D-02 0.2990890183429D-02 0.3026599639026D-02
 0.3062735435781D-02 0.3099302663527D-02 0.3136306472854D-02 0.3173752075825D-02
 0.3211644746718D-02 0.3249989822761D-02 0.3288792704887D-02 0.3328058858494D-02
 0.3367793814210D-02 0.3408003168676D-02 0.3448692585330D-02 0.3489867795205D-02
 0.3531534597736D-02 0.3573698861572D-02 0.3616366525407D-02 0.3659543598811D-02
 0.3703236163077D-02 0.3747450372077D-02 0.3792192453125D-02 0.3837468707854D-02
 0.3883285513104D-02 0.3929649321817D-02 0.3976566663943D-02 0.4024044147361D-02
 0.4072088458807D-02 0.4120706364812D-02 0.4169904712658D-02 0.4219690431335D-02
 0.4270070532520D-02 0.4321052111559D-02 0.4372642348467D-02 0.4424848508934D-02
 0.4477677945352D-02 0.4531138097840D-02 0.4585236495296D-02 0.4639980756454D-02
 0.4695378590952D-02 0.4751437800417D-02 0.4808166279561D-02 0.4865572017290D-02
 0.4923663097827D-02 0.4982447701845D-02 0.5041934107619D-02 0.5102130692188D-02
 0.5163045932529D-02 0.5224688406753D-02 0.5287066795303D-02 0.5350189882175D-02
 0.5414066556155D-02 0.5478705812062D-02 0.5544116752012D-02 0.5610308586698D-02
 0.5677290636678D-02 0.5745072333688D-02 0.5813663221962D-02 0.5883072959573D-02
 0.5953311319787D-02 0.6024388192435D-02 0.6096313585299D-02 0.6169097625516D-02
 0.6242750560999D-02 0.6317282761875D-02 0.6392704721934D-02 0.6469027060107D-02
 0.6546260521949D-02 0.6624415981148D-02 0.6703504441049D-02 0.6783537036193D-02
 0.6864525033882D-02 0.6946479835750D-02 0.7029412979369D-02 0.7113336139858D-02
 0.7198261131521D-02 0.7284199909498D-02 0.7371164571445D-02 0.7459167359220D-02
 0.7548220660601D-02 0.7638337011017D-02 0.7729529095303D-02 0.7821809749474D-02
 0.7915191962519D-02 0.8009688878221D-02 0.8105313796989D-02 0.8202080177721D-02
 0.8300001639685D-02 0.8399091964421D-02 0.8499365097664D-02 0.8600835151297D-02
 0.8703516405317D-02 0.8807423309830D-02 0.8912570487072D-02 0.9018972733441D-02
 0.9126645021569D-02 0.9235602502408D-02 0.9345860507342D-02 0.9457434550327D-02
 0.9570340330049D-02 0.9684593732116D-02 0.9800210831269D-02 0.9917207893621D-02
 0.1003560137892D-01 0.1015540794286D-01 0.1027664443934D-01 0.1039932792289D-01
 0.1052347565100D-01 0.1064910508648D-01 0.1077623389999D-01 0.1090487997238D-01
 0.1103506139727D-01 0.1116679648348D-01 0.1130010375765D-01 0.1143500196675D-01
 0.1157151008070D-01 0.1170964729502D-01 0.1184943303345D-01 0.1199088695067D-01
 0.1213402893504D-01 0.1227887911130D-01 0.1242545784338D-01 0.1257378573724D-01
 0.1272388364369D-01 0.1287577266127D-01 0.1302947413919D-01 0.1318500968025D-01
 0.1334240114382D-01 0.1350167064889D-01 0.1366284057708D-01 0.1382593357574D-01
 0.1399097256106D-01 0.1415798072125D-01 0.1432698151969D-01 0.1449799869819D-01
 0.1467105628021D-01 0.1484617857422D-01 0.1502339017697D-01 0.1520271597691D-01
 0.1538418115757D-01 0.1556781120103D-01 0.1575363189140D-01 0.1594166931833D-01
 0.1613194988060D-01 0.1632450028970D-01 0.1651934757352D-01 0.1671651907995D-01
 0.1691604248070D-01 0.1711794577502D-01 0.1732225729348D-01 0.1752900570187D-01
 0.1773822000509D-01 0.1794992955104D-01 0.1816416403463D-01 0.1838095350178D-01
 0.1860032835352D-01 0.1882231935007D-01 0.1904695761496D-01 0.1927427463931D-01
 0.1950430228598D-01 0.1973707279392D-01 0.1997261878248D-01 0.2021097325577D-01
 0.2045216960713D-01 0.2069624162355D-01 0.2094322349022D-01 0.2119314979509D-01
 0.2144605553347D-01 0.2170197611270D-01 0.2196094735688D-01 0.2222300551159D-01
 0.2248818724871D-01 0.2275652967130D-01 0.2302807031846D-01 0.2330284717033D-01
 0.2358089865308D-01 0.2386226364395D-01 0.2414698147638D-01 0.2443509194513D-01
 0.2472663531155D-01 0.2502165230877D-01 0.2532018414707D-01 0.2562227251921D-01
 0.2592795960583D-01 0.2623728808098D-01 0.2655030111755D-01 0.2686704239292D-01
 0.2718755609454D-01 0.2751188692563D-01 0.2784008011089D-01 0.2817218140228D-01
 0.2850823708489D-01 0.2884829398278D-01 0.2919239946497D-01 0.2954060145138D-01
 0.2989294841893D-01 0.3024948940762D-01 0.3061027402664D-01 0.3097535246068D-01
 0.3134477547606D-01 0.3171859442714D-01 0.3209686126265D-01 0.3247962853209D-01
 0.3286694939222D-01 0.3325887761357D-01 0.3365546758700D-01 0.3405677433035D-01
 0.3446285349508D-01 0.3487376137301D-01 0.3528955490310D-01 0.3571029167824D-01
 0.3613602995214D-01 0.3656682864626D-01 0.3700274735675D-01 0.3744384636148D-01
 0.3789018662707D-01 0.3834182981603D-01 0.3879883829387D-01 0.3926127513633D-01
 0.3972920413658D-01 0.4020268981247D-01 0.4068179741393D-01 0.4116659293021D-01
 0.4165714309736D-01 0.4215351540560D-01 0.4265577810680D-01 0.4316400022197D-01
 0.4367825154879D-01 0.4419860266914D-01 0.4472512495670D-01 0.4525789058457D-01
 0.4579697253286D-01 0.4634244459638D-01 0.4689438139228D-01 0.4745285836778D-01
 0.4801795180783D-01 0.4858973884283D-01 0.4916829745640D-01 0.4975370649304D-01
 0.5034604566594D-01 0.5094539556462D-01 0.5155183766275D-01 0.5216545432582D-01
 0.5278632881887D-01 0.5341454531418D-01 0.5405018889894D-01 0.5469334558293D-01
 0.5534410230614D-01 0.5600254694633D-01 0.5666876832667D-01 0.5734285622317D-01
 0.5802490137221D-01 0.5871499547792D-01 0.5941323121958D-01 0.6011970225889D-01
 0.6083450324717D-01 0.6155772983257D-01 0.6228947866709D-01 0.6302984741353D-01
 0.6377893475241D-01 0.6453684038873D-01 0.6530366505859D-01 0.6607951053572D-01
 0.6686447963790D-01 0.6765867623321D-01 0.6846220524610D-01 0.6927517266337D-01
 0.7009768553991D-01 0.7092985200431D-01 0.7177178126423D-01 0.7262358361159D-01
 0.7348537042756D-01 0.7435725418729D-01 0.7523934846438D-01 0.7613176793514D-01
 0.7703462838255D-01 0.7794804669994D-01 0.7887214089434D-01 0.7980703008956D-01
 0.8075283452890D-01 0.8170967557750D-01 0.8267767572435D-01 0.8365695858388D-01
 0.8464764889713D-01 0.8564987253255D-01 0.8666375648627D-01 0.8768942888193D-01
 0.8872701897001D-01 0.8977665712665D-01 0.9083847485190D-01 0.9191260476739D-01
 0.9299918061343D-01 0.9409833724545D-01 0.9521021062983D-01 0.9633493783895D-01
 0.9747265704562D-01 0.9862350751668D-01 0.9978762960589D-01 0.1009651647459D+00
 0.1021562554394D+00 0.1033610452496D+00 0.1045796787891D+00 0.1058123017087D+00
 0.1070590606845D+00 0.1083201034041D+00 0.1095955785520D+00 0.1108856357933D+00
 0.1121904257567D+00 0.1135101000158D+00 0.1148448110694D+00 0.1161947123203D+00
 0.1175599580529D+00 0.1189407034086D+00 0.1203371043606D+00 0.1217493176865D+00
 0.1231775009391D+00 0.1246218124161D+00 0.1260824111271D+00 0.1275594567596D+00
 0.1290531096419D+00 0.1305635307053D+00 0.1320908814432D+00 0.1336353238676D+00
 0.1351970204650D+00 0.1367761341476D+00 0.1383728282039D+00 0.1399872662453D+00
 0.1416196121511D+00 0.1432700300096D+00 0.1449386840570D+00 0.1466257386130D+00
 0.1483313580128D+00 0.1500557065365D+00 0.1517989483345D+00 0.1535612473494D+00
 0.1553427672343D+00 0.1571436712668D+00 0.1589641222598D+00 0.1608042824668D+00
 0.1626643134842D+00 0.1645443761478D+00 0.1664446304257D+00 0.1683652353052D+00
 0.1703063486752D+00 0.1722681272037D+00 0.1742507262082D+00 0.1762542995222D+00
 0.1782789993548D+00 0.1803249761435D+00 0.1823923784020D+00 0.1844813525601D+00
 0.1865920427967D+00 0.1887245908666D+00 0.1908791359181D+00 0.1930558143044D+00
 0.1952547593855D+00 0.1974761013225D+00 0.1997199668628D+00 0.2019864791160D+00
 0.2042757573207D+00 0.2065879166008D+00 0.2089230677122D+00 0.2112813167783D+00
 0.2136627650145D+00 0.2160675084415D+00 0.2184956375861D+00 0.2209472371701D+00
 0.2234223857854D+00 0.2259211555567D+00 0.2284436117894D+00 0.2309898126029D+00
 0.2335598085497D+00 0.2361536422176D+00 0.2387713478163D+00 0.2414129507467D+00
 0.2440784671525D+00 0.2467679034539D+00 0.2494812558612D+00 0.2522185098700D+00
 0.2549796397339D+00 0.2577646079174D+00 0.2605733645257D+00 0.2634058467110D+00
 0.2662619780555D+00 0.2691416679280D+00 0.2720448108160D+00 0.2749712856292D+00
 0.2779209549750D+00 0.2808936644057D+00 0.2838892416333D+00 0.2869074957139D+00
 0.2899482161982D+00 0.2930111722479D+00 0.2960961117158D+00 0.2992027601891D+00
 0.3023308199933D+00 0.3054799691561D+00 0.3086498603284D+00 0.3118401196627D+00
 0.3150503456444D+00 0.3182801078767D+00 0.3215289458154D+00 0.3247963674519D+00
 0.3280818479433D+00 0.3313848281859D+00 0.3347047133301D+00 0.3380408712355D+00
 0.3413926308620D+00 0.3447592805949D+00 0.3481400665015D+00 0.3515341905160D+00
 0.3549408085495D+00 0.3583590285219D+00 0.3617879083133D+00 0.3652264536296D+00
 0.3686736157806D+00 0.3721282893652D+00 0.3755893098608D+00 0.3790554511123D+00
 0.3825254227160D+00 0.3859978672942D+00 0.3894713576562D+00 0.3929443938390D+00
 0.3964154000249D+00 0.3998827213278D+00 0.4033446204443D+00 0.4067992741636D+00
 0.4102447697276D+00 0.4136791010378D+00 0.4171001646993D+00 0.4205057558962D+00
 0.4238935640894D+00 0.4272611685306D+00 0.4306060335815D+00 0.4339255038322D+00
 0.4372167990068D+00 0.4404770086485D+00 0.4437030865724D+00 0.4468918450766D+00
 0.4500399488988D+00 0.4531439089082D+00 0.4562000755188D+00 0.4592046318117D+00
 0.4621535863524D+00 0.4650427656895D+00 0.4678678065176D+00 0.4706241474915D+00
 0.4733070206718D+00 0.4759114425867D+00 0.4784322048903D+00 0.4808638645990D+00
 0.4832007338843D+00 0.4854368694021D+00 0.4875660611349D+00 0.4895818207247D+00
 0.4914773692697D+00 0.4932456245619D+00 0.4948791877354D+00 0.4963703292991D+00
 0.4977109745223D+00 0.4988926881427D+00 0.4999066583640D+00 0.5007436801077D+00
 0.5013941374839D+00 0.5018479854426D+00 0.5020947305668D+00 0.5021234109650D+00
 0.5019225752202D+00 0.5014802603506D+00 0.5007839687339D+00 0.4998206439476D+00
 0.4985766454714D+00 0.4970377222010D+00 0.4951889847163D+00 0.4930148762460D+00
 0.4904991422700D+00 0.4876247986962D+00 0.4843740985495D+00 0.4807284971039D+00
 0.4766686153929D+00 0.4721742020261D+00 0.4672240932405D+00 0.4617961711141D+00
 0.4558673198666D+00 0.4494133801721D+00 0.4424091014065D+00 0.4348280917553D+00
 0.4266427661032D+00 0.4178242916314D+00 0.4083425310497D+00 0.3981659833900D+00
 0.3872617222948D+00 0.3755953317370D+00 0.3631308391130D+00 0.3498306456592D+00
 0.3356554541506D+00 0.3205641938516D+00 0.3045139427022D+00 0.2874598466661D+00
 0.2693550366439D+00
                                    0.0000000000000D+00
 1023 0.6111725081400D+00
 0.1760571855859D-10 0.1802883809711D-10 0.1846212406172D-10 0.1890582069259D-10
 0.1936017810570D-10 0.1982545241500D-10 0.2030190589893D-10 0.2078980712007D-10
 0.2128943111437D-10 0.2180105950145D-10 0.2232498068263D-10 0.2286148998222D-10
 0.2341088981680D-10 0.2397348987761D-10 0.2454960727961D-10 0.2513956676709D-10
 0.2574370088789D-10 0.2636235016882D-10 0.2699586331950D-10 0.2764459743576D-10
 0.2830891818019D-10 0.2898920001224D-10 0.2968582636739D-10 0.3039918991503D-10
 0.3112969274220D-10 0.3187774659398D-10 0.3264377311987D-10 0.3342820408852D-10
 0.3423148164648D-10 0.3505405855471D-10 0.3589639845632D-10 0.3675897612884D-10
 0.3764227776176D-10 0.3854680121757D-10 0.3947305631832D-10 0.4042156513408D-10
 0.4139286227458D-10 0.4238749520727D-10 0.4340602453114D-10 0.4444902432785D-10
 0.4551708245730D-10 0.4661080090088D-10 0.4773079612139D-10 0.4887769935450D-10
 0.5005215704770D-10 0.5125483113429D-10 0.5248639946539D-10 0.5374755618058D-10
 0.5503901209354D-10 0.5636149508355D-10 0.5771575053308D-10 0.5910254170131D-10
 0.6052265021162D-10 0.6197687645774D-10 0.6346604004850D-10 0.6499098028866D-10
 0.6655255664464D-10 0.6815164923701D-10 0.6978915931637D-10 0.7146600978886D-10
 0.7318314574008D-10 0.7494153493617D-10 0.7674216841459D-10 0.7858606101710D-10
 0.8047425194072D-10 0.8240780537505D-10 0.8438781105778D-10 0.8641538491314D-10
 0.8849166965723D-10 0.9061783548650D-10 0.9279508067742D-10 0.9502463230868D-10
 0.9730774692402D-10 0.9964571126409D-10 0.1020398429759D-09 0.1044914913600D-09
 0.1070020381220D-09 0.1095728981824D-09 0.1122055204163D-09 0.1149013885350D-09
 0.1176620218740D-09 0.1204889762772D-09 0.1233838449492D-09 0.1263482593896D-09
 0.1293838902629D-09 0.1324924483747D-09 0.1356756856561D-09 0.1389353960902D-09
 0.1422734167565D-09 0.1456916288850D-09 0.1491919588792D-09 0.1527763794359D-09
 0.1564469106118D-09 0.1602056210193D-09 0.1640546289624D-09 0.1679961036019D-09
 0.1720322662338D-09 0.1761653915127D-09 0.1803978087106D-09 0.1847319030975D-09
 0.1891701171979D-09 0.1937149522250D-09 0.1983689694934D-09 0.2031347918255D-09
 0.2080151050601D-09 0.2130126595348D-09 0.2181302717056D-09 0.2233708256372D-09
 0.2287372746720D-09 0.2342326431504D-09 0.2398600280137D-09 0.2456226006123D-09
 0.2515236084759D-09 0.2575663771701D-09 0.2637543120969D-09 0.2700909005374D-09
 0.2765797134702D-09 0.2832244076980D-09 0.2900287278565D-09 0.2969965085310D-09
 0.3041316764229D-09 0.3114382525630D-09 0.3189203546026D-09 0.3265821990363D-09
 0.3344281037038D-09 0.3424624901726D-09 0.3506898861973D-09 0.3591149282865D-09
 0.3677423643757D-09 0.3765770564269D-09 0.3856239831882D-09 0.3948882430070D-09
 0.4043750567233D-09 0.4140897705633D-09 0.4240378592046D-09 0.4342249288499D-09
 0.4446567203186D-09 0.4553391123814D-09 0.4662781250083D-09 0.4774799228057D-09
 0.4889508184602D-09 0.5006972762630D-09 0.5127259157834D-09 0.5250435157235D-09
 0.5376570174656D-09 0.5505735292449D-09 0.5638003300124D-09 0.5773448735436D-09
 0.5912147927197D-09 0.6054179037740D-09 0.6199622106543D-09 0.6348559096282D-09
 0.6501073938078D-09 0.6657252579812D-09 0.6817183033392D-09 0.6980955425335D-09
 0.7148662047085D-09 0.7320397406994D-09 0.7496258283710D-09 0.7676343780695D-09
 0.7860755382009D-09 0.8049597009819D-09 0.8242975082477D-09 0.8440998574405D-09
 0.8643779078098D-09 0.8851430867362D-09 0.9064070959723D-09 0.9281819184735D-09
 0.9504798249622D-09 0.9733133810349D-09 0.9966954540561D-09 0.1020639220515D-08
 0.1045158173404D-08 0.1070266129869D-08 0.1095977238935D-08 0.1122305989534D-08
 0.1149267218688D-08 0.1176876119731D-08 0.1205148251086D-08 0.1234099544851D-08
 0.1263746315815D-08 0.1294105270709D-08 0.1325193517640D-08 0.1357028575598D-08
 0.1389628384505D-08 0.1423011315080D-08 0.1457196179496D-08 0.1492202241798D-08
 0.1528049228696D-08 0.1564757340871D-08 0.1602347264192D-08 0.1640840181507D-08
 0.1680257784469D-08 0.1720622285748D-08 0.1761956431754D-08 0.1804283515148D-08
 0.1847627388223D-08 0.1892012476249D-08 0.1937463791093D-08 0.1984006945669D-08
 0.2031668167999D-08 0.2080474316205D-08 0.2130452893557D-08 0.2181632064058D-08
 0.2234040668246D-08 0.2287708239335D-08 0.2342665020198D-08 0.2398941980038D-08
 0.2456570832086D-08 0.2515584051221D-08 0.2576014892613D-08 0.2637897410182D-08
 0.2701266475947D-08 0.2766157799526D-08 0.2832607948361D-08 0.2900654368397D-08
 0.2970335404976D-08 0.3041690324662D-08 0.3114759337203D-08 0.3189583618352D-08
 0.3266205332752D-08 0.3344667658242D-08 0.3425014809583D-08 0.3507292063791D-08
 0.3591545785503D-08 0.3677823452996D-08 0.3766173685287D-08 0.3856646269098D-08
 0.3949292187269D-08 0.4044163647137D-08 0.4141314110405D-08 0.4240798322818D-08
 0.4342672345268D-08 0.4446993585376D-08 0.4553820829670D-08 0.4663214277013D-08
 0.4775235572186D-08 0.4889947840863D-08 0.5007415725141D-08 0.5127705419809D-08
 0.5250884709866D-08 0.5377023008506D-08 0.5506191396649D-08 0.5638462662335D-08
 0.5773911342174D-08 0.5912613763587D-08 0.6054648087076D-08 0.6200094350937D-08
 0.6349034516205D-08 0.6501552512395D-08 0.6657734285645D-08 0.6817667846219D-08
 0.6981443318817D-08 0.7149152992936D-08 0.7320891375184D-08 0.7496755242174D-08
 0.7676843695488D-08 0.7861258217079D-08 0.8050102726715D-08 0.8243483640715D-08
 0.8441509931458D-08 0.8644293189014D-08 0.8851947684210D-08 0.9064590432799D-08
 0.9282341261253D-08 0.9505322874741D-08 0.9733660926058D-08 0.9967484086116D-08
 0.1020692411672D-07 0.1045211594520D-07 0.1070319773970D-07 0.1096031098754D-07
 0.1122360057470D-07 0.1149321486779D-07 0.1176930579731D-07 0.1205202894332D-07
 0.1234154362317D-07 0.1263801298144D-07 0.1294160408153D-07 0.1325248800020D-07
 0.1357083992375D-07 0.1389683924629D-07 0.1423066967193D-07 0.1457251931726D-07
 0.1492258081787D-07 0.1528105143664D-07 0.1564813317551D-07 0.1602403288822D-07
 0.1640896239779D-07 0.1680313861576D-07 0.1720678366380D-07 0.1762012499982D-07
 0.1804339554516D-07 0.1847683381669D-07 0.1892068406079D-07 0.1937519639092D-07
 0.1984062692880D-07 0.2031723794845D-07 0.2080529802471D-07 0.2130508218317D-07
 0.2181687205663D-07 0.2234095604299D-07 0.2287762946806D-07 0.2342719475150D-07
 0.2398996157827D-07 0.2456624707170D-07 0.2515637597369D-07 0.2576068082639D-07
 0.2637950216061D-07 0.2701318868697D-07 0.2766209749295D-07 0.2832659424366D-07
 0.2900705338830D-07 0.2970385837064D-07 0.3041740184606D-07 0.3114808590126D-07
 0.3189632228259D-07 0.3266253262684D-07 0.3344714869896D-07 0.3425061263659D-07
 0.3507337719714D-07 0.3591590601427D-07 0.3677867385970D-07 0.3766216690877D-07
 0.3856688301673D-07 0.3949333199724D-07 0.4044203591093D-07 0.4141352935917D-07
 0.4240835978562D-07 0.4342708778378D-07 0.4447028741416D-07 0.4553854652699D-07
 0.4663246709359D-07 0.4775266554555D-07 0.4889977312239D-07 0.5007443622723D-07
 0.5127731679057D-07 0.5250909264320D-07 0.5377045789935D-07 0.5506212334677D-07
 0.5638481684741D-07 0.5773928374766D-07 0.5912628729854D-07 0.6054660908549D-07
 0.6200104946907D-07 0.6349042803577D-07 0.6501558406032D-07 0.6657737697715D-07
 0.6817668686717D-07 0.6981441495119D-07 0.7149148409956D-07 0.7320883935143D-07
 0.7496744844686D-07 0.7676830237326D-07 0.7861241592337D-07 0.8050082826585D-07
 0.8243460353302D-07 0.8441483141952D-07 0.8644262779575D-07 0.8851913533689D-07
 0.9064552416836D-07 0.9282299252272D-07 0.9505276741676D-07 0.9733610534198D-07
 0.9967429297370D-07 0.1020686478938D-06 0.1045205193363D-06 0.1070312889455D-06
 0.1096023715553D-06 0.1122352159855D-06 0.1149313058602D-06 0.1176921604419D-06
 0.1205193354890D-06 0.1234144241311D-06 0.1263790577681D-06 0.1294149069884D-06
 0.1325236825113D-06 0.1357071361504D-06 0.1389670618004D-06 0.1423052964495D-06
 0.1457237212121D-06 0.1492242623904D-06 0.1528088925616D-06 0.1564796316847D-06
 0.1602385482440D-06 0.1640877604109D-06 0.1680294372398D-06 0.1720657998887D-06
 0.1761991228728D-06 0.1804317353435D-06 0.1847660224035D-06 0.1892044264500D-06
 0.1937494485501D-06 0.1984036498517D-06 0.2031696530248D-06 0.2080501437415D-06
 0.2130478721877D-06 0.2181656546148D-06 0.2234063749231D-06 0.2287729862918D-06
 0.2342685128397D-06 0.2398960513291D-06 0.2456587729134D-06 0.2515599249225D-06
 0.2576028326923D-06 0.2637909014393D-06 0.2701276181798D-06 0.2766165536938D-06
 0.2832613645379D-06 0.2900657951059D-06 0.2970336797383D-06 0.3041689448840D-06
 0.3114756113111D-06 0.3189577963741D-06 0.3266197163348D-06 0.3344656887351D-06
 0.3425001348350D-06 0.3507275820969D-06 0.3591526667452D-06 0.3677801363729D-06
 0.3766148526179D-06 0.3856617939051D-06 0.3949260582500D-06 0.4044128661305D-06
 0.4141275634315D-06 0.4240756244546D-06 0.4342626550052D-06 0.4446943955495D-06
 0.4553767244510D-06 0.4663156612820D-06 0.4775173702165D-06 0.4889881635028D-06
 0.5007345050215D-06 0.5127630139281D-06 0.5250804683824D-06 0.5376938093675D-06
 0.5506101446037D-06 0.5638367525513D-06 0.5773810865120D-06 0.5912507788317D-06
 0.6054536451992D-06 0.6199976890509D-06 0.6348911060825D-06 0.6501422888635D-06
 0.6657598315712D-06 0.6817525348318D-06 0.6981294106793D-06 0.7148996876331D-06
 0.7320728159027D-06 0.7496584727083D-06 0.7676665677356D-06 0.7861072487222D-06
 0.8049909071746D-06 0.8243281842239D-06 0.8441299766205D-06 0.8644074428814D-06
 0.8851720095697D-06 0.9064353777401D-06 0.9282095295298D-06 0.9505067349120D-06
 0.9733395586107D-06 0.9967208671802D-06 0.1020663836255D-05 0.1045181957980D-05
 0.1070289048607D-05 0.1095999256283D-05 0.1122327069025D-05 0.1149287322886D-05
 0.1176895210309D-05 0.1205166288694D-05 0.1234116489164D-05 0.1263762125544D-05
 0.1294119903551D-05 0.1325206930213D-05 0.1357040723505D-05 0.1389639222226D-05
 0.1423020796102D-05 0.1457204256148D-05 0.1492208865255D-05 0.1528054349059D-05
 0.1564760907054D-05 0.1602349223967D-05 0.1640840481426D-05 0.1680256369889D-05
 0.1720619100875D-05 0.1761951419477D-05 0.1804276617176D-05 0.1847618544977D-05
 0.1892001626846D-05 0.1937450873469D-05 0.1983991896357D-05 0.2031650922272D-05
 0.2080454808011D-05 0.2130431055541D-05 0.2181607827498D-05 0.2234013963061D-05
 0.2287678994201D-05 0.2342633162326D-05 0.2398907435325D-05 0.2456533525021D-05
 0.2515543905046D-05 0.2575971829132D-05 0.2637851349868D-05 0.2701217337880D-05
 0.2766105501481D-05 0.2832552406811D-05 0.2900595498432D-05 0.2970273120436D-05
 0.3041624538054D-05 0.3114689959791D-05 0.3189510560078D-05 0.3266128502492D-05
 0.3344586963504D-05 0.3424930156823D-05 0.3507203358316D-05 0.3591452931522D-05
 0.3677726353784D-05 0.3766072243010D-05 0.3856540385076D-05 0.3949181761882D-05
 0.4044048580091D-05 0.4141194300549D-05 0.4240673668425D-05 0.4342542744068D-05
 0.4446858934589D-05 0.4553681026240D-05 0.4663069217533D-05 0.4775085153179D-05
 0.4889791958828D-05 0.5007254276656D-05 0.5127538301801D-05 0.5250711819673D-05
 0.5376844244154D-05 0.5506006656745D-05 0.5638271846615D-05 0.5773714351641D-05
 0.5912410500414D-05 0.6054438455278D-05 0.6199878256379D-05 0.6348811866780D-05
 0.6501323218690D-05 0.6657498260740D-05 0.6817425006459D-05 0.6981193583881D-05
 0.7148896286360D-05 0.7320627624576D-05 0.7496484379842D-05 0.7676565658649D-05
 0.7860972948536D-05 0.8049810175306D-05 0.8243183761621D-05 0.8441202686990D-05
 0.8643978549216D-05 0.8851625627299D-05 0.9064260945889D-05 0.9282004341234D-05
 0.9504978528772D-05 0.9733309172292D-05 0.9967124954802D-05 0.1020655765108D-04
 0.1045174220197D-04 0.1070281679047D-04 0.1095992291962D-04 0.1122320549234D-04
 0.1149281289310D-04 0.1176889707156D-04 0.1205161362833D-04 0.1234112190265D-04
 0.1263758506224D-04 0.1294117019534D-04 0.1325204840493D-04 0.1357039490519D-04
 0.1389638912035D-04 0.1423021478582D-04 0.1457206005188D-04 0.1492211758974D-04
 0.1528058470019D-04 0.1564766342492D-04 0.1602356066045D-04 0.1640848827482D-04
 0.1680266322710D-04 0.1720630768972D-04 0.1761964917385D-04 0.1804292065770D-04
 0.1847636071791D-04 0.1892021366419D-04 0.1937472967707D-04 0.1984016494908D-04
 0.2031678182925D-04 0.2080484897113D-04 0.2130464148432D-04 0.2181644108974D-04
 0.2234053627854D-04 0.2287722247483D-04 0.2342680220246D-04 0.2398958525564D-04
 0.2456588887376D-04 0.2515603792045D-04 0.2576036506682D-04 0.2637921097929D-04
 0.2701292451174D-04 0.2766186290245D-04 0.2832639197574D-04 0.2900688634836D-04
 0.2970372964101D-04 0.3041731469481D-04 0.3114804379312D-04 0.3189632888856D-04
 0.3266259183557D-04 0.3344726462862D-04 0.3425078964601D-04 0.3507361989971D-04
 0.3591621929109D-04 0.3677906287289D-04 0.3766263711743D-04 0.3856744019136D-04
 0.3949398223694D-04 0.4044278566021D-04 0.4141438542596D-04 0.4240932935997D-04
 0.4342817845836D-04 0.4447150720454D-04 0.4553990389374D-04 0.4663397096537D-04
 0.4775432534334D-04 0.4890159878468D-04 0.5007643823653D-04 0.5127950620164D-04
 0.5251148111284D-04 0.5377305771649D-04 0.5506494746506D-04 0.5638787891938D-04
 0.5774259816039D-04 0.5912986921102D-04 0.6055047446809D-04 0.6200521514470D-04
 0.6349491172330D-04 0.6502040441968D-04 0.6658255365818D-04 0.6818224055835D-04
 0.6982036743334D-04 0.7149785830036D-04 0.7321565940353D-04 0.7497473974917D-04
 0.7677609165421D-04 0.7862073130778D-04 0.8050969934632D-04 0.8244406144270D-04
 0.8442490890944D-04 0.8645335931666D-04 0.8853055712481D-04 0.9065767433286D-04
 0.9283591114206D-04 0.9506649663579D-04 0.9735068947578D-04 0.9968977861543D-04
 0.1020850840300D-03 0.1045379574648D-03 0.1070497832013D-03 0.1096219788421D-03
 0.1122559961144D-03 0.1149533216931D-03 0.1177154780445D-03 0.1205440242893D-03
 0.1234405570874D-03 0.1264067115440D-03 0.1294441621371D-03 0.1325546236683D-03
 0.1357398522361D-03 0.1390016462333D-03 0.1423418473677D-03 0.1457623417089D-03
 0.1492650607594D-03 0.1528519825521D-03 0.1565251327748D-03 0.1602865859212D-03
 0.1641384664711D-03 0.1680829500978D-03 0.1721222649063D-03 0.1762586927006D-03
 0.1804945702824D-03 0.1848322907811D-03 0.1892743050163D-03 0.1938231228937D-03
 0.1984813148345D-03 0.2032515132405D-03 0.2081364139937D-03 0.2131387779935D-03
 0.2182614327312D-03 0.2235072739025D-03 0.2288792670599D-03 0.2343804493051D-03
 0.2400139310228D-03 0.2457828976574D-03 0.2516906115322D-03 0.2577404137140D-03
 0.2639357259228D-03 0.2702800524884D-03 0.2767769823554D-03 0.2834301911363D-03
 0.2902434432160D-03 0.2972205939075D-03 0.3043655916603D-03 0.3116824803232D-03
 0.3191754014634D-03 0.3268485967410D-03 0.3347064103435D-03 0.3427532914795D-03
 0.3509937969339D-03 0.3594325936857D-03 0.3680744615913D-03 0.3769242961327D-03
 0.3859871112348D-03 0.3952680421513D-03 0.4047723484225D-03 0.4145054169060D-03
 0.4244727648824D-03 0.4346800432380D-03 0.4451330397265D-03 0.4558376823113D-03
 0.4668000425908D-03 0.4780263393087D-03 0.4895229419523D-03 0.5012963744389D-03
 0.5133533188954D-03 0.5257006195309D-03 0.5383452866068D-03 0.5512945005052D-03
 0.5645556158994D-03 0.5781361660288D-03 0.5920438670799D-03 0.6062866226781D-03
 0.6208725284914D-03 0.6358098769499D-03 0.6511071620834D-03 0.6667730844818D-03
 0.6828165563785D-03 0.6992467068637D-03 0.7160728872279D-03 0.7333046764410D-03
 0.7509518867696D-03 0.7690245695366D-03 0.7875330210265D-03 0.8064877885406D-03
 0.8258996766060D-03 0.8457797533427D-03 0.8661393569919D-03 0.8869901026120D-03
 0.9083438889442D-03 0.9302129054547D-03 0.9526096395564D-03 0.9755468840156D-03
 0.9990377445494D-03 0.1023095647618D-02 0.1047734348416D-02 0.1072967939075D-02
 0.1098810857070D-02 0.1125277893849D-02 0.1152384203683D-02 0.1180145312752D-02
 0.1208577128453D-02 0.1237695948969D-02 0.1267518473068D-02 0.1298061810176D-02
 0.1329343490698D-02 0.1361381476622D-02 0.1394194172389D-02 0.1427800436063D-02
 0.1462219590784D-02 0.1497471436525D-02 0.1533576262169D-02 0.1570554857892D-02
 0.1608428527886D-02 0.1647219103418D-02 0.1686948956233D-02 0.1727641012321D-02
 0.1769318766047D-02 0.1812006294666D-02 0.1855728273225D-02 0.1900509989867D-02
 0.1946377361551D-02 0.1993356950193D-02 0.2041475979250D-02 0.2090762350755D-02
 0.2141244662814D-02 0.2192952227581D-02 0.2245915089733D-02 0.2300164045444D-02
 0.2355730661889D-02 0.2412647297282D-02 0.2470947121469D-02 0.2530664137103D-02
 0.2591833201393D-02 0.2654490048477D-02 0.2718671312408D-02 0.2784414550796D-02
 0.2851758269112D-02 0.2920741945677D-02 0.2991406057367D-02 0.3063792106038D-02
 0.3137942645715D-02 0.3213901310553D-02 0.3291712843601D-02 0.3371423126400D-02
 0.3453079209425D-02 0.3536729343421D-02 0.3622423011639D-02 0.3710210963026D-02
 0.3800145246369D-02 0.3892279245458D-02 0.3986667715278D-02 0.4083366819265D-02
 0.4182434167684D-02 0.4283928857133D-02 0.4387911511235D-02 0.4494444322554D-02
 0.4603591095766D-02 0.4715417292136D-02 0.4829990075346D-02 0.4947378358719D-02
 0.5067652853879D-02 0.5190886120907D-02 0.5317152620047D-02 0.5446528764996D-02
 0.5579092977861D-02 0.5714925745818D-02 0.5854109679546D-02 0.5996729573496D-02
 0.6142872468052D-02 0.6292627713670D-02 0.6446087037043D-02 0.6603344609384D-02
 0.6764497116886D-02 0.6929643833460D-02 0.7098886695806D-02 0.7272330380931D-02
 0.7450082386178D-02 0.7632253111877D-02 0.7818955946706D-02 0.8010307355863D-02
 0.8206426972162D-02 0.8407437690140D-02 0.8613465763324D-02 0.8824640904738D-02
 0.9041096390804D-02 0.9262969168746D-02 0.9490399967641D-02 0.9723533413248D-02
 0.9962518146775D-02 0.1020750694772D-01 0.1045865686093D-01 0.1071612932813D-01
 0.1098009032392D-01 0.1125071049661D-01 0.1152816531398D-01 0.1181263521414D-01
 0.1210430576177D-01 0.1240336780984D-01 0.1271001766722D-01 0.1302445727216D-01
 0.1334689437207D-01 0.1367754270984D-01 0.1401662221681D-01 0.1436435921284D-01
 0.1472098661368D-01 0.1508674414593D-01 0.1546187856994D-01 0.1584664391097D-01
 0.1624130169888D-01 0.1664612121680D-01 0.1706137975915D-01 0.1748736289923D-01
 0.1792436476703D-01 0.1837268833754D-01 0.1883264572990D-01 0.1930455851816D-01
 0.1978875805376D-01 0.2028558580052D-01 0.2079539368250D-01 0.2131854444537D-01
 0.2185541203176D-01 0.2240638197131D-01 0.2297185178596D-01 0.2355223141112D-01
 0.2414794363352D-01 0.2475942454626D-01 0.2538712402200D-01 0.2603150620495D-01
 0.2669305002248D-01 0.2737224971725D-01 0.2806961540072D-01 0.2878567362892D-01
 0.2952096800158D-01 0.3027605978544D-01 0.3105152856299D-01 0.3184797290765D-01
 0.3266601108648D-01 0.3350628179179D-01 0.3436944490280D-01 0.3525618227864D-01
 0.3616719858419D-01 0.3710322215004D-01 0.3806500586825D-01 0.3905332812529D-01
 0.4006899377392D-01 0.4111283514573D-01 0.4218571310598D-01 0.4328851815281D-01
 0.4442217156261D-01 0.4558762658356D-01 0.4678586967967D-01 0.4801792182723D-01
 0.4928483986617D-01 0.5058771790874D-01 0.5192768880785D-01 0.5330592568786D-01
 0.5472364354036D-01 0.5618210088798D-01 0.5768260151896D-01 0.5922649629564D-01
 0.6081518504016D-01 0.6245011850042D-01 0.6413280040002D-01 0.6586478957561D-01
 0.6764770220537D-01 0.6948321413252D-01 0.7137306328781D-01 0.7331905221516D-01
 0.7532305070475D-01 0.7738699853790D-01 0.7951290834842D-01 0.8170286860517D-01
 0.8395904672055D-01 0.8628369229016D-01 0.8867914046860D-01 0.9114781548686D-01
 0.9369223431663D-01 0.9631501048718D-01 0.9901885806045D-01 0.1018065957702D+00
 0.1046811513309D+00 0.1076455659228D+00 0.1107029988587D+00 0.1138567324388D+00
 0.1171101769997D+00 0.1204668761634D+00 0.1239305122926D+00 0.1275049121585D+00
 0.1311940528261D+00 0.1350020677632D+00 0.1389332531788D+00 0.1429920745950D+00
 0.1471831736583D+00 0.1515113751932D+00 0.1559816945028D+00 0.1605993449194D+00
 0.1653697456054D+00 0.1702985296087D+00 0.1753915521699D+00 0.1806548992810D+00
 0.1860948964940D+00 0.1917181179728D+00 0.1975313957830D+00 0.2035418294115D+00
 0.2097567955027D+00 0.2161839577986D+00 0.2228312772642D+00 0.2297070223769D+00
 0.2368197795542D+00 0.2441784636881D+00 0.2517923287522D+00 0.2596709784360D+00
 0.2678243767600D+00 0.2762628586128D+00 0.2849971401456D+00 0.2940383289479D+00
 0.3033979339185D+00 0.3130878747332D+00 0.3231204907980D+00 0.3335085495606D+00
 0.3442652540360D+00 0.3554042493858D+00 0.3669396283674D+00 0.3788859354487D+00
 0.3912581693578D+00 0.4040717838102D+00 0.4173426861244D+00 0.4310872334052D+00
 0.4453222259341D+00 0.4600648973697D+00 0.4753329013122D+00 0.4911442937418D+00
 0.5075175107848D+00 0.5244713412061D+00 0.5420248929615D+00 0.5601975530801D+00
 0.5790089400687D+00 0.5984788479559D+00 0.6186271810076D+00 0.6394738781691D+00
 0.6610388255046D+00 0.6832889648225D+00 0.7061900007591D+00 0.7297603413127D+00
 0.7540190853631D+00 0.7789860657038D+00 0.8046818951538D+00 0.8311280158984D+00
 0.8583467522009D+00 0.8863613666200D+00 0.9151961198607D+00 0.9448763343662D+00
 0.9754284617469D+00 0.1006880154118D+01 0.1039260339388D+01 0.1072599300520D+01
 0.1106928758729D+01 0.1142281960554D+01 0.1178693768687D+01 0.1216200756366D+01
 0.1254841305086D+01 0.1294655705305D+01 0.1335686259710D+01
    0    0
