System Description            : Fe, SC-2 (BCC) structure                        
Number of Atoms in Unit Cell  : 1                                               
Number of Atomic Species      : 1                                               
Number of Atoms in Each Type  : 1(Fe)                                           
Energy Offset                 : -2522                                           
=======================================================================================
    Iter     Energy      3PV     Efermi   Rms_rho    Rms_pot   Mix  Alg  Alpha    Mom  
---------------------------------------------------------------------------------------
**       1  -0.818870   1.50313  0.73981  0.108E-01  0.810E-02  pot  B   0.0010  2.2680
         2  -1.433480 -19.19749  0.78981  0.545E-02  0.407E-01  pot  B   0.0010  1.6135
**       3  -0.818866   1.50320  0.73981  0.108E-01  0.810E-02  pot  B   0.0010  2.2680
         4  -1.433646 -19.20444  0.78981  0.545E-02  0.407E-01  pot  B   0.0010  1.6130
**       5  -0.818866   1.50320  0.73981  0.108E-01  0.810E-02  pot  B   0.0010  2.2680
         6  -1.433646 -19.20444  0.78981  0.545E-02  0.407E-01  pot  B   0.0010  1.6130
         7  -0.821504  -4.50221  0.83489  0.451E-02  0.114E-01  pot  B   0.0010  2.4664
         8  -0.798067  -4.49870  0.83565  0.203E-02  0.110E-01  pot  B   0.0010  2.2024
**       9  -0.818866   1.50320  0.73981  0.108E-01  0.810E-02  pot  B   0.0010  2.2680
        10  -1.433649 -19.20457  0.78981  0.545E-02  0.407E-01  pot  B   0.0010  1.6129
        11  -0.821504  -4.50221  0.83489  0.451E-02  0.114E-01  pot  B   0.0010  2.4664
        12  -0.798067  -4.49870  0.83565  0.203E-02  0.110E-01  pot  B   0.0010  2.2024
**      13  -0.822361   1.27780  0.74992  0.107E-01  0.777E-02  pot  B   0.0010  2.2414
        14  -1.069438  -9.16950  0.79992  0.275E-02  0.201E-01  pot  B   0.0010  1.8088
**      15  -0.848834  -0.48545  0.74507  0.100E-01  0.633E-02  pot  B   0.0020  2.0938
        16  -0.846665   0.89332  0.74517  0.386E-03  0.242E-02  pot  B   0.0020  2.1648
        17  -0.846690   0.88405  0.74526  0.251E-05  0.240E-02  pot  B   0.0020  2.1646
        18  -0.848793   0.01074  0.76212  0.230E-03  0.416E-03  pot  B   0.0020  2.1919
        19  -0.848134  -0.19775  0.75743  0.152E-03  0.325E-03  pot  B   0.0020  2.1459
        20  -0.847976  -0.16802  0.75603  0.329E-04  0.219E-03  pot  B   0.0020  2.1450
        21  -0.847947  -0.19988  0.75645  0.108E-04  0.289E-03  pot  B   0.0020  2.1473
        22  -0.847949  -0.20928  0.75651  0.639E-05  0.317E-03  pot  B   0.0020  2.1459
        23  -0.847950  -0.21333  0.75655  0.424E-05  0.331E-03  pot  B   0.0020  2.1450
        24  -0.847949  -0.22059  0.75662  0.348E-05  0.351E-03  pot  B   0.0020  2.1443
        25  -0.847926  -0.19903  0.75665  0.450E-04  0.273E-03  pot  B   0.0020  2.1529
        26  -0.847851  -0.13403  0.75649  0.952E-04  0.591E-04  pot  B   0.0020  2.1718
        27  -0.847851  -0.10952  0.75617  0.738E-05  0.482E-04  pot  B   0.0020  2.1723
        28  -0.847846  -0.10596  0.75615  0.551E-05  0.565E-04  pot  B   0.0020  2.1735
        29  -0.847853  -0.10488  0.75609  0.655E-05  0.634E-04  pot  B   0.0020  2.1722
        30  -0.847826  -0.12094  0.75653  0.325E-04  0.236E-04  pot  B   0.0020  2.1784
        31  -0.847818  -0.12371  0.75658  0.383E-05  0.312E-04  pot  B   0.0020  2.1791
        32  -0.847822  -0.12469  0.75659  0.392E-05  0.353E-04  pot  B   0.0020  2.1783
        33  -0.847800  -0.11602  0.75655  0.224E-04  0.540E-05  pot  B   0.0020  2.1830
        34  -0.847796  -0.11502  0.75655  0.425E-05  0.585E-05  pot  B   0.0020  2.1839
        35  -0.847795  -0.11472  0.75655  0.101E-05  0.604E-05  pot  B   0.0020  2.1841
        36  -0.847794  -0.11463  0.75655  0.846E-06  0.607E-05  pot  B   0.0020  2.1843
        37  -0.847792  -0.11448  0.75655  0.181E-05  0.559E-05  pot  B   0.0020  2.1846
        38  -0.847792  -0.11478  0.75656  0.675E-06  0.399E-05  pot  B   0.0020  2.1848
        39  -0.847789  -0.11435  0.75656  0.227E-05  0.429E-05  pot  B   0.0020  2.1852
        40  -0.847788  -0.11490  0.75657  0.975E-06  0.226E-05  pot  B   0.0020  2.1854
        41  -0.847788  -0.11548  0.75658  0.204E-06  0.681E-06  pot  B   0.0020  2.1854
        42  -0.847787  -0.11517  0.75657  0.523E-06  0.154E-05  pot  B   0.0020  2.1855
        43  -0.847786  -0.11517  0.75657  0.142E-07  0.153E-05  pot  B   0.0020  2.1855
        44  -0.847785  -0.11558  0.75658  0.749E-06  0.427E-06  pot  B   0.0020  2.1854
        45  -0.847784  -0.11568  0.75658  0.148E-06  0.144E-06  pot  B   0.0020  2.1854
        46  -0.847784  -0.11571  0.75658  0.164E-07  0.219E-06  pot  B   0.0020  2.1854
        47  -0.847785  -0.11568  0.75658  0.863E-07  0.124E-06  pot  B   0.0020  2.1854
        48  -0.847786  -0.11570  0.75658  0.267E-07  0.150E-06  pot  B   0.0020  2.1854
        49  -0.847786  -0.11570  0.75658  0.258E-07  0.145E-06  pot  B   0.0020  2.1854
        50  -0.847787  -0.11572  0.75658  0.120E-07  0.182E-06  pot  B   0.0020  2.1854
        51  -0.847786  -0.11568  0.75658  0.352E-07  0.112E-06  pot  B   0.0020  2.1854
        52  -0.847786  -0.11568  0.75658  0.110E-07  0.116E-06  pot  B   0.0020  2.1854
        53  -0.847788  -0.11568  0.75658  0.106E-07  0.137E-06  pot  B   0.0020  2.1854
        54  -0.847786  -0.11565  0.75658  0.666E-07  0.134E-06  pot  B   0.0020  2.1854
        55  -0.847787  -0.11567  0.75658  0.667E-08  0.116E-06  pot  B   0.0020  2.1854
        56  -0.847786  -0.11565  0.75658  0.797E-08  0.145E-06  pot  B   0.0020  2.1854
        57  -0.847786  -0.11567  0.75658  0.294E-07  0.106E-06  pot  B   0.0020  2.1854
        58  -0.847785  -0.11561  0.75658  0.413E-07  0.254E-06  pot  B   0.0020  2.1854
        59  -0.847788  -0.11569  0.75658  0.269E-07  0.136E-06  pot  B   0.0020  2.1854
        60  -0.847790  -0.11571  0.75658  0.559E-07  0.104E-06  pot  B   0.0020  2.1854
        61  -0.847784  -0.11555  0.75658  0.564E-07  0.452E-06  pot  B   0.0020  2.1854
        62  -0.847786  -0.11560  0.75658  0.189E-07  0.330E-06  pot  B   0.0020  2.1854
        63  -0.847785  -0.11555  0.75658  0.210E-07  0.476E-06  pot  B   0.0020  2.1854
        64  -0.847786  -0.11559  0.75658  0.407E-07  0.366E-06  pot  B   0.0020  2.1854
        65  -0.847789  -0.11570  0.75658  0.362E-07  0.891E-07  pot  B   0.0020  2.1854
        66  -0.847789  -0.11570  0.75658  0.147E-08  0.892E-07  pot  B   0.0020  2.1854
        67  -0.847789  -0.11570  0.75658  0.196E-08  0.864E-07  pot  B   0.0020  2.1854
        68  -0.847790  -0.11571  0.75658  0.270E-08  0.911E-07  pot  B   0.0020  2.1854
        69  -0.847790  -0.11571  0.75658  0.143E-07  0.109E-06  pot  B   0.0020  2.1854
        70  -0.847789  -0.11570  0.75658  0.573E-08  0.100E-06  pot  B   0.0020  2.1854
        71  -0.847788  -0.11567  0.75658  0.114E-07  0.184E-06  pot  B   0.0020  2.1854
        72  -0.847789  -0.11569  0.75658  0.733E-08  0.137E-06  pot  B   0.0020  2.1854
**      73  -0.847789  -0.11569  0.75658  0.105E-01  0.137E-06  pot  B   0.0020  2.1854
        74  -0.847788  -0.11571  0.75658  0.569E-07  0.174E-06  pot  B   0.0020  2.1854
        75  -0.847788  -0.11571  0.75658  0.401E-08  0.175E-06  pot  B   0.0020  2.1854
        76  -0.847788  -0.11571  0.75658  0.324E-09  0.176E-06  pot  B   0.0020  2.1854
        77  -0.847788  -0.11571  0.75658  0.732E-08  0.119E-06  pot  B   0.0020  2.1854
        78  -0.847788  -0.11570  0.75658  0.166E-08  0.117E-06  pot  B   0.0020  2.1854
        79  -0.847788  -0.11569  0.75658  0.339E-07  0.921E-07  pot  B   0.0020  2.1854
        80  -0.847788  -0.11568  0.75658  0.417E-07  0.819E-07  pot  B   0.0020  2.1854
        81  -0.847788  -0.11566  0.75658  0.388E-07  0.886E-07  pot  B   0.0020  2.1854
        82  -0.847789  -0.11568  0.75658  0.685E-08  0.405E-07  pot  B   0.0020  2.1854
        83  -0.847788  -0.11568  0.75658  0.434E-08  0.446E-07  pot  B   0.0020  2.1854
        84  -0.847788  -0.11567  0.75658  0.152E-07  0.550E-07  pot  B   0.0020  2.1854
        85  -0.847788  -0.11568  0.75658  0.711E-09  0.519E-07  pot  B   0.0020  2.1854
        86  -0.847788  -0.11568  0.75658  0.780E-08  0.356E-07  pot  B   0.0020  2.1854
        87  -0.847789  -0.11569  0.75658  0.237E-08  0.302E-07  pot  B   0.0020  2.1854
        88  -0.847789  -0.11569  0.75658  0.512E-08  0.377E-07  pot  B   0.0020  2.1854
        89  -0.847788  -0.11568  0.75658  0.941E-08  0.238E-07  pot  B   0.0020  2.1854
        90  -0.847789  -0.11568  0.75658  0.132E-08  0.208E-07  pot  B   0.0020  2.1854
        91  -0.847788  -0.11568  0.75658  0.117E-07  0.374E-07  pot  B   0.0020  2.1854
        92  -0.847788  -0.11568  0.75658  0.345E-08  0.352E-07  pot  B   0.0020  2.1854
        93  -0.847788  -0.11568  0.75658  0.252E-08  0.327E-07  pot  B   0.0020  2.1854
        94  -0.847788  -0.11568  0.75658  0.310E-08  0.414E-07  pot  B   0.0020  2.1854
        95  -0.847789  -0.11569  0.75658  0.428E-08  0.167E-07  pot  B   0.0020  2.1854
        96  -0.847789  -0.11569  0.75658  0.795E-08  0.149E-07  pot  B   0.0020  2.1854
        97  -0.847789  -0.11569  0.75658  0.214E-09  0.158E-07  pot  B   0.0020  2.1854
        98  -0.847789  -0.11569  0.75658  0.383E-09  0.144E-07  pot  B   0.0020  2.1854
        99  -0.847789  -0.11569  0.75658  0.181E-08  0.173E-07  pot  B   0.0020  2.1854
       100  -0.847788  -0.11569  0.75658  0.655E-08  0.199E-07  pot  B   0.0020  2.1854
       101  -0.847789  -0.11569  0.75658  0.284E-08  0.189E-07  pot  B   0.0020  2.1854
       102  -0.847789  -0.11569  0.75658  0.134E-08  0.167E-07  pot  B   0.0020  2.1854
       103  -0.847789  -0.11569  0.75658  0.402E-08  0.164E-07  pot  B   0.0020  2.1854
       104  -0.847788  -0.11569  0.75658  0.133E-08  0.187E-07  pot  B   0.0020  2.1854
       105  -0.847789  -0.11569  0.75658  0.115E-08  0.159E-07  pot  B   0.0020  2.1854
       106  -0.847789  -0.11569  0.75658  0.924E-09  0.146E-07  pot  B   0.0020  2.1854
       107  -0.847788  -0.11569  0.75658  0.189E-08  0.158E-07  pot  B   0.0020  2.1854
       108  -0.847789  -0.11569  0.75658  0.132E-08  0.138E-07  pot  B   0.0020  2.1854
       109  -0.847789  -0.11569  0.75658  0.120E-08  0.134E-07  pot  B   0.0020  2.1854
       110  -0.847789  -0.11569  0.75658  0.798E-09  0.140E-07  pot  B   0.0020  2.1854
       111  -0.847789  -0.11569  0.75658  0.611E-09  0.133E-07  pot  B   0.0020  2.1854
       112  -0.847789  -0.11569  0.75658  0.246E-08  0.139E-07  pot  B   0.0020  2.1854
       113  -0.847789  -0.11569  0.75658  0.193E-08  0.176E-07  pot  B   0.0020  2.1854
       114  -0.847789  -0.11569  0.75658  0.196E-08  0.162E-07  pot  B   0.0020  2.1854
       115  -0.847789  -0.11569  0.75658  0.184E-08  0.144E-07  pot  B   0.0020  2.1854
       116  -0.847789  -0.11569  0.75658  0.254E-08  0.165E-07  pot  B   0.0020  2.1854
       117  -0.847789  -0.11569  0.75658  0.210E-07  0.154E-07  pot  B   0.0020  2.1854
       118  -0.847789  -0.11569  0.75658  0.375E-08  0.114E-07  pot  B   0.0020  2.1854
       119  -0.847789  -0.11569  0.75658  0.109E-09  0.112E-07  pot  B   0.0020  2.1854
       120  -0.847789  -0.11569  0.75658  0.228E-08  0.137E-07  pot  B   0.0020  2.1854
       121  -0.847789  -0.11569  0.75658  0.296E-09  0.128E-07  pot  B   0.0020  2.1854
       122  -0.847789  -0.11569  0.75658  0.325E-08  0.178E-07  pot  B   0.0020  2.1854
       123  -0.847789  -0.11569  0.75658  0.237E-08  0.109E-07  pot  B   0.0020  2.1854
       124  -0.847789  -0.11569  0.75658  0.759E-09  0.128E-07  pot  B   0.0020  2.1854
       125  -0.847789  -0.11569  0.75658  0.161E-08  0.143E-07  pot  B   0.0020  2.1854
       126  -0.847789  -0.11569  0.75658  0.126E-08  0.110E-07  pot  B   0.0020  2.1854
       127  -0.847789  -0.11569  0.75658  0.327E-08  0.107E-07  pot  B   0.0020  2.1854
       128  -0.847789  -0.11569  0.75658  0.129E-07  0.107E-07  pot  B   0.0020  2.1854
       129  -0.847789  -0.11569  0.75658  0.178E-08  0.104E-07  pot  B   0.0020  2.1854
       130  -0.847789  -0.11569  0.75658  0.126E-08  0.137E-07  pot  B   0.0020  2.1854
       131  -0.847789  -0.11569  0.75658  0.344E-09  0.137E-07  pot  B   0.0020  2.1854
       132  -0.847789  -0.11569  0.75658  0.488E-09  0.130E-07  pot  B   0.0020  2.1854
       133  -0.847789  -0.11569  0.75658  0.209E-08  0.126E-07  pot  B   0.0020  2.1854
       134  -0.847789  -0.11569  0.75658  0.148E-08  0.151E-07  pot  B   0.0020  2.1854
       135  -0.847789  -0.11569  0.75658  0.113E-08  0.141E-07  pot  B   0.0020  2.1854
       136  -0.847789  -0.11569  0.75658  0.246E-08  0.116E-07  pot  B   0.0020  2.1854
       137  -0.847789  -0.11569  0.75658  0.505E-09  0.124E-07  pot  B   0.0020  2.1854
       138  -0.847789  -0.11569  0.75658  0.937E-09  0.889E-08  pot  B   0.0020  2.1854
       139  -0.847789  -0.11569  0.75658  0.226E-08  0.117E-07  pot  B   0.0020  2.1854
       140  -0.847789  -0.11569  0.75658  0.110E-09  0.117E-07  pot  B   0.0020  2.1854
**     141  -0.847789  -0.11569  0.75658  0.105E-01  0.114E-07  pot  S   0.0500  2.1854
       142  -0.847788  -0.11568  0.75658  0.110E-07  0.624E-07  pot  S   0.0500  2.1854
       143  -0.847788  -0.11568  0.75658  0.143E-08  0.496E-07  pot  S   0.0500  2.1854
       144  -0.847788  -0.11568  0.75658  0.111E-08  0.459E-07  pot  S   0.0500  2.1854
       145  -0.847788  -0.11568  0.75658  0.111E-08  0.429E-07  pot  S   0.0500  2.1854
       146  -0.847788  -0.11568  0.75658  0.110E-08  0.403E-07  pot  S   0.0500  2.1854
       147  -0.847788  -0.11568  0.75658  0.110E-08  0.380E-07  pot  S   0.0500  2.1854
       148  -0.847788  -0.11568  0.75658  0.108E-08  0.360E-07  pot  S   0.0500  2.1854
       149  -0.847788  -0.11568  0.75658  0.107E-08  0.343E-07  pot  S   0.0500  2.1854
       150  -0.847788  -0.11568  0.75658  0.105E-08  0.327E-07  pot  S   0.0500  2.1854
       151  -0.847788  -0.11568  0.75658  0.103E-08  0.312E-07  pot  S   0.0500  2.1854
       152  -0.847788  -0.11568  0.75658  0.101E-08  0.299E-07  pot  S   0.0500  2.1854
       153  -0.847788  -0.11568  0.75658  0.994E-09  0.287E-07  pot  S   0.0500  2.1854
       154  -0.847788  -0.11568  0.75658  0.974E-09  0.276E-07  pot  S   0.0500  2.1854
       155  -0.847788  -0.11568  0.75658  0.953E-09  0.266E-07  pot  S   0.0500  2.1854
       156  -0.847788  -0.11568  0.75658  0.933E-09  0.256E-07  pot  S   0.0500  2.1854
       157  -0.847788  -0.11568  0.75658  0.913E-09  0.247E-07  pot  S   0.0500  2.1854
       158  -0.847788  -0.11568  0.75658  0.893E-09  0.238E-07  pot  S   0.0500  2.1854
       159  -0.847788  -0.11568  0.75658  0.873E-09  0.230E-07  pot  S   0.0500  2.1854
       160  -0.847788  -0.11568  0.75658  0.854E-09  0.222E-07  pot  S   0.0500  2.1854
       161  -0.847788  -0.11568  0.75658  0.834E-09  0.215E-07  pot  S   0.0500  2.1854
       162  -0.847788  -0.11568  0.75658  0.816E-09  0.208E-07  pot  S   0.0500  2.1854
       163  -0.847788  -0.11568  0.75658  0.797E-09  0.201E-07  pot  S   0.0500  2.1854
       164  -0.847788  -0.11568  0.75658  0.779E-09  0.195E-07  pot  S   0.0500  2.1854
       165  -0.847788  -0.11568  0.75658  0.761E-09  0.189E-07  pot  S   0.0500  2.1854
       166  -0.847788  -0.11568  0.75658  0.744E-09  0.183E-07  pot  S   0.0500  2.1854
       167  -0.847788  -0.11568  0.75658  0.727E-09  0.178E-07  pot  S   0.0500  2.1854
       168  -0.847788  -0.11568  0.75658  0.711E-09  0.172E-07  pot  S   0.0500  2.1854
       169  -0.847788  -0.11568  0.75658  0.694E-09  0.167E-07  pot  S   0.0500  2.1854
       170  -0.847788  -0.11568  0.75658  0.679E-09  0.162E-07  pot  S   0.0500  2.1854
       171  -0.847788  -0.11568  0.75658  0.663E-09  0.157E-07  pot  S   0.0500  2.1854
       172  -0.847788  -0.11568  0.75658  0.648E-09  0.153E-07  pot  S   0.0500  2.1854
       173  -0.847788  -0.11568  0.75658  0.633E-09  0.148E-07  pot  S   0.0500  2.1854
       174  -0.847788  -0.11568  0.75658  0.619E-09  0.144E-07  pot  S   0.0500  2.1854
       175  -0.847788  -0.11568  0.75658  0.605E-09  0.140E-07  pot  S   0.0500  2.1854
       176  -0.847788  -0.11568  0.75658  0.591E-09  0.136E-07  pot  S   0.0500  2.1854
       177  -0.847788  -0.11568  0.75658  0.578E-09  0.132E-07  pot  S   0.0500  2.1854
       178  -0.847788  -0.11568  0.75658  0.565E-09  0.129E-07  pot  S   0.0500  2.1854
       179  -0.847788  -0.11568  0.75658  0.552E-09  0.125E-07  pot  S   0.0500  2.1854
       180  -0.847788  -0.11568  0.75658  0.540E-09  0.122E-07  pot  S   0.0500  2.1854
       181  -0.847788  -0.11568  0.75658  0.527E-09  0.119E-07  pot  S   0.0500  2.1854
       182  -0.847788  -0.11568  0.75658  0.516E-09  0.115E-07  pot  S   0.0500  2.1854
       183  -0.847788  -0.11568  0.75658  0.504E-09  0.112E-07  pot  S   0.0500  2.1854
       184  -0.847788  -0.11568  0.75658  0.493E-09  0.109E-07  pot  S   0.0500  2.1854
       185  -0.847788  -0.11568  0.75658  0.481E-09  0.106E-07  pot  S   0.0500  2.1854
       186  -0.847788  -0.11568  0.75658  0.471E-09  0.104E-07  pot  S   0.0500  2.1854
       187  -0.847788  -0.11568  0.75658  0.460E-09  0.101E-07  pot  S   0.0500  2.1854
       188  -0.847788  -0.11568  0.75658  0.450E-09  0.983E-08  pot  S   0.0500  2.1854
