 nspin  vdif :::::: Potentials for non-spin-polarized non-relativistic Va.      
    2   0.0000000000000D+00
 LSMS:           Va     z=  0.    xvalws=   0.21100
   0.                      2.34260   0. 0.2233704493661D+00
                 -0.1113096740000D+02 0.8512608760726D+00 1001 1023
 0.3522490495292D-05 0.3564929443528D-05 0.3607879962188D-05 0.3651348219991D-05
 0.3695340457441D-05 0.3739862990746D-05 0.3784922213795D-05 0.3830524593428D-05
 0.3876676678294D-05 0.3923385094470D-05 0.3970656548615D-05 0.4018497826780D-05
 0.4066915799322D-05 0.4115917415572D-05 0.4165509713742D-05 0.4215699811731D-05
 0.4266494917289D-05 0.4317902322850D-05 0.4369929407999D-05 0.4422583644399D-05
 0.4475872590059D-05 0.4529803898935D-05 0.4584385310848D-05 0.4639624663543D-05
 0.4695529888768D-05 0.4752109013610D-05 0.4809370159298D-05 0.4867321548975D-05
 0.4925971501676D-05 0.4985328439891D-05 0.5045400883593D-05 0.5106197458895D-05
 0.5167726895634D-05 0.5229998025856D-05 0.5293019793065D-05 0.5356801242191D-05
 0.5421351533128D-05 0.5486679932713D-05 0.5552795821360D-05 0.5619708690158D-05
 0.5687428147044D-05 0.5755963917051D-05 0.5825325835276D-05 0.5895523864318D-05
 0.5966568082553D-05 0.6038468688122D-05 0.6111236006598D-05 0.6184880484083D-05
 0.6259412694923D-05 0.6334843338272D-05 0.6411183246195D-05 0.6488443379777D-05
 0.6566634829728D-05 0.6645768823560D-05 0.6725856722353D-05 0.6806910024446D-05
 0.6888940368377D-05 0.6971959531318D-05 0.7055979431582D-05 0.7141012133470D-05
 0.7227069845440D-05 0.7314164924132D-05 0.7402309873060D-05 0.7491517347223D-05
 0.7581800156512D-05 0.7673171260437D-05 0.7765643781222D-05 0.7859230993285D-05
 0.7953946334113D-05 0.8049803401914D-05 0.8146815959929D-05 0.8244997937707D-05
 0.8344363430488D-05 0.8444926704557D-05 0.8546702199358D-05 0.8649704526336D-05
 0.8753948475364D-05 0.8859449011834D-05 0.8966221285024D-05 0.9074280622362D-05
 0.9183642540885D-05 0.9294322740948D-05 0.9406337112837D-05 0.9519701739859D-05
 0.9634432899929D-05 0.9750547063624D-05 0.9868060901960D-05 0.9986991288277D-05
 0.1010735529724D-04 0.1022917021108D-04 0.1035245351845D-04 0.1047722292077D-04
 0.1060349633084D-04 0.1073129187810D-04 0.1086062791307D-04 0.1099152300333D-04
 0.1112399594254D-04 0.1125806575137D-04 0.1139375167711D-04 0.1153107320245D-04
 0.1167005004393D-04 0.1181070215401D-04 0.1195304972698D-04 0.1209711320073D-04
 0.1224291325942D-04 0.1239047083700D-04 0.1253980711830D-04 0.1269094354297D-04
 0.1284390181280D-04 0.1299870388710D-04 0.1315537199457D-04 0.1331392862571D-04
 0.1347439654558D-04 0.1363679879590D-04 0.1380115869101D-04 0.1396749983078D-04
 0.1413584609636D-04 0.1430622166071D-04 0.1447865098202D-04 0.1465315881917D-04
 0.1482977022695D-04 0.1500851056155D-04 0.1518940548703D-04 0.1537248097365D-04
 0.1555776330836D-04 0.1574527909220D-04 0.1593505524767D-04 0.1612711902363D-04
 0.1632149799409D-04 0.1651822006816D-04 0.1671731348926D-04 0.1691880684205D-04
 0.1712272905672D-04 0.1732910941264D-04 0.1753797753890D-04 0.1774936342559D-04
 0.1796329742085D-04 0.1817981024218D-04 0.1839893297454D-04 0.1862069707801D-04
 0.1884513439415D-04 0.1907227714546D-04 0.1930215794375D-04 0.1953480979519D-04
 0.1977026610236D-04 0.2000856067092D-04 0.2024972771426D-04 0.2049380185912D-04
 0.2074081814759D-04 0.2099081204442D-04 0.2124381944342D-04 0.2149987667072D-04
 0.2175902048898D-04 0.2202128810543D-04 0.2228671717557D-04 0.2255534580745D-04
 0.2282721257175D-04 0.2310235649819D-04 0.2338081709357D-04 0.2366263433760D-04
 0.2394784869123D-04 0.2423650110580D-04 0.2452863302406D-04 0.2482428638905D-04
 0.2512350364792D-04 0.2542632776345D-04 0.2573280221289D-04 0.2604297099667D-04
 0.2635687865065D-04 0.2667457024161D-04 0.2699609138322D-04 0.2732148823833D-04
 0.2765080752432D-04 0.2798409652573D-04 0.2832140309358D-04 0.2866277565770D-04
 0.2900826322801D-04 0.2935791541203D-04 0.2971178240962D-04 0.3006991502532D-04
 0.3043236467900D-04 0.3079918341410D-04 0.3117042389076D-04 0.3154613941354D-04
 0.3192638392392D-04 0.3231121201791D-04 0.3270067894532D-04 0.3309484062560D-04
 0.3349375364997D-04 0.3389747529210D-04 0.3430606351744D-04 0.3471957698892D-04
 0.3513807507656D-04 0.3556161786762D-04 0.3599026617162D-04 0.3642408153059D-04
 0.3686312623290D-04 0.3730746331186D-04 0.3775715656506D-04 0.3821227055718D-04
 0.3867287062935D-04 0.3913902291456D-04 0.3961079434201D-04 0.4008825264407D-04
 0.4057146637244D-04 0.4106050490561D-04 0.4155543845716D-04 0.4205633808841D-04
 0.4256327571353D-04 0.4307632411971D-04 0.4359555696679D-04 0.4412104880379D-04
 0.4465287507659D-04 0.4519111214509D-04 0.4573583728621D-04 0.4628712870916D-04
 0.4684506556450D-04 0.4740972795993D-04 0.4798119696798D-04 0.4855955463524D-04
 0.4914488400095D-04 0.4973726910231D-04 0.5033679499501D-04 0.5094354775304D-04
 0.5155761449269D-04 0.5217908337849D-04 0.5280804363772D-04 0.5344458557453D-04
 0.5408880057968D-04 0.5474078114774D-04 0.5540062088678D-04 0.5606841453382D-04
 0.5674425796764D-04 0.5742824822141D-04 0.5812048350021D-04 0.5882106319316D-04
 0.5953008788451D-04 0.6024765937460D-04 0.6097388068924D-04 0.6170885609439D-04
 0.6245269111438D-04 0.6320549254709D-04 0.6396736847580D-04 0.6473842828562D-04
 0.6551878268604D-04 0.6630854371239D-04 0.6710782475727D-04 0.6791674057770D-04
 0.6873540731285D-04 0.6956394250468D-04 0.7040246511045D-04 0.7125109551980D-04
 0.7210995557670D-04 0.7297916859310D-04 0.7385885936492D-04 0.7474915419468D-04
 0.7565018090740D-04 0.7656206886770D-04 0.7748494900049D-04 0.7841895380992D-04
 0.7936421739474D-04 0.8032087547167D-04 0.8128906539609D-04 0.8226892617193D-04
 0.8326059848459D-04 0.8426422471665D-04 0.8527994896043D-04 0.8630791705033D-04
 0.8734827657925D-04 0.8840117691554D-04 0.8946676922938D-04 0.9054520651374D-04
 0.9163664360724D-04 0.9274123721243D-04 0.9385914592198D-04 0.9499053023889D-04
 0.9613555260512D-04 0.9729437741458D-04 0.9846717104760D-04 0.9965410188929D-04
 0.1008553403541D-03 0.1020710589056D-03 0.1033014320975D-03 0.1045466365770D-03
 0.1058068511277D-03 0.1070822566822D-03 0.1083730363616D-03 0.1096793754854D-03
 0.1110014616148D-03 0.1123394845695D-03 0.1136936364534D-03 0.1150641116913D-03
 0.1164511070516D-03 0.1178548216703D-03 0.1192754570870D-03 0.1207132172705D-03
 0.1221683086473D-03 0.1236409401333D-03 0.1251313231602D-03 0.1266396717123D-03
 0.1281662023513D-03 0.1297111342487D-03 0.1312746892183D-03 0.1328570917495D-03
 0.1344585690356D-03 0.1360793510101D-03 0.1377196703755D-03 0.1393797626427D-03
 0.1410598661596D-03 0.1427602221492D-03 0.1444810747386D-03 0.1462226710001D-03
 0.1479852609853D-03 0.1497690977578D-03 0.1515744374323D-03 0.1534015392118D-03
 0.1552506654232D-03 0.1571220815544D-03 0.1590160562956D-03 0.1609328615746D-03
 0.1628727725976D-03 0.1648360678856D-03 0.1668230293228D-03 0.1688339421869D-03
 0.1708690951938D-03 0.1729287805435D-03 0.1750132939523D-03 0.1771229347088D-03
 0.1792580057031D-03 0.1814188134798D-03 0.1836056682766D-03 0.1858188840718D-03
 0.1880587786283D-03 0.1903256735403D-03 0.1926198942788D-03 0.1949417702326D-03
 0.1972916347708D-03 0.1996698252737D-03 0.2020766831901D-03 0.2045125540852D-03
 0.2069777876911D-03 0.2094727379517D-03 0.2119977630835D-03 0.2145532256133D-03
 0.2171394924460D-03 0.2197569349029D-03 0.2224059287846D-03 0.2250868544195D-03
 0.2278000967252D-03 0.2305460452525D-03 0.2333250942523D-03 0.2361376427282D-03
 0.2389840944900D-03 0.2418648582186D-03 0.2447803475202D-03 0.2477309809866D-03
 0.2507171822538D-03 0.2537393800664D-03 0.2567980083370D-03 0.2598935062081D-03
 0.2630263181164D-03 0.2661968938539D-03 0.2694056886389D-03 0.2726531631718D-03
 0.2759397837085D-03 0.2792660221270D-03 0.2826323559908D-03 0.2860392686211D-03
 0.2894872491650D-03 0.2929767926671D-03 0.2965084001366D-03 0.3000825786259D-03
 0.3036998412946D-03 0.3073607074933D-03 0.3110657028283D-03 0.3148153592444D-03
 0.3186102150976D-03 0.3224508152345D-03 0.3263377110671D-03 0.3302714606554D-03
 0.3342526287873D-03 0.3382817870564D-03 0.3423595139518D-03 0.3464863949275D-03
 0.3506630225009D-03 0.3548899963297D-03 0.3591679233001D-03 0.3634974176136D-03
 0.3678791008751D-03 0.3723136021826D-03 0.3768015582192D-03 0.3813436133393D-03
 0.3859404196661D-03 0.3905926371846D-03 0.3953009338342D-03 0.4000659856048D-03
 0.4048884766364D-03 0.4097690993150D-03 0.4147085543725D-03 0.4197075509880D-03
 0.4247668068870D-03 0.4298870484511D-03 0.4350690108130D-03 0.4403134379689D-03
 0.4456210828829D-03 0.4509927075959D-03 0.4564290833350D-03 0.4619309906187D-03
 0.4674992193820D-03 0.4731345690737D-03 0.4788378487865D-03 0.4846098773613D-03
 0.4904514835094D-03 0.4963635059338D-03 0.5023467934454D-03 0.5084022050864D-03
 0.5145306102551D-03 0.5207328888288D-03 0.5270099312904D-03 0.5333626388567D-03
 0.5397919236094D-03 0.5462987086235D-03 0.5528839280986D-03 0.5595485274957D-03
 0.5662934636764D-03 0.5731197050319D-03 0.5800282316249D-03 0.5870200353370D-03
 0.5940961200027D-03 0.6012575015552D-03 0.6085052081763D-03 0.6158402804374D-03
 0.6232637714612D-03 0.6307767470532D-03 0.6383802858735D-03 0.6460754795830D-03
 0.6538634329979D-03 0.6617452642575D-03 0.6697221049719D-03 0.6777951003944D-03
 0.6859654095876D-03 0.6942342055760D-03 0.7026026755302D-03 0.7110720209250D-03
 0.7196434577247D-03 0.7283182165439D-03 0.7370975428343D-03 0.7459826970561D-03
 0.7549749548672D-03 0.7640756072961D-03 0.7732859609395D-03 0.7826073381361D-03
 0.7920410771685D-03 0.8015885324497D-03 0.8112510747143D-03 0.8210300912236D-03
 0.8309269859568D-03 0.8409431798175D-03 0.8510801108366D-03 0.8613392343752D-03
 0.8717220233397D-03 0.8822299683856D-03 0.8928645781417D-03 0.9036273794153D-03
 0.9145199174189D-03 0.9255437559892D-03 0.9367004778132D-03 0.9479916846538D-03
 0.9594189975777D-03 0.9709840571941D-03 0.9826885238847D-03 0.9945340780427D-03
 0.1006522420317D-02 0.1018655271856D-02 0.1030934374547D-02 0.1043361491278D-02
 0.1055938406180D-02 0.1068666924892D-02 0.1081548874814D-02 0.1094586105374D-02
 0.1107780488283D-02 0.1121133917821D-02 0.1134648311090D-02 0.1148325608306D-02
 0.1162167773064D-02 0.1176176792626D-02 0.1190354678207D-02 0.1204703465263D-02
 0.1219225213779D-02 0.1233922008569D-02 0.1248795959574D-02 0.1263849202165D-02
 0.1279083897446D-02 0.1294502232571D-02 0.1310106421052D-02 0.1325898703076D-02
 0.1341881345832D-02 0.1358056643832D-02 0.1374426919239D-02 0.1390994522205D-02
 0.1407761831205D-02 0.1424731253375D-02 0.1441905224865D-02 0.1459286211185D-02
 0.1476876707552D-02 0.1494679239262D-02 0.1512696362037D-02 0.1530930662404D-02
 0.1549384758055D-02 0.1568061298233D-02 0.1586962964106D-02 0.1606092469150D-02
 0.1625452559546D-02 0.1645046014562D-02 0.1664875646963D-02 0.1684944303408D-02
 0.1705254864860D-02 0.1725810246996D-02 0.1746613400633D-02 0.1767667312143D-02
 0.1788975003883D-02 0.1810539534633D-02 0.1832364000026D-02 0.1854451533003D-02
 0.1876805304252D-02 0.1899428522665D-02 0.1922324435805D-02 0.1945496330363D-02
 0.1968947532631D-02 0.1992681408981D-02 0.2016701366346D-02 0.2041010852713D-02
 0.2065613357603D-02 0.2090512412592D-02 0.2115711591799D-02 0.2141214512407D-02
 0.2167024835181D-02 0.2193146264989D-02 0.2219582551335D-02 0.2246337488897D-02
 0.2273414918069D-02 0.2300818725511D-02 0.2328552844709D-02 0.2356621256534D-02
 0.2385027989814D-02 0.2413777121912D-02 0.2442872779309D-02 0.2472319138193D-02
 0.2502120425063D-02 0.2532280917326D-02 0.2562804943913D-02 0.2593696885908D-02
 0.2624961177154D-02 0.2656602304908D-02 0.2688624810475D-02 0.2721033289856D-02
 0.2753832394409D-02 0.2787026831514D-02 0.2820621365248D-02 0.2854620817061D-02
 0.2889030066472D-02 0.2923854051767D-02 0.2959097770701D-02 0.2994766281213D-02
 0.3030864702155D-02 0.3067398214017D-02 0.3104372059676D-02 0.3141791545137D-02
 0.3179662040294D-02 0.3217988979703D-02 0.3256777863351D-02 0.3296034257446D-02
 0.3335763795215D-02 0.3375972177704D-02 0.3416665174592D-02 0.3457848625021D-02
 0.3499528438424D-02 0.3541710595377D-02 0.3584401148438D-02 0.3627606223027D-02
 0.3671332018294D-02 0.3715584808001D-02 0.3760370941422D-02 0.3805696844246D-02
 0.3851569019496D-02 0.3897994048455D-02 0.3944978591606D-02 0.3992529389578D-02
 0.4040653264114D-02 0.4089357119038D-02 0.4138647941240D-02 0.4188532801671D-02
 0.4239018856354D-02 0.4290113347399D-02 0.4341823604041D-02 0.4394157043671D-02
 0.4447121172909D-02 0.4500723588657D-02 0.4554971979189D-02 0.4609874125244D-02
 0.4665437901130D-02 0.4721671275844D-02 0.4778582314211D-02 0.4836179178018D-02
 0.4894470127188D-02 0.4953463520945D-02 0.5013167819001D-02 0.5073591582764D-02
 0.5134743476547D-02 0.5196632268801D-02 0.5259266833355D-02 0.5322656150680D-02
 0.5386809309159D-02 0.5451735506379D-02 0.5517444050429D-02 0.5583944361223D-02
 0.5651245971831D-02 0.5719358529834D-02 0.5788291798681D-02 0.5858055659081D-02
 0.5928660110385D-02 0.6000115272021D-02 0.6072431384903D-02 0.6145618812891D-02
 0.6219688044249D-02 0.6294649693129D-02 0.6370514501063D-02 0.6447293338482D-02
 0.6524997206254D-02 0.6603637237216D-02 0.6683224697766D-02 0.6763770989430D-02
 0.6845287650475D-02 0.6927786357529D-02 0.7011278927224D-02 0.7095777317858D-02
 0.7181293631069D-02 0.7267840113534D-02 0.7355429158692D-02 0.7444073308482D-02
 0.7533785255087D-02 0.7624577842727D-02 0.7716464069449D-02 0.7809457088944D-02
 0.7903570212389D-02 0.7998816910302D-02 0.8095210814423D-02 0.8192765719617D-02
 0.8291495585794D-02 0.8391414539860D-02 0.8492536877667D-02 0.8594877066022D-02
 0.8698449744678D-02 0.8803269728379D-02 0.8909352008910D-02 0.9016711757173D-02
 0.9125364325292D-02 0.9235325248735D-02 0.9346610248458D-02 0.9459235233083D-02
 0.9573216301086D-02 0.9688569743022D-02 0.9805312043758D-02 0.9923459884751D-02
 0.1004303014633D-01 0.1016403991003D-01 0.1028650646091D-01 0.1041044728992D-01
 0.1053588009634D-01 0.1066282279012D-01 0.1079129349440D-01 0.1092131054791D-01
 0.1105289250753D-01 0.1118605815076D-01 0.1132082647830D-01 0.1145721671661D-01
 0.1159524832052D-01 0.1173494097584D-01 0.1187631460204D-01 0.1201938935492D-01
 0.1216418562933D-01 0.1231072406188D-01 0.1245902553373D-01 0.1260911117341D-01
 0.1276100235957D-01 0.1291472072389D-01 0.1307028815394D-01 0.1322772679608D-01
 0.1338705905839D-01 0.1354830761367D-01 0.1371149540237D-01 0.1387664563567D-01
 0.1404378179851D-01 0.1421292765264D-01 0.1438410723979D-01 0.1455734488472D-01
 0.1473266519848D-01 0.1491009308154D-01 0.1508965372705D-01 0.1527137262405D-01
 0.1545527556080D-01 0.1564138862808D-01 0.1582973822252D-01 0.1602035104996D-01
 0.1621325412887D-01 0.1640847479379D-01 0.1660604069872D-01 0.1680597982071D-01
 0.1700832046329D-01 0.1721309126002D-01 0.1742032117811D-01 0.1763003952199D-01
 0.1784227593692D-01 0.1805706041266D-01 0.1827442328717D-01 0.1849439525028D-01
 0.1871700734747D-01 0.1894229098360D-01 0.1917027792671D-01 0.1940100031182D-01
 0.1963449064479D-01 0.1987078180620D-01 0.2010990705518D-01 0.2035190003338D-01
 0.2059679476887D-01 0.2084462568013D-01 0.2109542757999D-01 0.2134923567968D-01
 0.2160608559282D-01 0.2186601333945D-01 0.2212905535015D-01 0.2239524847006D-01
 0.2266462996299D-01 0.2293723751557D-01 0.2321310924133D-01 0.2349228368488D-01
 0.2377479982605D-01 0.2406069708405D-01 0.2435001532169D-01 0.2464279484949D-01
 0.2493907642998D-01 0.2523890128180D-01 0.2554231108399D-01 0.2584934798016D-01
 0.2616005458269D-01 0.2647447397700D-01 0.2679264972568D-01 0.2711462587279D-01
 0.2744044694797D-01 0.2777015797070D-01 0.2810380445444D-01 0.2844143241085D-01
 0.2878308835386D-01 0.2912881930389D-01 0.2947867279194D-01 0.2983269686364D-01
 0.3019094008338D-01 0.3055345153830D-01 0.3092028084231D-01 0.3129147814007D-01
 0.3166709411088D-01 0.3204717997261D-01 0.3243178748549D-01 0.3282096895594D-01
 0.3321477724027D-01 0.3361326574835D-01 0.3401648844723D-01 0.3442449986466D-01
 0.3483735509257D-01 0.3525510979043D-01 0.3567782018856D-01 0.3610554309133D-01
 0.3653833588027D-01 0.3697625651709D-01 0.3741936354653D-01 0.3786771609922D-01
 0.3832137389425D-01 0.3878039724178D-01 0.3924484704535D-01 0.3971478480421D-01
 0.4019027261534D-01 0.4067137317540D-01 0.4115814978251D-01 0.4165066633779D-01
 0.4214898734678D-01 0.4265317792062D-01 0.4316330377698D-01 0.4367943124089D-01
 0.4420162724520D-01 0.4472995933088D-01 0.4526449564703D-01 0.4580530495066D-01
 0.4635245660610D-01 0.4690602058423D-01 0.4746606746130D-01 0.4803266841745D-01
 0.4860589523497D-01 0.4918582029604D-01 0.4977251658026D-01 0.5036605766167D-01
 0.5096651770544D-01 0.5157397146408D-01 0.5218849427319D-01 0.5281016204682D-01
 0.5343905127224D-01 0.5407523900429D-01 0.5471880285908D-01 0.5536982100727D-01
 0.5602837216663D-01 0.5669453559411D-01 0.5736839107715D-01 0.5805001892446D-01
 0.5873949995597D-01 0.5943691549215D-01 0.6014234734255D-01 0.6085587779351D-01
 0.6157758959512D-01 0.6230756594725D-01 0.6304589048475D-01 0.6379264726164D-01
 0.6454792073442D-01 0.6531179574427D-01 0.6608435749827D-01 0.6686569154950D-01
 0.6765588377592D-01 0.6845502035819D-01 0.6926318775612D-01 0.7008047268388D-01
 0.7090696208384D-01 0.7174274309902D-01 0.7258790304408D-01 0.7344252937470D-01
 0.7430670965549D-01 0.7518053152616D-01 0.7606408266600D-01 0.7695745075652D-01
 0.7786072344229D-01 0.7877398828977D-01 0.7969733274413D-01 0.8063084408399D-01
 0.8157460937391D-01 0.8252871541462D-01 0.8349324869089D-01 0.8446829531689D-01
 0.8545394097897D-01 0.8645027087579D-01 0.8745736965559D-01 0.8847532135065D-01
 0.8950420930863D-01 0.9054411612080D-01 0.9159512354701D-01 0.9265731243721D-01
 0.9373076264943D-01 0.9481555296410D-01 0.9591176099448D-01 0.9701946309311D-01
 0.9813873425408D-01 0.9926964801098D-01 0.1004122763303D+00 0.1015666895004D+00
 0.1027329560149D+00 0.1039111424518D+00 0.1051013133470D+00 0.1063035310620D+00
 0.1075178556464D+00 0.1087443446940D+00 0.1099830531927D+00 0.1112340333686D+00
 0.1124973345222D+00 0.1137730028589D+00 0.1150610813109D+00 0.1163616093527D+00
 0.1176746228079D+00 0.1190001536479D+00 0.1203382297825D+00 0.1216888748407D+00
 0.1230521079432D+00 0.1244279434646D+00 0.1258163907854D+00 0.1272174540341D+00
 0.1286311318178D+00 0.1300574169416D+00 0.1314962961162D+00 0.1329477496532D+00
 0.1344117511473D+00 0.1358882671450D+00 0.1373772567996D+00 0.1388786715117D+00
 0.1403924545538D+00 0.1419185406800D+00 0.1434568557187D+00 0.1450073161476D+00
 0.1465698286520D+00 0.1481442896631D+00 0.1497305848777D+00 0.1513285887566D+00
 0.1529381640031D+00 0.1545591610179D+00 0.1561914173320D+00 0.1578347570148D+00
 0.1594889900574D+00 0.1611539117293D+00 0.1628293019081D+00 0.1645149243804D+00
 0.1662105261126D+00 0.1679158364907D+00 0.1696305665277D+00 0.1713544080366D+00
 0.1730870327678D+00 0.1748280915099D+00 0.1765772131514D+00 0.1783340037013D+00
 0.1800980452682D+00 0.1818688949945D+00 0.1836460839445D+00 0.1854291159440D+00
 0.1872174663690D+00 0.1890105808819D+00 0.1908078741118D+00 0.1926087282772D+00
 0.1944124917473D+00 0.1962184775407D+00 0.1980259617569D+00 0.1998341819386D+00
 0.2016423353606D+00 0.2034495772429D+00 0.2052550188838D+00 0.2070577257086D+00
 0.2088567152313D+00 0.2106509549241D+00 0.2124393599901D+00 0.2142207910357D+00
 0.2159940516364D+00 0.2177578857921D+00 0.2195109752657D+00 0.2212519367992D+00
 0.2229793192025D+00 0.2246916003072D+00 0.2263871837793D+00 0.2280643957843D+00
 0.2297214814969D+00 0.2313566014471D+00 0.2329678276959D+00 0.2345531398308D+00
 0.2361104207729D+00 0.2376374523854D+00 0.2391319108743D+00 0.2405913619706D+00
 0.2420132558822D+00 0.2433949220052D+00 0.2447335633810D+00 0.2460262508879D+00
 0.2472699171516D+00 0.2484613501622D+00 0.2495971865817D+00 0.2506739047268D+00
 0.2516878172090D+00 0.2526350632167D+00 0.2535116004192D+00 0.2543131964730D+00
 0.2550354201118D+00 0.2556736317972D+00 0.2562229739075D+00 0.2566783604420D+00
 0.2570344662148D+00 0.2572857155124D+00 0.2574262701870D+00 0.2574500171568D+00
 0.2573505552829D+00 0.2571211815903D+00 0.2567548767995D+00 0.2562442901330D+00
 0.2555817233602D+00 0.2547591140398D+00 0.2537680179209D+00 0.2525995904572D+00
 0.2512445673907D+00 0.2496932443558D+00 0.2479354554542D+00 0.2459605507484D+00
 0.2437573726170D+00 0.2413142309153D+00 0.2386188768790D+00 0.2356584757064D+00
 0.2324195777541D+00 0.2288880882719D+00 0.2250492356057D+00 0.2208875377883D+00
 0.2163867674375D+00 0.2115299148740D+00 0.2062991493704D+00 0.2006757784349D+00
 0.1946402050319D+00 0.1881718826330D+00 0.1812492679915D+00 0.1738497715227D+00
 0.1659497051732D+00 0.1575242276500D+00 0.1485472868802D+00 0.1389915595483D+00
 0.1288283876437D+00
                                    0.0000000000000D+00
 1023 0.2109987298518D+00
 0.3147431679532D-11 0.3223821095701D-11 0.3302063882641D-11 0.3382204993691D-11
 0.3464290482497D-11 0.3548367514720D-11 0.3634484395927D-11 0.3722690617100D-11
 0.3813036856430D-11 0.3905575022106D-11 0.4000358290173D-11 0.4097441121183D-11
 0.4196879290835D-11 0.4298729943581D-11 0.4403051596768D-11 0.4509904182308D-11
 0.4619349106358D-11 0.4731449244368D-11 0.4846269007297D-11 0.4963874363152D-11
 0.5084332888602D-11 0.5207713788622D-11 0.5334087954788D-11 0.5463527988333D-11
 0.5596108268063D-11 0.5731904956759D-11 0.5870996085367D-11 0.6013461560907D-11
 0.6159383234546D-11 0.6308844944832D-11 0.6461932562361D-11 0.6618734033920D-11
 0.6779339454744D-11 0.6943841092394D-11 0.7112333450774D-11 0.7284913344541D-11
 0.7461679910554D-11 0.7642734708928D-11 0.7828181757853D-11 0.8018127594905D-11
 0.8212681354210D-11 0.8411954797657D-11 0.8616062407730D-11 0.8825121452975D-11
 0.9039252033112D-11 0.9258577163346D-11 0.9483222845771D-11 0.9713318137256D-11
 0.9948995220812D-11 0.1019038950144D-10 0.1043763964395D-10 0.1069088769619D-10
 0.1095027914326D-10 0.1121596299930D-10 0.1148809189426D-10 0.1176682215778D-10
 0.1205231392486D-10 0.1234473118246D-10 0.1264424192627D-10 0.1295101822192D-10
 0.1326523629572D-10 0.1358707665401D-10 0.1391672417581D-10 0.1425436824246D-10
 0.1460020281810D-10 0.1495442656533D-10 0.1531724296570D-10 0.1568886044543D-10
 0.1606949248665D-10 0.1645935773895D-10 0.1685868016295D-10 0.1726768914361D-10
 0.1768661964077D-10 0.1811571230342D-10 0.1855521363033D-10 0.1900537607590D-10
 0.1946645824435D-10 0.1993872499496D-10 0.2042244761656D-10 0.2091790397079D-10
 0.2142537868079D-10 0.2194516324707D-10 0.2247755625645D-10 0.2302286352029D-10
 0.2358139829690D-10 0.2415348141645D-10 0.2473944150196D-10 0.2533961514235D-10
 0.2595434709045D-10 0.2658399047246D-10 0.2722890696136D-10 0.2788946701770D-10
 0.2856605007638D-10 0.2925904478648D-10 0.2996884920789D-10 0.3069587106654D-10
 0.3144052798502D-10 0.3220324769745D-10 0.3298446831667D-10 0.3378463859448D-10
 0.3460421815371D-10 0.3544367776949D-10 0.3630349964784D-10 0.3718417766017D-10
 0.3808621769729D-10 0.3901013786300D-10 0.3995646888490D-10 0.4092575434192D-10
 0.4191855098912D-10 0.4293542909648D-10 0.4397697274824D-10 0.4504378022892D-10
 0.4613646428578D-10 0.4725565258962D-10 0.4840198797266D-10 0.4957612889209D-10
 0.5077874976761D-10 0.5201054139337D-10 0.5327221129229D-10 0.5456448416864D-10
 0.5588810228001D-10 0.5724382592366D-10 0.5863243380573D-10 0.6005472351297D-10
 0.6151151200496D-10 0.6300363605649D-10 0.6453195272046D-10 0.6609733981830D-10
 0.6770069653114D-10 0.6934294376553D-10 0.7102502482781D-10 0.7274790586558D-10
 0.7451257648711D-10 0.7632005026679D-10 0.7817136540787D-10 0.8006758523365D-10
 0.8200979896229D-10 0.8399912210535D-10 0.8603669731595D-10 0.8812369492379D-10
 0.9026131363908D-10 0.9245078128595D-10 0.9469335544832D-10 0.9699032419209D-10
 0.9934300682531D-10 0.1017527546989D-09 0.1042209519051D-09 0.1067490160786D-09
 0.1093383993046D-09 0.1119905888532D-09 0.1147071080502D-09 0.1174895171937D-09
 0.1203394144240D-09 0.1232584366143D-09 0.1262482603976D-09 0.1293106030014D-09
 0.1324472233538D-09 0.1356599230141D-09 0.1389505472887D-09 0.1423209861755D-09
 0.1457731755339D-09 0.1493090981876D-09 0.1529307850504D-09 0.1566403162920D-09
 0.1604398225525D-09 0.1643314860901D-09 0.1683175421672D-09 0.1724002802172D-09
 0.1765820451948D-09 0.1808652389623D-09 0.1852523216130D-09 0.1897458129468D-09
 0.1943482937786D-09 0.1990624076511D-09 0.2038908621324D-09 0.2088364304908D-09
 0.2139019532740D-09 0.2190903398874D-09 0.2244045703361D-09 0.2298476968447D-09
 0.2354228457579D-09 0.2411332191797D-09 0.2469820969204D-09 0.2529728382746D-09
 0.2591088841033D-09 0.2653937586364D-09 0.2718310716285D-09 0.2784245203932D-09
 0.2851778918869D-09 0.2920950649299D-09 0.2991800124240D-09 0.3064368036588D-09
 0.3138696065442D-09 0.3214826901474D-09 0.3292804270741D-09 0.3372672959018D-09
 0.3454478839518D-09 0.3538268897339D-09 0.3624091257760D-09 0.3711995211652D-09
 0.3802031248053D-09 0.3894251078187D-09 0.3988707668651D-09 0.4085455270563D-09
 0.4184549450526D-09 0.4286047123368D-09 0.4390006583531D-09 0.4496487540734D-09
 0.4605551151375D-09 0.4717260055697D-09 0.4831678414156D-09 0.4948871941523D-09
 0.5068907947476D-09 0.5191855375110D-09 0.5317784838243D-09 0.5446768663116D-09
 0.5578880932245D-09 0.5714197522599D-09 0.5852796153038D-09 0.5994756426584D-09
 0.6140159877611D-09 0.6289090017272D-09 0.6441632382647D-09 0.6597874585842D-09
 0.6757906362592D-09 0.6921819626795D-09 0.7089708520729D-09 0.7261669469572D-09
 0.7437801237999D-09 0.7618204985378D-09 0.7802984326331D-09 0.7992245386236D-09
 0.8186096865630D-09 0.8384650100970D-09 0.8588019130406D-09 0.8796320756377D-09
 0.9009674614797D-09 0.9228203243656D-09 0.9452032152367D-09 0.9681289894870D-09
 0.9916108142675D-09 0.1015662176167D-08 0.1040296888742D-08 0.1065529100726D-08
 0.1091373304005D-08 0.1117844341719D-08 0.1144957417362D-08 0.1172728102939D-08
 0.1201172348215D-08 0.1230306489785D-08 0.1260147260480D-08 0.1290711798947D-08
 0.1322017659634D-08 0.1354082822556D-08 0.1386925703932D-08 0.1420565166644D-08
 0.1455020531098D-08 0.1490311586241D-08 0.1526458600935D-08 0.1563482335819D-08
 0.1601404054835D-08 0.1640245537919D-08 0.1680029093059D-08 0.1720777569274D-08
 0.1762514369950D-08 0.1805263466030D-08 0.1849049409699D-08 0.1893897348739D-08
 0.1939833041006D-08 0.1986882868914D-08 0.2035073854707D-08 0.2084433676268D-08
 0.2134990682458D-08 0.2186773910009D-08 0.2239813099762D-08 0.2294138713854D-08
 0.2349781953359D-08 0.2406774776048D-08 0.2465149914804D-08 0.2524940896368D-08
 0.2586182060779D-08 0.2648908580654D-08 0.2713156482090D-08 0.2778962664768D-08
 0.2846364923140D-08 0.2915401968625D-08 0.2986113451666D-08 0.3058539983799D-08
 0.3132723161968D-08 0.3208705592098D-08 0.3286530913225D-08 0.3366243822983D-08
 0.3447890102912D-08 0.3531516645193D-08 0.3617171479154D-08 0.3704903798969D-08
 0.3794763992068D-08 0.3886803668145D-08 0.3981075688284D-08 0.4077634195835D-08
 0.4176534647519D-08 0.4277833844592D-08 0.4381589966716D-08 0.4487862603859D-08
 0.4596712791756D-08 0.4708203046554D-08 0.4822397400223D-08 0.4939361438192D-08
 0.5059162336603D-08 0.5181868900505D-08 0.5307551603878D-08 0.5436282630495D-08
 0.5568135913954D-08 0.5703187181891D-08 0.5841513998144D-08 0.5983195807954D-08
 0.6128313983179D-08 0.6276951869669D-08 0.6429194834685D-08 0.6585130315372D-08
 0.6744847870550D-08 0.6908439230545D-08 0.7075998350507D-08 0.7247621464538D-08
 0.7423407140857D-08 0.7603456338408D-08 0.7787872464406D-08 0.7976761434510D-08
 0.8170231733104D-08 0.8368394475743D-08 0.8571363472790D-08 0.8779255295409D-08
 0.8992189341945D-08 0.9210287906080D-08 0.9433676248122D-08 0.9662482666568D-08
 0.9896838571123D-08 0.1013687855940D-07 0.1038274049285D-07 0.1063456557724D-07
 0.1089249844250D-07 0.1115668722670D-07 0.1142728366104D-07 0.1170444315657D-07
 0.1198832489372D-07 0.1227909191398D-07 0.1257691121250D-07 0.1288195383551D-07
 0.1319439497730D-07 0.1351441408174D-07 0.1384219494436D-07 0.1417792581906D-07
 0.1452179952499D-07 0.1487401355868D-07 0.1523477020616D-07 0.1560427666023D-07
 0.1598274513813D-07 0.1637039300498D-07 0.1676744289751D-07 0.1717412285256D-07
 0.1759066643730D-07 0.1801731288414D-07 0.1845430722784D-07 0.1890190044627D-07
 0.1936034960442D-07 0.1982991800189D-07 0.2031087532484D-07 0.2080349779981D-07
 0.2130806835395D-07 0.2182487677528D-07 0.2235421988083D-07 0.2289640168695D-07
 0.2345173358319D-07 0.2402053451227D-07 0.2460313115096D-07 0.2519985810121D-07
 0.2581105807857D-07 0.2643708211264D-07 0.2707828974549D-07 0.2773504923963D-07
 0.2840773779028D-07 0.2909674174032D-07 0.2980245680355D-07 0.3052528829131D-07
 0.3126565134460D-07 0.3202397117445D-07 0.3280068330432D-07 0.3359623382107D-07
 0.3441107962998D-07 0.3524568872015D-07 0.3610054042921D-07 0.3697612572195D-07
 0.3787294747080D-07 0.3879152074420D-07 0.3973237310405D-07 0.4069604490684D-07
 0.4168308961590D-07 0.4269407411712D-07 0.4372957904666D-07 0.4479019912300D-07
 0.4587654348882D-07 0.4698923606120D-07 0.4812891588957D-07 0.4929623752304D-07
 0.5049187138633D-07 0.5171650416422D-07 0.5297083919677D-07 0.5425559688292D-07
 0.5557151509374D-07 0.5691934959731D-07 0.5829987449161D-07 0.5971388264987D-07
 0.6116218617637D-07 0.6264561687055D-07 0.6416502670785D-07 0.6572128832760D-07
 0.6731529553346D-07 0.6894796380752D-07 0.7062023083740D-07 0.7233305705097D-07
 0.7408742617237D-07 0.7588434578568D-07 0.7772484791074D-07 0.7960998959899D-07
 0.8154085354170D-07 0.8351854868725D-07 0.8554421088143D-07 0.8761900352015D-07
 0.8974411821419D-07 0.9192077547805D-07 0.9415022542701D-07 0.9643374849904D-07
 0.9877265618553D-07 0.1011682917888D-06 0.1036220311907D-06 0.1061352836454D-06
 0.1087094925859D-06 0.1113461364549D-06 0.1140467295544D-06 0.1168128229133D-06
 0.1196460051809D-06 0.1225479035359D-06 0.1255201846258D-06 0.1285645555184D-06
 0.1316827646875D-06 0.1348766030137D-06 0.1381479048137D-06 0.1414985488948D-06
 0.1449304596340D-06 0.1484456080814D-06 0.1520460130939D-06 0.1557337424955D-06
 0.1595109142623D-06 0.1633796977410D-06 0.1673423148937D-06 0.1714010415778D-06
 0.1755582088456D-06 0.1798162042903D-06 0.1841774734149D-06 0.1886445210344D-06
 0.1932199127190D-06 0.1979062762632D-06 0.2027063031998D-06 0.2076227503394D-06
 0.2126584413607D-06 0.2178162684273D-06 0.2230991938526D-06 0.2285102517966D-06
 0.2340525500134D-06 0.2397292716339D-06 0.2455436769945D-06 0.2514991055073D-06
 0.2575989775829D-06 0.2638467965918D-06 0.2702461508763D-06 0.2768007158126D-06
 0.2835142559241D-06 0.2903906270384D-06 0.2974337785043D-06 0.3046477554641D-06
 0.3120367011712D-06 0.3196048593733D-06 0.3273565767485D-06 0.3352963054029D-06
 0.3434286054262D-06 0.3517581475130D-06 0.3602897156435D-06 0.3690282098357D-06
 0.3779786489519D-06 0.3871461735897D-06 0.3965360490301D-06 0.4061536682635D-06
 0.4160045550865D-06 0.4260943672723D-06 0.4364288998293D-06 0.4470140883191D-06
 0.4578560122735D-06 0.4689608986793D-06 0.4803351255627D-06 0.4919852256503D-06
 0.5039178901206D-06 0.5161399724441D-06 0.5286584923266D-06 0.5414806397399D-06
 0.5546137790468D-06 0.5680654532382D-06 0.5818433882591D-06 0.5959554974551D-06
 0.6104098861067D-06 0.6252148560986D-06 0.6403789106739D-06 0.6559107593329D-06
 0.6718193228272D-06 0.6881137382836D-06 0.7048033644587D-06 0.7218977871128D-06
 0.7394068245134D-06 0.7573405330770D-06 0.7757092131488D-06 0.7945234149154D-06
 0.8137939444689D-06 0.8335318700123D-06 0.8537485282195D-06 0.8744555307456D-06
 0.8956647709028D-06 0.9173884304843D-06 0.9396389867685D-06 0.9624292196888D-06
 0.9857722191684D-06 0.1009681392649D-05 0.1034170472783D-05 0.1059253525331D-05
 0.1084944957247D-05 0.1111259524934D-05 0.1138212342750D-05 0.1165818891675D-05
 0.1194095028202D-05 0.1223056993457D-05 0.1252721422530D-05 0.1283105354020D-05
 0.1314226239840D-05 0.1346101955235D-05 0.1378750809054D-05 0.1412191554272D-05
 0.1446443398757D-05 0.1481526016319D-05 0.1517459558000D-05 0.1554264663666D-05
 0.1591962473856D-05 0.1630574641934D-05 0.1670123346534D-05 0.1710631304293D-05
 0.1752121782920D-05 0.1794618614553D-05 0.1838146209456D-05 0.1882729570057D-05
 0.1928394305300D-05 0.1975166645376D-05 0.2023073456778D-05 0.2072142257764D-05
 0.2122401234146D-05 0.2173879255515D-05 0.2226605891804D-05 0.2280611430310D-05
 0.2335926893070D-05 0.2392584054723D-05 0.2450615460741D-05 0.2510054446160D-05
 0.2570935154725D-05 0.2633292558520D-05 0.2697162478058D-05 0.2762581602891D-05
 0.2829587512677D-05 0.2898218698800D-05 0.2968514586487D-05 0.3040515557462D-05
 0.3114262973177D-05 0.3189799198580D-05 0.3267167626458D-05 0.3346412702414D-05
 0.3427579950383D-05 0.3510715998825D-05 0.3595868607535D-05 0.3683086695083D-05
 0.3772420366964D-05 0.3863920944389D-05 0.3957640993804D-05 0.4053634357116D-05
 0.4151956182636D-05 0.4252662956820D-05 0.4355812536730D-05 0.4461464183309D-05
 0.4569678595476D-05 0.4680517945019D-05 0.4794045912348D-05 0.4910327723140D-05
 0.5029430185836D-05 0.5151421730082D-05 0.5276372446073D-05 0.5404354124900D-05
 0.5535440299817D-05 0.5669706288554D-05 0.5807229236662D-05 0.5948088161872D-05
 0.6092363999568D-05 0.6240139649366D-05 0.6391500022796D-05 0.6546532092167D-05
 0.6705324940626D-05 0.6867969813415D-05 0.7034560170369D-05 0.7205191739734D-05
 0.7379962573247D-05 0.7558973102570D-05 0.7742326197106D-05 0.7930127223222D-05
 0.8122484104904D-05 0.8319507385882D-05 0.8521310293288D-05 0.8728008802834D-05
 0.8939721705626D-05 0.9156570676534D-05 0.9378680344275D-05 0.9606178363212D-05
 0.9839195486847D-05 0.1007786564317D-04 0.1032232601177D-04 0.1057271710291D-04
 0.1082918283844D-04 0.1109187063475D-04 0.1136093148769D-04 0.1163652005960D-04
 0.1191879476847D-04 0.1220791787918D-04 0.1250405559712D-04 0.1280737816391D-04
 0.1311805995566D-04 0.1343627958336D-04 0.1376221999605D-04 0.1409606858617D-04
 0.1443801729773D-04 0.1478826273699D-04 0.1514700628587D-04 0.1551445421816D-04
 0.1589081781852D-04 0.1627631350437D-04 0.1667116295088D-04 0.1707559321879D-04
 0.1748983688561D-04 0.1791413217980D-04 0.1834872311838D-04 0.1879385964779D-04
 0.1924979778831D-04 0.1971679978189D-04 0.2019513424370D-04 0.2068507631725D-04
 0.2118690783351D-04 0.2170091747369D-04 0.2222740093617D-04 0.2276666110743D-04
 0.2331900823719D-04 0.2388476011785D-04 0.2446424226832D-04 0.2505778812231D-04
 0.2566573922122D-04 0.2628844541195D-04 0.2692626504924D-04 0.2757956520323D-04
 0.2824872187197D-04 0.2893412019925D-04 0.2963615469761D-04 0.3035522947703D-04
 0.3109175847905D-04 0.3184616571674D-04 0.3261888552055D-04 0.3341036279017D-04
 0.3422105325261D-04 0.3505142372658D-04 0.3590195239344D-04 0.3677312907477D-04
 0.3766545551672D-04 0.3857944568152D-04 0.3951562604598D-04 0.4047453590742D-04
 0.4145672769720D-04 0.4246276730190D-04 0.4349323439242D-04 0.4454872276125D-04
 0.4562984066801D-04 0.4673721119356D-04 0.4787147260285D-04 0.4903327871671D-04
 0.5022329929285D-04 0.5144222041629D-04 0.5269074489946D-04 0.5396959269216D-04
 0.5527950130169D-04 0.5662122622346D-04 0.5799554138216D-04 0.5940323958394D-04
 0.6084513297984D-04 0.6232205354066D-04 0.6383485354365D-04 0.6538440607133D-04
 0.6697160552273D-04 0.6859736813720D-04 0.7026263253156D-04 0.7196836025028D-04
 0.7371553632970D-04 0.7550516987608D-04 0.7733829465829D-04 0.7921596971513D-04
 0.8113927997795D-04 0.8310933690875D-04 0.8512727915440D-04 0.8719427321716D-04
 0.8931151414190D-04 0.9148022622086D-04 0.9370166371578D-04 0.9597711159845D-04
 0.9830788630968D-04 0.1006953365376D-03 0.1031408440153D-03 0.1056458243387D-03
 0.1082117278055D-03 0.1108400402743D-03 0.1135322840464D-03 0.1162900187699D-03
 0.1191148423656D-03 0.1220083919781D-03 0.1249723449494D-03 0.1280084198184D-03
 0.1311183773453D-03 0.1343040215622D-03 0.1375672008504D-03 0.1409098090454D-03
 0.1443337865702D-03 0.1478411215972D-03 0.1514338512399D-03 0.1551140627761D-03
 0.1588838949010D-03 0.1627455390139D-03 0.1667012405370D-03 0.1707533002691D-03
 0.1749040757735D-03 0.1791559828022D-03 0.1835114967568D-03 0.1879731541877D-03
 0.1925435543312D-03 0.1972253606881D-03 0.2020213026420D-03 0.2069341771206D-03
 0.2119668503003D-03 0.2171222593552D-03 0.2224034142524D-03 0.2278133995936D-03
 0.2333553765063D-03 0.2390325845840D-03 0.2448483438776D-03 0.2508060569401D-03
 0.2569092109253D-03 0.2631613797414D-03 0.2695662262632D-03 0.2761275046021D-03
 0.2828490624377D-03 0.2897348434111D-03 0.2967888895824D-03 0.3040153439552D-03
 0.3114184530674D-03 0.3190025696539D-03 0.3267721553795D-03 0.3347317836475D-03
 0.3428861424832D-03 0.3512400374974D-03 0.3597983949293D-03 0.3685662647743D-03
 0.3775488239961D-03 0.3867513798284D-03 0.3961793731671D-03 0.4058383820563D-03
 0.4157341252711D-03 0.4258724660001D-03 0.4362594156303D-03 0.4469011376383D-03
 0.4578039515901D-03 0.4689743372532D-03 0.4804189388261D-03 0.4921445692853D-03
 0.5041582148572D-03 0.5164670396168D-03 0.5290783902176D-03 0.5419998007568D-03
 0.5552389977807D-03 0.5688039054339D-03 0.5827026507579D-03 0.5969435691428D-03
 0.6115352099381D-03 0.6264863422276D-03 0.6418059607727D-03 0.6575032921317D-03
 0.6735878009587D-03 0.6900691964896D-03 0.7069574392212D-03 0.7242627477888D-03
 0.7419956060509D-03 0.7601667703857D-03 0.7787872772093D-03 0.7978684507200D-03
 0.8174219108801D-03 0.8374595816396D-03 0.8579936994137D-03 0.8790368218201D-03
 0.9006018366870D-03 0.9227019713409D-03 0.9453508021832D-03 0.9685622645678D-03
 0.9923506629877D-03 0.1016730681585D-02 0.1041717394992D-02 0.1067326279521D-02
 0.1093573224709D-02 0.1120474545232D-02 0.1148046993210D-02 0.1176307770909D-02
 0.1205274543847D-02 0.1234965454348D-02 0.1265399135524D-02 0.1296594725726D-02
 0.1328571883478D-02 0.1361350802906D-02 0.1394952229679D-02 0.1429397477497D-02
 0.1464708445129D-02 0.1500907634033D-02 0.1538018166580D-02 0.1576063804903D-02
 0.1615068970392D-02 0.1655058763872D-02 0.1696058986483D-02 0.1738096161289D-02
 0.1781197555649D-02 0.1825391204381D-02 0.1870705933752D-02 0.1917171386324D-02
 0.1964818046693D-02 0.2013677268156D-02 0.2063781300359D-02 0.2115163317938D-02
 0.2167857450223D-02 0.2221898812036D-02 0.2277323535634D-02 0.2334168803837D-02
 0.2392472884407D-02 0.2452275165720D-02 0.2513616193790D-02 0.2576537710706D-02
 0.2641082694544D-02 0.2707295400812D-02 0.2775221405506D-02 0.2844907649846D-02
 0.2916402486755D-02 0.2989755729177D-02 0.3065018700310D-02 0.3142244285834D-02
 0.3221486988233D-02 0.3302802983307D-02 0.3386250178969D-02 0.3471888276439D-02
 0.3559778833942D-02 0.3649985333029D-02 0.3742573247644D-02 0.3837610116066D-02
 0.3935165615865D-02 0.4035311642011D-02 0.4138122388292D-02 0.4243674432197D-02
 0.4352046823432D-02 0.4463321176252D-02 0.4577581765782D-02 0.4694915628539D-02
 0.4815412667353D-02 0.4939165760905D-02 0.5066270878119D-02 0.5196827197643D-02
 0.5330937232686D-02 0.5468706961469D-02 0.5610245963591D-02 0.5755667562601D-02
 0.5905088975101D-02 0.6058631466715D-02 0.6216420515286D-02 0.6378585981671D-02
 0.6545262288539D-02 0.6716588607596D-02 0.6892709055674D-02 0.7073772900171D-02
 0.7259934774335D-02 0.7451354902917D-02 0.7648199338773D-02 0.7850640210995D-02
 0.8058855985200D-02 0.8273031736671D-02 0.8493359437026D-02 0.8720038255197D-02
 0.8953274873501D-02 0.9193283819664D-02 0.9440287815684D-02 0.9694518144508D-02
 0.9956215035527D-02 0.1022562806997D-01 0.1050301660736D-01 0.1078865023424D-01
 0.1108280923643D-01 0.1138578509634D-01 0.1169788101659D-01 0.1201941247172D-01
 0.1235070778946D-01 0.1269210876357D-01 0.1304397129990D-01 0.1340666609781D-01
 0.1378057936920D-01 0.1416611359717D-01 0.1456368833709D-01 0.1497374106243D-01
 0.1539672805823D-01 0.1583312536532D-01 0.1628342977820D-01 0.1674815990023D-01
 0.1722785725965D-01 0.1772308749029D-01 0.1823444158126D-01 0.1876253719985D-01
 0.1930802009261D-01 0.1987156556958D-01 0.2045388007716D-01 0.2105570286541D-01
 0.2167780775613D-01 0.2232100501829D-01 0.2298614335812D-01 0.2367411203147D-01
 0.2438584308673D-01 0.2512231374714D-01 0.2588454894208D-01 0.2667362399736D-01
 0.2749066749566D-01 0.2833686431873D-01 0.2921345888401D-01 0.3012175858922D-01
 0.3106313747951D-01 0.3203904015276D-01 0.3305098591990D-01 0.3410057323828D-01
 0.3518948443754D-01 0.3631949075886D-01 0.3749245773008D-01 0.3871035090084D-01
 0.3997524196367D-01 0.4128931528907D-01 0.4265487490458D-01 0.4407435195027D-01
 0.4555031264534D-01 0.4708546680330D-01 0.4868267693616D-01 0.5034496799069D-01
 0.5207553776357D-01 0.5387776804550D-01 0.5575523654818D-01 0.5771172967213D-01
 0.5975125617770D-01 0.6187806182628D-01 0.6409664506371D-01 0.6641177382315D-01
 0.6882850353067D-01 0.7135219640245D-01 0.7398854212949D-01 0.7674358005234D-01
 0.7962372293574D-01 0.8263578246101D-01 0.8578699656232D-01 0.8908505874147D-01
 0.9253814950534D-01 0.9615497007967D-01 0.9994477856319D-01 0.1039174286964D+00
 0.1080834114309D+00 0.1124538994956D+00 0.1170407951697D+00 0.1218567814816D+00
 0.1269153770682D+00 0.1322309949390D+00 0.1378190054020D+00 0.1436958034212D+00
 0.1498788806852D+00 0.1563869026795D+00 0.1632397910599D+00 0.1704588116381D+00
 0.1780666682915D+00 0.1860876031143D+00 0.1945475031278D+00 0.2034740138704D+00
 0.2128966601256D+00 0.2228376514298D+00 0.2333210203711D+00 0.2443824050831D+00
 0.2560601402103D+00 0.2683954792155D+00 0.2814328359493D+00 0.2952200471951D+00
 0.3098086580628D+00 0.3252542322702D+00 0.3416166895371D+00 0.3589606725171D+00
 0.3773559459141D+00 0.3968778306660D+00 0.4176076763418D+00 0.4396333751834D+00
 0.4630499215295D+00 0.4879600207032D+00 0.5144747518086D+00 0.5427142892861D+00
 0.5728086885148D+00 0.6048987412266D+00 0.6391369070169D+00
    0    0
 LSMS:           Va     z=  0.    xvalws=   0.20253
   0.                      2.34260   0. 0.2233704493661D+00
                 -0.1113096740000D+02 0.8512608760726D+00 1001 1023
 0.3282748495380D-05 0.3322301428776D-05 0.3362331143209D-05 0.3402843388856D-05
 0.3443843981650D-05 0.3485338807472D-05 0.3527333826524D-05 0.3569835065891D-05
 0.3612848626913D-05 0.3656380687059D-05 0.3700437496646D-05 0.3745025379708D-05
 0.3790150739139D-05 0.3835820052076D-05 0.3882039879633D-05 0.3928816852770D-05
 0.3976157691125D-05 0.4024069190286D-05 0.4072558228174D-05 0.4121631768921D-05
 0.4171296856397D-05 0.4221560623257D-05 0.4272430283720D-05 0.4323913142397D-05
 0.4376016591315D-05 0.4428748111995D-05 0.4482115273134D-05 0.4536125739132D-05
 0.4590787264442D-05 0.4646107695508D-05 0.4702094976133D-05 0.4758757144849D-05
 0.4816102335531D-05 0.4874138782751D-05 0.4932874820367D-05 0.4992318878900D-05
 0.5052479494335D-05 0.5113365304166D-05 0.5174985050194D-05 0.5237347579536D-05
 0.5300461845326D-05 0.5364336911139D-05 0.5428981944209D-05 0.5494406229133D-05
 0.5560619159082D-05 0.5627630238601D-05 0.5695449090902D-05 0.5764085452283D-05
 0.5833549176882D-05 0.5903850237765D-05 0.5974998729603D-05 0.6047004867609D-05
 0.6119878988936D-05 0.6193631557056D-05 0.6268273161103D-05 0.6343814517501D-05
 0.6420266471957D-05 0.6497640002417D-05 0.6575946215923D-05 0.6655196356969D-05
 0.6735401803347D-05 0.6816574070249D-05 0.6898724812623D-05 0.6981865824316D-05
 0.7066009043773D-05 0.7151166550200D-05 0.7237350572162D-05 0.7324573482460D-05
 0.7412847803876D-05 0.7502186210419D-05 0.7592601529244D-05 0.7684106742678D-05
 0.7776714987203D-05 0.7870439559062D-05 0.7965293915057D-05 0.8061291675277D-05
 0.8158446621109D-05 0.8256772702508D-05 0.8356284036352D-05 0.8456994909068D-05
 0.8558919781996D-05 0.8662073288782D-05 0.8766470239069D-05 0.8872125620397D-05
 0.8979054604898D-05 0.9087272543628D-05 0.9196794973962D-05 0.9307637621261D-05
 0.9419816399171D-05 0.9533347414679D-05 0.9648246966497D-05 0.9764531553155D-05
 0.9882217869031D-05 0.1000132281071D-04 0.1012186348111D-04 0.1024385718427D-04
 0.1036732143748D-04 0.1049227396537D-04 0.1061873270878D-04 0.1074671582360D-04
 0.1087624168762D-04 0.1100732889398D-04 0.1113999626606D-04 0.1127426285030D-04
 0.1141014792495D-04 0.1154767100011D-04 0.1168685181945D-04 0.1182771036673D-04
 0.1197026686576D-04 0.1211454178290D-04 0.1226055583557D-04 0.1240832998480D-04
 0.1255788544747D-04 0.1270924369870D-04 0.1286242646661D-04 0.1301745574737D-04
 0.1317435379654D-04 0.1333314314381D-04 0.1349384658560D-04 0.1365648719517D-04
 0.1382108832416D-04 0.1398767360508D-04 0.1415626695483D-04 0.1432689257964D-04
 0.1449957497849D-04 0.1467433894287D-04 0.1485120956412D-04 0.1503021223899D-04
 0.1521137266533D-04 0.1539471685428D-04 0.1558027113040D-04 0.1576806213331D-04
 0.1595811682641D-04 0.1615046249524D-04 0.1634512675823D-04 0.1654213756244D-04
 0.1674152319428D-04 0.1694331228176D-04 0.1714753379531D-04 0.1735421705738D-04
 0.1756339174235D-04 0.1777508788245D-04 0.1798933587095D-04 0.1820616646978D-04
 0.1842561081045D-04 0.1864770040006D-04 0.1887246712383D-04 0.1909994325517D-04
 0.1933016145183D-04 0.1956315476823D-04 0.1979895665676D-04 0.2003760097321D-04
 0.2027912197987D-04 0.2052355435346D-04 0.2077093319038D-04 0.2102129400572D-04
 0.2127467274667D-04 0.2153110579036D-04 0.2179062995649D-04 0.2205328250536D-04
 0.2231910114748D-04 0.2258812404833D-04 0.2286038983198D-04 0.2313593759102D-04
 0.2341480688530D-04 0.2369703775479D-04 0.2398267072074D-04 0.2427174679203D-04
 0.2456430747532D-04 0.2486039477216D-04 0.2516005119614D-04 0.2546331976863D-04
 0.2577024403210D-04 0.2608086805386D-04 0.2639523643179D-04 0.2671339430185D-04
 0.2703538734111D-04 0.2736126178409D-04 0.2769106441632D-04 0.2802484258805D-04
 0.2836264422217D-04 0.2870451782200D-04 0.2905051246751D-04 0.2940067783781D-04
 0.2975506420693D-04 0.3011372245829D-04 0.3047670408328D-04 0.3084406119974D-04
 0.3121584654886D-04 0.3159211351183D-04 0.3197291610999D-04 0.3235830901812D-04
 0.3274834756942D-04 0.3314308776333D-04 0.3354258627542D-04 0.3394690046214D-04
 0.3435608837616D-04 0.3477020876397D-04 0.3518932108435D-04 0.3561348551220D-04
 0.3604276294542D-04 0.3647721501888D-04 0.3691690410908D-04 0.3736189334493D-04
 0.3781224661544D-04 0.3826802857976D-04 0.3872930467846D-04 0.3919614113956D-04
 0.3966860498718D-04 0.4014676405821D-04 0.4063068700334D-04 0.4112044330234D-04
 0.4161610327008D-04 0.4211773807447D-04 0.4262541973582D-04 0.4313922114605D-04
 0.4365921607344D-04 0.4418547917672D-04 0.4471808601562D-04 0.4525711305782D-04
 0.4580263769501D-04 0.4635473825025D-04 0.4691349399435D-04 0.4747898514796D-04
 0.4805129290293D-04 0.4863049943015D-04 0.4921668788618D-04 0.4980994243552D-04
 0.5041034825477D-04 0.5101799154692D-04 0.5163295955545D-04 0.5225534057547D-04
 0.5288522396281D-04 0.5352270015536D-04 0.5416786067785D-04 0.5482079816105D-04
 0.5548160634968D-04 0.5615038012038D-04 0.5682721549254D-04 0.5751220964293D-04
 0.5820546091909D-04 0.5890706885622D-04 0.5961713418615D-04 0.6033575885892D-04
 0.6106304605102D-04 0.6179910018277D-04 0.6254402693282D-04 0.6329793325595D-04
 0.6406092739221D-04 0.6483311889084D-04 0.6561461862010D-04 0.6640553878132D-04
 0.6720599293371D-04 0.6801609600350D-04 0.6883596429926D-04 0.6966571553423D-04
 0.7050546884267D-04 0.7135534478991D-04 0.7221546539777D-04 0.7308595416043D-04
 0.7396693605773D-04 0.7485853757530D-04 0.7576088672870D-04 0.7667411306973D-04
 0.7759834771591D-04 0.7853372336686D-04 0.7948037431699D-04 0.8043843648337D-04
 0.8140804742089D-04 0.8238934634173D-04 0.8338247413439D-04 0.8438757338898D-04
 0.8540478841328D-04 0.8643426525496D-04 0.8747615172013D-04 0.8853059739912D-04
 0.8959775368467D-04 0.9067777379271D-04 0.9177081278913D-04 0.9287702760681D-04
 0.9399657707282D-04 0.9512962192222D-04 0.9627632483838D-04 0.9743685045502D-04
 0.9861136539831D-04 0.9980003829700D-04 0.1010030398184D-03 0.1022205426812D-03
 0.1034527216899D-03 0.1046997537562D-03 0.1059618179212D-03 0.1072390953871D-03
 0.1085317695413D-03 0.1098400259771D-03 0.1111640525295D-03 0.1125040392979D-03
 0.1138601786680D-03 0.1152326653504D-03 0.1166216963981D-03 0.1180274712451D-03
 0.1194501917246D-03 0.1208900621029D-03 0.1223472891115D-03 0.1238220819716D-03
 0.1253146524283D-03 0.1268252147770D-03 0.1283539858972D-03 0.1299011852831D-03
 0.1314670350744D-03 0.1330517600897D-03 0.1346555878541D-03 0.1362787486394D-03
 0.1379214754914D-03 0.1395840042641D-03 0.1412665736576D-03 0.1429694252458D-03
 0.1446928035171D-03 0.1464369559049D-03 0.1482021328283D-03 0.1499885877224D-03
 0.1517965770774D-03 0.1536263604751D-03 0.1554782006300D-03 0.1573523634195D-03
 0.1592491179261D-03 0.1611687364786D-03 0.1631114946850D-03 0.1650776714785D-03
 0.1670675491530D-03 0.1690814134067D-03 0.1711195533797D-03 0.1731822616994D-03
 0.1752698345190D-03 0.1773825715626D-03 0.1795207761673D-03 0.1816847553249D-03
 0.1838748197310D-03 0.1860912838245D-03 0.1883344658339D-03 0.1906046878245D-03
 0.1929022757453D-03 0.1952275594714D-03 0.1975808728575D-03 0.1999625537781D-03
 0.2023729441878D-03 0.2048123901558D-03 0.2072812419275D-03 0.2097798539657D-03
 0.2123085850138D-03 0.2148677981311D-03 0.2174578607586D-03 0.2200791447655D-03
 0.2227320264998D-03 0.2254168868527D-03 0.2281341113023D-03 0.2308840899747D-03
 0.2336672176968D-03 0.2364838940578D-03 0.2393345234625D-03 0.2422195151883D-03
 0.2451392834501D-03 0.2480942474529D-03 0.2510848314555D-03 0.2541114648322D-03
 0.2571745821299D-03 0.2602746231368D-03 0.2634120329420D-03 0.2665872619970D-03
 0.2698007661864D-03 0.2730530068894D-03 0.2763444510452D-03 0.2796755712237D-03
 0.2830468456879D-03 0.2864587584709D-03 0.2899117994360D-03 0.2934064643536D-03
 0.2969432549687D-03 0.3005226790770D-03 0.3041452505924D-03 0.3078114896250D-03
 0.3115219225537D-03 0.3152770821032D-03 0.3190775074218D-03 0.3229237441510D-03
 0.3268163445154D-03 0.3307558673922D-03 0.3347428783984D-03 0.3387779499672D-03
 0.3428616614316D-03 0.3469945991092D-03 0.3511773563855D-03 0.3554105337973D-03
 0.3596947391212D-03 0.3640305874591D-03 0.3684187013291D-03 0.3728597107519D-03
 0.3773542533424D-03 0.3819029744026D-03 0.3865065270112D-03 0.3911655721219D-03
 0.3958807786504D-03 0.4006528235827D-03 0.4054823920601D-03 0.4103701774835D-03
 0.4153168816137D-03 0.4203232146700D-03 0.4253898954313D-03 0.4305176513415D-03
 0.4357072186145D-03 0.4409593423342D-03 0.4462747765728D-03 0.4516542844859D-03
 0.4570986384315D-03 0.4626086200757D-03 0.4681850205083D-03 0.4738286403537D-03
 0.4795402898873D-03 0.4853207891527D-03 0.4911709680765D-03 0.4970916665900D-03
 0.5030837347485D-03 0.5091480328565D-03 0.5152854315840D-03 0.5214968120984D-03
 0.5277830661898D-03 0.5341450963964D-03 0.5405838161340D-03 0.5471001498317D-03
 0.5536950330605D-03 0.5603694126673D-03 0.5671242469125D-03 0.5739605056071D-03
 0.5808791702571D-03 0.5878812341893D-03 0.5949677027122D-03 0.6021395932497D-03
 0.6093979354874D-03 0.6167437715268D-03 0.6241781560261D-03 0.6317021563571D-03
 0.6393168527623D-03 0.6470233384966D-03 0.6548227199994D-03 0.6627161170438D-03
 0.6707046629020D-03 0.6787895045037D-03 0.6869718026062D-03 0.6952527319554D-03
 0.7036334814600D-03 0.7121152543555D-03 0.7206992683851D-03 0.7293867559653D-03
 0.7381789643719D-03 0.7470771559136D-03 0.7560826081109D-03 0.7651966138888D-03
 0.7744204817504D-03 0.7837555359750D-03 0.7932031168034D-03 0.8027645806285D-03
 0.8124413001941D-03 0.8222346647890D-03 0.8321460804495D-03 0.8421769701586D-03
 0.8523287740473D-03 0.8626029496108D-03 0.8730009719076D-03 0.8835243337767D-03
 0.8941745460501D-03 0.9049531377711D-03 0.9158616564112D-03 0.9269016680943D-03
 0.9380747578208D-03 0.9493825296955D-03 0.9608266071574D-03 0.9724086332108D-03
 0.9841302706670D-03 0.9959932023739D-03 0.1007999131466D-02 0.1020149781606D-02
 0.1032446897229D-02 0.1044892243796D-02 0.1057487608046D-02 0.1070234798255D-02
 0.1083135644492D-02 0.1096191998881D-02 0.1109405735874D-02 0.1122778752509D-02
 0.1136312968693D-02 0.1150010327470D-02 0.1163872795300D-02 0.1177902362348D-02
 0.1192101042761D-02 0.1206470874963D-02 0.1221013921946D-02 0.1235732271563D-02
 0.1250628036832D-02 0.1265703356236D-02 0.1280960394031D-02 0.1296401340556D-02
 0.1312028412550D-02 0.1327843853462D-02 0.1343849933784D-02 0.1360048951370D-02
 0.1376443231763D-02 0.1393035128538D-02 0.1409827023630D-02 0.1426821327680D-02
 0.1444020480381D-02 0.1461426950826D-02 0.1479043237866D-02 0.1496871870463D-02
 0.1514915408060D-02 0.1533176440935D-02 0.1551657590591D-02 0.1570361510115D-02
 0.1589290884569D-02 0.1608448431368D-02 0.1627836900679D-02 0.1647459075803D-02
 0.1667317773583D-02 0.1687415844809D-02 0.1707756174618D-02 0.1728341682915D-02
 0.1749175324791D-02 0.1770260090940D-02 0.1791599008101D-02 0.1813195139479D-02
 0.1835051585186D-02 0.1857171482694D-02 0.1879558007274D-02 0.1902214372462D-02
 0.1925143830507D-02 0.1948349672849D-02 0.1971835230583D-02 0.1995603874938D-02
 0.2019659017763D-02 0.2044004112012D-02 0.2068642652244D-02 0.2093578175117D-02
 0.2118814259896D-02 0.2144354528973D-02 0.2170202648377D-02 0.2196362328307D-02
 0.2222837323652D-02 0.2249631434543D-02 0.2276748506889D-02 0.2304192432925D-02
 0.2331967151779D-02 0.2360076650027D-02 0.2388524962268D-02 0.2417316171706D-02
 0.2446454410721D-02 0.2475943861475D-02 0.2505788756505D-02 0.2535993379329D-02
 0.2566562065054D-02 0.2597499201010D-02 0.2628809227362D-02 0.2660496637755D-02
 0.2692565979954D-02 0.2725021856498D-02 0.2757868925352D-02 0.2791111900580D-02
 0.2824755553014D-02 0.2858804710940D-02 0.2893264260786D-02 0.2928139147825D-02
 0.2963434376874D-02 0.2999155013017D-02 0.3035306182325D-02 0.3071893072594D-02
 0.3108920934081D-02 0.3146395080252D-02 0.3184320888550D-02 0.3222703801156D-02
 0.3261549325768D-02 0.3300863036395D-02 0.3340650574137D-02 0.3380917648006D-02
 0.3421670035736D-02 0.3462913584604D-02 0.3504654212270D-02 0.3546897907618D-02
 0.3589650731613D-02 0.3632918818166D-02 0.3676708375006D-02 0.3721025684568D-02
 0.3765877104888D-02 0.3811269070510D-02 0.3857208093405D-02 0.3903700763894D-02
 0.3950753751594D-02 0.3998373806363D-02 0.4046567759267D-02 0.4095342523545D-02
 0.4144705095601D-02 0.4194662555998D-02 0.4245222070464D-02 0.4296390890913D-02
 0.4348176356479D-02 0.4400585894556D-02 0.4453627021859D-02 0.4507307345487D-02
 0.4561634564012D-02 0.4616616468566D-02 0.4672260943951D-02 0.4728575969764D-02
 0.4785569621520D-02 0.4843250071807D-02 0.4901625591443D-02 0.4960704550650D-02
 0.5020495420239D-02 0.5081006772818D-02 0.5142247284000D-02 0.5204225733637D-02
 0.5266951007063D-02 0.5330432096352D-02 0.5394678101592D-02 0.5459698232174D-02
 0.5525501808090D-02 0.5592098261263D-02 0.5659497136865D-02 0.5727708094678D-02
 0.5796740910456D-02 0.5866605477306D-02 0.5937311807078D-02 0.6008870031789D-02
 0.6081290405045D-02 0.6154583303488D-02 0.6228759228261D-02 0.6303828806483D-02
 0.6379802792749D-02 0.6456692070646D-02 0.6534507654271D-02 0.6613260689802D-02
 0.6692962457043D-02 0.6773624371018D-02 0.6855257983574D-02 0.6937874985004D-02
 0.7021487205674D-02 0.7106106617694D-02 0.7191745336594D-02 0.7278415623009D-02
 0.7366129884408D-02 0.7454900676816D-02 0.7544740706580D-02 0.7635662832129D-02
 0.7727680065784D-02 0.7820805575561D-02 0.7915052687006D-02 0.8010434885055D-02
 0.8106965815905D-02 0.8204659288920D-02 0.8303529278534D-02 0.8403589926202D-02
 0.8504855542357D-02 0.8607340608391D-02 0.8711059778662D-02 0.8816027882520D-02
 0.8922259926354D-02 0.9029771095664D-02 0.9138576757157D-02 0.9248692460860D-02
 0.9360133942261D-02 0.9472917124478D-02 0.9587058120432D-02 0.9702573235072D-02
 0.9819478967601D-02 0.9937792013731D-02 0.1005752926797D-01 0.1017870782593D-01
 0.1030134498666D-01 0.1042545825498D-01 0.1055106534389D-01 0.1067818417696D-01
 0.1080683289076D-01 0.1093702983732D-01 0.1106879358662D-01 0.1120214292907D-01
 0.1133709687808D-01 0.1147367467259D-01 0.1161189577966D-01 0.1175177989708D-01
 0.1189334695603D-01 0.1203661712372D-01 0.1218161080609D-01 0.1232834865051D-01
 0.1247685154856D-01 0.1262714063876D-01 0.1277923730942D-01 0.1293316320141D-01
 0.1308894021104D-01 0.1324659049295D-01 0.1340613646300D-01 0.1356760080122D-01
 0.1373100645476D-01 0.1389637664088D-01 0.1406373484998D-01 0.1423310484864D-01
 0.1440451068269D-01 0.1457797668031D-01 0.1475352745518D-01 0.1493118790961D-01
 0.1511098323772D-01 0.1529293892869D-01 0.1547708076997D-01 0.1566343485053D-01
 0.1585202756420D-01 0.1604288561295D-01 0.1623603601028D-01 0.1643150608455D-01
 0.1662932348239D-01 0.1682951617217D-01 0.1703211244742D-01 0.1723714093030D-01
 0.1744463057514D-01 0.1765461067194D-01 0.1786711084997D-01 0.1808216108132D-01
 0.1829979168449D-01 0.1852003332808D-01 0.1874291703440D-01 0.1896847418315D-01
 0.1919673651515D-01 0.1942773613605D-01 0.1966150552005D-01 0.1989807751373D-01
 0.2013748533976D-01 0.2037976260078D-01 0.2062494328318D-01 0.2087306176095D-01
 0.2112415279958D-01 0.2137825155991D-01 0.2163539360201D-01 0.2189561488915D-01
 0.2215895179166D-01 0.2242544109090D-01 0.2269511998324D-01 0.2296802608397D-01
 0.2324419743129D-01 0.2352367249029D-01 0.2380649015697D-01 0.2409268976216D-01
 0.2438231107559D-01 0.2467539430984D-01 0.2497198012437D-01 0.2527210962948D-01
 0.2557582439036D-01 0.2588316643104D-01 0.2619417823838D-01 0.2650890276605D-01
 0.2682738343852D-01 0.2714966415496D-01 0.2747578929323D-01 0.2780580371375D-01
 0.2813975276343D-01 0.2847768227955D-01 0.2881963859356D-01 0.2916566853495D-01
 0.2951581943501D-01 0.2987013913058D-01 0.3022867596777D-01 0.3059147880562D-01
 0.3095859701971D-01 0.3133008050575D-01 0.3170597968310D-01 0.3208634549820D-01
 0.3247122942798D-01 0.3286068348320D-01 0.3325476021166D-01 0.3365351270143D-01
 0.3405699458389D-01 0.3446526003678D-01 0.3487836378709D-01 0.3529636111384D-01
 0.3571930785083D-01 0.3614726038923D-01 0.3658027567999D-01 0.3701841123627D-01
 0.3746172513557D-01 0.3791027602186D-01 0.3836412310748D-01 0.3882332617487D-01
 0.3928794557823D-01 0.3975804224488D-01 0.4023367767653D-01 0.4071491395032D-01
 0.4120181371965D-01 0.4169444021480D-01 0.4219285724335D-01 0.4269712919033D-01
 0.4320732101810D-01 0.4372349826606D-01 0.4424572705000D-01 0.4477407406117D-01
 0.4530860656512D-01 0.4584939240013D-01 0.4639649997536D-01 0.4694999826870D-01
 0.4750995682412D-01 0.4807644574881D-01 0.4864953570980D-01 0.4922929793021D-01
 0.4981580418508D-01 0.5040912679672D-01 0.5100933862960D-01 0.5161651308473D-01
 0.5223072409358D-01 0.5285204611137D-01 0.5348055410985D-01 0.5411632356951D-01
 0.5475943047112D-01 0.5540995128670D-01 0.5606796296972D-01 0.5673354294473D-01
 0.5740676909612D-01 0.5808771975626D-01 0.5877647369276D-01 0.5947311009492D-01
 0.6017770855930D-01 0.6089034907449D-01 0.6161111200481D-01 0.6234007807310D-01
 0.6307732834254D-01 0.6382294419730D-01 0.6457700732221D-01 0.6533959968118D-01
 0.6611080349446D-01 0.6689070121470D-01 0.6767937550162D-01 0.6847690919540D-01
 0.6928338528866D-01 0.7009888689691D-01 0.7092349722752D-01 0.7175729954713D-01
 0.7260037714735D-01 0.7345281330876D-01 0.7431469126312D-01 0.7518609415371D-01
 0.7606710499372D-01 0.7695780662264D-01 0.7785828166054D-01 0.7876861246012D-01
 0.7968888105657D-01 0.8061916911494D-01 0.8155955787518D-01 0.8251012809448D-01
 0.8347095998703D-01 0.8444213316097D-01 0.8542372655246D-01 0.8641581835671D-01
 0.8741848595593D-01 0.8843180584397D-01 0.8945585354761D-01 0.9049070354432D-01
 0.9153642917636D-01 0.9259310256102D-01 0.9366079449693D-01 0.9473957436628D-01
 0.9582951003264D-01 0.9693066773441D-01 0.9804311197356D-01 0.9916690539957D-01
 0.1003021086883D+00 0.1014487804157D+00 0.1026069769259D+00 0.1037767521938D+00
 0.1049581576820D+00 0.1061512421906D+00 0.1073560517021D+00 0.1085726292185D+00
 0.1098010145916D+00 0.1110412443470D+00 0.1122933514995D+00 0.1135573653613D+00
 0.1148333113419D+00 0.1161212107399D+00 0.1174210805255D+00 0.1187329331142D+00
 0.1200567761307D+00 0.1213926121634D+00 0.1227404385081D+00 0.1241002469011D+00
 0.1254720232409D+00 0.1268557472991D+00 0.1282513924179D+00 0.1296589251960D+00
 0.1310783051610D+00 0.1325094844279D+00 0.1339524073435D+00 0.1354070101164D+00
 0.1368732204304D+00 0.1383509570428D+00 0.1398401293658D+00 0.1413406370294D+00
 0.1428523694274D+00 0.1443752052435D+00 0.1459090119576D+00 0.1474536453321D+00
 0.1490089488755D+00 0.1505747532850D+00 0.1521508758639D+00 0.1537371199163D+00
 0.1553332741152D+00 0.1569391118444D+00 0.1585543905121D+00 0.1601788508369D+00
 0.1618122161018D+00 0.1634541913781D+00 0.1651044627156D+00 0.1667626962990D+00
 0.1684285375675D+00 0.1701016102981D+00 0.1717815156489D+00 0.1734678311621D+00
 0.1751601097236D+00 0.1768578784787D+00 0.1785606377009D+00 0.1802678596117D+00
 0.1819789871501D+00 0.1836934326878D+00 0.1854105766901D+00 0.1871297663173D+00
 0.1888503139656D+00 0.1905714957447D+00 0.1922925498878D+00 0.1940126750929D+00
 0.1957310287897D+00 0.1974467253314D+00 0.1991588341051D+00 0.2008663775594D+00
 0.2025683291432D+00 0.2042636111531D+00 0.2059510924840D+00 0.2076295862786D+00
 0.2092978474709D+00 0.2109545702187D+00 0.2125983852194D+00 0.2142278569038D+00
 0.2158414805011D+00 0.2174376789701D+00 0.2190147997889D+00 0.2205711115961D+00
 0.2221048006769D+00 0.2236139672856D+00 0.2250966217966D+00 0.2265506806751D+00
 0.2279739622585D+00 0.2293641823390D+00 0.2307189495371D+00 0.2320357604550D+00
 0.2333119945991D+00 0.2345449090600D+00 0.2357316329358D+00 0.2368691614880D+00
 0.2379543500131D+00 0.2389839074179D+00 0.2399543894804D+00 0.2408621917817D+00
 0.2417035422904D+00 0.2424744935813D+00 0.2431709146694D+00 0.2437884824379D+00
 0.2443226726392D+00 0.2447687504451D+00 0.2451217605231D+00 0.2453765166120D+00
 0.2455275905702D+00 0.2455693008676D+00 0.2454957004923D+00 0.2453005642367D+00
 0.2449773753331D+00 0.2445193113993D+00 0.2439192296586D+00 0.2431696513925D+00
 0.2422627455840D+00 0.2411903117062D+00 0.2399437616087D+00 0.2385141004507D+00
 0.2368919066275D+00 0.2350673106330D+00 0.2330299727990D+00 0.2307690598463D+00
 0.2282732201809D+00 0.2255305578625D+00 0.2225286051705D+00 0.2192542936861D+00
 0.2156939238045D+00 0.2118331325878D+00 0.2076568598613D+00 0.2031493124515D+00
 0.1982939264576D+00 0.1930733274421D+00 0.1874692884178D+00 0.1814626855034D+00
 0.1750334511101D+00 0.1681605245144D+00 0.1608217996647D+00 0.1529940700405D+00
 0.1446529704822D+00
                                    0.0000000000000D+00
 1023 0.2025274620195D+00
 0.4072138300357D-11 0.4170948417150D-11 0.4272155606161D-11 0.4375818011518D-11
 0.4481995191481D-11 0.4590748141420D-11 0.4702139345600D-11 0.4816232793072D-11
 0.4933094031885D-11 0.5052790207408D-11 0.5175390073307D-11 0.5300964066818D-11
 0.5429584331921D-11 0.5561324758623D-11 0.5696261032498D-11 0.5834470663688D-11
 0.5976033061923D-11 0.6121029551902D-11 0.6269543423006D-11 0.6421659997778D-11
 0.6577466672072D-11 0.6737052943057D-11 0.6900510493225D-11 0.7067933222012D-11
 0.7239417310801D-11 0.7415061268665D-11 0.7594966003843D-11 0.7779234862917D-11
 0.7967973695278D-11 0.8161290932007D-11 0.8359297628275D-11 0.8562107522403D-11
 0.8769837125289D-11 0.8982605763966D-11 0.9200535665493D-11 0.9423752030801D-11
 0.9652383069851D-11 0.9886560134065D-11 0.1012641773668D-10 0.1037209366910D-10
 0.1062372905546D-10 0.1088146844122D-10 0.1114545989715D-10 0.1141585505464D-10
 0.1169280924873D-10 0.1197648157331D-10 0.1226703497435D-10 0.1256463635722D-10
 0.1286945667560D-10 0.1318167103247D-10 0.1350145876441D-10 0.1382900357082D-10
 0.1416449360950D-10 0.1450812158647D-10 0.1486008489490D-10 0.1522058570570D-10
 0.1558983111309D-10 0.1596803320280D-10 0.1635540923234D-10 0.1675218171530D-10
 0.1715857857139D-10 0.1757483322724D-10 0.1800118480324D-10 0.1843787818881D-10
 0.1888516423965D-10 0.1934329987249D-10 0.1981254825099D-10 0.2029317891421D-10
 0.2078546794485D-10 0.2128969811769D-10 0.2180615906331D-10 0.2233514744331D-10
 0.2287696711069D-10 0.2343192929173D-10 0.2400035275447D-10 0.2458256401200D-10
 0.2517889747335D-10 0.2578969568106D-10 0.2641530948488D-10 0.2705609822932D-10
 0.2771242997917D-10 0.2838468173545D-10 0.2907323963677D-10 0.2977849918681D-10
 0.3050086548080D-10 0.3124075344635D-10 0.3199858807111D-10 0.3277480463982D-10
 0.3356984901734D-10 0.3438417786222D-10 0.3521825891789D-10 0.3607257127559D-10
 0.3694760563746D-10 0.3784386461021D-10 0.3876186299433D-10 0.3970212808066D-10
 0.4066519993857D-10 0.4165163174748D-10 0.4266199008871D-10 0.4369685530599D-10
 0.4475682178910D-10 0.4584249838482D-10 0.4695450867325D-10 0.4809349138087D-10
 0.4926010070806D-10 0.5045500672096D-10 0.5167889575890D-10 0.5293247080272D-10
 0.5421645187067D-10 0.5553157645021D-10 0.5687859990742D-10 0.5825829596184D-10
 0.5967145704510D-10 0.6111889487356D-10 0.6260144078781D-10 0.6411994633198D-10
 0.6567528370022D-10 0.6726834622476D-10 0.6890004891064D-10 0.7057132897767D-10
 0.7228314633573D-10 0.7403648422007D-10 0.7583234968177D-10 0.7767177420240D-10
 0.7955581429440D-10 0.8148555208615D-10 0.8346209596833D-10 0.8548658117135D-10
 0.8756017052581D-10 0.8968405498318D-10 0.9185945447356D-10 0.9408761844671D-10
 0.9636982666068D-10 0.9870738996804D-10 0.1011016509429D-09 0.1035539847633D-09
 0.1060657999935D-09 0.1086385392766D-09 0.1112736803075D-09 0.1139727366108D-09
 0.1167372584060D-09 0.1195688335298D-09 0.1224690883263D-09 0.1254396885662D-09
 0.1284823404415D-09 0.1315987915251D-09 0.1347908317886D-09 0.1380602945767D-09
 0.1414090577224D-09 0.1448390446402D-09 0.1483522253274D-09 0.1519506176226D-09
 0.1556362882540D-09 0.1594113541211D-09 0.1632779834408D-09 0.1672383970352D-09
 0.1712948695857D-09 0.1754497308895D-09 0.1797053673538D-09 0.1840642232212D-09
 0.1885288019576D-09 0.1931016678174D-09 0.1977854472486D-09 0.2025828303631D-09
 0.2074965725645D-09 0.2125294960246D-09 0.2176844914571D-09 0.2229645195793D-09
 0.2283726129833D-09 0.2339118778005D-09 0.2395854955041D-09 0.2453967247457D-09
 0.2513489031515D-09 0.2574454493752D-09 0.2636898649252D-09 0.2700857362954D-09
 0.2766367368995D-09 0.2833466292969D-09 0.2902192672751D-09 0.2972585981211D-09
 0.3044686648421D-09 0.3118536084856D-09 0.3194176705952D-09 0.3271651955192D-09
 0.3351006330095D-09 0.3432285407765D-09 0.3515535869481D-09 0.3600805530234D-09
 0.3688143364399D-09 0.3777599533271D-09 0.3869225415337D-09 0.3963073635813D-09
 0.4059198095379D-09 0.4157654002470D-09 0.4258497904401D-09 0.4361787719792D-09
 0.4467582772625D-09 0.4575943825457D-09 0.4686933114212D-09 0.4800614384446D-09
 0.4917052928303D-09 0.5036315621250D-09 0.5158470959941D-09 0.5283589103827D-09
 0.5411741912715D-09 0.5543002990495D-09 0.5677447724553D-09 0.5815153332608D-09
 0.5956198904702D-09 0.6100665447541D-09 0.6248635934785D-09 0.6400195351400D-09
 0.6555430743276D-09 0.6714431268907D-09 0.6877288247746D-09 0.7044095214395D-09
 0.7214947973221D-09 0.7389944650901D-09 0.7569185754025D-09 0.7752774227956D-09
 0.7940815514639D-09 0.8133417612561D-09 0.8330691139864D-09 0.8532749398567D-09
 0.8739708437613D-09 0.8951687121049D-09 0.9168807196473D-09 0.9391193362751D-09
 0.9618973345141D-09 0.9852277964271D-09 0.1009124121709D-08 0.1033600034729D-08
 0.1058669592916D-08 0.1084347194578D-08 0.1110647587177D-08 0.1137585876054D-08
 0.1165177532723D-08 0.1193438404041D-08 0.1222384721206D-08 0.1252033109067D-08
 0.1282400595610D-08 0.1313504622039D-08 0.1345363052336D-08 0.1377994183978D-08
 0.1411416757953D-08 0.1445649970107D-08 0.1480713481577D-08 0.1516627430621D-08
 0.1553412443686D-08 0.1591089647679D-08 0.1629680681797D-08 0.1669207710177D-08
 0.1709693434449D-08 0.1751161106838D-08 0.1793634543616D-08 0.1837138138569D-08
 0.1881696877283D-08 0.1927336351169D-08 0.1974082772502D-08 0.2021962989182D-08
 0.2071004500353D-08 0.2121235472045D-08 0.2172684753588D-08 0.2225381893721D-08
 0.2279357158227D-08 0.2334641546631D-08 0.2391266810647D-08 0.2449265471680D-08
 0.2508670840330D-08 0.2569517034849D-08 0.2631839001065D-08 0.2695672532343D-08
 0.2761054290329D-08 0.2828021825513D-08 0.2896613599607D-08 0.2966869006841D-08
 0.3038828396964D-08 0.3112533098459D-08 0.3188025442095D-08 0.3265348785391D-08
 0.3344547537437D-08 0.3425667184359D-08 0.3508754315702D-08 0.3593856650657D-08
 0.3681023066162D-08 0.3770303624277D-08 0.3861749601659D-08 0.3955413518235D-08
 0.4051349167882D-08 0.4149611649296D-08 0.4250257397362D-08 0.4353344216054D-08
 0.4458931310815D-08 0.4567079323505D-08 0.4677850366654D-08 0.4791308059136D-08
 0.4907517562846D-08 0.5026545620518D-08 0.5148460593176D-08 0.5273332499878D-08
 0.5401233058226D-08 0.5532235725032D-08 0.5666415739028D-08 0.5803850163315D-08
 0.5944617930430D-08 0.6088799887126D-08 0.6236478841263D-08 0.6387739608928D-08
 0.6542669063525D-08 0.6701356184951D-08 0.6863892111775D-08 0.7030370193143D-08
 0.7200886041602D-08 0.7375537589301D-08 0.7554425143436D-08 0.7737651443893D-08
 0.7925321722594D-08 0.8117543763847D-08 0.8314427965735D-08 0.8516087404320D-08
 0.8722637898167D-08 0.8934198074814D-08 0.9150889438880D-08 0.9372836442229D-08
 0.9600166554716D-08 0.9833010338602D-08 0.1007150152175D-07 0.1031577707650D-07
 0.1056597729681D-07 0.1082224587915D-07 0.1108473000543D-07 0.1135358042753D-07
 0.1162895155328D-07 0.1191100153546D-07 0.1219989236306D-07 0.1249578995348D-07
 0.1279886424891D-07 0.1310928931278D-07 0.1342724343043D-07 0.1375290921125D-07
 0.1408647369364D-07 0.1442812845269D-07 0.1477806970933D-07 0.1513649844423D-07
 0.1550362051237D-07 0.1587964676153D-07 0.1626479315370D-07 0.1665928088823D-07
 0.1706333652967D-07 0.1747719213783D-07 0.1790108540090D-07 0.1833525977173D-07
 0.1877996460774D-07 0.1923545531462D-07 0.1970199349265D-07 0.2017984708659D-07
 0.2066929054026D-07 0.2117060495374D-07 0.2168407824460D-07 0.2221000531428D-07
 0.2274868821561D-07 0.2330043632879D-07 0.2386556653681D-07 0.2444440340789D-07
 0.2503727938380D-07 0.2564453496797D-07 0.2626651892351D-07 0.2690358847062D-07
 0.2755610949589D-07 0.2822445675834D-07 0.2890901410701D-07 0.2961017470074D-07
 0.3032834123417D-07 0.3106392616882D-07 0.3181735196954D-07 0.3258905134853D-07
 0.3337946751188D-07 0.3418905441689D-07 0.3501827702917D-07 0.3586761159249D-07
 0.3673754590189D-07 0.3762857958241D-07 0.3854122437775D-07 0.3947600444322D-07
 0.4043345664668D-07 0.4141413087788D-07 0.4241859036230D-07 0.4344741198736D-07
 0.4450118663104D-07 0.4558051950396D-07 0.4668603049372D-07 0.4781835452410D-07
 0.4897814191735D-07 0.5016605876904D-07 0.5138278733086D-07 0.5262902640020D-07
 0.5390549172492D-07 0.5521291641101D-07 0.5655205134657D-07 0.5792366563139D-07
 0.5932854701800D-07 0.6076750236569D-07 0.6224135810428D-07 0.6375096070616D-07
 0.6529717717533D-07 0.6688089554403D-07 0.6850302538171D-07 0.7016449832016D-07
 0.7186626858531D-07 0.7360931354838D-07 0.7539463428504D-07 0.7722325615051D-07
 0.7909622937044D-07 0.8101462964124D-07 0.8297955875040D-07 0.8499214520743D-07
 0.8705354489300D-07 0.8916494172271D-07 0.9132754832723D-07 0.9354260674710D-07
 0.9581138914849D-07 0.9813519855321D-07 0.1005153695849D-06 0.1029532692388D-06
 0.1054502976643D-06 0.1080078889715D-06 0.1106275120513D-06 0.1133106714235D-06
 0.1160589080971D-06 0.1188738004575D-06 0.1217569651712D-06 0.1247100581178D-06
 0.1277347753369D-06 0.1308328540040D-06 0.1340060734291D-06 0.1372562560774D-06
 0.1405852686159D-06 0.1439950229870D-06 0.1474874775040D-06 0.1510646379785D-06
 0.1547285588716D-06 0.1584813444717D-06 0.1623251501079D-06 0.1662621833816D-06
 0.1702947054399D-06 0.1744250322718D-06 0.1786555360379D-06 0.1829886464332D-06
 0.1874268520846D-06 0.1919727019770D-06 0.1966288069190D-06 0.2013978410437D-06
 0.2062825433414D-06 0.2112857192353D-06 0.2164102421907D-06 0.2216590553684D-06
 0.2270351733113D-06 0.2325416836790D-06 0.2381817490197D-06 0.2439586085860D-06
 0.2498755801971D-06 0.2559360621426D-06 0.2621435351357D-06 0.2685015643109D-06
 0.2750138012733D-06 0.2816839861938D-06 0.2885159499615D-06 0.2955136163761D-06
 0.3026810044109D-06 0.3100222305148D-06 0.3175415109776D-06 0.3252431643544D-06
 0.3331316139411D-06 0.3412113903211D-06 0.3494871339614D-06 0.3579635978825D-06
 0.3666456503856D-06 0.3755382778498D-06 0.3846465875959D-06 0.3939758108195D-06
 0.4035313055968D-06 0.4133185599596D-06 0.4233431950519D-06 0.4336109683511D-06
 0.4441277769825D-06 0.4548996611027D-06 0.4659328073680D-06 0.4772335524918D-06
 0.4888083868784D-06 0.5006639583569D-06 0.5128070759934D-06 0.5252447140088D-06
 0.5379840157775D-06 0.5510322979353D-06 0.5643970545803D-06 0.5780859615786D-06
 0.5921068809696D-06 0.6064678654860D-06 0.6211771631747D-06 0.6362432221399D-06
 0.6516746953896D-06 0.6674804458109D-06 0.6836695512561D-06 0.7002513097612D-06
 0.7172352448832D-06 0.7346311111708D-06 0.7524488997693D-06 0.7706988441597D-06
 0.7893914260319D-06 0.8085373813114D-06 0.8281477063203D-06 0.8482336641008D-06
 0.8688067908783D-06 0.8898789026866D-06 0.9114621021632D-06 0.9335687854958D-06
 0.9562116495394D-06 0.9794036991190D-06 0.1003158254490D-05 0.1027488958994D-05
 0.1052409786896D-05 0.1077935051413D-05 0.1104079412931D-05 0.1130857887428D-05
 0.1158285855104D-05 0.1186379069208D-05 0.1215153665097D-05 0.1244626169494D-05
 0.1274813509990D-05 0.1305733024764D-05 0.1337402472539D-05 0.1369840042795D-05
 0.1403064366206D-05 0.1437094525344D-05 0.1471950065653D-05 0.1507651006661D-05
 0.1544217853489D-05 0.1581671608628D-05 0.1620033784010D-05 0.1659326413352D-05
 0.1699572064831D-05 0.1740793854038D-05 0.1783015457258D-05 0.1826261125079D-05
 0.1870555696311D-05 0.1915924612272D-05 0.1962393931387D-05 0.2009990344174D-05
 0.2058741188565D-05 0.2108674465620D-05 0.2159818855607D-05 0.2212203734494D-05
 0.2265859190810D-05 0.2320816042931D-05 0.2377105856805D-05 0.2434760964070D-05
 0.2493814480634D-05 0.2554300325708D-05 0.2616253241283D-05 0.2679708812109D-05
 0.2744703486117D-05 0.2811274595386D-05 0.2879460377571D-05 0.2949299997895D-05
 0.3020833571627D-05 0.3094102187160D-05 0.3169147929601D-05 0.3246013904963D-05
 0.3324744264930D-05 0.3405384232232D-05 0.3487980126621D-05 0.3572579391501D-05
 0.3659230621187D-05 0.3747983588825D-05 0.3838889275005D-05 0.3931999897042D-05
 0.4027368939002D-05 0.4125051182428D-05 0.4225102737821D-05 0.4327581076899D-05
 0.4432545065613D-05 0.4540054997990D-05 0.4650172630775D-05 0.4762961218936D-05
 0.4878485552015D-05 0.4996811991363D-05 0.5118008508293D-05 0.5242144723143D-05
 0.5369291945285D-05 0.5499523214131D-05 0.5632913341111D-05 0.5769538952669D-05
 0.5909478534324D-05 0.6052812475783D-05 0.6199623117148D-05 0.6349994796262D-05
 0.6504013897191D-05 0.6661768899893D-05 0.6823350431066D-05 0.6988851316284D-05
 0.7158366633350D-05 0.7331993766953D-05 0.7509832464693D-05 0.7691984894412D-05
 0.7878555702937D-05 0.8069652076298D-05 0.8265383801302D-05 0.8465863328721D-05
 0.8671205837944D-05 0.8881529303212D-05 0.9096954561471D-05 0.9317605381877D-05
 0.9543608536973D-05 0.9775093875624D-05 0.1001219439769D-04 0.1025504633055D-04
 0.1050378920743D-04 0.1075856594773D-04 0.1101952293920D-04 0.1128681012216D-04
 0.1156058107582D-04 0.1184099310657D-04 0.1212820733855D-04 0.1242238880634D-04
 0.1272370654993D-04 0.1303233371202D-04 0.1334844763761D-04 0.1367222997616D-04
 0.1400386678602D-04 0.1434354864166D-04 0.1469147074324D-04 0.1504783302907D-04
 0.1541284029066D-04 0.1578670229065D-04 0.1616963388357D-04 0.1656185513956D-04
 0.1696359147109D-04 0.1737507376273D-04 0.1779653850418D-04 0.1822822792643D-04
 0.1867039014129D-04 0.1912327928430D-04 0.1958715566113D-04 0.2006228589757D-04
 0.2054894309309D-04 0.2104740697822D-04 0.2155796407577D-04 0.2208090786589D-04
 0.2261653895528D-04 0.2316516525036D-04 0.2372710213484D-04 0.2430267265149D-04
 0.2489220768837D-04 0.2549604616966D-04 0.2611453525105D-04 0.2674803051994D-04
 0.2739689620058D-04 0.2806150536409D-04 0.2874224014369D-04 0.2943949195521D-04
 0.3015366172286D-04 0.3088516011063D-04 0.3163440775930D-04 0.3240183552921D-04
 0.3318788474895D-04 0.3399300747023D-04 0.3481766672882D-04 0.3566233681196D-04
 0.3652750353235D-04 0.3741366450866D-04 0.3832132945310D-04 0.3925102046589D-04
 0.4020327233700D-04 0.4117863285517D-04 0.4217766312466D-04 0.4320093788958D-04
 0.4424904586622D-04 0.4532259008358D-04 0.4642218823212D-04 0.4754847302115D-04
 0.4870209254492D-04 0.4988371065771D-04 0.5109400735802D-04 0.5233367918236D-04
 0.5360343960854D-04 0.5490401946887D-04 0.5623616737358D-04 0.5760065014452D-04
 0.5899825325963D-04 0.6042978130816D-04 0.6189605845727D-04 0.6339792892990D-04
 0.6493625749449D-04 0.6651192996677D-04 0.6812585372374D-04 0.6977895823050D-04
 0.7147219557984D-04 0.7320654104523D-04 0.7498299364744D-04 0.7680257673502D-04
 0.7866633857919D-04 0.8057535298330D-04 0.8253071990739D-04 0.8453356610812D-04
 0.8658504579452D-04 0.8868634129990D-04 0.9083866377038D-04 0.9304325387038D-04
 0.9530138250570D-04 0.9761435156423D-04 0.9998349467529D-04 0.1024101779875D-03
 0.1048958009661D-03 0.1074417972098D-03 0.1100496352884D-03 0.1127208196004D-03
 0.1154568912526D-03 0.1182594289612D-03 0.1211300499752D-03 0.1240704110232D-03
 0.1270822092832D-03 0.1301671833769D-03 0.1333271143886D-03 0.1365638269097D-03
 0.1398791901088D-03 0.1432751188291D-03 0.1467535747127D-03 0.1503165673532D-03
 0.1539661554773D-03 0.1577044481553D-03 0.1615336060429D-03 0.1654558426532D-03
 0.1694734256610D-03 0.1735886782402D-03 0.1778039804337D-03 0.1821217705592D-03
 0.1865445466490D-03 0.1910748679269D-03 0.1957153563218D-03 0.2004686980202D-03
 0.2053376450568D-03 0.2103250169465D-03 0.2154337023565D-03 0.2206666608218D-03
 0.2260269245031D-03 0.2315175999904D-03 0.2371418701517D-03 0.2429029960284D-03
 0.2488043187799D-03 0.2548492616768D-03 0.2610413321457D-03 0.2673841238653D-03
 0.2738813189168D-03 0.2805366899891D-03 0.2873541026409D-03 0.2943375176193D-03
 0.3014909932403D-03 0.3088186878285D-03 0.3163248622204D-03 0.3240138823327D-03
 0.3318902217962D-03 0.3399584646574D-03 0.3482233081520D-03 0.3566895655476D-03
 0.3653621690625D-03 0.3742461728592D-03 0.3833467561161D-03 0.3926692261795D-03
 0.4022190217978D-03 0.4120017164403D-03 0.4220230217034D-03 0.4322887908054D-03
 0.4428050221741D-03 0.4535778631286D-03 0.4646136136580D-03 0.4759187303005D-03
 0.4874998301249D-03 0.4993636948179D-03 0.5115172748803D-03 0.5239676939348D-03
 0.5367222531488D-03 0.5497884357753D-03 0.5631739118166D-03 0.5768865428117D-03
 0.5909343867538D-03 0.6053257031402D-03 0.6200689581585D-03 0.6351728300134D-03
 0.6506462143988D-03 0.6664982301178D-03 0.6827382248576D-03 0.6993757811207D-03
 0.7164207223199D-03 0.7338831190411D-03 0.7517732954776D-03 0.7701018360431D-03
 0.7888795921682D-03 0.8081176892845D-03 0.8278275340047D-03 0.8480208215023D-03
 0.8687095430986D-03 0.8899059940625D-03 0.9116227816301D-03 0.9338728332514D-03
 0.9566694050697D-03 0.9800260906434D-03 0.1003956829915D-02 0.1028475918438D-02
 0.1053598016869D-02 0.1079338160727D-02 0.1105711770448D-02 0.1132734661714D-02
 0.1160423056095D-02 0.1188793591997D-02 0.1217863335928D-02 0.1247649794099D-02
 0.1278170924366D-02 0.1309445148522D-02 0.1341491364956D-02 0.1374328961692D-02
 0.1407977829809D-02 0.1442458377279D-02 0.1477791543202D-02 0.1513998812489D-02
 0.1551102230981D-02 0.1589124421029D-02 0.1628088597555D-02 0.1668018584606D-02
 0.1708938832408D-02 0.1750874434967D-02 0.1793851148197D-02 0.1837895408626D-02
 0.1883034352688D-02 0.1929295836615D-02 0.1976708456964D-02 0.2025301571794D-02
 0.2075105322518D-02 0.2126150656451D-02 0.2178469350091D-02 0.2232094033143D-02
 0.2287058213330D-02 0.2343396302008D-02 0.2401143640619D-02 0.2460336528019D-02
 0.2521012248703D-02 0.2583209101970D-02 0.2646966432059D-02 0.2712324659295D-02
 0.2779325312284D-02 0.2848011061196D-02 0.2918425752178D-02 0.2990614442942D-02
 0.3064623439573D-02 0.3140500334611D-02 0.3218294046443D-02 0.3298054860073D-02
 0.3379834469314D-02 0.3463686020465D-02 0.3549664157529D-02 0.3637825069036D-02
 0.3728226536540D-02 0.3820927984847D-02 0.3915990534056D-02 0.4013477053490D-02
 0.4113452217578D-02 0.4215982563791D-02 0.4321136552702D-02 0.4428984630263D-02
 0.4539599292401D-02 0.4653055152022D-02 0.4769429008521D-02 0.4888799919924D-02
 0.5011249277757D-02 0.5136860884764D-02 0.5265721035608D-02 0.5397918600671D-02
 0.5533545113096D-02 0.5672694859213D-02 0.5815464972498D-02 0.5961955531226D-02
 0.6112269659967D-02 0.6266513635125D-02 0.6424796994673D-02 0.6587232652293D-02
 0.6753937016116D-02 0.6925030112263D-02 0.7100635713427D-02 0.7280881472703D-02
 0.7465899062931D-02 0.7655824321798D-02 0.7850797402962D-02 0.8050962933493D-02
 0.8256470177921D-02 0.8467473209204D-02 0.8684131086945D-02 0.8906608043207D-02
 0.9135073676284D-02 0.9369703152814D-02 0.9610677418644D-02 0.9858183418858D-02
 0.1011241432743D-01 0.1037356978695D-01 0.1064185615897D-01 0.1091748678541D-01
 0.1120068226167D-01 0.1149167072195D-01 0.1179068813743D-01 0.1209797862798D-01
 0.1241379478801D-01 0.1273839802722D-01 0.1307205892709D-01 0.1341505761369D-01
 0.1376768414793D-01 0.1413023893396D-01 0.1450303314665D-01 0.1488638917933D-01
 0.1528064111265D-01 0.1568613520571D-01 0.1610323041074D-01 0.1653229891251D-01
 0.1697372669364D-01 0.1742791412752D-01 0.1789527660002D-01 0.1837624516164D-01
 0.1887126721177D-01 0.1938080721688D-01 0.1990534746419D-01 0.2044538885320D-01
 0.2100145172673D-01 0.2157407674397D-01 0.2216382579767D-01 0.2277128297804D-01
 0.2339705558587D-01 0.2404177519770D-01 0.2470609878598D-01 0.2539070989719D-01
 0.2609631989142D-01 0.2682366924666D-01 0.2757352893172D-01 0.2834670185151D-01
 0.2914402436903D-01 0.2996636790831D-01 0.3081464064308D-01 0.3168978927618D-01
 0.3259280091487D-01 0.3352470504777D-01 0.3448657562925D-01 0.3547953327770D-01
 0.3650474759429D-01 0.3756343960940D-01 0.3865688436416D-01 0.3978641363531D-01
 0.4095341881161D-01 0.4215935393109D-01 0.4340573888855D-01 0.4469416282351D-01
 0.4602628769944D-01 0.4740385208565D-01 0.4882867515399D-01 0.5030266090321D-01
 0.5182780262462D-01 0.5340618762348D-01 0.5504000221144D-01 0.5673153698617D-01
 0.5848319241537D-01 0.6029748474326D-01 0.6217705223867D-01 0.6412466180509D-01
 0.6614321597385D-01 0.6823576030310D-01 0.7040549120623D-01 0.7265576423481D-01
 0.7499010284208D-01 0.7741220765486D-01 0.7992596628243D-01 0.8253546369289D-01
 0.8524499318836D-01 0.8805906801200D-01 0.9098243362115D-01 0.9402008066187D-01
 0.9717725868175D-01 0.1004594906186D+00 0.1038725881039D+00 0.1074226676206D+00
 0.1111161675549D+00 0.1149598661836D+00 0.1189609006367D+00 0.1231267868749D+00
 0.1274654407231D+00 0.1319851999959D+00 0.1366948477515D+00 0.1416036367078D+00
 0.1467213148474D+00 0.1520581522383D+00 0.1576249690848D+00 0.1634331650215D+00
 0.1694947496468D+00 0.1758223742879D+00 0.1824293649677D+00 0.1893297565435D+00
 0.1965383278994D+00 0.2040609537600D+00 0.2119038819698D+00 0.2200837752337D+00
 0.2286183498898D+00 0.2375264511989D+00 0.2468281343037D+00 0.2565447512866D+00
 0.2666990447826D+00 0.2773152486383D+00 0.2884191961425D+00 0.3000384363908D+00
 0.3122023593842D+00 0.3249423305052D+00 0.3382918350567D+00 0.3522866335955D+00
 0.3669649288424D+00 0.3823675449985D+00 0.3985381203542D+00 0.4155233141320D+00
 0.4333730285622D+00 0.4521406472546D+00 0.4718832909883D+00
    0    0
