 nspin  vdif :::::: Potentials for non-spin-polarized non-relativistic Va.      
    2   0.0000000000000D+00
 LSMS:           Va     z=  0.    xvalws=   0.04084
   0.                      2.34260   0. 0.2233704493661D+00
                 -0.1113096740000D+02 0.8512608760726D+00 1001 1023
 0.9165936559803D-05 0.9276092631175D-05 0.9387576653141D-05 0.9500404633254D-05
 0.9614592778746D-05 0.9730157477163D-05 0.9847115326376D-05 0.9965483111930D-05
 0.1008527783514D-04 0.1020651668606D-04 0.1032921708270D-04 0.1045339663332D-04
 0.1057907317029D-04 0.1070626473913D-04 0.1083498959906D-04 0.1096526623220D-04
 0.1109711334314D-04 0.1123054986677D-04 0.1136559494986D-04 0.1150226799022D-04
 0.1164058860646D-04 0.1178057666468D-04 0.1192225226137D-04 0.1206563572920D-04
 0.1221074766090D-04 0.1235760889637D-04 0.1250624050983D-04 0.1265666385164D-04
 0.1280890051022D-04 0.1296297235121D-04 0.1311890149130D-04 0.1327671031555D-04
 0.1343642148011D-04 0.1359805792362D-04 0.1376164284850D-04 0.1392719974232D-04
 0.1409475237404D-04 0.1426432480155D-04 0.1443594136666D-04 0.1460962671720D-04
 0.1478540578204D-04 0.1496330380772D-04 0.1514334632596D-04 0.1532555919200D-04
 0.1550996856517D-04 0.1569660092270D-04 0.1588548306679D-04 0.1607664210876D-04
 0.1627010548966D-04 0.1646590099410D-04 0.1666405673623D-04 0.1686460116193D-04
 0.1706756305944D-04 0.1727297158113D-04 0.1748085620643D-04 0.1769124678985D-04
 0.1790417353253D-04 0.1811966701233D-04 0.1833775816287D-04 0.1855847830071D-04
 0.1878185911507D-04 0.1900793267600D-04 0.1923673144702D-04 0.1946828826888D-04
 0.1970263640013D-04 0.1993980947056D-04 0.2017984154991D-04 0.2042276709089D-04
 0.2066862097563D-04 0.2091743849884D-04 0.2116925538606D-04 0.2142410779869D-04
 0.2168203231518D-04 0.2194306597606D-04 0.2220724625030D-04 0.2247461108373D-04
 0.2274519884830D-04 0.2301904839794D-04 0.2329619905358D-04 0.2357669060688D-04
 0.2386056332513D-04 0.2414785797667D-04 0.2443861579114D-04 0.2473287852531D-04
 0.2503068843668D-04 0.2533208827139D-04 0.2563712130093D-04 0.2594583132736D-04
 0.2625826267687D-04 0.2657446020322D-04 0.2689446929748D-04 0.2721833591513D-04
 0.2754610655284D-04 0.2787782826491D-04 0.2821354868584D-04 0.2855331601503D-04
 0.2889717903500D-04 0.2924518711045D-04 0.2959739021440D-04 0.2995383890936D-04
 0.3031458437518D-04 0.3067967840637D-04 0.3104917341974D-04 0.3142312246320D-04
 0.3180157923447D-04 0.3218459806557D-04 0.3257223395044D-04 0.3296454254036D-04
 0.3336158016364D-04 0.3376340382127D-04 0.3417007122035D-04 0.3458164073053D-04
 0.3499817144712D-04 0.3541972318158D-04 0.3584635645012D-04 0.3627813251414D-04
 0.3671511335728D-04 0.3715736172537D-04 0.3760494111371D-04 0.3805791578528D-04
 0.3851635076752D-04 0.3898031188954D-04 0.3944986576713D-04 0.3992507980528D-04
 0.4040602224539D-04 0.4089276213049D-04 0.4138536934477D-04 0.4188391461688D-04
 0.4238846952887D-04 0.4289910651974D-04 0.4341589890569D-04 0.4393892087911D-04
 0.4446824753778D-04 0.4500395488663D-04 0.4554611982683D-04 0.4609482020904D-04
 0.4665013481091D-04 0.4721214336214D-04 0.4778092655468D-04 0.4835656604850D-04
 0.4893914449666D-04 0.4952874553490D-04 0.5012545382455D-04 0.5072935503036D-04
 0.5134053586383D-04 0.5195908407191D-04 0.5258508846717D-04 0.5321863892598D-04
 0.5385982640754D-04 0.5450874297446D-04 0.5516548179510D-04 0.5583013715832D-04
 0.5650280449684D-04 0.5718358038453D-04 0.5787256256846D-04 0.5856984996796D-04
 0.5927554269413D-04 0.5998974206900D-04 0.6071255063375D-04 0.6144407216709D-04
 0.6218441169385D-04 0.6293367551499D-04 0.6369197120254D-04 0.6445940762954D-04
 0.6523609497944D-04 0.6602214476913D-04 0.6681766985319D-04 0.6762278445513D-04
 0.6843760416284D-04 0.6926224595867D-04 0.7009682826167D-04 0.7094147087995D-04
 0.7179629508525D-04 0.7266142361608D-04 0.7353698067807D-04 0.7442309198466D-04
 0.7531988475125D-04 0.7622748774895D-04 0.7714603127461D-04 0.7807564721685D-04
 0.7901646903331D-04 0.7996863182009D-04 0.8093227227829D-04 0.8190752875878D-04
 0.8289454128395D-04 0.8389345156708D-04 0.8490440303285D-04 0.8592754082302D-04
 0.8696301183283D-04 0.8801096473487D-04 0.8907154998503D-04 0.9014491986494D-04
 0.9123122847938D-04 0.9233063180097D-04 0.9344328766384D-04 0.9456935583211D-04
 0.9570899797444D-04 0.9686237771578D-04 0.9802966065917D-04 0.9921101439083D-04
 0.1004066085273D-03 0.1016166147236D-03 0.1028412067121D-03 0.1040805603106D-03
 0.1053348534633D-03 0.1066042662518D-03 0.1078889809313D-03 0.1091891819638D-03
 0.1105050560155D-03 0.1118367920261D-03 0.1131845811875D-03 0.1145486170240D-03
 0.1159290953578D-03 0.1173262144077D-03 0.1187401747650D-03 0.1201711794317D-03
 0.1216194338696D-03 0.1230851460120D-03 0.1245685262977D-03 0.1260697877045D-03
 0.1275891457843D-03 0.1291268186639D-03 0.1306830271350D-03 0.1322579946131D-03
 0.1338519472329D-03 0.1354651138494D-03 0.1370977260704D-03 0.1387500182978D-03
 0.1404222277659D-03 0.1421145945565D-03 0.1438273616501D-03 0.1455607749762D-03
 0.1473150833860D-03 0.1490905387673D-03 0.1508873960304D-03 0.1527059131610D-03
 0.1545463512524D-03 0.1564089745511D-03 0.1582940504795D-03 0.1602018496901D-03
 0.1621326460921D-03 0.1640867169054D-03 0.1660643426852D-03 0.1680658073646D-03
 0.1700913983163D-03 0.1721414063576D-03 0.1742161258210D-03 0.1763158545895D-03
 0.1784408941230D-03 0.1805915495349D-03 0.1827681295967D-03 0.1849709468235D-03
 0.1872003174788D-03 0.1894565616482D-03 0.1917400032705D-03 0.1940509701937D-03
 0.1963897942197D-03 0.1987568111386D-03 0.2011523607964D-03 0.2035767871423D-03
 0.2060304382651D-03 0.2085136664411D-03 0.2110268282052D-03 0.2135702843927D-03
 0.2161444001644D-03 0.2187495451120D-03 0.2213860932701D-03 0.2240544231784D-03
 0.2267549179520D-03 0.2294879653090D-03 0.2322539576483D-03 0.2350532920991D-03
 0.2378863705781D-03 0.2407535998433D-03 0.2436553915670D-03 0.2465921623625D-03
 0.2495643338870D-03 0.2525723328700D-03 0.2556165911835D-03 0.2586975459132D-03
 0.2618156394127D-03 0.2649713193422D-03 0.2681650388068D-03 0.2713972563264D-03
 0.2746684359842D-03 0.2779790474282D-03 0.2813295659946D-03 0.2847204727194D-03
 0.2881522544617D-03 0.2916254039466D-03 0.2951404198269D-03 0.2986978067706D-03
 0.3022980755384D-03 0.3059417430359D-03 0.3096293324022D-03 0.3133613730930D-03
 0.3171384009292D-03 0.3209609582085D-03 0.3248295937445D-03 0.3287448629843D-03
 0.3327073280724D-03 0.3367175579103D-03 0.3407761282684D-03 0.3448836218659D-03
 0.3490406284369D-03 0.3532477448191D-03 0.3575055750564D-03 0.3618147304686D-03
 0.3661758297376D-03 0.3705894990307D-03 0.3750563720178D-03 0.3795770900417D-03
 0.3841523021741D-03 0.3887826652950D-03 0.3934688442107D-03 0.3982115117457D-03
 0.4030113488265D-03 0.4078690446002D-03 0.4127852964996D-03 0.4177608103934D-03
 0.4227963006297D-03 0.4278924901815D-03 0.4330501107490D-03 0.4382699028327D-03
 0.4435526158621D-03 0.4488990083141D-03 0.4543098477925D-03 0.4597859111642D-03
 0.4653279846575D-03 0.4709368639770D-03 0.4766133544215D-03 0.4823582709917D-03
 0.4881724385193D-03 0.4940566917786D-03 0.5000118756085D-03 0.5060388450053D-03
 0.5121384653158D-03 0.5183116122920D-03 0.5245591722384D-03 0.5308820421547D-03
 0.5372811298559D-03 0.5437573540852D-03 0.5503116446697D-03 0.5569449426488D-03
 0.5636582003975D-03 0.5704523817819D-03 0.5773284622755D-03 0.5842874291025D-03
 0.5913302814202D-03 0.5984580303968D-03 0.6056716994035D-03 0.6129723241449D-03
 0.6203609528131D-03 0.6278386462341D-03 0.6354064780190D-03 0.6430655347252D-03
 0.6508169159990D-03 0.6586617347502D-03 0.6666011173091D-03 0.6746362035656D-03
 0.6827681471630D-03 0.6909981156505D-03 0.6993272906511D-03 0.7077568680250D-03
 0.7162880580526D-03 0.7249220855990D-03 0.7336601903109D-03 0.7425036267470D-03
 0.7514536646206D-03 0.7605115889313D-03 0.7696787001684D-03 0.7789563145212D-03
 0.7883457640052D-03 0.7978483967276D-03 0.8074655770210D-03 0.8171986856922D-03
 0.8270491201564D-03 0.8370182947056D-03 0.8471076406617D-03 0.8573186066049D-03
 0.8676526585845D-03 0.8781112803025D-03 0.8886959733765D-03 0.8994082574898D-03
 0.9102496706754D-03 0.9212217694818D-03 0.9323261292389D-03 0.9435643442516D-03
 0.9549380280572D-03 0.9664488136229D-03 0.9780983536247D-03 0.9898883206467D-03
 0.1001820407431D-02 0.1013896327132D-02 0.1026117813553D-02 0.1038486621399D-02
 0.1051004526522D-02 0.1063673326181D-02 0.1076494839305D-02 0.1089470906746D-02
 0.1102603391539D-02 0.1115894179188D-02 0.1129345177916D-02 0.1142958318957D-02
 0.1156735556818D-02 0.1170678869572D-02 0.1184790259123D-02 0.1199071751520D-02
 0.1213525397234D-02 0.1228153271442D-02 0.1242957474348D-02 0.1257940131464D-02
 0.1273103393921D-02 0.1288449438799D-02 0.1303980469396D-02 0.1319698715586D-02
 0.1335606434110D-02 0.1351705908923D-02 0.1367999451512D-02 0.1384489401214D-02
 0.1401178125577D-02 0.1418068020693D-02 0.1435161511511D-02 0.1452461052234D-02
 0.1469969126654D-02 0.1487688248478D-02 0.1505620961727D-02 0.1523769841100D-02
 0.1542137492306D-02 0.1560726552495D-02 0.1579539690570D-02 0.1598579607627D-02
 0.1617849037336D-02 0.1637350746282D-02 0.1657087534426D-02 0.1677062235475D-02
 0.1697277717282D-02 0.1717736882293D-02 0.1738442667919D-02 0.1759398046980D-02
 0.1780606028156D-02 0.1802069656356D-02 0.1823792013222D-02 0.1845776217525D-02
 0.1868025425649D-02 0.1890542832008D-02 0.1913331669531D-02 0.1936395210105D-02
 0.1959736765080D-02 0.1983359685696D-02 0.2007267363608D-02 0.2031463231336D-02
 0.2055950762795D-02 0.2080733473765D-02 0.2105814922406D-02 0.2131198709778D-02
 0.2156888480322D-02 0.2182887922440D-02 0.2209200768982D-02 0.2235830797787D-02
 0.2262781832239D-02 0.2290057741810D-02 0.2317662442616D-02 0.2345599897976D-02
 0.2373874118972D-02 0.2402489165056D-02 0.2431449144598D-02 0.2460758215499D-02
 0.2490420585771D-02 0.2520440514160D-02 0.2550822310731D-02 0.2581570337515D-02
 0.2612689009125D-02 0.2644182793376D-02 0.2676056211944D-02 0.2708313841013D-02
 0.2740960311919D-02 0.2774000311826D-02 0.2807438584402D-02 0.2841279930498D-02
 0.2875529208821D-02 0.2910191336649D-02 0.2945271290545D-02 0.2980774107034D-02
 0.3016704883374D-02 0.3053068778248D-02 0.3089871012529D-02 0.3127116870023D-02
 0.3164811698226D-02 0.3202960909085D-02 0.3241569979784D-02 0.3280644453524D-02
 0.3320189940335D-02 0.3360212117856D-02 0.3400716732174D-02 0.3441709598625D-02
 0.3483196602652D-02 0.3525183700628D-02 0.3567676920733D-02 0.3610682363801D-02
 0.3654206204218D-02 0.3698254690768D-02 0.3742834147575D-02 0.3787950974981D-02
 0.3833611650489D-02 0.3879822729667D-02 0.3926590847098D-02 0.3973922717348D-02
 0.4021825135898D-02 0.4070304980157D-02 0.4119369210428D-02 0.4169024870892D-02
 0.4219279090660D-02 0.4270139084754D-02 0.4321612155172D-02 0.4373705691924D-02
 0.4426427174090D-02 0.4479784170894D-02 0.4533784342819D-02 0.4588435442643D-02
 0.4643745316613D-02 0.4699721905556D-02 0.4756373245986D-02 0.4813707471311D-02
 0.4871732812943D-02 0.4930457601521D-02 0.4989890268108D-02 0.5050039345368D-02
 0.5110913468802D-02 0.5172521378029D-02 0.5234871917961D-02 0.5297974040157D-02
 0.5361836804034D-02 0.5426469378223D-02 0.5491881041869D-02 0.5558081185930D-02
 0.5625079314560D-02 0.5692885046471D-02 0.5761508116311D-02 0.5830958376040D-02
 0.5901245796363D-02 0.5972380468167D-02 0.6044372603945D-02 0.6117232539285D-02
 0.6190970734341D-02 0.6265597775333D-02 0.6341124376077D-02 0.6417561379504D-02
 0.6494919759243D-02 0.6573210621151D-02 0.6652445204951D-02 0.6732634885837D-02
 0.6813791176079D-02 0.6895925726691D-02 0.6979050329116D-02 0.7063176916904D-02
 0.7148317567418D-02 0.7234484503573D-02 0.7321690095588D-02 0.7409946862773D-02
 0.7499267475304D-02 0.7589664756052D-02 0.7681151682431D-02 0.7773741388230D-02
 0.7867447165536D-02 0.7962282466600D-02 0.8058260905805D-02 0.8155396261596D-02
 0.8253702478450D-02 0.8353193668897D-02 0.8453884115520D-02 0.8555788273028D-02
 0.8658920770323D-02 0.8763296412573D-02 0.8868930183367D-02 0.8975837246838D-02
 0.9084032949857D-02 0.9193532824239D-02 0.9304352588931D-02 0.9416508152298D-02
 0.9530015614409D-02 0.9644891269320D-02 0.9761151607425D-02 0.9878813317827D-02
 0.9997893290697D-02 0.1011840861975D-01 0.1024037660463D-01 0.1036381475346D-01
 0.1048874078528D-01 0.1061517263263D-01 0.1074312844412D-01 0.1087262658701D-01
 0.1100368564986D-01 0.1113632444518D-01 0.1127056201215D-01 0.1140641761929D-01
 0.1154391076730D-01 0.1168306119178D-01 0.1182388886612D-01 0.1196641400430D-01
 0.1211065706386D-01 0.1225663874873D-01 0.1240438001231D-01 0.1255390206036D-01
 0.1270522635412D-01 0.1285837461333D-01 0.1301336881940D-01 0.1317023121847D-01
 0.1332898432467D-01 0.1348965092331D-01 0.1365225407416D-01 0.1381681711471D-01
 0.1398336366355D-01 0.1415191762375D-01 0.1432250318626D-01 0.1449514483336D-01
 0.1466986734222D-01 0.1484669578837D-01 0.1502565554933D-01 0.1520677230826D-01
 0.1539007205757D-01 0.1557558110270D-01 0.1576332606582D-01 0.1595333388972D-01
 0.1614563184157D-01 0.1634024751689D-01 0.1653720884343D-01 0.1673654408523D-01
 0.1693828184660D-01 0.1714245107625D-01 0.1734908107140D-01 0.1755820148196D-01
 0.1776984231480D-01 0.1798403393800D-01 0.1820080708519D-01 0.1842019285996D-01
 0.1864222274030D-01 0.1886692858305D-01 0.1909434262849D-01 0.1932449750494D-01
 0.1955742623339D-01 0.1979316223221D-01 0.2003173932195D-01 0.2027319173015D-01
 0.2051755409619D-01 0.2076486147626D-01 0.2101514934834D-01 0.2126845361729D-01
 0.2152481061989D-01 0.2178425713013D-01 0.2204683036433D-01 0.2231256798650D-01
 0.2258150811373D-01 0.2285368932155D-01 0.2312915064946D-01 0.2340793160647D-01
 0.2369007217673D-01 0.2397561282521D-01 0.2426459450347D-01 0.2455705865545D-01
 0.2485304722337D-01 0.2515260265372D-01 0.2545576790325D-01 0.2576258644509D-01
 0.2607310227491D-01 0.2638735991720D-01 0.2670540443151D-01 0.2702728141895D-01
 0.2735303702855D-01 0.2768271796387D-01 0.2801637148962D-01 0.2835404543828D-01
 0.2869578821700D-01 0.2904164881434D-01 0.2939167680724D-01 0.2974592236809D-01
 0.3010443627172D-01 0.3046726990269D-01 0.3083447526246D-01 0.3120610497681D-01
 0.3158221230319D-01 0.3196285113834D-01 0.3234807602581D-01 0.3273794216368D-01
 0.3313250541237D-01 0.3353182230246D-01 0.3393595004269D-01 0.3434494652803D-01
 0.3475887034776D-01 0.3517778079377D-01 0.3560173786889D-01 0.3603080229529D-01
 0.3646503552303D-01 0.3690449973869D-01 0.3734925787408D-01 0.3779937361506D-01
 0.3825491141047D-01 0.3871593648117D-01 0.3918251482914D-01 0.3965471324671D-01
 0.4013259932595D-01 0.4061624146803D-01 0.4110570889282D-01 0.4160107164855D-01
 0.4210240062152D-01 0.4260976754604D-01 0.4312324501436D-01 0.4364290648680D-01
 0.4416882630195D-01 0.4470107968698D-01 0.4523974276806D-01 0.4578489258100D-01
 0.4633660708178D-01 0.4689496515745D-01 0.4746004663700D-01 0.4803193230237D-01
 0.4861070389961D-01 0.4919644415014D-01 0.4978923676216D-01 0.5038916644215D-01
 0.5099631890650D-01 0.5161078089330D-01 0.5223264017420D-01 0.5286198556649D-01
 0.5349890694517D-01 0.5414349525529D-01 0.5479584252431D-01 0.5545604187473D-01
 0.5612418753663D-01 0.5680037486060D-01 0.5748470033063D-01 0.5817726157716D-01
 0.5887815739038D-01 0.5958748773347D-01 0.6030535375619D-01 0.6103185780843D-01
 0.6176710345403D-01 0.6251119548467D-01 0.6326423993389D-01 0.6402634409134D-01
 0.6479761651705D-01 0.6557816705598D-01 0.6636810685254D-01 0.6716754836546D-01
 0.6797660538261D-01 0.6879539303613D-01 0.6962402781759D-01 0.7046262759332D-01
 0.7131131161995D-01 0.7217020056004D-01 0.7303941649785D-01 0.7391908295527D-01
 0.7480932490797D-01 0.7571026880156D-01 0.7662204256801D-01 0.7754477564218D-01
 0.7847859897848D-01 0.7942364506773D-01 0.8038004795411D-01 0.8134794325233D-01
 0.8232746816481D-01 0.8331876149921D-01 0.8432196368593D-01 0.8533721679584D-01
 0.8636466455817D-01 0.8740445237845D-01 0.8845672735673D-01 0.8952163830583D-01
 0.9059933576981D-01 0.9168997204249D-01 0.9279370118626D-01 0.9391067905083D-01
 0.9504106329231D-01 0.9618501339231D-01 0.9734269067717D-01 0.9851425833742D-01
 0.9969988144725D-01 0.1008997269842D+00 0.1021139638489D+00 0.1033427628850D+00
 0.1045862968992D+00 0.1058447406814D+00 0.1071182710249D+00 0.1084070667466D+00
 0.1097113087080D+00 0.1110311798352D+00 0.1123668651399D+00 0.1137185517399D+00
 0.1150864288803D+00 0.1164706879541D+00 0.1178715225236D+00 0.1192891283411D+00
 0.1207237033703D+00 0.1221754478074D+00 0.1236445641028D+00 0.1251312569816D+00
 0.1266357334659D+00 0.1281582028956D+00 0.1296988769502D+00 0.1312579696701D+00
 0.1328356974780D+00 0.1344322792006D+00 0.1360479360900D+00 0.1376828918452D+00
 0.1393373726334D+00 0.1410116071115D+00 0.1427058264476D+00 0.1444202643421D+00
 0.1461551570488D+00 0.1479107433966D+00 0.1496872648098D+00 0.1514849653297D+00
 0.1533040916351D+00 0.1551448930628D+00 0.1570076216285D+00 0.1588925320468D+00
 0.1607998817517D+00 0.1627299309161D+00 0.1646829424717D+00 0.1666591821287D+00
 0.1686589183947D+00 0.1706824225933D+00 0.1727299688836D+00 0.1748018342774D+00
 0.1768982986578D+00 0.1790196447963D+00 0.1811661583701D+00 0.1833381279786D+00
 0.1855358451595D+00 0.1877596044046D+00 0.1900097031750D+00 0.1922864419153D+00
 0.1945901240679D+00 0.1969210560861D+00 0.1992795474468D+00 0.2016659106626D+00
 0.2040804612926D+00 0.2065235179532D+00 0.2089954023271D+00 0.2114964391727D+00
 0.2140269563310D+00 0.2165872847330D+00 0.2191777584050D+00 0.2217987144734D+00
 0.2244504931681D+00 0.2271334378249D+00 0.2298478948863D+00 0.2325942139013D+00
 0.2353727475239D+00 0.2381838515096D+00 0.2410278847110D+00 0.2439052090714D+00
 0.2468161896169D+00 0.2497611944467D+00 0.2527405947215D+00 0.2557547646502D+00
 0.2588040814741D+00 0.2618889254498D+00 0.2650096798290D+00 0.2681667308366D+00
 0.2713604676465D+00 0.2745912823539D+00 0.2778595699464D+00 0.2811657282713D+00
 0.2845101580004D+00 0.2878932625918D+00 0.2913154482487D+00 0.2947771238744D+00
 0.2982787010250D+00 0.3018205938572D+00 0.3054032190732D+00 0.3090269958619D+00
 0.3126923458353D+00 0.3163996929615D+00 0.3201494634929D+00 0.3239420858897D+00
 0.3277779907391D+00 0.3316576106689D+00 0.3355813802566D+00 0.3395497359328D+00
 0.3435631158786D+00 0.3476219599177D+00 0.3517267094024D+00 0.3558778070924D+00
 0.3600756970282D+00 0.3643208243963D+00 0.3686136353886D+00 0.3729545770528D+00
 0.3773440971359D+00 0.3817826439195D+00 0.3862706660464D+00 0.3908086123382D+00
 0.3953969316042D+00 0.4000360724397D+00 0.4047264830159D+00 0.4094686108575D+00
 0.4142629026110D+00 0.4191098038006D+00 0.4240097585730D+00 0.4289632094293D+00
 0.4339705969451D+00 0.4390323594756D+00 0.4441489328486D+00 0.4493207500417D+00
 0.4545482408451D+00 0.4598318315082D+00 0.4651719443700D+00 0.4705689974727D+00
 0.4760234041565D+00 0.4815355726369D+00 0.4871059055623D+00 0.4927347995503D+00
 0.4984226447048D+00 0.5041698241094D+00 0.5099767132989D+00 0.5158436797062D+00
 0.5217710820847D+00 0.5277592699041D+00 0.5338085827196D+00 0.5399193495122D+00
 0.5460918879995D+00 0.5523265039155D+00 0.5586234902581D+00 0.5649831265030D+00
 0.5714056777818D+00 0.5778913940238D+00 0.5844405090589D+00 0.5910532396805D+00
 0.5977297846660D+00 0.6044703237539D+00 0.6112750165739D+00 0.6181440015301D+00
 0.6250773946325D+00 0.6320752882775D+00 0.6391377499715D+00 0.6462648209983D+00
 0.6534565150251D+00 0.6607128166458D+00 0.6680336798580D+00 0.6754190264706D+00
 0.6828687444385D+00 0.6903826861212D+00 0.6979606664622D+00 0.7056024610834D+00
 0.7133078042929D+00 0.7210763870002D+00 0.7289078545345D+00 0.7368018043623D+00
 0.7447577836978D+00 0.7527752870023D+00 0.7608537533656D+00 0.7689925637644D+00
 0.7771910381914D+00 0.7854484326481D+00 0.7937639359941D+00 0.8021366666468D+00
 0.8105656691225D+00 0.8190499104106D+00 0.8275882761735D+00 0.8361795667615D+00
 0.8448224930342D+00 0.8535156719769D+00 0.8622576221022D+00 0.8710467586248D+00
 0.8798813883968D+00 0.8887597045916D+00 0.8976797811216D+00 0.9066395667757D+00
 0.9156368790612D+00 0.9246693977331D+00 0.9337346579943D+00 0.9428300433477D+00
 0.9519527780798D+00 0.9610999193572D+00 0.9702683489109D+00 0.9794547642872D+00
 0.9886556696385D+00 0.9978673660290D+00 0.1007085941224D+01 0.1016307258938D+01
 0.1025526947499D+01 0.1034740387908D+01 0.1043942701249D+01 0.1053128735405D+01
 0.1062293051054D+01 0.1071429906886D+01 0.1080533243995D+01 0.1089596669405D+01
 0.1098613438664D+01 0.1107576437452D+01 0.1116478162142D+01 0.1125310699243D+01
 0.1134065703657D+01 0.1142734375666D+01 0.1151307436581D+01 0.1159775102942D+01
 0.1168127059194D+01 0.1176352428723D+01 0.1184439743147D+01 0.1192376908105D+01
 0.1200151173423D+01
                                    0.0000000000000D+00
 1023 0.4083560861307D-01
 0.3489369597626D-12 0.3575631291189D-12 0.3664004837687D-12 0.3754541697093D-12
 0.3847294548619D-12 0.3942317407663D-12 0.4039665552843D-12 0.4139395664997D-12
 0.4241565733344D-12 0.4346235195415D-12 0.4453464928021D-12 0.4563317322318D-12
 0.4675856219416D-12 0.4791147049135D-12 0.4909256858973D-12 0.5030254219454D-12
 0.5154209510788D-12 0.5281194759366D-12 0.5411283674591D-12 0.5544551848386D-12
 0.5681076713563D-12 0.5820937512734D-12 0.5964215475658D-12 0.6110993756139D-12
 0.6261357593418D-12 0.6415394204967D-12 0.6573193076906D-12 0.6734845669832D-12
 0.6900445780081D-12 0.7070089562478D-12 0.7243875394280D-12 0.7421903980975D-12
 0.7604278641298D-12 0.7791105091415D-12 0.7982491617577D-12 0.8178549310230D-12
 0.8379391625583D-12 0.8585135098976D-12 0.8795898881806D-12 0.9011805176217D-12
 0.9232979038749D-12 0.9459548555807D-12 0.9691645058072D-12 0.9929402921803D-12
 0.1017295987451D-11 0.1042245693276D-11 0.1067803863049D-11 0.1093985280310D-11
 0.1120805113763D-11 0.1148278890505D-11 0.1176422499971D-11 0.1205252244458D-11
 0.1234784802278D-11 0.1265037256746D-11 0.1296027116667D-11 0.1327772317265D-11
 0.1360291217564D-11 0.1393602628321D-11 0.1427725811067D-11 0.1462680512238D-11
 0.1498486940515D-11 0.1535165795888D-11 0.1572738294288D-11 0.1611226155573D-11
 0.1650651631075D-11 0.1691037514407D-11 0.1732407136258D-11 0.1774784424940D-11
 0.1818193859190D-11 0.1862660537369D-11 0.1908210134841D-11 0.1954868992971D-11
 0.2002664050279D-11 0.2051622929961D-11 0.2101773916731D-11 0.2153145966823D-11
 0.2205768770266D-11 0.2259672704860D-11 0.2314888916335D-11 0.2371449278001D-11
 0.2429386450287D-11 0.2488733899316D-11 0.2549525885836D-11 0.2611797494731D-11
 0.2675584688174D-11 0.2740924279498D-11 0.2807854004319D-11 0.2876412466630D-11
 0.2946639250509D-11 0.3018574897975D-11 0.3092260891206D-11 0.3167739782073D-11
 0.3245055104787D-11 0.3324251484366D-11 0.3405374599102D-11 0.3488471252390D-11
 0.3573589393140D-11 0.3660778117601D-11 0.3750087718770D-11 0.3841569715100D-11
 0.3935276861950D-11 0.4031263219615D-11 0.4129584132774D-11 0.4230296302601D-11
 0.4333457826694D-11 0.4439128161630D-11 0.4547368242797D-11 0.4658240500009D-11
 0.4771808838371D-11 0.4888138751673D-11 0.5007297271437D-11 0.5129353125125D-11
 0.5254376647037D-11 0.5382439912500D-11 0.5513616739221D-11 0.5647982726702D-11
 0.5785615321548D-11 0.5926593844393D-11 0.6070999532128D-11 0.6218915616718D-11
 0.6370427325910D-11 0.6525621981708D-11 0.6684588984982D-11 0.6847419929762D-11
 0.7014208652730D-11 0.7185051247533D-11 0.7360046109068D-11 0.7539294069874D-11
 0.7722898414389D-11 0.7910964868022D-11 0.8103601792559D-11 0.8300920130236D-11
 0.8503033544683D-11 0.8710058443389D-11 0.8922114072994D-11 0.9139322548423D-11
 0.9361808972992D-11 0.9589701479882D-11 0.9823131299418D-11 0.1006223285525D-10
 0.1030714382533D-10 0.1055800523840D-10 0.1081496155495D-10 0.1107816072154D-10
 0.1134775425930D-10 0.1162389739821D-10 0.1190674915009D-10 0.1219647231788D-10
 0.1249323371382D-10 0.1279720417999D-10 0.1310855868657D-10 0.1342747649227D-10
 0.1375414116835D-10 0.1408874071941D-10 0.1443146779478D-10 0.1478251961598D-10
 0.1514209827981D-10 0.1551041070889D-10 0.1588766891311D-10 0.1627408999596D-10
 0.1666989637170D-10 0.1707531579649D-10 0.1749058159399D-10 0.1791593275723D-10
 0.1835161404404D-10 0.1879787614629D-10 0.1925497591424D-10 0.1972317632296D-10
 0.2020274676788D-10 0.2069396323608D-10 0.2119710833523D-10 0.2171247156725D-10
 0.2224034944006D-10 0.2278104568652D-10 0.2333487135869D-10 0.2390214509732D-10
 0.2448319324058D-10 0.2507835011576D-10 0.2568795803994D-10 0.2631236772242D-10
 0.2695193839861D-10 0.2760703794550D-10 0.2827804320739D-10 0.2896534019071D-10
 0.2966932418853D-10 0.3039040019440D-10 0.3112898291616D-10 0.3188549720869D-10
 0.3266037819684D-10 0.3345407154810D-10 0.3426703375132D-10 0.3509973241896D-10
 0.3595264642737D-10 0.3682626633606D-10 0.3772109458543D-10 0.3863764574629D-10
 0.3957644694799D-10 0.4053803811329D-10 0.4152297221353D-10 0.4253181561000D-10
 0.4356514852125D-10 0.4462356514825D-10 0.4570767407692D-10 0.4681809873757D-10
 0.4795547766684D-10 0.4912046491328D-10 0.5031373024302D-10 0.5153595987485D-10
 0.5278785658625D-10 0.5407014015330D-10 0.5538354789978D-10 0.5672883494504D-10
 0.5810677479729D-10 0.5951815973092D-10 0.6096380124781D-10 0.6244453037462D-10
 0.6396119858307D-10 0.6551467775502D-10 0.6710586101521D-10 0.6873566316037D-10
 0.7040502121796D-10 0.7211489485038D-10 0.7386626698553D-10 0.7566014458341D-10
 0.7749755881218D-10 0.7937956592474D-10 0.8130724793655D-10 0.8328171286719D-10
 0.8530409584926D-10 0.8737555925525D-10 0.8949729401515D-10 0.9167051977912D-10
 0.9389648567102D-10 0.9617647120680D-10 0.9851178701198D-10 0.1009037754655D-09
 0.1033538114122D-09 0.1058633031183D-09 0.1084336931801D-09 0.1110664587919D-09
 0.1137631133775D-09 0.1165252067831D-09 0.1193543266499D-09 0.1222520991106D-09
 0.1252201895365D-09 0.1282603039312D-09 0.1313741895849D-09 0.1345636361958D-09
 0.1378304767781D-09 0.1411765890097D-09 0.1446038959118D-09 0.1481143672608D-09
 0.1517100205815D-09 0.1553929223545D-09 0.1591651891711D-09 0.1630289889962D-09
 0.1669865422696D-09 0.1710401234603D-09 0.1751920621366D-09 0.1794447442902D-09
 0.1838006138833D-09 0.1882621741650D-09 0.1928319891269D-09 0.1975126847577D-09
 0.2023069509841D-09 0.2072175428291D-09 0.2122472823000D-09 0.2173990596462D-09
 0.2226758353849D-09 0.2280806417946D-09 0.2336165846006D-09 0.2392868451643D-09
 0.2450946816961D-09 0.2510434315304D-09 0.2571365129711D-09 0.2633774272417D-09
 0.2697697606382D-09 0.2763171861005D-09 0.2830234659184D-09 0.2898924536884D-09
 0.2969280961867D-09 0.3041344362430D-09 0.3115156146340D-09 0.3190758724083D-09
 0.3268195537622D-09 0.3347511079458D-09 0.3428750926430D-09 0.3511961755297D-09
 0.3597191377494D-09 0.3684488764036D-09 0.3773904072855D-09 0.3865488681484D-09
 0.3959295209823D-09 0.4055377557793D-09 0.4153790927321D-09 0.4254591864844D-09
 0.4357838285311D-09 0.4463589511296D-09 0.4571906301231D-09 0.4682850885869D-09
 0.4796487012420D-09 0.4912879964468D-09 0.5032096619791D-09 0.5154205469302D-09
 0.5279276669129D-09 0.5407382077668D-09 0.5538595294262D-09 0.5672991705614D-09
 0.5810648526129D-09 0.5951644842321D-09 0.6096061656981D-09 0.6243981945707D-09
 0.6395490684343D-09 0.6550674921974D-09 0.6709623812412D-09 0.6872428672895D-09
 0.7039183034325D-09 0.7209982699670D-09 0.7384925792292D-09 0.7564112818811D-09
 0.7747646719476D-09 0.7935632937029D-09 0.8128179466221D-09 0.8325396924530D-09
 0.8527398608815D-09 0.8734300572251D-09 0.8946221669933D-09 0.9163283652757D-09
 0.9385611217362D-09 0.9613332085955D-09 0.9846577078701D-09 0.1008548019085D-08
 0.1033017866647D-08 0.1058081307723D-08 0.1083752740561D-08 0.1110046912559D-08
 0.1136978928961D-08 0.1164564261313D-08 0.1192818756442D-08 0.1221758645458D-08
 0.1251400553078D-08 0.1281761507599D-08 0.1312858949986D-08 0.1344710744421D-08
 0.1377335188129D-08 0.1410751022550D-08 0.1444977443558D-08 0.1480034112271D-08
 0.1515941167043D-08 0.1552719234777D-08 0.1590389442041D-08 0.1628973428905D-08
 0.1668493359135D-08 0.1708971934655D-08 0.1750432408337D-08 0.1792898596521D-08
 0.1836394893137D-08 0.1880946284512D-08 0.1926578362128D-08 0.1973317338896D-08
 0.2021190062832D-08 0.2070224033810D-08 0.2120447418572D-08 0.2171889066264D-08
 0.2224578526964D-08 0.2278546066481D-08 0.2333822685551D-08 0.2390440136012D-08
 0.2448430940486D-08 0.2507828409808D-08 0.2568666663370D-08 0.2630980647980D-08
 0.2694806157445D-08 0.2760179854969D-08 0.2827139291561D-08 0.2895722930142D-08
 0.2965970165792D-08 0.3037921350015D-08 0.3111617812169D-08 0.3187101883941D-08
 0.3264416924672D-08 0.3343607344540D-08 0.3424718631179D-08 0.3507797375868D-08
 0.3592891299015D-08 0.3680049279801D-08 0.3769321381588D-08 0.3860758882860D-08
 0.3954414305015D-08 0.4050341444798D-08 0.4148595402385D-08 0.4249232615131D-08
 0.4352310888670D-08 0.4457889430888D-08 0.4566028886646D-08 0.4676791370195D-08
 0.4790240503723D-08 0.4906441451162D-08 0.5025460958670D-08 0.5147367389881D-08
 0.5272230766952D-08 0.5400122810905D-08 0.5531116981013D-08 0.5665288520622D-08
 0.5802714495018D-08 0.5943473841633D-08 0.6087647410563D-08 0.6235318013622D-08
 0.6386570470698D-08 0.6541491660041D-08 0.6700170565718D-08 0.6862698331087D-08
 0.7029168309742D-08 0.7199676119073D-08 0.7374319696237D-08 0.7553199354986D-08
 0.7736417838964D-08 0.7924080386894D-08 0.8116294789305D-08 0.8313171449585D-08
 0.8514823450399D-08 0.8721366617474D-08 0.8932919584196D-08 0.9149603862473D-08
 0.9371543912247D-08 0.9598867210544D-08 0.9831704327088D-08 0.1007018899892D-07
 0.1031445820581D-07 0.1056465225127D-07 0.1082091483980D-07 0.1108339316379D-07
 0.1135223798405D-07 0.1162760371913D-07 0.1190964853169D-07 0.1219853442243D-07
 0.1249442731914D-07 0.1279749717608D-07 0.1310791806810D-07 0.1342586829359D-07
 0.1375153047506D-07 0.1408509166275D-07 0.1442674344784D-07 0.1477668206343D-07
 0.1513510850642D-07 0.1550222864733D-07 0.1587825334928D-07 0.1626339859050D-07
 0.1665788558802D-07 0.1706194092386D-07 0.1747579667630D-07 0.1789969055198D-07
 0.1833386602469D-07 0.1877857247154D-07 0.1923406531873D-07 0.1970060619002D-07
 0.2017846305154D-07 0.2066791037091D-07 0.2116922927354D-07 0.2168270770043D-07
 0.2220864058124D-07 0.2274732999517D-07 0.2329908535008D-07 0.2386422355887D-07
 0.2444306922047D-07 0.2503595480599D-07 0.2564322085385D-07 0.2626521615886D-07
 0.2690229797846D-07 0.2755483223386D-07 0.2822319372263D-07 0.2890776633232D-07
 0.2960894326225D-07 0.3032712724971D-07 0.3106273079943D-07 0.3181617642123D-07
 0.3258789687546D-07 0.3337833541541D-07 0.3418794605007D-07 0.3501719379753D-07
 0.3586655495534D-07 0.3673651737596D-07 0.3762758074268D-07 0.3854025686015D-07
 0.3947506994745D-07 0.4043255693891D-07 0.4141326779009D-07 0.4241776580077D-07
 0.4344662793008D-07 0.4450044513409D-07 0.4557982270108D-07 0.4668538060283D-07
 0.4781775384909D-07 0.4897759285072D-07 0.5016556379761D-07 0.5138234903581D-07
 0.5262864746555D-07 0.5390517493769D-07 0.5521266466674D-07 0.5655186765523D-07
 0.5792355311779D-07 0.5932850893144D-07 0.6076754208230D-07 0.6224147913140D-07
 0.6375116669055D-07 0.6529747190433D-07 0.6688128295526D-07 0.6850350956994D-07
 0.7016508353733D-07 0.7186695925552D-07 0.7361011426841D-07 0.7539554983492D-07
 0.7722429150046D-07 0.7909738968612D-07 0.8101592029482D-07 0.8298098533108D-07
 0.8499371352607D-07 0.8705526099143D-07 0.8916681188822D-07 0.9132957909854D-07
 0.9354480492528D-07 0.9581376181314D-07 0.9813775306453D-07 0.1005181136052D-06
 0.1029562107401D-06 0.1054534449446D-06 0.1080112506632D-06 0.1106310971420D-06
 0.1133144892703D-06 0.1160629684376D-06 0.1188781134323D-06 0.1217615413362D-06
 0.1247149084659D-06 0.1277399113132D-06 0.1308382875313D-06 0.1340118169258D-06
 0.1372623224746D-06 0.1405916713879D-06 0.1440017761691D-06 0.1474945957192D-06
 0.1510721364641D-06 0.1547364535079D-06 0.1584896518028D-06 0.1623338873844D-06
 0.1662713685771D-06 0.1703043572939D-06 0.1744351703183D-06 0.1786661806450D-06
 0.1829998188363D-06 0.1874385744288D-06 0.1919849973527D-06 0.1966416994135D-06
 0.2014113557772D-06 0.2062967065174D-06 0.2113005581890D-06 0.2164257854403D-06
 0.2216753326697D-06 0.2270522157136D-06 0.2325595235808D-06 0.2382004202357D-06
 0.2439781464026D-06 0.2498960214537D-06 0.2559574452880D-06 0.2621659003150D-06
 0.2685249534306D-06 0.2750382580911D-06 0.2817095564004D-06 0.2885426812660D-06
 0.2955415586104D-06 0.3027102096207D-06 0.3100527530539D-06 0.3175734076267D-06
 0.3252764944327D-06 0.3331664394129D-06 0.3412477759330D-06 0.3495251473659D-06
 0.3580033097654D-06 0.3666871346234D-06 0.3755816116412D-06 0.3846918516301D-06
 0.3940230894367D-06 0.4035806869533D-06 0.4133701362077D-06 0.4233970625356D-06
 0.4336672277953D-06 0.4441865336994D-06 0.4549610252091D-06 0.4659968940139D-06
 0.4773004820914D-06 0.4888782853609D-06 0.5007369574288D-06 0.5128833134080D-06
 0.5253243338607D-06 0.5380671687895D-06 0.5511191417819D-06 0.5644877542154D-06
 0.5781806895712D-06 0.5922058178826D-06 0.6065712002406D-06 0.6212850934532D-06
 0.6363559548127D-06 0.6517924469279D-06 0.6676034427659D-06 0.6837980307337D-06
 0.7003855199176D-06 0.7173754454662D-06 0.7347775740574D-06 0.7526019095565D-06
 0.7708586987701D-06 0.7895584373492D-06 0.8087118758490D-06 0.8283300259255D-06
 0.8484241666831D-06 0.8690058511795D-06 0.8900869131028D-06 0.9116794735697D-06
 0.9337959481554D-06 0.9564490540151D-06 0.9796518172640D-06 0.1003417580459D-05
 0.1027760010331D-05 0.1052693105654D-05 0.1078231205324D-05 0.1104388996655D-05
 0.1131181523851D-05 0.1158624196685D-05 0.1186732799428D-05 0.1215523499941D-05
 0.1245012859015D-05 0.1275217839969D-05 0.1306155818426D-05 0.1337844592369D-05
 0.1370302392429D-05 0.1403547892425D-05 0.1437600220160D-05 0.1472478968507D-05
 0.1508204206707D-05 0.1544796492000D-05 0.1582276881538D-05 0.1620666944540D-05
 0.1659988774808D-05 0.1700265003503D-05 0.1741518812257D-05 0.1783773946615D-05
 0.1827054729762D-05 0.1871386076648D-05 0.1916793508416D-05 0.1963303167202D-05
 0.2010941831300D-05 0.2059736930669D-05 0.2109716562903D-05 0.2160909509462D-05
 0.2213345252443D-05 0.2267053991659D-05 0.2322066662198D-05 0.2378414952383D-05
 0.2436131322197D-05 0.2495249022137D-05 0.2555802112538D-05 0.2617825483424D-05
 0.2681354874758D-05 0.2746426897260D-05 0.2813079053735D-05 0.2881349760876D-05
 0.2951278371662D-05 0.3022905198305D-05 0.3096271535727D-05 0.3171419685624D-05
 0.3248392981183D-05 0.3327235812335D-05 0.3407993651696D-05 0.3490713081078D-05
 0.3575441818771D-05 0.3662228747368D-05 0.3751123942375D-05 0.3842178701517D-05
 0.3935445574735D-05 0.4030978394957D-05 0.4128832309630D-05 0.4229063813075D-05
 0.4331730779535D-05 0.4436892497206D-05 0.4544609702957D-05 0.4654944618073D-05
 0.4767960984739D-05 0.4883724103554D-05 0.5002300871926D-05 0.5123759823423D-05
 0.5248171168182D-05 0.5375606834175D-05 0.5506140509748D-05 0.5639847686939D-05
 0.5776805706207D-05 0.5917093801946D-05 0.6060793149432D-05 0.6207986912821D-05
 0.6358760294305D-05 0.6513200584645D-05 0.6671397214909D-05 0.6833441809454D-05
 0.6999428240418D-05 0.7169452683420D-05 0.7343613674700D-05 0.7522012169894D-05
 0.7704751604026D-05 0.7891937953224D-05 0.8083679797969D-05 0.8280088387832D-05
 0.8481277708060D-05 0.8687364547758D-05 0.8898468569738D-05 0.9114712382388D-05
 0.9336221613097D-05 0.9563124983779D-05 0.9795554388269D-05 0.1003364497172D-04
 0.1027753521192D-04 0.1052736700307D-04 0.1078328574117D-04 0.1104544041221D-04
 0.1131398368218D-04 0.1158907198966D-04 0.1187086564079D-04 0.1215952890664D-04
 0.1245523012314D-04 0.1275814179376D-04 0.1306844069456D-04 0.1338630798239D-04
 0.1371192930558D-04 0.1404549491778D-04 0.1438719979471D-04 0.1473724375390D-04
 0.1509583157780D-04 0.1546317313995D-04 0.1583948353468D-04 0.1622498321003D-04
 0.1661989810452D-04 0.1702445978719D-04 0.1743890560177D-04 0.1786347881443D-04
 0.1829842876566D-04 0.1874401102615D-04 0.1920048755688D-04 0.1966812687367D-04
 0.2014720421592D-04 0.2063800172024D-04 0.2114080859864D-04 0.2165592132146D-04
 0.2218364380565D-04 0.2272428760793D-04 0.2327817212321D-04 0.2384562478886D-04
 0.2442698129411D-04 0.2502258579568D-04 0.2563279113923D-04 0.2625795908688D-04
 0.2689846055119D-04 0.2755467583581D-04 0.2822699488261D-04 0.2891581752599D-04
 0.2962155375434D-04 0.3034462397874D-04 0.3108545930960D-04 0.3184450184096D-04
 0.3262220494282D-04 0.3341903356222D-04 0.3423546453264D-04 0.3507198689249D-04
 0.3592910221281D-04 0.3680732493441D-04 0.3770718271497D-04 0.3862921678619D-04
 0.3957398232150D-04 0.4054204881441D-04 0.4153400046845D-04 0.4255043659811D-04
 0.4359197204236D-04 0.4465923758987D-04 0.4575288041756D-04 0.4687356454196D-04
 0.4802197128433D-04 0.4919879975004D-04 0.5040476732229D-04 0.5164061017113D-04
 0.5290708377798D-04 0.5420496347637D-04 0.5553504500938D-04 0.5689814510449D-04
 0.5829510206619D-04 0.5972677638734D-04 0.6119405137959D-04 0.6269783382380D-04
 0.6423905464132D-04 0.6581866958607D-04 0.6743765995930D-04 0.6909703334730D-04
 0.7079782438257D-04 0.7254109552985D-04 0.7432793789799D-04 0.7615947207802D-04
 0.7803684900887D-04 0.7996125087191D-04 0.8193389201483D-04 0.8395601990649D-04
 0.8602891612359D-04 0.8815389737094D-04 0.9033231653559D-04 0.9256556377714D-04
 0.9485506765550D-04 0.9720229629636D-04 0.9960875859805D-04 0.1020760054794D-03
 0.1046056311708D-03 0.1071992745514D-03 0.1098586205322D-03 0.1125854014882D-03
 0.1153813987425D-03 0.1182484441009D-03 0.1211884214443D-03 0.1242032683763D-03
 0.1272949779315D-03 0.1304656003452D-03 0.1337172448887D-03 0.1370520817714D-03
 0.1404723441129D-03 0.1439803299891D-03 0.1475784045535D-03 0.1512690022394D-03
 0.1550546290438D-03 0.1589378648983D-03 0.1629213661307D-03 0.1670078680198D-03
 0.1712001874492D-03 0.1755012256634D-03 0.1799139711309D-03 0.1844415025195D-03
 0.1890869917876D-03 0.1938537073980D-03 0.1987450176594D-03 0.2037643942003D-03
 0.2089154155825D-03 0.2142017710600D-03 0.2196272644905D-03 0.2251958184048D-03
 0.2309114782439D-03 0.2367784167693D-03 0.2428009386560D-03 0.2489834852761D-03
 0.2553306396815D-03 0.2618471317960D-03 0.2685378438265D-03 0.2754078159029D-03
 0.2824622519584D-03 0.2897065258615D-03 0.2971461878116D-03 0.3047869710113D-03
 0.3126347986289D-03 0.3206957910635D-03 0.3289762735313D-03 0.3374827839844D-03
 0.3462220813820D-03 0.3552011543294D-03 0.3644272301040D-03 0.3739077840882D-03
 0.3836505496276D-03 0.3936635283385D-03 0.4039550008859D-03 0.4145335382556D-03
 0.4254080135478D-03 0.4365876143163D-03 0.4480818554830D-03 0.4599005928575D-03
 0.4720540372932D-03 0.4845527695116D-03 0.4974077556328D-03 0.5106303634470D-03
 0.5242323794671D-03 0.5382260268041D-03 0.5526239839087D-03 0.5674394042269D-03
 0.5826859368164D-03 0.5983777479790D-03 0.6145295439612D-03 0.6311565947834D-03
 0.6482747592599D-03 0.6659005112715D-03 0.6840509673673D-03 0.7027439157611D-03
 0.7219978468075D-03 0.7418319850366D-03 0.7622663228363D-03 0.7833216558767D-03
 0.8050196203733D-03 0.8273827322969D-03 0.8504344286394D-03 0.8741991108570D-03
 0.8987021906138D-03 0.9239701379626D-03 0.9500305321043D-03 0.9769121148773D-03
 0.1004644847139D-02 0.1033259968209D-02 0.1062790058563D-02 0.1093269105958D-02
 0.1124732575219D-02 0.1157217481880D-02 0.1190762469937D-02 0.1225407893953D-02
 0.1261195905788D-02 0.1298170546227D-02 0.1336377841830D-02 0.1375865907310D-02
 0.1416685053796D-02 0.1458887903348D-02 0.1502529510119D-02 0.1547667488585D-02
 0.1594362149303D-02 0.1642676642665D-02 0.1692677111174D-02 0.1744432850798D-02
 0.1798016481980D-02 0.1853504130950D-02 0.1910975622004D-02 0.1970514681491D-02
 0.2032209154266D-02 0.2096151233468D-02 0.2162437704489D-02 0.2231170204110D-02
 0.2302455495835D-02 0.2376405762515D-02 0.2453138917452D-02 0.2532778935261D-02
 0.2615456203854D-02 0.2701307899017D-02 0.2790478383153D-02 0.2883119629908D-02
 0.2979391676492D-02 0.3079463105668D-02 0.3183511559539D-02 0.3291724287391D-02
 0.3404298730074D-02 0.3521443143560D-02 0.3643377264532D-02 0.3770333021085D-02
 0.3902555291870D-02 0.4040302717253D-02 0.4183848566373D-02 0.4333481664271D-02
 0.4489507383608D-02 0.4652248705864D-02 0.4822047357268D-02 0.4999265025198D-02
 0.5184284661197D-02 0.5377511877298D-02 0.5579376442891D-02 0.5790333889958D-02
 0.6010867235155D-02 0.6241488827953D-02 0.6482742334781D-02 0.6735204869999D-02
 0.6999489285414D-02 0.7276246631059D-02 0.7566168801056D-02 0.7869991379549D-02
 0.8188496703001D-02 0.8522517156552D-02 0.8872938723684D-02 0.9240704810092D-02
 0.9626820364533D-02 0.1003235632140D-01 0.1045845439191D-01 0.1090633223338D-01
 0.1137728902825D-01 0.1187271150799D-01 0.1239408045946D-01 0.1294297775526D-01
 0.1352109395298D-01 0.1413023651254D-01 0.1477233868507D-01 0.1544946913194D-01
 0.1616384233752D-01 0.1691782988545D-01 0.1771397267436D-01 0.1855499415599D-01
 0.1944381468644D-01 0.2038356708954D-01 0.2137761354057D-01 0.2242956388845D-01
 0.2354329554589D-01 0.2472297508837D-01 0.2597308171669D-01 0.2729843275170D-01
 0.2870421134577D-01 0.3019599661283D-01 0.3177979639745D-01 0.3346208292426D-01
 0.3524983159120D-01 0.3715056319484D-01 0.3917238990291D-01 0.4132406567573D-01
 0.4361503978890D-01 0.4603707670263D-01 0.4857925190090D-01 0.5124781208550D-01
 0.5404939031627D-01 0.5699103373062D-01 0.6008023347368D-01 0.6332495702576D-01
 0.6673368313019D-01 0.7031543954222D-01 0.7407984383904D-01 0.7803714755166D-01
 0.8219828390254D-01 0.8657491945730D-01 0.9117951002592D-01 0.9602536117825D-01
 0.1011266937704D+00 0.1064987149133D+00 0.1121576948523D+00 0.1181210502681D+00
 0.1244074345530D+00 0.1310368356663D+00 0.1380306822231D+00
    0    0
 LSMS:           Va     z=  0.    xvalws=   0.04251
   0.                      2.34260   0. 0.2233704493661D+00
                 -0.1113096740000D+02 0.8512608760726D+00 1001 1023
 0.8992827448365D-05 0.9100943961726D-05 0.9210363807898D-05 0.9321102701005D-05
 0.9433176544560D-05 0.9546601424346D-05 0.9661393630153D-05 0.9777569637941D-05
 0.9895146133122D-05 0.1001413999221D-04 0.1013456830308D-04 0.1025644835071D-04
 0.1037979764095D-04 0.1050463387796D-04 0.1063097499493D-04 0.1075883911535D-04
 0.1088824460871D-04 0.1101921005760D-04 0.1115175425328D-04 0.1128589623692D-04
 0.1142165525914D-04 0.1155905081955D-04 0.1169810264128D-04 0.1183883068314D-04
 0.1198125516171D-04 0.1212539652078D-04 0.1227127544874D-04 0.1241891290077D-04
 0.1256833006665D-04 0.1271954840082D-04 0.1287258961688D-04 0.1302747568403D-04
 0.1318422883978D-04 0.1334287159634D-04 0.1350342672792D-04 0.1366591728255D-04
 0.1383036659119D-04 0.1399679826793D-04 0.1416523620493D-04 0.1433570458875D-04
 0.1450822789124D-04 0.1468283088849D-04 0.1485953864041D-04 0.1503837652349D-04
 0.1521937021337D-04 0.1540254569532D-04 0.1558792927270D-04 0.1577554755917D-04
 0.1596542748796D-04 0.1615759632663D-04 0.1635208166473D-04 0.1654891142862D-04
 0.1674811386986D-04 0.1694971759839D-04 0.1715375155430D-04 0.1736024503207D-04
 0.1756922767852D-04 0.1778072950087D-04 0.1799478086483D-04 0.1821141250209D-04
 0.1843065551577D-04 0.1865254138631D-04 0.1887710196993D-04 0.1910436950261D-04
 0.1933437662336D-04 0.1956715634459D-04 0.1980274209890D-04 0.2004116770789D-04
 0.2028246739972D-04 0.2052667582084D-04 0.2077382803085D-04 0.2102395952406D-04
 0.2127710620454D-04 0.2153330441797D-04 0.2179259094991D-04 0.2205500303166D-04
 0.2232057833228D-04 0.2258935498762D-04 0.2286137158365D-04 0.2313666717534D-04
 0.2341528129124D-04 0.2369725393710D-04 0.2398262558618D-04 0.2427143721272D-04
 0.2456373029321D-04 0.2485954678964D-04 0.2515892916525D-04 0.2546192041094D-04
 0.2576856403664D-04 0.2607890405713D-04 0.2639298502896D-04 0.2671085205618D-04
 0.2703255076869D-04 0.2735812735618D-04 0.2768762856665D-04 0.2802110170833D-04
 0.2835859465806D-04 0.2870015586495D-04 0.2904583438036D-04 0.2939567982578D-04
 0.2974974243958D-04 0.3010807304745D-04 0.3047072310747D-04 0.3083774467162D-04
 0.3120919045032D-04 0.3158511376800D-04 0.3196556859767D-04 0.3235060956341D-04
 0.3274029194932D-04 0.3313467169797D-04 0.3353380544913D-04 0.3393775048830D-04
 0.3434656482102D-04 0.3476030714537D-04 0.3517903685981D-04 0.3560281409066D-04
 0.3603169967311D-04 0.3646575518987D-04 0.3690504296135D-04 0.3734962605887D-04
 0.3779956830510D-04 0.3825493431016D-04 0.3871578945385D-04 0.3918219989730D-04
 0.3965423261284D-04 0.4013195536269D-04 0.4061543674659D-04 0.4110474617405D-04
 0.4159995390083D-04 0.4210113102471D-04 0.4260834950823D-04 0.4312168216852D-04
 0.4364120270656D-04 0.4416698571925D-04 0.4469910669624D-04 0.4523764202929D-04
 0.4578266904252D-04 0.4633426599394D-04 0.4689251207052D-04 0.4745748743183D-04
 0.4802927318861D-04 0.4860795143467D-04 0.4919360525568D-04 0.4978631873760D-04
 0.5038617698171D-04 0.5099326610751D-04 0.5160767328247D-04 0.5222948672042D-04
 0.5285879569822D-04 0.5349569056317D-04 0.5414026276747D-04 0.5479260484822D-04
 0.5545281047293D-04 0.5612097441997D-04 0.5679719263485D-04 0.5748156219724D-04
 0.5817418136966D-04 0.5887514959103D-04 0.5958456750511D-04 0.6030253697101D-04
 0.6102916106515D-04 0.6176454411567D-04 0.6250879170634D-04 0.6326201069369D-04
 0.6402430921679D-04 0.6479579673041D-04 0.6557658399606D-04 0.6636678311885D-04
 0.6716650754877D-04 0.6797587210302D-04 0.6879499300087D-04 0.6962398783123D-04
 0.7046297562774D-04 0.7131207684499D-04 0.7217141339406D-04 0.7304110865433D-04
 0.7392128748887D-04 0.7481207627871D-04 0.7571360291339D-04 0.7662599683359D-04
 0.7754938902329D-04 0.7848391208138D-04 0.7942970016614D-04 0.8038688907699D-04
 0.8135561623590D-04 0.8233602073414D-04 0.8332824333484D-04 0.8433242649310D-04
 0.8534871438402D-04 0.8637725292640D-04 0.8741818978680D-04 0.8847167442377D-04
 0.8953785809295D-04 0.9061689387107D-04 0.9170893667261D-04 0.9281414330018D-04
 0.9393267242718D-04 0.9506468464968D-04 0.9621034250089D-04 0.9736981046102D-04
 0.9854325500195D-04 0.9973084460795D-04 0.1009327497847D-03 0.1021491430962D-03
 0.1033801991876D-03 0.1046260948033D-03 0.1058870088299D-03 0.1071631223042D-03
 0.1084546184360D-03 0.1097616826656D-03 0.1110845026444D-03 0.1124232683071D-03
 0.1137781718519D-03 0.1151494078245D-03 0.1165371730975D-03 0.1179416669157D-03
 0.1193630909337D-03 0.1208016492310D-03 0.1222575483518D-03 0.1237309973231D-03
 0.1252222077035D-03 0.1267313935849D-03 0.1282587716602D-03 0.1298045612134D-03
 0.1313689841843D-03 0.1329522651948D-03 0.1345546315541D-03 0.1361763133249D-03
 0.1378175433454D-03 0.1394785572549D-03 0.1411595935266D-03 0.1428608935332D-03
 0.1445827015218D-03 0.1463252647100D-03 0.1480888332860D-03 0.1498736604557D-03
 0.1516800024759D-03 0.1535081186968D-03 0.1553582715829D-03 0.1572307267805D-03
 0.1591257531207D-03 0.1610436226875D-03 0.1629846108376D-03 0.1649489962468D-03
 0.1669370609606D-03 0.1689490904070D-03 0.1709853734702D-03 0.1730462025116D-03
 0.1751318734091D-03 0.1772426856223D-03 0.1793789422034D-03 0.1815409498746D-03
 0.1837290190420D-03 0.1859434638645D-03 0.1881846022703D-03 0.1904527560447D-03
 0.1927482508361D-03 0.1950714162137D-03 0.1974225857339D-03 0.1998020969671D-03
 0.2022102915548D-03 0.2046475152483D-03 0.2071141179786D-03 0.2096104538879D-03
 0.2121368813834D-03 0.2146937632061D-03 0.2172814664564D-03 0.2199003626673D-03
 0.2225508278524D-03 0.2252332425487D-03 0.2279479918809D-03 0.2306954656296D-03
 0.2334760582578D-03 0.2362901689921D-03 0.2391382018750D-03 0.2420205658058D-03
 0.2449376746287D-03 0.2478899471644D-03 0.2508778072873D-03 0.2539016839855D-03
 0.2569620114130D-03 0.2600592289440D-03 0.2631937812843D-03 0.2663661184612D-03
 0.2695766959579D-03 0.2728259747252D-03 0.2761144212890D-03 0.2794425077757D-03
 0.2828107120262D-03 0.2862195176366D-03 0.2896694140213D-03 0.2931608964988D-03
 0.2966944663638D-03 0.3002706309516D-03 0.3038899037075D-03 0.3075528042782D-03
 0.3112598585584D-03 0.3150115987947D-03 0.3188085636394D-03 0.3226512982452D-03
 0.3265403543511D-03 0.3304762903048D-03 0.3344596712195D-03 0.3384910690181D-03
 0.3425710625065D-03 0.3467002374693D-03 0.3508791867553D-03 0.3551085103603D-03
 0.3593888155067D-03 0.3637207167569D-03 0.3681048360477D-03 0.3725418028349D-03
 0.3770322541661D-03 0.3815768347543D-03 0.3861761970902D-03 0.3908310015306D-03
 0.3955419163901D-03 0.4003096180425D-03 0.4051347910090D-03 0.4100181280702D-03
 0.4149603303493D-03 0.4199621074284D-03 0.4250241774403D-03 0.4301472671737D-03
 0.4353321121753D-03 0.4405794568672D-03 0.4458900546367D-03 0.4512646679511D-03
 0.4567040684786D-03 0.4622090371809D-03 0.4677803644405D-03 0.4734188501575D-03
 0.4791253038814D-03 0.4849005449221D-03 0.4907454024656D-03 0.4966607156752D-03
 0.5026473338584D-03 0.5087061165419D-03 0.5148379336212D-03 0.5210436654688D-03
 0.5273242030811D-03 0.5336804481870D-03 0.5401133133822D-03 0.5466237222760D-03
 0.5532126095991D-03 0.5598809213566D-03 0.5666296149558D-03 0.5734596593283D-03
 0.5803720351239D-03 0.5873677347715D-03 0.5944477626893D-03 0.6016131353932D-03
 0.6088648816588D-03 0.6162040426515D-03 0.6236316721027D-03 0.6311488364345D-03
 0.6387566149185D-03 0.6464560998515D-03 0.6542483966964D-03 0.6621346242254D-03
 0.6701159147099D-03 0.6781934140661D-03 0.6863682820289D-03 0.6946416923024D-03
 0.7030148327499D-03 0.7114889055342D-03 0.7200651273483D-03 0.7287447295020D-03
 0.7375289581889D-03 0.7464190745997D-03 0.7554163551365D-03 0.7645220915962D-03
 0.7737375913246D-03 0.7830641774497D-03 0.7925031890331D-03 0.8020559812943D-03
 0.8117239257660D-03 0.8215084105362D-03 0.8314108404107D-03 0.8414326371350D-03
 0.8515752395950D-03 0.8618401040085D-03 0.8722287041696D-03 0.8827425316184D-03
 0.8933830958815D-03 0.9041519246784D-03 0.9150505641507D-03 0.9260805790770D-03
 0.9372435530874D-03 0.9485410889068D-03 0.9599748085924D-03 0.9715463537408D-03
 0.9832573857353D-03 0.9951095859914D-03 0.1007104656193D-02 0.1019244318537D-02
 0.1031530315976D-02 0.1043964412476D-02 0.1056548393264D-02 0.1069284065091D-02
 0.1082173256477D-02 0.1095217817995D-02 0.1108419622522D-02 0.1121780565508D-02
 0.1135302565251D-02 0.1148987563178D-02 0.1162837524116D-02 0.1176854436567D-02
 0.1191040313020D-02 0.1205397190208D-02 0.1219927129428D-02 0.1234632216813D-02
 0.1249514563647D-02 0.1264576306669D-02 0.1279819608368D-02 0.1295246657304D-02
 0.1310859668409D-02 0.1326660883330D-02 0.1342652570727D-02 0.1358837026602D-02
 0.1375216574643D-02 0.1391793566547D-02 0.1408570382347D-02 0.1425549430776D-02
 0.1442733149611D-02 0.1460124005993D-02 0.1477724496816D-02 0.1495537149071D-02
 0.1513564520208D-02 0.1531809198507D-02 0.1550273803441D-02 0.1568960986061D-02
 0.1587873429394D-02 0.1607013848771D-02 0.1626384992284D-02 0.1645989641143D-02
 0.1665830610074D-02 0.1685910747747D-02 0.1706232937168D-02 0.1726800096073D-02
 0.1747615177408D-02 0.1768681169675D-02 0.1790001097425D-02 0.1811578021654D-02
 0.1833415040271D-02 0.1855515288510D-02 0.1877881939415D-02 0.1900518204255D-02
 0.1923427333036D-02 0.1946612614912D-02 0.1970077378713D-02 0.1993824993368D-02
 0.2017858868434D-02 0.2042182454564D-02 0.2066799243998D-02 0.2091712771084D-02
 0.2116926612755D-02 0.2142444389083D-02 0.2168269763759D-02 0.2194406444642D-02
 0.2220858184289D-02 0.2247628780485D-02 0.2274722076805D-02 0.2302141963138D-02
 0.2329892376269D-02 0.2357977300445D-02 0.2386400767929D-02 0.2415166859596D-02
 0.2444279705504D-02 0.2473743485504D-02 0.2503562429821D-02 0.2533740819680D-02
 0.2564282987908D-02 0.2595193319566D-02 0.2626476252551D-02 0.2658136278285D-02
 0.2690177942306D-02 0.2722605844953D-02 0.2755424642017D-02 0.2788639045409D-02
 0.2822253823835D-02 0.2856273803485D-02 0.2890703868727D-02 0.2925548962793D-02
 0.2960814088512D-02 0.2996504309010D-02 0.3032624748445D-02 0.3069180592740D-02
 0.3106177090334D-02 0.3143619552923D-02 0.3181513356229D-02 0.3219863940775D-02
 0.3258676812660D-02 0.3297957544359D-02 0.3337711775509D-02 0.3377945213730D-02
 0.3418663635438D-02 0.3459872886679D-02 0.3501578883960D-02 0.3543787615105D-02
 0.3586505140130D-02 0.3629737592066D-02 0.3673491177894D-02 0.3717772179402D-02
 0.3762586954099D-02 0.3807941936121D-02 0.3853843637164D-02 0.3900298647411D-02
 0.3947313636472D-02 0.3994895354368D-02 0.4043050632465D-02 0.4091786384476D-02
 0.4141109607452D-02 0.4191027382776D-02 0.4241546877189D-02 0.4292675343821D-02
 0.4344420123218D-02 0.4396788644404D-02 0.4449788425966D-02 0.4503427077090D-02
 0.4557712298690D-02 0.4612651884507D-02 0.4668253722203D-02 0.4724525794540D-02
 0.4781476180471D-02 0.4839113056337D-02 0.4897444697033D-02 0.4956479477196D-02
 0.5016225872383D-02 0.5076692460336D-02 0.5137887922155D-02 0.5199821043602D-02
 0.5262500716306D-02 0.5325935939090D-02 0.5390135819233D-02 0.5455109573773D-02
 0.5520866530840D-02 0.5587416131008D-02 0.5654767928628D-02 0.5722931593210D-02
 0.5791916910795D-02 0.5861733785392D-02 0.5932392240360D-02 0.6003902419882D-02
 0.6076274590391D-02 0.6149519142061D-02 0.6223646590298D-02 0.6298667577238D-02
 0.6374592873286D-02 0.6451433378641D-02 0.6529200124886D-02 0.6607904276565D-02
 0.6687557132763D-02 0.6768170128751D-02 0.6849754837617D-02 0.6932322971937D-02
 0.7015886385432D-02 0.7100457074691D-02 0.7186047180878D-02 0.7272668991490D-02
 0.7360334942096D-02 0.7449057618148D-02 0.7538849756763D-02 0.7629724248560D-02
 0.7721694139515D-02 0.7814772632815D-02 0.7908973090779D-02 0.8004309036748D-02
 0.8100794157029D-02 0.8198442302880D-02 0.8297267492463D-02 0.8397283912884D-02
 0.8498505922219D-02 0.8600948051554D-02 0.8704625007101D-02 0.8809551672277D-02
 0.8915743109859D-02 0.9023214564142D-02 0.9131981463107D-02 0.9242059420648D-02
 0.9353464238820D-02 0.9466211910084D-02 0.9580318619602D-02 0.9695800747583D-02
 0.9812674871590D-02 0.9930957768960D-02 0.1005066641917D-01 0.1017181800630D-01
 0.1029442992149D-01 0.1041851976541D-01 0.1054410535081D-01 0.1067120470506D-01
 0.1079983607275D-01 0.1093001791827D-01 0.1106176892850D-01 0.1119510801546D-01
 0.1133005431900D-01 0.1146662720960D-01 0.1160484629109D-01 0.1174473140350D-01
 0.1188630262587D-01 0.1202958027913D-01 0.1217458492907D-01 0.1232133738917D-01
 0.1246985872369D-01 0.1262017025063D-01 0.1277229354480D-01 0.1292625044091D-01
 0.1308206303669D-01 0.1323975369606D-01 0.1339934505233D-01 0.1356086001144D-01
 0.1372432175522D-01 0.1388975374476D-01 0.1405717972371D-01 0.1422662372171D-01
 0.1439811005783D-01 0.1457166334404D-01 0.1474730848872D-01 0.1492507070025D-01
 0.1510497549061D-01 0.1528704867901D-01 0.1547131639560D-01 0.1565780508522D-01
 0.1584654151114D-01 0.1603755275894D-01 0.1623086624033D-01 0.1642650969712D-01
 0.1662451120515D-01 0.1682489917831D-01 0.1702770237262D-01 0.1723294989029D-01
 0.1744067118397D-01 0.1765089606086D-01 0.1786365468701D-01 0.1807897759165D-01
 0.1829689567152D-01 0.1851744019529D-01 0.1874064280802D-01 0.1896653553570D-01
 0.1919515078980D-01 0.1942652137189D-01 0.1966068047836D-01 0.1989766170510D-01
 0.2013749905235D-01 0.2038022692950D-01 0.2062588016004D-01 0.2087449398649D-01
 0.2112610407545D-01 0.2138074652269D-01 0.2163845785825D-01 0.2189927505169D-01
 0.2216323551735D-01 0.2243037711968D-01 0.2270073817859D-01 0.2297435747498D-01
 0.2325127425620D-01 0.2353152824167D-01 0.2381515962851D-01 0.2410220909730D-01
 0.2439271781779D-01 0.2468672745484D-01 0.2498428017429D-01 0.2528541864898D-01
 0.2559018606478D-01 0.2589862612677D-01 0.2621078306543D-01 0.2652670164290D-01
 0.2684642715936D-01 0.2717000545945D-01 0.2749748293877D-01 0.2782890655047D-01
 0.2816432381192D-01 0.2850378281140D-01 0.2884733221496D-01 0.2919502127329D-01
 0.2954689982872D-01 0.2990301832225D-01 0.3026342780069D-01 0.3062817992390D-01
 0.3099732697208D-01 0.3137092185317D-01 0.3174901811032D-01 0.3213166992945D-01
 0.3251893214693D-01 0.3291086025728D-01 0.3330751042100D-01 0.3370893947255D-01
 0.3411520492828D-01 0.3452636499460D-01 0.3494247857614D-01 0.3536360528404D-01
 0.3578980544437D-01 0.3622114010659D-01 0.3665767105213D-01 0.3709946080307D-01
 0.3754657263093D-01 0.3799907056555D-01 0.3845701940404D-01 0.3892048471990D-01
 0.3938953287221D-01 0.3986423101486D-01 0.4034464710603D-01 0.4083084991763D-01
 0.4132290904494D-01 0.4182089491632D-01 0.4232487880303D-01 0.4283493282920D-01
 0.4335112998183D-01 0.4387354412101D-01 0.4440224999014D-01 0.4493732322639D-01
 0.4547884037114D-01 0.4602687888064D-01 0.4658151713675D-01 0.4714283445782D-01
 0.4771091110962D-01 0.4828582831648D-01 0.4886766827254D-01 0.4945651415304D-01
 0.5005245012583D-01 0.5065556136297D-01 0.5126593405243D-01 0.5188365540999D-01
 0.5250881369116D-01 0.5314149820332D-01 0.5378179931798D-01 0.5442980848312D-01
 0.5508561823570D-01 0.5574932221432D-01 0.5642101517198D-01 0.5710079298896D-01
 0.5778875268594D-01 0.5848499243706D-01 0.5918961158338D-01 0.5990271064624D-01
 0.6062439134090D-01 0.6135475659025D-01 0.6209391053874D-01 0.6284195856636D-01
 0.6359900730282D-01 0.6436516464189D-01 0.6514053975580D-01 0.6592524310991D-01
 0.6671938647741D-01 0.6752308295422D-01 0.6833644697407D-01 0.6915959432364D-01
 0.6999264215795D-01 0.7083570901583D-01 0.7168891483556D-01 0.7255238097064D-01
 0.7342623020578D-01 0.7431058677297D-01 0.7520557636769D-01 0.7611132616539D-01
 0.7702796483794D-01 0.7795562257041D-01 0.7889443107788D-01 0.7984452362247D-01
 0.8080603503048D-01 0.8177910170971D-01 0.8276386166692D-01 0.8376045452544D-01
 0.8476902154295D-01 0.8578970562939D-01 0.8682265136501D-01 0.8786800501864D-01
 0.8892591456599D-01 0.8999652970819D-01 0.9108000189051D-01 0.9217648432107D-01
 0.9328613198988D-01 0.9440910168791D-01 0.9554555202632D-01 0.9669564345587D-01
 0.9785953828642D-01 0.9903740070666D-01 0.1002293968038D+00 0.1014356945836D+00
 0.1026564639903D+00 0.1038918769272D+00 0.1051421072764D+00 0.1064073309197D+00
 0.1076877257590D+00 0.1089834717371D+00 0.1102947508582D+00 0.1116217472092D+00
 0.1129646469806D+00 0.1143236384875D+00 0.1156989121910D+00 0.1170906607193D+00
 0.1184990788894D+00 0.1199243637283D+00 0.1213667144950D+00 0.1228263327016D+00
 0.1243034221355D+00 0.1257981888809D+00 0.1273108413408D+00 0.1288415902589D+00
 0.1303906487413D+00 0.1319582322788D+00 0.1335445587686D+00 0.1351498485366D+00
 0.1367743243590D+00 0.1384182114850D+00 0.1400817376579D+00 0.1417651331379D+00
 0.1434686307237D+00 0.1451924657744D+00 0.1469368762314D+00 0.1487021026404D+00
 0.1504883881726D+00 0.1522959786470D+00 0.1541251225513D+00 0.1559760710637D+00
 0.1578490780740D+00 0.1597444002047D+00 0.1616622968321D+00 0.1636030301065D+00
 0.1655668649737D+00 0.1675540691944D+00 0.1695649133646D+00 0.1715996709356D+00
 0.1736586182333D+00 0.1757420344772D+00 0.1778502017998D+00 0.1799834052646D+00
 0.1821419328846D+00 0.1843260756396D+00 0.1865361274937D+00 0.1887723854124D+00
 0.1910351493781D+00 0.1933247224066D+00 0.1956414105619D+00 0.1979855229708D+00
 0.2003573718372D+00 0.2027572724549D+00 0.2051855432202D+00 0.2076425056443D+00
 0.2101284843633D+00 0.2126438071495D+00 0.2151888049195D+00 0.2177638117436D+00
 0.2203691648523D+00 0.2230052046431D+00 0.2256722746856D+00 0.2283707217254D+00
 0.2311008956871D+00 0.2338631496760D+00 0.2366578399780D+00 0.2394853260587D+00
 0.2423459705607D+00 0.2452401392994D+00 0.2481682012574D+00 0.2511305285767D+00
 0.2541274965498D+00 0.2571594836083D+00 0.2602268713099D+00 0.2633300443237D+00
 0.2664693904123D+00 0.2696453004130D+00 0.2728581682154D+00 0.2761083907378D+00
 0.2793963679001D+00 0.2827225025941D+00 0.2860872006521D+00 0.2894908708107D+00
 0.2929339246736D+00 0.2964167766696D+00 0.2999398440084D+00 0.3035035466322D+00
 0.3071083071640D+00 0.3107545508522D+00 0.3144427055113D+00 0.3181732014580D+00
 0.3219464714438D+00 0.3257629505823D+00 0.3296230762729D+00 0.3335272881182D+00
 0.3374760278377D+00 0.3414697391756D+00 0.3455088678029D+00 0.3495938612142D+00
 0.3537251686183D+00 0.3579032408225D+00 0.3621285301105D+00 0.3664014901134D+00
 0.3707225756739D+00 0.3750922427028D+00 0.3795109480279D+00 0.3839791492353D+00
 0.3884973045016D+00 0.3930658724181D+00 0.3976853118055D+00 0.4023560815198D+00
 0.4070786402472D+00 0.4118534462901D+00 0.4166809573414D+00 0.4215616302483D+00
 0.4264959207641D+00 0.4314842832884D+00 0.4365271705941D+00 0.4416250335414D+00
 0.4467783207791D+00 0.4519874784299D+00 0.4572529497627D+00 0.4625751748478D+00
 0.4679545901972D+00 0.4733916283874D+00 0.4788867176648D+00 0.4844402815329D+00
 0.4900527383208D+00 0.4957245007306D+00 0.5014559753660D+00 0.5072475622374D+00
 0.5130996542456D+00 0.5190126366418D+00 0.5249868864629D+00 0.5310227719412D+00
 0.5371206518877D+00 0.5432808750472D+00 0.5495037794246D+00 0.5557896915810D+00
 0.5621389258973D+00 0.5685517838062D+00 0.5750285529883D+00 0.5815695065327D+00
 0.5881749020605D+00 0.5948449808076D+00 0.6015799666683D+00 0.6083800651939D+00
 0.6152454625482D+00 0.6221763244151D+00 0.6291727948575D+00 0.6362349951248D+00
 0.6433630224067D+00 0.6505569485315D+00 0.6578168186047D+00 0.6651426495871D+00
 0.6725344288083D+00 0.6799921124126D+00 0.6875156237348D+00 0.6951048516022D+00
 0.7027596485590D+00 0.7104798290100D+00 0.7182651672791D+00 0.7261153955790D+00
 0.7340302018878D+00 0.7420092277267D+00 0.7500520658366D+00 0.7581582577456D+00
 0.7663272912237D+00 0.7745585976196D+00 0.7828515490717D+00 0.7912054555886D+00
 0.7996195619923D+00 0.8080930447160D+00 0.8166250084508D+00 0.8252144826317D+00
 0.8338604177554D+00 0.8425616815222D+00 0.8513170547899D+00 0.8601252273330D+00
 0.8689847933949D+00 0.8778942470218D+00 0.8868519771682D+00 0.8958562625601D+00
 0.9049052663031D+00 0.9139970302217D+00 0.9231294689147D+00 0.9323003635105D+00
 0.9415073551060D+00 0.9507479378714D+00 0.9600194518006D+00 0.9693190750888D+00
 0.9786438161140D+00 0.9879905050003D+00 0.9973557847381D+00 0.1006736101836D+01
 0.1016127696473D+01 0.1025526592127D+01 0.1034928584643D+01 0.1044329230708D+01
 0.1053723835694D+01 0.1063107440838D+01 0.1072474809706D+01 0.1081820413904D+01
 0.1091138417985D+01 0.1100422663501D+01 0.1109666652140D+01 0.1118863527900D+01
 0.1128006058223D+01 0.1137086614022D+01 0.1146097148540D+01 0.1155029174940D+01
 0.1163873742555D+01 0.1172621411702D+01 0.1181262226952D+01 0.1189785687130D+01
 0.1198180719864D+01
                                    0.0000000000000D+00
 1023 0.4251489934459D-01
 0.5046198940906D-12 0.5170222194418D-12 0.5297273194099D-12 0.5427425567142D-12
 0.5560754818570D-12 0.5697338265673D-12 0.5837254996016D-12 0.5980586194682D-12
 0.6127414871924D-12 0.6277826146888D-12 0.6431907132554D-12 0.6589747114016D-12
 0.6751437524207D-12 0.6917072034208D-12 0.7086746554540D-12 0.7260559318325D-12
 0.7438611034468D-12 0.7621004798395D-12 0.7807846124314D-12 0.7999243205244D-12
 0.8195306869619D-12 0.8396150576482D-12 0.8601890542391D-12 0.8812645814371D-12
 0.9028538351324D-12 0.9249693037389D-12 0.9476237880172D-12 0.9708303859435D-12
 0.9946025228070D-12 0.1018953949685D-11 0.1043898748532D-11 0.1069451336711D-11
 0.1095626501565D-11 0.1122439365001D-11 0.1149905436268D-11 0.1178040597481D-11
 0.1206861092110D-11 0.1236383602759D-11 0.1266625174395D-11 0.1297603289783D-11
 0.1329335851779D-11 0.1361841191729D-11 0.1395138093956D-11 0.1429245791772D-11
 0.1464183997322D-11 0.1499972880794D-11 0.1536633125526D-11 0.1574185893215D-11
 0.1612652879329D-11 0.1652056306535D-11 0.1692418907785D-11 0.1733764008075D-11
 0.1776115470293D-11 0.1819497752419D-11 0.1863935894571D-11 0.1909455544108D-11
 0.1956082991191D-11 0.2003845138780D-11 0.2052769552202D-11 0.2102884479747D-11
 0.2154218832589D-11 0.2206802231138D-11 0.2260665025118D-11 0.2315838290898D-11
 0.2372353867005D-11 0.2430244358392D-11 0.2489543146106D-11 0.2550284458199D-11
 0.2612503326426D-11 0.2676235637783D-11 0.2741518157120D-11 0.2808388532324D-11
 0.2876885324209D-11 0.2947048042049D-11 0.3018917153905D-11 0.3092534088452D-11
 0.3167941297849D-11 0.3245182264048D-11 0.3324301523211D-11 0.3405344683875D-11
 0.3488358469871D-11 0.3573390740035D-11 0.3660490513118D-11 0.3749707987917D-11
 0.3841094592718D-11 0.3934703001724D-11 0.4030587172302D-11 0.4128802363000D-11
 0.4229405164701D-11 0.4332453564241D-11 0.4438006937510D-11 0.4546126120581D-11
 0.4656873401874D-11 0.4770312595813D-11 0.4886509065440D-11 0.5005529744702D-11
 0.5127443220133D-11 0.5252319719404D-11 0.5380231178978D-11 0.5511251279297D-11
 0.5645455503709D-11 0.5782921157469D-11 0.5923727412170D-11 0.6067955378792D-11
 0.6215688118536D-11 0.6367010711657D-11 0.6522010315306D-11 0.6680776203927D-11
 0.6843399787604D-11 0.7009974730005D-11 0.7180596933934D-11 0.7355364688650D-11
 0.7534378571946D-11 0.7717741705619D-11 0.7905559639390D-11 0.8097940513991D-11
 0.8294995100055D-11 0.8496836826551D-11 0.8703581918528D-11 0.8915349385996D-11
 0.9132261132118D-11 0.9354442050745D-11 0.9582020007890D-11 0.9815125996030D-11
 0.1005389421495D-10 0.1029846210185D-10 0.1054897040919D-10 0.1080556331425D-10
 0.1106838853186D-10 0.1133759729228D-10 0.1161334456264D-10 0.1189578900722D-10
 0.1218509317127D-10 0.1248142355391D-10 0.1278495068607D-10 0.1309584922532D-10
 0.1341429808518D-10 0.1374048049341D-10 0.1407458415569D-10 0.1441680128835D-10
 0.1476732882006D-10 0.1512636842036D-10 0.1549412668499D-10 0.1587081518761D-10
 0.1625665063533D-10 0.1665185503003D-10 0.1705665574517D-10 0.1747128563733D-10
 0.1789598324805D-10 0.1833099290387D-10 0.1877656483943D-10 0.1923295536484D-10
 0.1970042703482D-10 0.2017924874146D-10 0.2066969591701D-10 0.2117205065914D-10
 0.2168660194291D-10 0.2221364569152D-10 0.2275348511507D-10 0.2330643065346D-10
 0.2387280035627D-10 0.2445291997028D-10 0.2504712313908D-10 0.2565575161988D-10
 0.2627915544804D-10 0.2691769313192D-10 0.2757173187980D-10 0.2824164786571D-10
 0.2892782631280D-10 0.2963066182390D-10 0.3035055860852D-10 0.3108793060534D-10
 0.3184320183624D-10 0.3261680665446D-10 0.3340918986702D-10 0.3422080711701D-10
 0.3505212509478D-10 0.3590362181808D-10 0.3677578687185D-10 0.3766912177205D-10
 0.3858414013600D-10 0.3952136809928D-10 0.4048134453491D-10 0.4146462136873D-10
 0.4247176390669D-10 0.4350335130993D-10 0.4455997654699D-10 0.4564224712362D-10
 0.4675078531135D-10 0.4788622837099D-10 0.4904922909917D-10 0.5024045609137D-10
 0.5146059419229D-10 0.5271034483733D-10 0.5399042648621D-10 0.5530157496598D-10
 0.5664454408302D-10 0.5802010580152D-10 0.5942905090969D-10 0.6087218927383D-10
 0.6235035052392D-10 0.6386438433303D-10 0.6541516100790D-10 0.6700357195923D-10
 0.6863053024030D-10 0.7029697107036D-10 0.7200385226081D-10 0.7375215492571D-10
 0.7554288407876D-10 0.7737706890069D-10 0.7925576368363D-10 0.8118004825427D-10
 0.8315102862077D-10 0.8516983764513D-10 0.8723763567661D-10 0.8935561113965D-10
 0.9152498139038D-10 0.9374699321303D-10 0.9602292370603D-10 0.9835408093552D-10
 0.1007418047083D-09 0.1031874672824D-09 0.1056924741701D-09 0.1082582651240D-09
 0.1108863146602D-09 0.1135781331582D-09 0.1163352676685D-09 0.1191593026240D-09
 0.1220518609989D-09 0.1250146050876D-09 0.1280492376198D-09 0.1311575024625D-09
 0.1343411858841D-09 0.1376021173542D-09 0.1409421709449D-09 0.1443632660365D-09
 0.1478673685369D-09 0.1514564921618D-09 0.1551326993065D-09 0.1588981026017D-09
 0.1627548656686D-09 0.1667052049155D-09 0.1707513902352D-09 0.1748957467613D-09
 0.1791406559200D-09 0.1834885568707D-09 0.1879419481502D-09 0.1925033885956D-09
 0.1971754993646D-09 0.2019609651242D-09 0.2068625355171D-09 0.2118830271422D-09
 0.2170253246249D-09 0.2222923827822D-09 0.2276872280719D-09 0.2332129603058D-09
 0.2388727544164D-09 0.2446698625170D-09 0.2506076154647D-09 0.2566894249279D-09
 0.2629187853694D-09 0.2692992761245D-09 0.2758345631566D-09 0.2825284012187D-09
 0.2893846365989D-09 0.2964072085709D-09 0.3036001519158D-09 0.3109675993084D-09
 0.3185137839331D-09 0.3262430412662D-09 0.3341598122174D-09 0.3422686453032D-09
 0.3505741993332D-09 0.3590812461914D-09 0.3677946733985D-09 0.3767194872642D-09
 0.3858608152513D-09 0.3952239093027D-09 0.4048141487837D-09 0.4146370436066D-09
 0.4246982370275D-09 0.4350035095169D-09 0.4455587816229D-09 0.4563701174536D-09
 0.4674437282377D-09 0.4787859758433D-09 0.4904033766613D-09 0.5023026047948D-09
 0.5144904962317D-09 0.5269740531508D-09 0.5397604472472D-09 0.5528570243530D-09
 0.5662713081524D-09 0.5800110053592D-09 0.5940840090442D-09 0.6084984040486D-09
 0.6232624712739D-09 0.6383846925140D-09 0.6538737550474D-09 0.6697385570960D-09
 0.6859882127153D-09 0.7026320569663D-09 0.7196796513191D-09 0.7371407889816D-09
 0.7550255011031D-09 0.7733440618039D-09 0.7921069944530D-09 0.8113250778591D-09
 0.8310093520873D-09 0.8511711249432D-09 0.8718219785018D-09 0.8929737762806D-09
 0.9146386684236D-09 0.9368291010255D-09 0.9595578213374D-09 0.9828378858576D-09
 0.1006682667784D-08 0.1031105864946D-08 0.1056121507030D-08 0.1081743964330D-08
 0.1107987955620D-08 0.1134868556429D-08 0.1162401208242D-08 0.1190601726761D-08
 0.1219486311755D-08 0.1249071555572D-08 0.1279374452928D-08 0.1310412410956D-08
 0.1342203259066D-08 0.1374765258911D-08 0.1408117115038D-08 0.1442277985815D-08
 0.1477267494274D-08 0.1513105739521D-08 0.1549813307618D-08 0.1587411284672D-08
 0.1625921267763D-08 0.1665365377954D-08 0.1705766272818D-08 0.1747147159418D-08
 0.1789531807804D-08 0.1832944564530D-08 0.1877410366388D-08 0.1922954755496D-08
 0.1969603893312D-08 0.2017384575704D-08 0.2066324248440D-08 0.2116451023121D-08
 0.2167793693226D-08 0.2220381750263D-08 0.2274245401425D-08 0.2329415586517D-08
 0.2385923995468D-08 0.2443803086917D-08 0.2503086107467D-08 0.2563807109262D-08
 0.2626000970371D-08 0.2689703415570D-08 0.2754951035084D-08 0.2821781307827D-08
 0.2890232620278D-08 0.2960344291572D-08 0.3032156593149D-08 0.3105710774002D-08
 0.3181049083644D-08 0.3258214795458D-08 0.3337252233439D-08 0.3418206795941D-08
 0.3501124982793D-08 0.3586054421733D-08 0.3673043895205D-08 0.3762143369234D-08
 0.3853404021624D-08 0.3946878271815D-08 0.4042619809773D-08 0.4140683628713D-08
 0.4241126054604D-08 0.4344004780880D-08 0.4449378899531D-08 0.4557308935197D-08
 0.4667856881607D-08 0.4781086235753D-08 0.4897062034462D-08 0.5015850892340D-08
 0.5137521039218D-08 0.5262142360346D-08 0.5389786435748D-08 0.5520526581308D-08
 0.5654437891241D-08 0.5791597282630D-08 0.5932083534842D-08 0.6075977341560D-08
 0.6223361351147D-08 0.6374320217467D-08 0.6528940648461D-08 0.6687311452903D-08
 0.6849523596209D-08 0.7015670247829D-08 0.7185846838617D-08 0.7360151113488D-08
 0.7538683187550D-08 0.7721545604670D-08 0.7908843396001D-08 0.8100684139802D-08
 0.8297178023849D-08 0.8498437908157D-08 0.8704579390509D-08 0.8915720872253D-08
 0.9131983626339D-08 0.9353491866930D-08 0.9580372821868D-08 0.9812756803740D-08
 0.1005077728629D-07 0.1029457098039D-07 0.1054427791311D-07 0.1080004150803D-07
 0.1106200866617D-07 0.1133032985247D-07 0.1160515918210D-07 0.1188665450602D-07
 0.1217497750559D-07 0.1247029378338D-07 0.1277277295768D-07 0.1308258876180D-07
 0.1339991914214D-07 0.1372494636169D-07 0.1405785710343D-07 0.1439884257882D-07
 0.1474809863713D-07 0.1510582587768D-07 0.1547222976364D-07 0.1584752074507D-07
 0.1623191437289D-07 0.1662563142810D-07 0.1702889804583D-07 0.1744194584754D-07
 0.1786501206970D-07 0.1829833970474D-07 0.1874217763921D-07 0.1919678079531D-07
 0.1966241027750D-07 0.2013933352490D-07 0.2062782446309D-07 0.2112816365929D-07
 0.2164063848893D-07 0.2216554329645D-07 0.2270317956403D-07 0.2325385608757D-07
 0.2381788915307D-07 0.2439560271633D-07 0.2498732859265D-07 0.2559340664344D-07
 0.2621418497472D-07 0.2685002013457D-07 0.2750127732007D-07 0.2816833058602D-07
 0.2885156305841D-07 0.2955136715650D-07 0.3026814481980D-07 0.3100230773249D-07
 0.3175427756714D-07 0.3252448622357D-07 0.3331337607632D-07 0.3412140023039D-07
 0.3494902277994D-07 0.3579671907551D-07 0.3666497599982D-07 0.3755429224012D-07
 0.3846517858407D-07 0.3939815820533D-07 0.4035376696892D-07 0.4133255373548D-07
 0.4233508067811D-07 0.4336192360919D-07 0.4441367230129D-07 0.4549093083794D-07
 0.4659431795103D-07 0.4772446737976D-07 0.4888202823667D-07 0.5006766537905D-07
 0.5128205978573D-07 0.5252590895825D-07 0.5379992731326D-07 0.5510484659680D-07
 0.5644141630321D-07 0.5781040410420D-07 0.5921259629503D-07 0.6064879824083D-07
 0.6211983484044D-07 0.6362655100256D-07 0.6516981212777D-07 0.6675050460927D-07
 0.6836953633823D-07 0.7002783722842D-07 0.7172635974815D-07 0.7346607946894D-07
 0.7524799562490D-07 0.7707313169015D-07 0.7894253595845D-07 0.8085728215443D-07
 0.8281847004555D-07 0.8482722607476D-07 0.8688470400861D-07 0.8899208559921D-07
 0.9115058126340D-07 0.9336143077597D-07 0.9562590398373D-07 0.9794530153954D-07
 0.1003209556371D-06 0.1027542307932D-06 0.1052465246137D-06 0.1077992686117D-06
 0.1104139290212D-06 0.1130920076393D-06 0.1158350426944D-06 0.1186446097271D-06
 0.1215223224941D-06 0.1244698338946D-06 0.1274888369233D-06 0.1305810656425D-06
 0.1337482961751D-06 0.1369923477287D-06 0.1403150836385D-06 0.1437184124385D-06
 0.1472042889560D-06 0.1507747154416D-06 0.1544317427100D-06 0.1581774713283D-06
 0.1620140528119D-06 0.1659436908708D-06 0.1699686426697D-06 0.1740912201235D-06
 0.1783137912407D-06 0.1826387814532D-06 0.1870686750460D-06 0.1916060165630D-06
 0.1962534122666D-06 0.2010135316499D-06 0.2058891089592D-06 0.2108829447722D-06
 0.2159979076042D-06 0.2212369355528D-06 0.2266030379919D-06 0.2320992973061D-06
 0.2377288706387D-06 0.2434949917391D-06 0.2494009727945D-06 0.2554502063490D-06
 0.2616461672447D-06 0.2679924146214D-06 0.2744925939639D-06 0.2811504391950D-06
 0.2879697748237D-06 0.2949545181386D-06 0.3021086814662D-06 0.3094363744709D-06
 0.3169418065197D-06 0.3246292891063D-06 0.3325032383164D-06 0.3405681773867D-06
 0.3488287392766D-06 0.3572896693642D-06 0.3659558281467D-06 0.3748321940530D-06
 0.3839238662862D-06 0.3932360677819D-06 0.4027741481828D-06 0.4125435869396D-06
 0.4225499964350D-06 0.4327991252453D-06 0.4432968614013D-06 0.4540492358132D-06
 0.4650624257179D-06 0.4763427582315D-06 0.4878967140044D-06 0.4997309309207D-06
 0.5118522079382D-06 0.5242675089921D-06 0.5369839669856D-06 0.5500088879197D-06
 0.5633497550722D-06 0.5770142333059D-06 0.5910101734900D-06 0.6053456169983D-06
 0.6200288003514D-06 0.6350681599332D-06 0.6504723368733D-06 0.6662501819918D-06
 0.6824107609016D-06 0.6989633592268D-06 0.7159174879404D-06 0.7332828888381D-06
 0.7510695401458D-06 0.7692876622607D-06 0.7879477236282D-06 0.8070604467731D-06
 0.8266368144628D-06 0.8466880760417D-06 0.8672257538861D-06 0.8882616500493D-06
 0.9098078530672D-06 0.9318767448881D-06 0.9544810080187D-06 0.9776336328271D-06
 0.1001347925014D-05 0.1025637513286D-05 0.1050516357193D-05 0.1075998755162D-05
 0.1102099352753D-05 0.1128833151066D-05 0.1156215515409D-05 0.1184262184132D-05
 0.1212989277687D-05 0.1242413307946D-05 0.1272551187676D-05 0.1303420240311D-05
 0.1335038209920D-05 0.1367423271437D-05 0.1400594041147D-05 0.1434569587393D-05
 0.1469369441586D-05 0.1505013609468D-05 0.1541522582620D-05 0.1578917350311D-05
 0.1617219411565D-05 0.1656450787602D-05 0.1696634034505D-05 0.1737792256243D-05
 0.1779949117989D-05 0.1823128859807D-05 0.1867356310593D-05 0.1912656902428D-05
 0.1959056685261D-05 0.2006582341924D-05 0.2055261203556D-05 0.2105121265377D-05
 0.2156191202848D-05 0.2208500388215D-05 0.2262078907523D-05 0.2316957577946D-05
 0.2373167965603D-05 0.2430742403818D-05 0.2489714011776D-05 0.2550116713701D-05
 0.2611985258415D-05 0.2675355239487D-05 0.2740263115769D-05 0.2806746232509D-05
 0.2874842842949D-05 0.2944592130432D-05 0.3016034231124D-05 0.3089210257183D-05
 0.3164162320618D-05 0.3240933557616D-05 0.3319568153568D-05 0.3400111368629D-05
 0.3482609563949D-05 0.3567110228551D-05 0.3653662006802D-05 0.3742314726699D-05
 0.3833119428675D-05 0.3926128395254D-05 0.4021395181350D-05 0.4118974645359D-05
 0.4218922980988D-05 0.4321297749882D-05 0.4426157915044D-05 0.4533563875086D-05
 0.4643577499309D-05 0.4756262163675D-05 0.4871682787628D-05 0.4989905871868D-05
 0.5110999537007D-05 0.5235033563205D-05 0.5362079430818D-05 0.5492210361948D-05
 0.5625501363145D-05 0.5762029269099D-05 0.5901872787356D-05 0.6045112544289D-05
 0.6191831132057D-05 0.6342113156822D-05 0.6496045288107D-05 0.6653716309415D-05
 0.6815217170059D-05 0.6980641038350D-05 0.7150083356006D-05 0.7323641894006D-05
 0.7501416809792D-05 0.7683510705844D-05 0.7870028689829D-05 0.8061078436129D-05
 0.8256770248991D-05 0.8457217127146D-05 0.8662534830213D-05 0.8872841946551D-05
 0.9088259962932D-05 0.9308913335986D-05 0.9534929565296D-05 0.9766439268458D-05
 0.1000357625795D-04 0.1024647761993D-04 0.1049528379502D-04 0.1075013866114D-04
 0.1101118961841D-04 0.1127858767614D-04 0.1155248754209D-04 0.1183304771389D-04
 0.1212043057283D-04 0.1241480248005D-04 0.1271633387500D-04 0.1302519937656D-04
 0.1334157788663D-04 0.1366565269639D-04 0.1399761159515D-04 0.1433764698215D-04
 0.1468595598094D-04 0.1504274055702D-04 0.1540820763799D-04 0.1578256923734D-04
 0.1616604258084D-04 0.1655885023657D-04 0.1696122024804D-04 0.1737338627090D-04
 0.1779558771281D-04 0.1822806987747D-04 0.1867108411174D-04 0.1912488795693D-04
 0.1958974530389D-04 0.2006592655206D-04 0.2055370877264D-04 0.2105337587603D-04
 0.2156521878356D-04 0.2208953560364D-04 0.2262663181262D-04 0.2317682044019D-04
 0.2374042225971D-04 0.2431776598348D-04 0.2490918846312D-04 0.2551503489517D-04
 0.2613565903220D-04 0.2677142339922D-04 0.2742269951602D-04 0.2808986812531D-04
 0.2877331942681D-04 0.2947345331754D-04 0.3019067963870D-04 0.3092541842867D-04
 0.3167810018322D-04 0.3244916612237D-04 0.3323906846433D-04 0.3404827070707D-04
 0.3487724791717D-04 0.3572648702649D-04 0.3659648713696D-04 0.3748775983342D-04
 0.3840082950503D-04 0.3933623367545D-04 0.4029452334184D-04 0.4127626332320D-04
 0.4228203261824D-04 0.4331242477288D-04 0.4436804825821D-04 0.4544952685837D-04
 0.4655750006950D-04 0.4769262350950D-04 0.4885556933934D-04 0.5004702669589D-04
 0.5126770213709D-04 0.5251832009911D-04 0.5379962336682D-04 0.5511237355725D-04
 0.5645735161666D-04 0.5783535833169D-04 0.5924721485511D-04 0.6069376324642D-04
 0.6217586702792D-04 0.6369441175661D-04 0.6525030561273D-04 0.6684448000499D-04
 0.6847789019352D-04 0.7015151593071D-04 0.7186636212077D-04 0.7362345949874D-04
 0.7542386532884D-04 0.7726866412402D-04 0.7915896838625D-04 0.8109591936907D-04
 0.8308068786241D-04 0.8511447500113D-04 0.8719851309770D-04 0.8933406649982D-04
 0.9152243247389D-04 0.9376494211529D-04 0.9606296128634D-04 0.9841789158278D-04
 0.1008311713299D-03 0.1033042766093D-03 0.1058387223173D-03 0.1084360632564D-03
 0.1110978952602D-03 0.1138258563540D-03 0.1166216279516D-03 0.1194869360898D-03
 0.1224235527019D-03 0.1254332969322D-03 0.1285180364914D-03 0.1316796890566D-03
 0.1349202237160D-03 0.1382416624597D-03 0.1416460817199D-03 0.1451356139611D-03
 0.1487124493218D-03 0.1523788373112D-03 0.1561370885614D-03 0.1599895766382D-03
 0.1639387399123D-03 0.1679870834929D-03 0.1721371812275D-03 0.1763916777681D-03
 0.1807532907088D-03 0.1852248127961D-03 0.1898091142150D-03 0.1945091449544D-03
 0.1993279372546D-03 0.2042686081395D-03 0.2093343620382D-03 0.2145284934989D-03
 0.2198543899986D-03 0.2253155348525D-03 0.2309155102281D-03 0.2366580002669D-03
 0.2425467943193D-03 0.2485857902963D-03 0.2547789981443D-03 0.2611305434461D-03
 0.2676446711560D-03 0.2743257494716D-03 0.2811782738512D-03 0.2882068711805D-03
 0.2954163040958D-03 0.3028114754719D-03 0.3103974330791D-03 0.3181793744182D-03
 0.3261626517419D-03 0.3343527772690D-03 0.3427554286009D-03 0.3513764543499D-03
 0.3602218799873D-03 0.3692979139212D-03 0.3786109538166D-03 0.3881675931651D-03
 0.3979746281186D-03 0.4080390645966D-03 0.4183681256816D-03 0.4289692593143D-03
 0.4398501463027D-03 0.4510187086606D-03 0.4624831182890D-03 0.4742518060178D-03
 0.4863334710244D-03 0.4987370906464D-03 0.5114719306077D-03 0.5245475556763D-03
 0.5379738407770D-03 0.5517609825770D-03 0.5659195115712D-03 0.5804603046876D-03
 0.5953945984413D-03 0.6107340026608D-03 0.6264905148174D-03 0.6426765349844D-03
 0.6593048814610D-03 0.6763888070892D-03 0.6939420163026D-03 0.7119786829401D-03
 0.7305134688660D-03 0.7495615434346D-03 0.7691386038440D-03 0.7892608964227D-03
 0.8099452388984D-03 0.8312090436985D-03 0.8530703423340D-03 0.8755478109275D-03
 0.8986607969387D-03 0.9224293471544D-03 0.9468742370093D-03 0.9720170013035D-03
 0.9978799663960D-03 0.1024486283950D-02 0.1051859966313D-02 0.1080025923617D-02
 0.1109010002700D-02 0.1138839027935D-02 0.1169540844084D-02 0.1201144361269D-02
 0.1233679602203D-02 0.1267177751773D-02 0.1301671209139D-02 0.1337193642457D-02
 0.1373780046398D-02 0.1411466802605D-02 0.1450291743261D-02 0.1490294217934D-02
 0.1531515163904D-02 0.1573997180151D-02 0.1617784605224D-02 0.1662923599216D-02
 0.1709462230078D-02 0.1757450564529D-02 0.1806940763826D-02 0.1857987184683D-02
 0.1910646485640D-02 0.1964977739212D-02 0.2021042550149D-02 0.2078905180185D-02
 0.2138632679662D-02 0.2200295026442D-02 0.2263965272551D-02 0.2329719699024D-02
 0.2397637979463D-02 0.2467803352823D-02 0.2540302806023D-02 0.2615227266975D-02
 0.2692671808679D-02 0.2772735865091D-02 0.2855523459500D-02 0.2941143446199D-02
 0.3029709766305D-02 0.3121341718626D-02 0.3216164246550D-02 0.3314308241972D-02
 0.3415910867387D-02 0.3521115897313D-02 0.3630074080315D-02 0.3742943522994D-02
 0.3859890097377D-02 0.3981087873271D-02 0.4106719577245D-02 0.4236977080025D-02
 0.4372061914212D-02 0.4512185824382D-02 0.4657571351761D-02 0.4808452455844D-02
 0.4965075175493D-02 0.5127698332227D-02 0.5296594278650D-02 0.5472049695129D-02
 0.5654366438128D-02 0.5843862443799D-02 0.6040872690759D-02 0.6245750226228D-02
 0.6458867260059D-02 0.6680616331514D-02 0.6911411554014D-02 0.7151689943508D-02
 0.7401912836519D-02 0.7662567404415D-02 0.7934168270937D-02 0.8217259240600D-02
 0.8512415146143D-02 0.8820243823870D-02 0.9141388226411D-02 0.9476528683197D-02
 0.9826385319741D-02 0.1019172064773D-01 0.1057334233886D-01 0.1097210619641D-01
 0.1138891933969D-01 0.1182474361763D-01 0.1228059926925D-01 0.1275756885006D-01
 0.1325680144499D-01 0.1377951719031D-01 0.1432701212855D-01 0.1490066342264D-01
 0.1550193495759D-01 0.1613238336023D-01 0.1679366447029D-01 0.1748754029857D-01
 0.1821588651125D-01 0.1898070048219D-01 0.1978410995906D-01 0.2062838239253D-01
 0.2151593498194D-01 0.2244934549563D-01 0.2343136392845D-01 0.2446492506452D-01
 0.2555316201890D-01 0.2669942083794D-01 0.2790727624458D-01 0.2918054862233D-01
 0.3052332233900D-01 0.3193996551998D-01 0.3343515138963D-01 0.3501388130920D-01
 0.3668150965008D-01 0.3844377065257D-01 0.4030680743230D-01 0.4227720366857D-01
 0.4436201643580D-01 0.4655015839563D-01 0.4882784115269D-01 0.5119856307438D-01
 0.5366598472296D-01 0.5623393838253D-01 0.5890643826132D-01 0.6168769141987D-01
 0.6458210947978D-01 0.6759432117152D-01 0.7072918578391D-01 0.7399180758249D-01
 0.7738755126851D-01 0.8092205855537D-01 0.8460126594455D-01 0.8843142378858D-01
 0.9241911673448D-01 0.9657128564713D-01 0.1008952511186D+00 0.1053987386759D+00
 0.1100899058072D+00 0.1149773709325D+00 0.1200702444548D+00
    0    0
