 ir        r              f(r)*r^2
    1  0.00001465      0.37389512D-15
    2  0.00001483      0.39238503D-15
    3  0.00001501      0.41178928D-15
    4  0.00001519      0.43215306D-15
    5  0.00001538      0.45352382D-15
    6  0.00001556      0.47595137D-15
    7  0.00001575      0.49948795D-15
    8  0.00001594      0.52418840D-15
    9  0.00001614      0.55011028D-15
   10  0.00001633      0.57731397D-15
   11  0.00001653      0.60586286D-15
   12  0.00001673      0.63582347D-15
   13  0.00001693      0.66726559D-15
   14  0.00001714      0.70026248D-15
   15  0.00001735      0.73489102D-15
   16  0.00001756      0.77123190D-15
   17  0.00001777      0.80936976D-15
   18  0.00001799      0.84939347D-15
   19  0.00001821      0.89139628D-15
   20  0.00001843      0.93547604D-15
   21  0.00001865      0.98173544D-15
   22  0.00001888      0.10302822D-14
   23  0.00001911      0.10812296D-14
   24  0.00001934      0.11346961D-14
   25  0.00001957      0.11908064D-14
   26  0.00001981      0.12496912D-14
   27  0.00002005      0.13114877D-14
   28  0.00002030      0.13763397D-14
   29  0.00002054      0.14443985D-14
   30  0.00002079      0.15158226D-14
   31  0.00002104      0.15907782D-14
   32  0.00002130      0.16694402D-14
   33  0.00002156      0.17519916D-14
   34  0.00002182      0.18386249D-14
   35  0.00002208      0.19295418D-14
   36  0.00002235      0.20249540D-14
   37  0.00002262      0.21250840D-14
   38  0.00002290      0.22301649D-14
   39  0.00002318      0.23404415D-14
   40  0.00002346      0.24561706D-14
   41  0.00002374      0.25776219D-14
   42  0.00002403      0.27050783D-14
   43  0.00002432      0.28388366D-14
   44  0.00002462      0.29792085D-14
   45  0.00002492      0.31265208D-14
   46  0.00002522      0.32811168D-14
   47  0.00002553      0.34433564D-14
   48  0.00002584      0.36136177D-14
   49  0.00002615      0.37922972D-14
   50  0.00002647      0.39798111D-14
   51  0.00002679      0.41765961D-14
   52  0.00002711      0.43831106D-14
   53  0.00002744      0.45998355D-14
   54  0.00002778      0.48272757D-14
   55  0.00002811      0.50659609D-14
   56  0.00002846      0.53164470D-14
   57  0.00002880      0.55793174D-14
   58  0.00002915      0.58551843D-14
   59  0.00002950      0.61446903D-14
   60  0.00002986      0.64485095D-14
   61  0.00003023      0.67673496D-14
   62  0.00003059      0.71019531D-14
   63  0.00003096      0.74530992D-14
   64  0.00003134      0.78216059D-14
   65  0.00003172      0.82083311D-14
   66  0.00003211      0.86141757D-14
   67  0.00003250      0.90400846D-14
   68  0.00003289      0.94870498D-14
   69  0.00003329      0.99561121D-14
   70  0.00003369      0.10448364D-13
   71  0.00003410      0.10964951D-13
   72  0.00003452      0.11507077D-13
   73  0.00003494      0.12076005D-13
   74  0.00003536      0.12673058D-13
   75  0.00003579      0.13299627D-13
   76  0.00003622      0.13957172D-13
   77  0.00003666      0.14647222D-13
   78  0.00003711      0.15371386D-13
   79  0.00003756      0.16131350D-13
   80  0.00003802      0.16928881D-13
   81  0.00003848      0.17765839D-13
   82  0.00003894      0.18644171D-13
   83  0.00003942      0.19565923D-13
   84  0.00003990      0.20533240D-13
   85  0.00004038      0.21548376D-13
   86  0.00004087      0.22613692D-13
   87  0.00004137      0.23731670D-13
   88  0.00004187      0.24904913D-13
   89  0.00004238      0.26136151D-13
   90  0.00004289      0.27428252D-13
   91  0.00004341      0.28784223D-13
   92  0.00004394      0.30207221D-13
   93  0.00004447      0.31700559D-13
   94  0.00004501      0.33267714D-13
   95  0.00004556      0.34912333D-13
   96  0.00004611      0.36638245D-13
   97  0.00004667      0.38449468D-13
   98  0.00004724      0.40350217D-13
   99  0.00004781      0.42344918D-13
  100  0.00004839      0.44438213D-13
  101  0.00004898      0.46634975D-13
  102  0.00004958      0.48940317D-13
  103  0.00005018      0.51359606D-13
  104  0.00005079      0.53898472D-13
  105  0.00005140      0.56562824D-13
  106  0.00005203      0.59358864D-13
  107  0.00005266      0.62293099D-13
  108  0.00005330      0.65372359D-13
  109  0.00005395      0.68603810D-13
  110  0.00005460      0.71994972D-13
  111  0.00005526      0.75553738D-13
  112  0.00005594      0.79288389D-13
  113  0.00005661      0.83207618D-13
  114  0.00005730      0.87320544D-13
  115  0.00005800      0.91636738D-13
  116  0.00005870      0.96166245D-13
  117  0.00005941      0.10091960D-12
  118  0.00006014      0.10590788D-12
  119  0.00006087      0.11114267D-12
  120  0.00006161      0.11663616D-12
  121  0.00006235      0.12240114D-12
  122  0.00006311      0.12845101D-12
  123  0.00006388      0.13479986D-12
  124  0.00006465      0.14146245D-12
  125  0.00006544      0.14845428D-12
  126  0.00006623      0.15579163D-12
  127  0.00006704      0.16349156D-12
  128  0.00006785      0.17157198D-12
  129  0.00006867      0.18005170D-12
  130  0.00006951      0.18895043D-12
  131  0.00007035      0.19828889D-12
  132  0.00007121      0.20808879D-12
  133  0.00007207      0.21837292D-12
  134  0.00007295      0.22916522D-12
  135  0.00007383      0.24049078D-12
  136  0.00007473      0.25237595D-12
  137  0.00007563      0.26484836D-12
  138  0.00007655      0.27793703D-12
  139  0.00007748      0.29167241D-12
  140  0.00007842      0.30608642D-12
  141  0.00007938      0.32121260D-12
  142  0.00008034      0.33708613D-12
  143  0.00008132      0.35374390D-12
  144  0.00008230      0.37122468D-12
  145  0.00008330      0.38956909D-12
  146  0.00008431      0.40881980D-12
  147  0.00008534      0.42902157D-12
  148  0.00008637      0.45022137D-12
  149  0.00008742      0.47246850D-12
  150  0.00008848      0.49581468D-12
  151  0.00008956      0.52031418D-12
  152  0.00009065      0.54602397D-12
  153  0.00009175      0.57300381D-12
  154  0.00009286      0.60131643D-12
  155  0.00009399      0.63102765D-12
  156  0.00009513      0.66220652D-12
  157  0.00009628      0.69492552D-12
  158  0.00009745      0.72926071D-12
  159  0.00009864      0.76529190D-12
  160  0.00009983      0.80310282D-12
  161  0.00010105      0.84278136D-12
  162  0.00010227      0.88441973D-12
  163  0.00010351      0.92811470D-12
  164  0.00010477      0.97396781D-12
  165  0.00010604      0.10220856D-11
  166  0.00010733      0.10725799D-11
  167  0.00010863      0.11255681D-11
  168  0.00010995      0.11811733D-11
  169  0.00011129      0.12395245D-11
  170  0.00011264      0.13007576D-11
  171  0.00011401      0.13650146D-11
  172  0.00011539      0.14324449D-11
  173  0.00011679      0.15032051D-11
  174  0.00011821      0.15774597D-11
  175  0.00011965      0.16553810D-11
  176  0.00012110      0.17371501D-11
  177  0.00012257      0.18229569D-11
  178  0.00012406      0.19130007D-11
  179  0.00012556      0.20074907D-11
  180  0.00012709      0.21066462D-11
  181  0.00012863      0.22106976D-11
  182  0.00013019      0.23198865D-11
  183  0.00013177      0.24344664D-11
  184  0.00013337      0.25547033D-11
  185  0.00013499      0.26808765D-11
  186  0.00013663      0.28132789D-11
  187  0.00013829      0.29522179D-11
  188  0.00013997      0.30980160D-11
  189  0.00014167      0.32510118D-11
  190  0.00014339      0.34115602D-11
  191  0.00014513      0.35800341D-11
  192  0.00014689      0.37568244D-11
  193  0.00014868      0.39423415D-11
  194  0.00015048      0.41370160D-11
  195  0.00015231      0.43412995D-11
  196  0.00015416      0.45556662D-11
  197  0.00015603      0.47806134D-11
  198  0.00015793      0.50166632D-11
  199  0.00015984      0.52643633D-11
  200  0.00016178      0.55242882D-11
  201  0.00016375      0.57970410D-11
  202  0.00016574      0.60832545D-11
  203  0.00016775      0.63835925D-11
  204  0.00016979      0.66987517D-11
  205  0.00017185      0.70294631D-11
  206  0.00017393      0.73764937D-11
  207  0.00017605      0.77406482D-11
  208  0.00017818      0.81227712D-11
  209  0.00018035      0.85237486D-11
  210  0.00018254      0.89445103D-11
  211  0.00018475      0.93860317D-11
  212  0.00018700      0.98493365D-11
  213  0.00018927      0.10335499D-10
  214  0.00019156      0.10845645D-10
  215  0.00019389      0.11380959D-10
  216  0.00019624      0.11942680D-10
  217  0.00019863      0.12532110D-10
  218  0.00020104      0.13150615D-10
  219  0.00020348      0.13799630D-10
  220  0.00020595      0.14480656D-10
  221  0.00020845      0.15195273D-10
  222  0.00021098      0.15945135D-10
  223  0.00021354      0.16731981D-10
  224  0.00021614      0.17557632D-10
  225  0.00021876      0.18424001D-10
  226  0.00022142      0.19333094D-10
  227  0.00022411      0.20287018D-10
  228  0.00022683      0.21287980D-10
  229  0.00022958      0.22338298D-10
  230  0.00023237      0.23440405D-10
  231  0.00023519      0.24596852D-10
  232  0.00023805      0.25810315D-10
  233  0.00024094      0.27083605D-10
  234  0.00024386      0.28419666D-10
  235  0.00024682      0.29821593D-10
  236  0.00024982      0.31292629D-10
  237  0.00025285      0.32836177D-10
  238  0.00025592      0.34455810D-10
  239  0.00025903      0.36155274D-10
  240  0.00026218      0.37938500D-10
  241  0.00026536      0.39809614D-10
  242  0.00026858      0.41772943D-10
  243  0.00027184      0.43833026D-10
  244  0.00027514      0.45994629D-10
  245  0.00027848      0.48262749D-10
  246  0.00028187      0.50642630D-10
  247  0.00028529      0.53139773D-10
  248  0.00028875      0.55759951D-10
  249  0.00029226      0.58509219D-10
  250  0.00029581      0.61393931D-10
  251  0.00029940      0.64420753D-10
  252  0.00030303      0.67596679D-10
  253  0.00030671      0.70929045D-10
  254  0.00031044      0.74425550D-10
  255  0.00031421      0.78094270D-10
  256  0.00031802      0.81943677D-10
  257  0.00032188      0.85982661D-10
  258  0.00032579      0.90220548D-10
  259  0.00032975      0.94667122D-10
  260  0.00033375      0.99332648D-10
  261  0.00033780      0.10422789D-09
  262  0.00034191      0.10936416D-09
  263  0.00034606      0.11475329D-09
  264  0.00035026      0.12040773D-09
  265  0.00035451      0.12634052D-09
  266  0.00035882      0.13256535D-09
  267  0.00036317      0.13909657D-09
  268  0.00036758      0.14594924D-09
  269  0.00037205      0.15313917D-09
  270  0.00037656      0.16068294D-09
  271  0.00038114      0.16859793D-09
  272  0.00038576      0.17690238D-09
  273  0.00039045      0.18561544D-09
  274  0.00039519      0.19475719D-09
  275  0.00039999      0.20434868D-09
  276  0.00040484      0.21441201D-09
  277  0.00040976      0.22497036D-09
  278  0.00041473      0.23604805D-09
  279  0.00041977      0.24767058D-09
  280  0.00042487      0.25986471D-09
  281  0.00043003      0.27265851D-09
  282  0.00043525      0.28608144D-09
  283  0.00044053      0.30016437D-09
  284  0.00044588      0.31493972D-09
  285  0.00045129      0.33044146D-09
  286  0.00045677      0.34670527D-09
  287  0.00046232      0.36376854D-09
  288  0.00046793      0.38167050D-09
  289  0.00047362      0.40045232D-09
  290  0.00047937      0.42015716D-09
  291  0.00048519      0.44083032D-09
  292  0.00049108      0.46251929D-09
  293  0.00049704      0.48527390D-09
  294  0.00050308      0.50914643D-09
  295  0.00050918      0.53419170D-09
  296  0.00051537      0.56046721D-09
  297  0.00052162      0.58803329D-09
  298  0.00052796      0.61695322D-09
  299  0.00053437      0.64729336D-09
  300  0.00054086      0.67912333D-09
  301  0.00054742      0.71251614D-09
  302  0.00055407      0.74754838D-09
  303  0.00056080      0.78430040D-09
  304  0.00056761      0.82285644D-09
  305  0.00057450      0.86330490D-09
  306  0.00058147      0.90573845D-09
  307  0.00058853      0.95025434D-09
  308  0.00059568      0.99695453D-09
  309  0.00060291      0.10459460D-08
  310  0.00061023      0.10973409D-08
  311  0.00061764      0.11512569D-08
  312  0.00062514      0.12078174D-08
  313  0.00063273      0.12671519D-08
  314  0.00064042      0.13293960D-08
  315  0.00064819      0.13946921D-08
  316  0.00065606      0.14631896D-08
  317  0.00066403      0.15350451D-08
  318  0.00067209      0.16104228D-08
  319  0.00068025      0.16894949D-08
  320  0.00068851      0.17724420D-08
  321  0.00069687      0.18594537D-08
  322  0.00070533      0.19507286D-08
  323  0.00071390      0.20464750D-08
  324  0.00072257      0.21469116D-08
  325  0.00073134      0.22522674D-08
  326  0.00074022      0.23627827D-08
  327  0.00074921      0.24787096D-08
  328  0.00075830      0.26003124D-08
  329  0.00076751      0.27278683D-08
  330  0.00077683      0.28616678D-08
  331  0.00078626      0.30020158D-08
  332  0.00079581      0.31492318D-08
  333  0.00080547      0.33036512D-08
  334  0.00081525      0.34656252D-08
  335  0.00082515      0.36355224D-08
  336  0.00083517      0.38137294D-08
  337  0.00084531      0.40006513D-08
  338  0.00085557      0.41967130D-08
  339  0.00086596      0.44023601D-08
  340  0.00087648      0.46180599D-08
  341  0.00088712      0.48443022D-08
  342  0.00089789      0.50816007D-08
  343  0.00090879      0.53304939D-08
  344  0.00091983      0.55915467D-08
  345  0.00093100      0.58653510D-08
  346  0.00094230      0.61525278D-08
  347  0.00095374      0.64537280D-08
  348  0.00096532      0.67696341D-08
  349  0.00097704      0.71009615D-08
  350  0.00098891      0.74484607D-08
  351  0.00100091      0.78129180D-08
  352  0.00101307      0.81951582D-08
  353  0.00102537      0.85960459D-08
  354  0.00103782      0.90164874D-08
  355  0.00105042      0.94574330D-08
  356  0.00106317      0.99198789D-08
  357  0.00107608      0.10404870D-07
  358  0.00108915      0.10913500D-07
  359  0.00110237      0.11446918D-07
  360  0.00111576      0.12006326D-07
  361  0.00112931      0.12592987D-07
  362  0.00114302      0.13208222D-07
  363  0.00115690      0.13853417D-07
  364  0.00117094      0.14530026D-07
  365  0.00118516      0.15239572D-07
  366  0.00119955      0.15983651D-07
  367  0.00121412      0.16763937D-07
  368  0.00122886      0.17582184D-07
  369  0.00124378      0.18440231D-07
  370  0.00125888      0.19340004D-07
  371  0.00127417      0.20283525D-07
  372  0.00128964      0.21272911D-07
  373  0.00130530      0.22310380D-07
  374  0.00132115      0.23398259D-07
  375  0.00133719      0.24538985D-07
  376  0.00135342      0.25735114D-07
  377  0.00136986      0.26989323D-07
  378  0.00138649      0.28304419D-07
  379  0.00140332      0.29683343D-07
  380  0.00142036      0.31129178D-07
  381  0.00143761      0.32645152D-07
  382  0.00145507      0.34234652D-07
  383  0.00147273      0.35901226D-07
  384  0.00149061      0.37648589D-07
  385  0.00150871      0.39480639D-07
  386  0.00152703      0.41401457D-07
  387  0.00154557      0.43415320D-07
  388  0.00156434      0.45526712D-07
  389  0.00158333      0.47740327D-07
  390  0.00160256      0.50061088D-07
  391  0.00162202      0.52494151D-07
  392  0.00164171      0.55044918D-07
  393  0.00166165      0.57719050D-07
  394  0.00168182      0.60522477D-07
  395  0.00170224      0.63461412D-07
  396  0.00172291      0.66542367D-07
  397  0.00174383      0.69772160D-07
  398  0.00176501      0.73157937D-07
  399  0.00178644      0.76707183D-07
  400  0.00180813      0.80427740D-07
  401  0.00183008      0.84327821D-07
  402  0.00185230      0.88416032D-07
  403  0.00187479      0.92701387D-07
  404  0.00189756      0.97193327D-07
  405  0.00192060      0.10190174D-06
  406  0.00194392      0.10683700D-06
  407  0.00196752      0.11200993D-06
  408  0.00199141      0.11743193D-06
  409  0.00201559      0.12311487D-06
  410  0.00204006      0.12907124D-06
  411  0.00206483      0.13531409D-06
  412  0.00208991      0.14185709D-06
  413  0.00211528      0.14871457D-06
  414  0.00214096      0.15590153D-06
  415  0.00216696      0.16343366D-06
  416  0.00219327      0.17132742D-06
  417  0.00221990      0.17960002D-06
  418  0.00224686      0.18826951D-06
  419  0.00227414      0.19735477D-06
  420  0.00230175      0.20687556D-06
  421  0.00232970      0.21685260D-06
  422  0.00235799      0.22730755D-06
  423  0.00238662      0.23826311D-06
  424  0.00241560      0.24974304D-06
  425  0.00244493      0.26177222D-06
  426  0.00247461      0.27437668D-06
  427  0.00250466      0.28758369D-06
  428  0.00253507      0.30142178D-06
  429  0.00256585      0.31592082D-06
  430  0.00259701      0.33111209D-06
  431  0.00262854      0.34702831D-06
  432  0.00266046      0.36370374D-06
  433  0.00269276      0.38117423D-06
  434  0.00272545      0.39947733D-06
  435  0.00275855      0.41865229D-06
  436  0.00279204      0.43874022D-06
  437  0.00282594      0.45978415D-06
  438  0.00286026      0.48182907D-06
  439  0.00289498      0.50492211D-06
  440  0.00293014      0.52911254D-06
  441  0.00296571      0.55445195D-06
  442  0.00300172      0.58099430D-06
  443  0.00303817      0.60879604D-06
  444  0.00307506      0.63791626D-06
  445  0.00311240      0.66841676D-06
  446  0.00315019      0.70036218D-06
  447  0.00318844      0.73382017D-06
  448  0.00322715      0.76886148D-06
  449  0.00326634      0.80556011D-06
  450  0.00330600      0.84399349D-06
  451  0.00334614      0.88424258D-06
  452  0.00338677      0.92639207D-06
  453  0.00342789      0.97053052D-06
  454  0.00346951      0.10167506D-05
  455  0.00351164      0.10651491D-05
  456  0.00355428      0.11158274D-05
  457  0.00359743      0.11688913D-05
  458  0.00364111      0.12244517D-05
  459  0.00368532      0.12826244D-05
  460  0.00373007      0.13435304D-05
  461  0.00377536      0.14072962D-05
  462  0.00382120      0.14740543D-05
  463  0.00386760      0.15439430D-05
  464  0.00391456      0.16171068D-05
  465  0.00396209      0.16936970D-05
  466  0.00401020      0.17738714D-05
  467  0.00405889      0.18577953D-05
  468  0.00410818      0.19456413D-05
  469  0.00415806      0.20375895D-05
  470  0.00420854      0.21338286D-05
  471  0.00425964      0.22345554D-05
  472  0.00431137      0.23399758D-05
  473  0.00436371      0.24503046D-05
  474  0.00441670      0.25657666D-05
  475  0.00447033      0.26865964D-05
  476  0.00452461      0.28130391D-05
  477  0.00457954      0.29453508D-05
  478  0.00463515      0.30837989D-05
  479  0.00469143      0.32286629D-05
  480  0.00474839      0.33802345D-05
  481  0.00480605      0.35388183D-05
  482  0.00486440      0.37047326D-05
  483  0.00492347      0.38783096D-05
  484  0.00498325      0.40598962D-05
  485  0.00504375      0.42498546D-05
  486  0.00510500      0.44485629D-05
  487  0.00516698      0.46564159D-05
  488  0.00522972      0.48738255D-05
  489  0.00529322      0.51012219D-05
  490  0.00535749      0.53390540D-05
  491  0.00542254      0.55877901D-05
  492  0.00548838      0.58479192D-05
  493  0.00555502      0.61199514D-05
  494  0.00562247      0.64044189D-05
  495  0.00569074      0.67018770D-05
  496  0.00575984      0.70129051D-05
  497  0.00582977      0.73381075D-05
  498  0.00590056      0.76781145D-05
  499  0.00597220      0.80335835D-05
  500  0.00604472      0.84052004D-05
  501  0.00611811      0.87936801D-05
  502  0.00619240      0.91997681D-05
  503  0.00626759      0.96242420D-05
  504  0.00634369      0.10067912D-04
  505  0.00642071      0.10531623D-04
  506  0.00649867      0.11016257D-04
  507  0.00657758      0.11522730D-04
  508  0.00665745      0.12051999D-04
  509  0.00673828      0.12605062D-04
  510  0.00682010      0.13182957D-04
  511  0.00690291      0.13786767D-04
  512  0.00698672      0.14417619D-04
  513  0.00707156      0.15076688D-04
  514  0.00715742      0.15765197D-04
  515  0.00724433      0.16484420D-04
  516  0.00733229      0.17235685D-04
  517  0.00742132      0.18020373D-04
  518  0.00751143      0.18839922D-04
  519  0.00760263      0.19695831D-04
  520  0.00769494      0.20589658D-04
  521  0.00778838      0.21523026D-04
  522  0.00788294      0.22497623D-04
  523  0.00797866      0.23515208D-04
  524  0.00807553      0.24577607D-04
  525  0.00817359      0.25686724D-04
  526  0.00827283      0.26844536D-04
  527  0.00837328      0.28053103D-04
  528  0.00847495      0.29314563D-04
  529  0.00857785      0.30631143D-04
  530  0.00868201      0.32005157D-04
  531  0.00878742      0.33439010D-04
  532  0.00889412      0.34935202D-04
  533  0.00900211      0.36496333D-04
  534  0.00911142      0.38125103D-04
  535  0.00922205      0.39824317D-04
  536  0.00933402      0.41596891D-04
  537  0.00944736      0.43445852D-04
  538  0.00956207      0.45374346D-04
  539  0.00967817      0.47385639D-04
  540  0.00979568      0.49483120D-04
  541  0.00991462      0.51670309D-04
  542  0.01003501      0.53950862D-04
  543  0.01015685      0.56328568D-04
  544  0.01028018      0.58807363D-04
  545  0.01040500      0.61391329D-04
  546  0.01053134      0.64084700D-04
  547  0.01065921      0.66891867D-04
  548  0.01078864      0.69817385D-04
  549  0.01091963      0.72865974D-04
  550  0.01105222      0.76042529D-04
  551  0.01118642      0.79352121D-04
  552  0.01132224      0.82800008D-04
  553  0.01145972      0.86391635D-04
  554  0.01159886      0.90132642D-04
  555  0.01173970      0.94028870D-04
  556  0.01188224      0.98086370D-04
  557  0.01202652      0.10231140D-03
  558  0.01217254      0.10671045D-03
  559  0.01232034      0.11129021D-03
  560  0.01246994      0.11605764D-03
  561  0.01262135      0.12101990D-03
  562  0.01277460      0.12618442D-03
  563  0.01292971      0.13155888D-03
  564  0.01308670      0.13715120D-03
  565  0.01324560      0.14296959D-03
  566  0.01340643      0.14902251D-03
  567  0.01356921      0.15531871D-03
  568  0.01373397      0.16186723D-03
  569  0.01390072      0.16867740D-03
  570  0.01406951      0.17575885D-03
  571  0.01424034      0.18312151D-03
  572  0.01441325      0.19077564D-03
  573  0.01458825      0.19873180D-03
  574  0.01476539      0.20700089D-03
  575  0.01494467      0.21559416D-03
  576  0.01512613      0.22452317D-03
  577  0.01530979      0.23379986D-03
  578  0.01549568      0.24343651D-03
  579  0.01568383      0.25344577D-03
  580  0.01587426      0.26384065D-03
  581  0.01606701      0.27463454D-03
  582  0.01626210      0.28584123D-03
  583  0.01645955      0.29747486D-03
  584  0.01665941      0.30955000D-03
  585  0.01686169      0.32208160D-03
  586  0.01706642      0.33508502D-03
  587  0.01727364      0.34857604D-03
  588  0.01748338      0.36257083D-03
  589  0.01769566      0.37708601D-03
  590  0.01791053      0.39213860D-03
  591  0.01812800      0.40774606D-03
  592  0.01834811      0.42392626D-03
  593  0.01857089      0.44069753D-03
  594  0.01879638      0.45807861D-03
  595  0.01902461      0.47608868D-03
  596  0.01925560      0.49474738D-03
  597  0.01948941      0.51407474D-03
  598  0.01972605      0.53409127D-03
  599  0.01996556      0.55481788D-03
  600  0.02020799      0.57627594D-03
  601  0.02045335      0.59848721D-03
  602  0.02070170      0.62147391D-03
  603  0.02095306      0.64525865D-03
  604  0.02120747      0.66986447D-03
  605  0.02146497      0.69531481D-03
  606  0.02172560      0.72163348D-03
  607  0.02198940      0.74884471D-03
  608  0.02225639      0.77697308D-03
  609  0.02252663      0.80604353D-03
  610  0.02280015      0.83608135D-03
  611  0.02307699      0.86711215D-03
  612  0.02335719      0.89916187D-03
  613  0.02364080      0.93225671D-03
  614  0.02392785      0.96642316D-03
  615  0.02421838      0.10016880D-02
  616  0.02451244      0.10380781D-02
  617  0.02481007      0.10756206D-02
  618  0.02511132      0.11143428D-02
  619  0.02541622      0.11542723D-02
  620  0.02572483      0.11954364D-02
  621  0.02603718      0.12378628D-02
  622  0.02635332      0.12815792D-02
  623  0.02667331      0.13266130D-02
  624  0.02699717      0.13729918D-02
  625  0.02732498      0.14207430D-02
  626  0.02765676      0.14698939D-02
  627  0.02799257      0.15204714D-02
  628  0.02833245      0.15725023D-02
  629  0.02867647      0.16260130D-02
  630  0.02902466      0.16810295D-02
  631  0.02937708      0.17375774D-02
  632  0.02973378      0.17956816D-02
  633  0.03009481      0.18553665D-02
  634  0.03046022      0.19166558D-02
  635  0.03083007      0.19795726D-02
  636  0.03120441      0.20441388D-02
  637  0.03158329      0.21103757D-02
  638  0.03196678      0.21783033D-02
  639  0.03235492      0.22479407D-02
  640  0.03274778      0.23193056D-02
  641  0.03314540      0.23924145D-02
  642  0.03354786      0.24672824D-02
  643  0.03395520      0.25439228D-02
  644  0.03436748      0.26223474D-02
  645  0.03478477      0.27025665D-02
  646  0.03520713      0.27845880D-02
  647  0.03563462      0.28684182D-02
  648  0.03606730      0.29540609D-02
  649  0.03650523      0.30415180D-02
  650  0.03694848      0.31307886D-02
  651  0.03739711      0.32218695D-02
  652  0.03785119      0.33147548D-02
  653  0.03831078      0.34094355D-02
  654  0.03877595      0.35059000D-02
  655  0.03924677      0.36041332D-02
  656  0.03972330      0.37041170D-02
  657  0.04020563      0.38058296D-02
  658  0.04069381      0.39092457D-02
  659  0.04118791      0.40143364D-02
  660  0.04168802      0.41210687D-02
  661  0.04219420      0.42294056D-02
  662  0.04270652      0.43393057D-02
  663  0.04322507      0.44507236D-02
  664  0.04374991      0.45636090D-02
  665  0.04428112      0.46779070D-02
  666  0.04481878      0.47935579D-02
  667  0.04536298      0.49104969D-02
  668  0.04591378      0.50286542D-02
  669  0.04647126      0.51479546D-02
  670  0.04703552      0.52683174D-02
  671  0.04760663      0.53896565D-02
  672  0.04818467      0.55118798D-02
  673  0.04876973      0.56348898D-02
  674  0.04936190      0.57585827D-02
  675  0.04996125      0.58828487D-02
  676  0.05056788      0.60075722D-02
  677  0.05118188      0.61326309D-02
  678  0.05180333      0.62578965D-02
  679  0.05243233      0.63832342D-02
  680  0.05306897      0.65085029D-02
  681  0.05371334      0.66335550D-02
  682  0.05436553      0.67582363D-02
  683  0.05502564      0.68823865D-02
  684  0.05569376      0.70058383D-02
  685  0.05637000      0.71284186D-02
  686  0.05705444      0.72499475D-02
  687  0.05774720      0.73702389D-02
  688  0.05844837      0.74891007D-02
  689  0.05915806      0.76063346D-02
  690  0.05987636      0.77217363D-02
  691  0.06060338      0.78350962D-02
  692  0.06133923      0.79461986D-02
  693  0.06208401      0.80548230D-02
  694  0.06283784      0.81607436D-02
  695  0.06360082      0.82637300D-02
  696  0.06437306      0.83635474D-02
  697  0.06515469      0.84599569D-02
  698  0.06594580      0.85527161D-02
  699  0.06674652      0.86415792D-02
  700  0.06755696      0.87262979D-02
  701  0.06837724      0.88066215D-02
  702  0.06920748      0.88822977D-02
  703  0.07004780      0.89530731D-02
  704  0.07089832      0.90186940D-02
  705  0.07175917      0.90789065D-02
  706  0.07263048      0.91334579D-02
  707  0.07351236      0.91820972D-02
  708  0.07440495      0.92245755D-02
  709  0.07530838      0.92606475D-02
  710  0.07622278      0.92900718D-02
  711  0.07714828      0.93126120D-02
  712  0.07808502      0.93280378D-02
  713  0.07903313      0.93361256D-02
  714  0.07999275      0.93366599D-02
  715  0.08096403      0.93294342D-02
  716  0.08194710      0.93142518D-02
  717  0.08294211      0.92909275D-02
  718  0.08394919      0.92592881D-02
  719  0.08496851      0.92191740D-02
  720  0.08600020      0.91704402D-02
  721  0.08704442      0.91129576D-02
  722  0.08810132      0.90466140D-02
  723  0.08917105      0.89713157D-02
  724  0.09025377      0.88869884D-02
  725  0.09134964      0.87935785D-02
  726  0.09245881      0.86910546D-02
  727  0.09358145      0.85794083D-02
  728  0.09471772      0.84586561D-02
  729  0.09586779      0.83288397D-02
  730  0.09703182      0.81900280D-02
  731  0.09820999      0.80423178D-02
  732  0.09940246      0.78858351D-02
  733  0.10060941      0.77207361D-02
  734  0.10183101      0.75472084D-02
  735  0.10306745      0.73654717D-02
  736  0.10431890      0.71757789D-02
  737  0.10558555      0.69784170D-02
  738  0.10686757      0.67737077D-02
  739  0.10816516      0.65620081D-02
  740  0.10947851      0.63437114D-02
  741  0.11080781      0.61192472D-02
  742  0.11215324      0.58890820D-02
  743  0.11351501      0.56537195D-02
  744  0.11489332      0.54137004D-02
  745  0.11628836      0.51696027D-02
  746  0.11770034      0.49220415D-02
  747  0.11912946      0.46716684D-02
  748  0.12057594      0.44191712D-02
  749  0.12203998      0.41652735D-02
  750  0.12352179      0.39107333D-02
  751  0.12502160      0.36563424D-02
  752  0.12653962      0.34029252D-02
  753  0.12807607      0.31513370D-02
  754  0.12963118      0.29024627D-02
  755  0.13120517      0.26572150D-02
  756  0.13279827      0.24165319D-02
  757  0.13441071      0.21813753D-02
  758  0.13604273      0.19527277D-02
  759  0.13769457      0.17315903D-02
  760  0.13936647      0.15189796D-02
  761  0.14105866      0.13159245D-02
  762  0.14277140      0.11234631D-02
  763  0.14450494      0.94263918D-03
  764  0.14625953      0.77449826D-03
  765  0.14803542      0.62008402D-03
  766  0.14983287      0.48043405D-03
  767  0.15165215      0.35657560D-03
  768  0.15349352      0.24952114D-03
  769  0.15535725      0.16026379D-03
  770  0.15724361      0.89772579D-04
  771  0.15915287      0.38987534D-04
  772  0.16108531      0.88147424D-05
  773  0.16304122      0.12125691D-06
  774  0.16502087      0.13729945D-04
  775  0.16702456      0.50414288D-04
  776  0.16905258      0.11089314D-03
  777  0.17110523      0.19582550D-03
  778  0.17318280      0.30580526D-03
  779  0.17528559      0.44135607D-03
  780  0.17741392      0.60292621D-03
  781  0.17956809      0.79088361D-03
  782  0.18174842      0.10055110D-02
  783  0.18395522      0.12470010D-02
  784  0.18618881      0.15154522D-02
  785  0.18844953      0.18108642D-02
  786  0.19073769      0.21331339D-02
  787  0.19305364      0.24820520D-02
  788  0.19539771      0.28572993D-02
  789  0.19777024      0.32584439D-02
  790  0.20017157      0.36849385D-02
  791  0.20260207      0.41361180D-02
  792  0.20506207      0.46111984D-02
  793  0.20755195      0.51092749D-02
  794  0.21007205      0.56293216D-02
  795  0.21262276      0.61701912D-02
  796  0.21520444      0.67306155D-02
  797  0.21781746      0.73092063D-02
  798  0.22046221      0.79044573D-02
  799  0.22313908      0.85147462D-02
  800  0.22584844      0.91383378D-02
  801  0.22859071      0.97733875D-02
  802  0.23136627      0.10417946D-01
  803  0.23417553      0.11069963D-01
  804  0.23701890      0.11727297D-01
  805  0.23989680      0.12387715D-01
  806  0.24280964      0.13048905D-01
  807  0.24575785      0.13708484D-01
  808  0.24874185      0.14364003D-01
  809  0.25176209      0.15012957D-01
  810  0.25481900      0.15652799D-01
  811  0.25791303      0.16280943D-01
  812  0.26104462      0.16894784D-01
  813  0.26421424      0.17491702D-01
  814  0.26742234      0.18069076D-01
  815  0.27066940      0.18624300D-01
  816  0.27395588      0.19154792D-01
  817  0.27728227      0.19658009D-01
  818  0.28064905      0.20131458D-01
  819  0.28405670      0.20572716D-01
  820  0.28750573      0.20979435D-01
  821  0.29099664      0.21349365D-01
  822  0.29452994      0.21680362D-01
  823  0.29810614      0.21970404D-01
  824  0.30172576      0.22217604D-01
  825  0.30538933      0.22420226D-01
  826  0.30909739      0.22576694D-01
  827  0.31285046      0.22685610D-01
  828  0.31664911      0.22745761D-01
  829  0.32049388      0.22756137D-01
  830  0.32438534      0.22715937D-01
  831  0.32832404      0.22624580D-01
  832  0.33231057      0.22481718D-01
  833  0.33634550      0.22287242D-01
  834  0.34042943      0.22041291D-01
  835  0.34456294      0.21744259D-01
  836  0.34874664      0.21396798D-01
  837  0.35298114      0.20999828D-01
  838  0.35726706      0.20554533D-01
  839  0.36160502      0.20062372D-01
  840  0.36599565      0.19525070D-01
  841  0.37043958      0.18944625D-01
  842  0.37493748      0.18323304D-01
  843  0.37948999      0.17663637D-01
  844  0.38409778      0.16968415D-01
  845  0.38876152      0.16240683D-01
  846  0.39348188      0.15483730D-01
  847  0.39825956      0.14701086D-01
  848  0.40309525      0.13896502D-01
  849  0.40798966      0.13073946D-01
  850  0.41294349      0.12237587D-01
  851  0.41795747      0.11391778D-01
  852  0.42303233      0.10541041D-01
  853  0.42816882      0.96900527D-02
  854  0.43336766      0.88436197D-02
  855  0.43862964      0.80066641D-02
  856  0.44395550      0.71841998D-02
  857  0.44934604      0.63813114D-02
  858  0.45480202      0.56031312D-02
  859  0.46032425      0.48548159D-02
  860  0.46591353      0.41415218D-02
  861  0.47157068      0.34683803D-02
  862  0.47729652      0.28404727D-02
  863  0.48309188      0.22628042D-02
  864  0.48895761      0.17402780D-02
  865  0.49489456      0.12776701D-02
  866  0.50090359      0.87960235D-03
  867  0.50698559      0.55051785D-03
  868  0.51314144      0.29465511D-03
  869  0.51937203      0.11602356D-03
  870  0.52567828      0.18379428D-04
  871  0.53206109      0.52025357D-05
  872  0.53852141      0.79674043D-04
  873  0.54506016      0.24465530D-03
  874  0.55167831      0.50266798D-03
  875  0.55837682      0.85587560D-03
  876  0.56515666      0.13060666D-02
  877  0.57201883      0.18546390D-02
  878  0.57896431      0.25025870D-02
  879  0.58599413      0.32504893D-02
  880  0.59310930      0.40984996D-02
  881  0.60031086      0.50463388D-02
  882  0.60759987      0.60932900D-02
  883  0.61497738      0.72381950D-02
  884  0.62244447      0.84794534D-02
  885  0.63000223      0.98150242D-02
  886  0.63765175      0.11242429D-01
  887  0.64539415      0.12758759D-01
  888  0.65323056      0.14360683D-01
  889  0.66116212      0.16044455D-01
  890  0.66918999      0.17805932D-01
  891  0.67731533      0.19640587D-01
  892  0.68553933      0.21543523D-01
  893  0.69386319      0.23509497D-01
  894  0.70228811      0.25532939D-01
  895  0.71081534      0.27607973D-01
  896  0.71944609      0.29728444D-01
  897  0.72818165      0.31887945D-01
  898  0.73702327      0.34079841D-01
  899  0.74597225      0.36297303D-01
  900  0.75502988      0.38533333D-01
  901  0.76419750      0.40780800D-01
  902  0.77347643      0.43032469D-01
  903  0.78286802      0.45281038D-01
  904  0.79237364      0.47519165D-01
  905  0.80199469      0.49739509D-01
  906  0.81173255      0.51934759D-01
  907  0.82158865      0.54097670D-01
  908  0.83156443      0.56221099D-01
  909  0.84166133      0.58298033D-01
  910  0.85188083      0.60321630D-01
  911  0.86222441      0.62285241D-01
  912  0.87269359      0.64182452D-01
  913  0.88328988      0.66007104D-01
  914  0.89401484      0.67753329D-01
  915  0.90487001      0.69415573D-01
  916  0.91585699      0.70988621D-01
  917  0.92697738      0.72467624D-01
  918  0.93823279      0.73848114D-01
  919  0.94962486      0.75126028D-01
  920  0.96115526      0.76297723D-01
  921  0.97282566      0.77359989D-01
  922  0.98463776      0.78310061D-01
  923  0.99659329      0.79145630D-01
  924  1.00869398      0.79864846D-01
  925  1.02094160      0.80466324D-01
  926  1.03333793      0.80949143D-01
  927  1.04588477      0.81312846D-01
  928  1.05858396      0.81557436D-01
  929  1.07143735      0.81683367D-01
  930  1.08444680      0.81691538D-01
  931  1.09761421      0.81583277D-01
  932  1.11094150      0.81360331D-01
  933  1.12443062      0.81024848D-01
  934  1.13808352      0.80579360D-01
  935  1.15190219      0.80026763D-01
  936  1.16588865      0.79370296D-01
  937  1.18004493      0.78613517D-01
  938  1.19437310      0.77760280D-01
  939  1.20887525      0.76814710D-01
  940  1.22355348      0.75781175D-01
  941  1.23840993      0.74664263D-01
  942  1.25344677      0.73468752D-01
  943  1.26866619      0.72199583D-01
  944  1.28407041      0.70861833D-01
  945  1.29966166      0.69460685D-01
  946  1.31544222      0.68001407D-01
  947  1.33141439      0.66489317D-01
  948  1.34758050      0.64929762D-01
  949  1.36394290      0.63328091D-01
  950  1.38050397      0.61689632D-01
  951  1.39726612      0.60019663D-01
  952  1.41423180      0.58323396D-01
  953  1.43140348      0.56605952D-01
  954  1.44878366      0.54872340D-01
  955  1.46637487      0.53127442D-01
  956  1.48417968      0.51375992D-01
  957  1.50220067      0.49622562D-01
  958  1.52044047      0.47871548D-01
  959  1.53890175      0.46127154D-01
  960  1.55758718      0.44393388D-01
  961  1.57649948      0.42674044D-01
  962  1.59564143      0.40972700D-01
  963  1.61501579      0.39292708D-01
  964  1.63462540      0.37637193D-01
  965  1.65447312      0.36009045D-01
  966  1.67456182      0.34410920D-01
  967  1.69489444      0.32845238D-01
  968  1.71547394      0.31314184D-01
  969  1.73630332      0.29819710D-01
  970  1.75738561      0.28363540D-01
  971  1.77872388      0.26947170D-01
  972  1.80032125      0.25571877D-01
  973  1.82218085      0.24238723D-01
  974  1.84430587      0.22948564D-01
  975  1.86669953      0.21702056D-01
  976  1.88936510      0.20499664D-01
  977  1.91230587      0.19341670D-01
  978  1.93552520      0.18228186D-01
  979  1.95902645      0.17159160D-01
  980  1.98281306      0.16134388D-01
  981  2.00688848      0.15153524D-01
  982  2.03125623      0.14216091D-01
  983  2.05591986      0.13321492D-01
  984  2.08088295      0.12469019D-01
  985  2.10614914      0.11657865D-01
  986  2.13172212      0.10887135D-01
  987  2.15760561      0.10155854D-01
  988  2.18380338      0.94629791D-02
  989  2.21031924      0.88074080D-02
  990  2.23715705      0.81879886D-02
  991  2.26432074      0.76035280D-02
  992  2.29181424      0.70528008D-02
  993  2.31964158      0.65345573D-02
  994  2.34780679      0.60475309D-02
  995  2.37631399      0.55904454D-02
  996  2.40516733      0.51620214D-02
  997  2.43437100      0.47609822D-02
  998  2.46392927      0.43860598D-02
  999  2.49384643      0.40359997D-02
 1000  2.52412685      0.37095656D-02
 1001  2.55477494      0.34055432D-02
 1002  2.58579516      0.31231529D-02
 1003  2.61719203      0.28615092D-02
 1004  2.64897012      0.26193093D-02
 1005  2.68113406      0.23953156D-02
 1006  2.71368853      0.21883540D-02
 1007  2.74663829      0.19973113D-02
 1008  2.77998812      0.18211330D-02
 1009  2.81374289      0.16588217D-02
 1010  2.84790751      0.15094339D-02
 1011  2.88248696      0.13720788D-02
 1012  2.91748628      0.12459160D-02
 1013  2.95291055      0.11301530D-02
 1014  2.98876496      0.10240437D-02
 1015  3.02505470      0.92688633D-03
 1016  3.06178509      0.83802127D-03
 1017  3.09896145      0.75682934D-03
 1018  3.13658921      0.68272995D-03
 1019  3.17467385      0.61517922D-03
 1020  3.21322091      0.55366825D-03
 1021  3.25223602      0.49772143D-03
 1022  3.29172484      0.44689472D-03
 1023  3.33169315      0.40077406D-03
