 ir        r               f(r)
    1  0.00001465      0.51457488D+05
    2  0.00001483      0.51456719D+05
    3  0.00001501      0.51455940D+05
    4  0.00001519      0.51455153D+05
    5  0.00001538      0.51454355D+05
    6  0.00001556      0.51453549D+05
    7  0.00001575      0.51452732D+05
    8  0.00001594      0.51451905D+05
    9  0.00001614      0.51451069D+05
   10  0.00001633      0.51450222D+05
   11  0.00001653      0.51449365D+05
   12  0.00001673      0.51448497D+05
   13  0.00001693      0.51447619D+05
   14  0.00001714      0.51446731D+05
   15  0.00001735      0.51445831D+05
   16  0.00001756      0.51444921D+05
   17  0.00001777      0.51444000D+05
   18  0.00001799      0.51443067D+05
   19  0.00001821      0.51442123D+05
   20  0.00001843      0.51441168D+05
   21  0.00001865      0.51440201D+05
   22  0.00001888      0.51439223D+05
   23  0.00001911      0.51438232D+05
   24  0.00001934      0.51437230D+05
   25  0.00001957      0.51436215D+05
   26  0.00001981      0.51435189D+05
   27  0.00002005      0.51434149D+05
   28  0.00002030      0.51433097D+05
   29  0.00002054      0.51432033D+05
   30  0.00002079      0.51430955D+05
   31  0.00002104      0.51429864D+05
   32  0.00002130      0.51428761D+05
   33  0.00002156      0.51427643D+05
   34  0.00002182      0.51426513D+05
   35  0.00002208      0.51425368D+05
   36  0.00002235      0.51424210D+05
   37  0.00002262      0.51423037D+05
   38  0.00002290      0.51421851D+05
   39  0.00002318      0.51420650D+05
   40  0.00002346      0.51419434D+05
   41  0.00002374      0.51418204D+05
   42  0.00002403      0.51416959D+05
   43  0.00002432      0.51415699D+05
   44  0.00002462      0.51414423D+05
   45  0.00002492      0.51413132D+05
   46  0.00002522      0.51411826D+05
   47  0.00002553      0.51410503D+05
   48  0.00002584      0.51409165D+05
   49  0.00002615      0.51407810D+05
   50  0.00002647      0.51406439D+05
   51  0.00002679      0.51405051D+05
   52  0.00002711      0.51403647D+05
   53  0.00002744      0.51402225D+05
   54  0.00002778      0.51400787D+05
   55  0.00002811      0.51399330D+05
   56  0.00002846      0.51397857D+05
   57  0.00002880      0.51396365D+05
   58  0.00002915      0.51394855D+05
   59  0.00002950      0.51393327D+05
   60  0.00002986      0.51391781D+05
   61  0.00003023      0.51390215D+05
   62  0.00003059      0.51388631D+05
   63  0.00003096      0.51387028D+05
   64  0.00003134      0.51385405D+05
   65  0.00003172      0.51383762D+05
   66  0.00003211      0.51382100D+05
   67  0.00003250      0.51380418D+05
   68  0.00003289      0.51378715D+05
   69  0.00003329      0.51376991D+05
   70  0.00003369      0.51375247D+05
   71  0.00003410      0.51373481D+05
   72  0.00003452      0.51371695D+05
   73  0.00003494      0.51369886D+05
   74  0.00003536      0.51368056D+05
   75  0.00003579      0.51366203D+05
   76  0.00003622      0.51364328D+05
   77  0.00003666      0.51362431D+05
   78  0.00003711      0.51360510D+05
   79  0.00003756      0.51358566D+05
   80  0.00003802      0.51356599D+05
   81  0.00003848      0.51354608D+05
   82  0.00003894      0.51352592D+05
   83  0.00003942      0.51350553D+05
   84  0.00003990      0.51348488D+05
   85  0.00004038      0.51346399D+05
   86  0.00004087      0.51344284D+05
   87  0.00004137      0.51342144D+05
   88  0.00004187      0.51339978D+05
   89  0.00004238      0.51337786D+05
   90  0.00004289      0.51335567D+05
   91  0.00004341      0.51333321D+05
   92  0.00004394      0.51331048D+05
   93  0.00004447      0.51328748D+05
   94  0.00004501      0.51326420D+05
   95  0.00004556      0.51324063D+05
   96  0.00004611      0.51321678D+05
   97  0.00004667      0.51319265D+05
   98  0.00004724      0.51316822D+05
   99  0.00004781      0.51314349D+05
  100  0.00004839      0.51311847D+05
  101  0.00004898      0.51309315D+05
  102  0.00004958      0.51306751D+05
  103  0.00005018      0.51304157D+05
  104  0.00005079      0.51301532D+05
  105  0.00005140      0.51298874D+05
  106  0.00005203      0.51296185D+05
  107  0.00005266      0.51293463D+05
  108  0.00005330      0.51290708D+05
  109  0.00005395      0.51287920D+05
  110  0.00005460      0.51285098D+05
  111  0.00005526      0.51282242D+05
  112  0.00005594      0.51279352D+05
  113  0.00005661      0.51276426D+05
  114  0.00005730      0.51273466D+05
  115  0.00005800      0.51270469D+05
  116  0.00005870      0.51267436D+05
  117  0.00005941      0.51264367D+05
  118  0.00006014      0.51261261D+05
  119  0.00006087      0.51258117D+05
  120  0.00006161      0.51254935D+05
  121  0.00006235      0.51251714D+05
  122  0.00006311      0.51248455D+05
  123  0.00006388      0.51245156D+05
  124  0.00006465      0.51241818D+05
  125  0.00006544      0.51238439D+05
  126  0.00006623      0.51235020D+05
  127  0.00006704      0.51231559D+05
  128  0.00006785      0.51228056D+05
  129  0.00006867      0.51224511D+05
  130  0.00006951      0.51220923D+05
  131  0.00007035      0.51217292D+05
  132  0.00007121      0.51213618D+05
  133  0.00007207      0.51209898D+05
  134  0.00007295      0.51206134D+05
  135  0.00007383      0.51202325D+05
  136  0.00007473      0.51198469D+05
  137  0.00007563      0.51194567D+05
  138  0.00007655      0.51190618D+05
  139  0.00007748      0.51186622D+05
  140  0.00007842      0.51182577D+05
  141  0.00007938      0.51178483D+05
  142  0.00008034      0.51174340D+05
  143  0.00008132      0.51170147D+05
  144  0.00008230      0.51165903D+05
  145  0.00008330      0.51161608D+05
  146  0.00008431      0.51157262D+05
  147  0.00008534      0.51152863D+05
  148  0.00008637      0.51148411D+05
  149  0.00008742      0.51143905D+05
  150  0.00008848      0.51139345D+05
  151  0.00008956      0.51134730D+05
  152  0.00009065      0.51130060D+05
  153  0.00009175      0.51125333D+05
  154  0.00009286      0.51120549D+05
  155  0.00009399      0.51115708D+05
  156  0.00009513      0.51110808D+05
  157  0.00009628      0.51105850D+05
  158  0.00009745      0.51100831D+05
  159  0.00009864      0.51095753D+05
  160  0.00009983      0.51090613D+05
  161  0.00010105      0.51085411D+05
  162  0.00010227      0.51080146D+05
  163  0.00010351      0.51074818D+05
  164  0.00010477      0.51069426D+05
  165  0.00010604      0.51063970D+05
  166  0.00010733      0.51058447D+05
  167  0.00010863      0.51052858D+05
  168  0.00010995      0.51047202D+05
  169  0.00011129      0.51041478D+05
  170  0.00011264      0.51035684D+05
  171  0.00011401      0.51029822D+05
  172  0.00011539      0.51023888D+05
  173  0.00011679      0.51017884D+05
  174  0.00011821      0.51011807D+05
  175  0.00011965      0.51005657D+05
  176  0.00012110      0.50999433D+05
  177  0.00012257      0.50993135D+05
  178  0.00012406      0.50986761D+05
  179  0.00012556      0.50980310D+05
  180  0.00012709      0.50973782D+05
  181  0.00012863      0.50967175D+05
  182  0.00013019      0.50960489D+05
  183  0.00013177      0.50953722D+05
  184  0.00013337      0.50946875D+05
  185  0.00013499      0.50939945D+05
  186  0.00013663      0.50932932D+05
  187  0.00013829      0.50925835D+05
  188  0.00013997      0.50918653D+05
  189  0.00014167      0.50911384D+05
  190  0.00014339      0.50904028D+05
  191  0.00014513      0.50896585D+05
  192  0.00014689      0.50889051D+05
  193  0.00014868      0.50881428D+05
  194  0.00015048      0.50873713D+05
  195  0.00015231      0.50865906D+05
  196  0.00015416      0.50858005D+05
  197  0.00015603      0.50850009D+05
  198  0.00015793      0.50841918D+05
  199  0.00015984      0.50833729D+05
  200  0.00016178      0.50825443D+05
  201  0.00016375      0.50817057D+05
  202  0.00016574      0.50808571D+05
  203  0.00016775      0.50799983D+05
  204  0.00016979      0.50791293D+05
  205  0.00017185      0.50782498D+05
  206  0.00017393      0.50773598D+05
  207  0.00017605      0.50764592D+05
  208  0.00017818      0.50755478D+05
  209  0.00018035      0.50746256D+05
  210  0.00018254      0.50736922D+05
  211  0.00018475      0.50727478D+05
  212  0.00018700      0.50717920D+05
  213  0.00018927      0.50708248D+05
  214  0.00019156      0.50698461D+05
  215  0.00019389      0.50688556D+05
  216  0.00019624      0.50678534D+05
  217  0.00019863      0.50668392D+05
  218  0.00020104      0.50658128D+05
  219  0.00020348      0.50647742D+05
  220  0.00020595      0.50637233D+05
  221  0.00020845      0.50626597D+05
  222  0.00021098      0.50615835D+05
  223  0.00021354      0.50604945D+05
  224  0.00021614      0.50593925D+05
  225  0.00021876      0.50582773D+05
  226  0.00022142      0.50571489D+05
  227  0.00022411      0.50560070D+05
  228  0.00022683      0.50548515D+05
  229  0.00022958      0.50536823D+05
  230  0.00023237      0.50524991D+05
  231  0.00023519      0.50513018D+05
  232  0.00023805      0.50500903D+05
  233  0.00024094      0.50488644D+05
  234  0.00024386      0.50476239D+05
  235  0.00024682      0.50463687D+05
  236  0.00024982      0.50450985D+05
  237  0.00025285      0.50438132D+05
  238  0.00025592      0.50425127D+05
  239  0.00025903      0.50411967D+05
  240  0.00026218      0.50398651D+05
  241  0.00026536      0.50385177D+05
  242  0.00026858      0.50371543D+05
  243  0.00027184      0.50357747D+05
  244  0.00027514      0.50343787D+05
  245  0.00027848      0.50329662D+05
  246  0.00028187      0.50315369D+05
  247  0.00028529      0.50300907D+05
  248  0.00028875      0.50286274D+05
  249  0.00029226      0.50271467D+05
  250  0.00029581      0.50256485D+05
  251  0.00029940      0.50241326D+05
  252  0.00030303      0.50225987D+05
  253  0.00030671      0.50210467D+05
  254  0.00031044      0.50194763D+05
  255  0.00031421      0.50178873D+05
  256  0.00031802      0.50162796D+05
  257  0.00032188      0.50146529D+05
  258  0.00032579      0.50130069D+05
  259  0.00032975      0.50113416D+05
  260  0.00033375      0.50096565D+05
  261  0.00033780      0.50079516D+05
  262  0.00034191      0.50062266D+05
  263  0.00034606      0.50044813D+05
  264  0.00035026      0.50027153D+05
  265  0.00035451      0.50009286D+05
  266  0.00035882      0.49991208D+05
  267  0.00036317      0.49972918D+05
  268  0.00036758      0.49954412D+05
  269  0.00037205      0.49935688D+05
  270  0.00037656      0.49916745D+05
  271  0.00038114      0.49897578D+05
  272  0.00038576      0.49878187D+05
  273  0.00039045      0.49858567D+05
  274  0.00039519      0.49838718D+05
  275  0.00039999      0.49818635D+05
  276  0.00040484      0.49798317D+05
  277  0.00040976      0.49777760D+05
  278  0.00041473      0.49756963D+05
  279  0.00041977      0.49735922D+05
  280  0.00042487      0.49714634D+05
  281  0.00043003      0.49693098D+05
  282  0.00043525      0.49671309D+05
  283  0.00044053      0.49649266D+05
  284  0.00044588      0.49626964D+05
  285  0.00045129      0.49604403D+05
  286  0.00045677      0.49581578D+05
  287  0.00046232      0.49558486D+05
  288  0.00046793      0.49535125D+05
  289  0.00047362      0.49511492D+05
  290  0.00047937      0.49487583D+05
  291  0.00048519      0.49463396D+05
  292  0.00049108      0.49438927D+05
  293  0.00049704      0.49414173D+05
  294  0.00050308      0.49389132D+05
  295  0.00050918      0.49363799D+05
  296  0.00051537      0.49338172D+05
  297  0.00052162      0.49312248D+05
  298  0.00052796      0.49286022D+05
  299  0.00053437      0.49259493D+05
  300  0.00054086      0.49232656D+05
  301  0.00054742      0.49205507D+05
  302  0.00055407      0.49178045D+05
  303  0.00056080      0.49150265D+05
  304  0.00056761      0.49122163D+05
  305  0.00057450      0.49093737D+05
  306  0.00058147      0.49064982D+05
  307  0.00058853      0.49035896D+05
  308  0.00059568      0.49006474D+05
  309  0.00060291      0.48976712D+05
  310  0.00061023      0.48946608D+05
  311  0.00061764      0.48916157D+05
  312  0.00062514      0.48885356D+05
  313  0.00063273      0.48854200D+05
  314  0.00064042      0.48822687D+05
  315  0.00064819      0.48790811D+05
  316  0.00065606      0.48758570D+05
  317  0.00066403      0.48725959D+05
  318  0.00067209      0.48692975D+05
  319  0.00068025      0.48659612D+05
  320  0.00068851      0.48625868D+05
  321  0.00069687      0.48591738D+05
  322  0.00070533      0.48557219D+05
  323  0.00071390      0.48522305D+05
  324  0.00072257      0.48486993D+05
  325  0.00073134      0.48451278D+05
  326  0.00074022      0.48415157D+05
  327  0.00074921      0.48378624D+05
  328  0.00075830      0.48341676D+05
  329  0.00076751      0.48304308D+05
  330  0.00077683      0.48266516D+05
  331  0.00078626      0.48228296D+05
  332  0.00079581      0.48189642D+05
  333  0.00080547      0.48150550D+05
  334  0.00081525      0.48111017D+05
  335  0.00082515      0.48071036D+05
  336  0.00083517      0.48030604D+05
  337  0.00084531      0.47989716D+05
  338  0.00085557      0.47948366D+05
  339  0.00086596      0.47906552D+05
  340  0.00087648      0.47864266D+05
  341  0.00088712      0.47821506D+05
  342  0.00089789      0.47778265D+05
  343  0.00090879      0.47734539D+05
  344  0.00091983      0.47690323D+05
  345  0.00093100      0.47645612D+05
  346  0.00094230      0.47600401D+05
  347  0.00095374      0.47554685D+05
  348  0.00096532      0.47508458D+05
  349  0.00097704      0.47461717D+05
  350  0.00098891      0.47414454D+05
  351  0.00100091      0.47366666D+05
  352  0.00101307      0.47318347D+05
  353  0.00102537      0.47269492D+05
  354  0.00103782      0.47220094D+05
  355  0.00105042      0.47170150D+05
  356  0.00106317      0.47119654D+05
  357  0.00107608      0.47068599D+05
  358  0.00108915      0.47016981D+05
  359  0.00110237      0.46964795D+05
  360  0.00111576      0.46912033D+05
  361  0.00112931      0.46858692D+05
  362  0.00114302      0.46804765D+05
  363  0.00115690      0.46750247D+05
  364  0.00117094      0.46695132D+05
  365  0.00118516      0.46639413D+05
  366  0.00119955      0.46583087D+05
  367  0.00121412      0.46526145D+05
  368  0.00122886      0.46468584D+05
  369  0.00124378      0.46410396D+05
  370  0.00125888      0.46351577D+05
  371  0.00127417      0.46292119D+05
  372  0.00128964      0.46232018D+05
  373  0.00130530      0.46171266D+05
  374  0.00132115      0.46109859D+05
  375  0.00133719      0.46047789D+05
  376  0.00135342      0.45985051D+05
  377  0.00136986      0.45921639D+05
  378  0.00138649      0.45857546D+05
  379  0.00140332      0.45792766D+05
  380  0.00142036      0.45727294D+05
  381  0.00143761      0.45661122D+05
  382  0.00145507      0.45594244D+05
  383  0.00147273      0.45526655D+05
  384  0.00149061      0.45458347D+05
  385  0.00150871      0.45389315D+05
  386  0.00152703      0.45319552D+05
  387  0.00154557      0.45249052D+05
  388  0.00156434      0.45177807D+05
  389  0.00158333      0.45105812D+05
  390  0.00160256      0.45033061D+05
  391  0.00162202      0.44959546D+05
  392  0.00164171      0.44885261D+05
  393  0.00166165      0.44810200D+05
  394  0.00168182      0.44734355D+05
  395  0.00170224      0.44657721D+05
  396  0.00172291      0.44580291D+05
  397  0.00174383      0.44502058D+05
  398  0.00176501      0.44423016D+05
  399  0.00178644      0.44343157D+05
  400  0.00180813      0.44262476D+05
  401  0.00183008      0.44180965D+05
  402  0.00185230      0.44098618D+05
  403  0.00187479      0.44015428D+05
  404  0.00189756      0.43931389D+05
  405  0.00192060      0.43846494D+05
  406  0.00194392      0.43760735D+05
  407  0.00196752      0.43674107D+05
  408  0.00199141      0.43586602D+05
  409  0.00201559      0.43498215D+05
  410  0.00204006      0.43408937D+05
  411  0.00206483      0.43318763D+05
  412  0.00208991      0.43227686D+05
  413  0.00211528      0.43135699D+05
  414  0.00214096      0.43042796D+05
  415  0.00216696      0.42948969D+05
  416  0.00219327      0.42854212D+05
  417  0.00221990      0.42758519D+05
  418  0.00224686      0.42661883D+05
  419  0.00227414      0.42564296D+05
  420  0.00230175      0.42465754D+05
  421  0.00232970      0.42366248D+05
  422  0.00235799      0.42265773D+05
  423  0.00238662      0.42164322D+05
  424  0.00241560      0.42061889D+05
  425  0.00244493      0.41958466D+05
  426  0.00247461      0.41854048D+05
  427  0.00250466      0.41748629D+05
  428  0.00253507      0.41642201D+05
  429  0.00256585      0.41534759D+05
  430  0.00259701      0.41426297D+05
  431  0.00262854      0.41316807D+05
  432  0.00266046      0.41206284D+05
  433  0.00269276      0.41094723D+05
  434  0.00272545      0.40982116D+05
  435  0.00275855      0.40868458D+05
  436  0.00279204      0.40753743D+05
  437  0.00282594      0.40637965D+05
  438  0.00286026      0.40521118D+05
  439  0.00289498      0.40403197D+05
  440  0.00293014      0.40284195D+05
  441  0.00296571      0.40164108D+05
  442  0.00300172      0.40042930D+05
  443  0.00303817      0.39920655D+05
  444  0.00307506      0.39797277D+05
  445  0.00311240      0.39672793D+05
  446  0.00315019      0.39547197D+05
  447  0.00318844      0.39420483D+05
  448  0.00322715      0.39292646D+05
  449  0.00326634      0.39163683D+05
  450  0.00330600      0.39033588D+05
  451  0.00334614      0.38902356D+05
  452  0.00338677      0.38769983D+05
  453  0.00342789      0.38636465D+05
  454  0.00346951      0.38501798D+05
  455  0.00351164      0.38365976D+05
  456  0.00355428      0.38228997D+05
  457  0.00359743      0.38090857D+05
  458  0.00364111      0.37951551D+05
  459  0.00368532      0.37811077D+05
  460  0.00373007      0.37669430D+05
  461  0.00377536      0.37526608D+05
  462  0.00382120      0.37382608D+05
  463  0.00386760      0.37237426D+05
  464  0.00391456      0.37091061D+05
  465  0.00396209      0.36943508D+05
  466  0.00401020      0.36794767D+05
  467  0.00405889      0.36644834D+05
  468  0.00410818      0.36493709D+05
  469  0.00415806      0.36341388D+05
  470  0.00420854      0.36187871D+05
  471  0.00425964      0.36033155D+05
  472  0.00431137      0.35877241D+05
  473  0.00436371      0.35720126D+05
  474  0.00441670      0.35561811D+05
  475  0.00447033      0.35402294D+05
  476  0.00452461      0.35241576D+05
  477  0.00457954      0.35079656D+05
  478  0.00463515      0.34916534D+05
  479  0.00469143      0.34752212D+05
  480  0.00474839      0.34586689D+05
  481  0.00480605      0.34419967D+05
  482  0.00486440      0.34252047D+05
  483  0.00492347      0.34082930D+05
  484  0.00498325      0.33912618D+05
  485  0.00504375      0.33741114D+05
  486  0.00510500      0.33568420D+05
  487  0.00516698      0.33394538D+05
  488  0.00522972      0.33219472D+05
  489  0.00529322      0.33043224D+05
  490  0.00535749      0.32865799D+05
  491  0.00542254      0.32687199D+05
  492  0.00548838      0.32507431D+05
  493  0.00555502      0.32326497D+05
  494  0.00562247      0.32144403D+05
  495  0.00569074      0.31961155D+05
  496  0.00575984      0.31776758D+05
  497  0.00582977      0.31591217D+05
  498  0.00590056      0.31404540D+05
  499  0.00597220      0.31216732D+05
  500  0.00604472      0.31027802D+05
  501  0.00611811      0.30837756D+05
  502  0.00619240      0.30646603D+05
  503  0.00626759      0.30454350D+05
  504  0.00634369      0.30261007D+05
  505  0.00642071      0.30066582D+05
  506  0.00649867      0.29871084D+05
  507  0.00657758      0.29674525D+05
  508  0.00665745      0.29476913D+05
  509  0.00673828      0.29278260D+05
  510  0.00682010      0.29078577D+05
  511  0.00690291      0.28877875D+05
  512  0.00698672      0.28676167D+05
  513  0.00707156      0.28473464D+05
  514  0.00715742      0.28269781D+05
  515  0.00724433      0.28065130D+05
  516  0.00733229      0.27859525D+05
  517  0.00742132      0.27652980D+05
  518  0.00751143      0.27445510D+05
  519  0.00760263      0.27237131D+05
  520  0.00769494      0.27027858D+05
  521  0.00778838      0.26817707D+05
  522  0.00788294      0.26606696D+05
  523  0.00797866      0.26394840D+05
  524  0.00807553      0.26182159D+05
  525  0.00817359      0.25968670D+05
  526  0.00827283      0.25754391D+05
  527  0.00837328      0.25539342D+05
  528  0.00847495      0.25323543D+05
  529  0.00857785      0.25107013D+05
  530  0.00868201      0.24889774D+05
  531  0.00878742      0.24671847D+05
  532  0.00889412      0.24453253D+05
  533  0.00900211      0.24234014D+05
  534  0.00911142      0.24014153D+05
  535  0.00922205      0.23793694D+05
  536  0.00933402      0.23572659D+05
  537  0.00944736      0.23351075D+05
  538  0.00956207      0.23128964D+05
  539  0.00967817      0.22906352D+05
  540  0.00979568      0.22683266D+05
  541  0.00991462      0.22459731D+05
  542  0.01003501      0.22235774D+05
  543  0.01015685      0.22011422D+05
  544  0.01028018      0.21786703D+05
  545  0.01040500      0.21561646D+05
  546  0.01053134      0.21336279D+05
  547  0.01065921      0.21110631D+05
  548  0.01078864      0.20884732D+05
  549  0.01091963      0.20658613D+05
  550  0.01105222      0.20432303D+05
  551  0.01118642      0.20205835D+05
  552  0.01132224      0.19979238D+05
  553  0.01145972      0.19752547D+05
  554  0.01159886      0.19525792D+05
  555  0.01173970      0.19299008D+05
  556  0.01188224      0.19072226D+05
  557  0.01202652      0.18845482D+05
  558  0.01217254      0.18618809D+05
  559  0.01232034      0.18392241D+05
  560  0.01246994      0.18165814D+05
  561  0.01262135      0.17939563D+05
  562  0.01277460      0.17713524D+05
  563  0.01292971      0.17487732D+05
  564  0.01308670      0.17262224D+05
  565  0.01324560      0.17037036D+05
  566  0.01340643      0.16812206D+05
  567  0.01356921      0.16587771D+05
  568  0.01373397      0.16363768D+05
  569  0.01390072      0.16140235D+05
  570  0.01406951      0.15917210D+05
  571  0.01424034      0.15694732D+05
  572  0.01441325      0.15472839D+05
  573  0.01458825      0.15251570D+05
  574  0.01476539      0.15030962D+05
  575  0.01494467      0.14811057D+05
  576  0.01512613      0.14591892D+05
  577  0.01530979      0.14373507D+05
  578  0.01549568      0.14155940D+05
  579  0.01568383      0.13939233D+05
  580  0.01587426      0.13723424D+05
  581  0.01606701      0.13508552D+05
  582  0.01626210      0.13294657D+05
  583  0.01645955      0.13081778D+05
  584  0.01665941      0.12869955D+05
  585  0.01686169      0.12659228D+05
  586  0.01706642      0.12449634D+05
  587  0.01727364      0.12241214D+05
  588  0.01748338      0.12034007D+05
  589  0.01769566      0.11828050D+05
  590  0.01791053      0.11623384D+05
  591  0.01812800      0.11420045D+05
  592  0.01834811      0.11218073D+05
  593  0.01857089      0.11017504D+05
  594  0.01879638      0.10818376D+05
  595  0.01902461      0.10620727D+05
  596  0.01925560      0.10424593D+05
  597  0.01948941      0.10230011D+05
  598  0.01972605      0.10037016D+05
  599  0.01996556      0.98456432D+04
  600  0.02020799      0.96559283D+04
  601  0.02045335      0.94679054D+04
  602  0.02070170      0.92816083D+04
  603  0.02095306      0.90970703D+04
  604  0.02120747      0.89143239D+04
  605  0.02146497      0.87334012D+04
  606  0.02172560      0.85543334D+04
  607  0.02198940      0.83771510D+04
  608  0.02225639      0.82018840D+04
  609  0.02252663      0.80285614D+04
  610  0.02280015      0.78572115D+04
  611  0.02307699      0.76878616D+04
  612  0.02335719      0.75205385D+04
  613  0.02364080      0.73552677D+04
  614  0.02392785      0.71920740D+04
  615  0.02421838      0.70309814D+04
  616  0.02451244      0.68720126D+04
  617  0.02481007      0.67151895D+04
  618  0.02511132      0.65605330D+04
  619  0.02541622      0.64080630D+04
  620  0.02572483      0.62577980D+04
  621  0.02603718      0.61097559D+04
  622  0.02635332      0.59639530D+04
  623  0.02667331      0.58204048D+04
  624  0.02699717      0.56791255D+04
  625  0.02732498      0.55401281D+04
  626  0.02765676      0.54034245D+04
  627  0.02799257      0.52690252D+04
  628  0.02833245      0.51369398D+04
  629  0.02867647      0.50071763D+04
  630  0.02902466      0.48797415D+04
  631  0.02937708      0.47546411D+04
  632  0.02973378      0.46318794D+04
  633  0.03009481      0.45114594D+04
  634  0.03046022      0.43933826D+04
  635  0.03083007      0.42776496D+04
  636  0.03120441      0.41642594D+04
  637  0.03158329      0.40532096D+04
  638  0.03196678      0.39444967D+04
  639  0.03235492      0.38381157D+04
  640  0.03274778      0.37340603D+04
  641  0.03314540      0.36323229D+04
  642  0.03354786      0.35328945D+04
  643  0.03395520      0.34357649D+04
  644  0.03436748      0.33409224D+04
  645  0.03478477      0.32483543D+04
  646  0.03520713      0.31580462D+04
  647  0.03563462      0.30699827D+04
  648  0.03606730      0.29841470D+04
  649  0.03650523      0.29005211D+04
  650  0.03694848      0.28190858D+04
  651  0.03739711      0.27398206D+04
  652  0.03785119      0.26627038D+04
  653  0.03831078      0.25877126D+04
  654  0.03877595      0.25148229D+04
  655  0.03924677      0.24440096D+04
  656  0.03972330      0.23752465D+04
  657  0.04020563      0.23085063D+04
  658  0.04069381      0.22437606D+04
  659  0.04118791      0.21809801D+04
  660  0.04168802      0.21201346D+04
  661  0.04219420      0.20611927D+04
  662  0.04270652      0.20041223D+04
  663  0.04322507      0.19488903D+04
  664  0.04374991      0.18954631D+04
  665  0.04428112      0.18438060D+04
  666  0.04481878      0.17938836D+04
  667  0.04536298      0.17456600D+04
  668  0.04591378      0.16990984D+04
  669  0.04647126      0.16541617D+04
  670  0.04703552      0.16108120D+04
  671  0.04760663      0.15690110D+04
  672  0.04818467      0.15287200D+04
  673  0.04876973      0.14898998D+04
  674  0.04936190      0.14525109D+04
  675  0.04996125      0.14165135D+04
  676  0.05056788      0.13818675D+04
  677  0.05118188      0.13485327D+04
  678  0.05180333      0.13164686D+04
  679  0.05243233      0.12856348D+04
  680  0.05306897      0.12559908D+04
  681  0.05371334      0.12274961D+04
  682  0.05436553      0.12001101D+04
  683  0.05502564      0.11737927D+04
  684  0.05569376      0.11485035D+04
  685  0.05637000      0.11242027D+04
  686  0.05705444      0.11008506D+04
  687  0.05774720      0.10784079D+04
  688  0.05844837      0.10568356D+04
  689  0.05915806      0.10360952D+04
  690  0.05987636      0.10161485D+04
  691  0.06060338      0.99695800D+03
  692  0.06133923      0.97848672D+03
  693  0.06208401      0.96069823D+03
  694  0.06283784      0.94355679D+03
  695  0.06360082      0.92702731D+03
  696  0.06437306      0.91107545D+03
  697  0.06515469      0.89566765D+03
  698  0.06594580      0.88077111D+03
  699  0.06674652      0.86635389D+03
  700  0.06755696      0.85238493D+03
  701  0.06837724      0.83883404D+03
  702  0.06920748      0.82567198D+03
  703  0.07004780      0.81287045D+03
  704  0.07089832      0.80040212D+03
  705  0.07175917      0.78824069D+03
  706  0.07263048      0.77636084D+03
  707  0.07351236      0.76473831D+03
  708  0.07440495      0.75334989D+03
  709  0.07530838      0.74217343D+03
  710  0.07622278      0.73118786D+03
  711  0.07714828      0.72037319D+03
  712  0.07808502      0.70971052D+03
  713  0.07903313      0.69918203D+03
  714  0.07999275      0.68877102D+03
  715  0.08096403      0.67846187D+03
  716  0.08194710      0.66824002D+03
  717  0.08294211      0.65809205D+03
  718  0.08394919      0.64800555D+03
  719  0.08496851      0.63796923D+03
  720  0.08600020      0.62797280D+03
  721  0.08704442      0.61800705D+03
  722  0.08810132      0.60806376D+03
  723  0.08917105      0.59813570D+03
  724  0.09025377      0.58821665D+03
  725  0.09134964      0.57830132D+03
  726  0.09245881      0.56838534D+03
  727  0.09358145      0.55846528D+03
  728  0.09471772      0.54853854D+03
  729  0.09586779      0.53860339D+03
  730  0.09703182      0.52865890D+03
  731  0.09820999      0.51870492D+03
  732  0.09940246      0.50874205D+03
  733  0.10060941      0.49877159D+03
  734  0.10183101      0.48879551D+03
  735  0.10306745      0.47881643D+03
  736  0.10431890      0.46883755D+03
  737  0.10558555      0.45886263D+03
  738  0.10686757      0.44889594D+03
  739  0.10816516      0.43894225D+03
  740  0.10947851      0.42900674D+03
  741  0.11080781      0.41909500D+03
  742  0.11215324      0.40921296D+03
  743  0.11351501      0.39936688D+03
  744  0.11489332      0.38956327D+03
  745  0.11628836      0.37980890D+03
  746  0.11770034      0.37011069D+03
  747  0.11912946      0.36047576D+03
  748  0.12057594      0.35091129D+03
  749  0.12203998      0.34142458D+03
  750  0.12352179      0.33202293D+03
  751  0.12502160      0.32271366D+03
  752  0.12653962      0.31350403D+03
  753  0.12807607      0.30440125D+03
  754  0.12963118      0.29541240D+03
  755  0.13120517      0.28654446D+03
  756  0.13279827      0.27780419D+03
  757  0.13441071      0.26919819D+03
  758  0.13604273      0.26073282D+03
  759  0.13769457      0.25241418D+03
  760  0.13936647      0.24424810D+03
  761  0.14105866      0.23624011D+03
  762  0.14277140      0.22839542D+03
  763  0.14450494      0.22071889D+03
  764  0.14625953      0.21321502D+03
  765  0.14803542      0.20588795D+03
  766  0.14983287      0.19874142D+03
  767  0.15165215      0.19177878D+03
  768  0.15349352      0.18500295D+03
  769  0.15535725      0.17841647D+03
  770  0.15724361      0.17202141D+03
  771  0.15915287      0.16581945D+03
  772  0.16108531      0.15981183D+03
  773  0.16304122      0.15399935D+03
  774  0.16502087      0.14838238D+03
  775  0.16702456      0.14296089D+03
  776  0.16905258      0.13773440D+03
  777  0.17110523      0.13270203D+03
  778  0.17318280      0.12786250D+03
  779  0.17528559      0.12321413D+03
  780  0.17741392      0.11875486D+03
  781  0.17956809      0.11448224D+03
  782  0.18174842      0.11039350D+03
  783  0.18395522      0.10648549D+03
  784  0.18618881      0.10275477D+03
  785  0.18844953      0.99197563D+02
  786  0.19073769      0.95809827D+02
  787  0.19305364      0.92587240D+02
  788  0.19539771      0.89525235D+02
  789  0.19777024      0.86619018D+02
  790  0.20017157      0.83863586D+02
  791  0.20260207      0.81253756D+02
  792  0.20506207      0.78784181D+02
  793  0.20755195      0.76449374D+02
  794  0.21007205      0.74243733D+02
  795  0.21262276      0.72161560D+02
  796  0.21520444      0.70197086D+02
  797  0.21781746      0.68344492D+02
  798  0.22046221      0.66597932D+02
  799  0.22313908      0.64951552D+02
  800  0.22584844      0.63399514D+02
  801  0.22859071      0.61936015D+02
  802  0.23136627      0.60555308D+02
  803  0.23417553      0.59251719D+02
  804  0.23701890      0.58019665D+02
  805  0.23989680      0.56853674D+02
  806  0.24280964      0.55748401D+02
  807  0.24575785      0.54698638D+02
  808  0.24874185      0.53699338D+02
  809  0.25176209      0.52745617D+02
  810  0.25481900      0.51832775D+02
  811  0.25791303      0.50956302D+02
  812  0.26104462      0.50111891D+02
  813  0.26421424      0.49295441D+02
  814  0.26742234      0.48503071D+02
  815  0.27066940      0.47731120D+02
  816  0.27395588      0.46976156D+02
  817  0.27728227      0.46234978D+02
  818  0.28064905      0.45504616D+02
  819  0.28405670      0.44782338D+02
  820  0.28750573      0.44065644D+02
  821  0.29099664      0.43352267D+02
  822  0.29452994      0.42640173D+02
  823  0.29810614      0.41927555D+02
  824  0.30172576      0.41212830D+02
  825  0.30538933      0.40494634D+02
  826  0.30909739      0.39771816D+02
  827  0.31285046      0.39043431D+02
  828  0.31664911      0.38308733D+02
  829  0.32049388      0.37567166D+02
  830  0.32438534      0.36818358D+02
  831  0.32832404      0.36062108D+02
  832  0.33231057      0.35298377D+02
  833  0.33634550      0.34527281D+02
  834  0.34042943      0.33749078D+02
  835  0.34456294      0.32964157D+02
  836  0.34874664      0.32173027D+02
  837  0.35298114      0.31376310D+02
  838  0.35726706      0.30574725D+02
  839  0.36160502      0.29769079D+02
  840  0.36599565      0.28960255D+02
  841  0.37043958      0.28149205D+02
  842  0.37493748      0.27336934D+02
  843  0.37948999      0.26524495D+02
  844  0.38409778      0.25712973D+02
  845  0.38876152      0.24903481D+02
  846  0.39348188      0.24097147D+02
  847  0.39825956      0.23295108D+02
  848  0.40309525      0.22498497D+02
  849  0.40798966      0.21708439D+02
  850  0.41294349      0.20926044D+02
  851  0.41795747      0.20152394D+02
  852  0.42303233      0.19388545D+02
  853  0.42816882      0.18635515D+02
  854  0.43336766      0.17894279D+02
  855  0.43862964      0.17165767D+02
  856  0.44395550      0.16450857D+02
  857  0.44934604      0.15750374D+02
  858  0.45480202      0.15065085D+02
  859  0.46032425      0.14395693D+02
  860  0.46591353      0.13742843D+02
  861  0.47157068      0.13107112D+02
  862  0.47729652      0.12489013D+02
  863  0.48309188      0.11888993D+02
  864  0.48895761      0.11307432D+02
  865  0.49489456      0.10744642D+02
  866  0.50090359      0.10200871D+02
  867  0.50698559      0.96763013D+01
  868  0.51314144      0.91710517D+01
  869  0.51937203      0.86851786D+01
  870  0.52567828      0.82186781D+01
  871  0.53206109      0.77714886D+01
  872  0.53852141      0.73434924D+01
  873  0.54506016      0.69345191D+01
  874  0.55167831      0.65443477D+01
  875  0.55837682      0.61727102D+01
  876  0.56515666      0.58192943D+01
  877  0.57201883      0.54837466D+01
  878  0.57896431      0.51656762D+01
  879  0.58599413      0.48646576D+01
  880  0.59310930      0.45802346D+01
  881  0.60031086      0.43119230D+01
  882  0.60759987      0.40592148D+01
  883  0.61497738      0.38215808D+01
  884  0.62244447      0.35984744D+01
  885  0.63000223      0.33893346D+01
  886  0.63765175      0.31935891D+01
  887  0.64539415      0.30106576D+01
  888  0.65323056      0.28399545D+01
  889  0.66116212      0.26808920D+01
  890  0.66918999      0.25328822D+01
  891  0.67731533      0.23953405D+01
  892  0.68553933      0.22676871D+01
  893  0.69386319      0.21493500D+01
  894  0.70228811      0.20397664D+01
  895  0.71081534      0.19383851D+01
  896  0.71944609      0.18446680D+01
  897  0.72818165      0.17580917D+01
  898  0.73702327      0.16781488D+01
  899  0.74597225      0.16043493D+01
  900  0.75502988      0.15362213D+01
  901  0.76419750      0.14733126D+01
  902  0.77347643      0.14151904D+01
  903  0.78286802      0.13614428D+01
  904  0.79237364      0.13116788D+01
  905  0.80199469      0.12655286D+01
  906  0.81173255      0.12226436D+01
  907  0.82158865      0.11826969D+01
  908  0.83156443      0.11453827D+01
  909  0.84166133      0.11104164D+01
  910  0.85188083      0.10775340D+01
  911  0.86222441      0.10464922D+01
  912  0.87269359      0.10170671D+01
  913  0.88328988      0.98905465D+00
  914  0.89401484      0.96226899D+00
  915  0.90487001      0.93654247D+00
  916  0.91585699      0.91172462D+00
  917  0.92697738      0.88768136D+00
  918  0.93823279      0.86429426D+00
  919  0.94962486      0.84145959D+00
  920  0.96115526      0.81908750D+00
  921  0.97282566      0.79710116D+00
  922  0.98463776      0.77543577D+00
  923  0.99659329      0.75403779D+00
  924  1.00869398      0.73286393D+00
  925  1.02094160      0.71188037D+00
  926  1.03333793      0.69106185D+00
  927  1.04588477      0.67039085D+00
  928  1.05858396      0.64985676D+00
  929  1.07143735      0.62945510D+00
  930  1.08444680      0.60918678D+00
  931  1.09761421      0.58905734D+00
  932  1.11094150      0.56907634D+00
  933  1.12443062      0.54925661D+00
  934  1.13808352      0.52961375D+00
  935  1.15190219      0.51016547D+00
  936  1.16588865      0.49093116D+00
  937  1.18004493      0.47193131D+00
  938  1.19437310      0.45318716D+00
  939  1.20887525      0.43472023D+00
  940  1.22355348      0.41655199D+00
  941  1.23840993      0.39870356D+00
  942  1.25344677      0.38119537D+00
  943  1.26866619      0.36404699D+00
  944  1.28407041      0.34727684D+00
  945  1.29966166      0.33090208D+00
  946  1.31544222      0.31493844D+00
  947  1.33141439      0.29940009D+00
  948  1.34758050      0.28429958D+00
  949  1.36394290      0.26964777D+00
  950  1.38050397      0.25545376D+00
  951  1.39726612      0.24172495D+00
  952  1.41423180      0.22846695D+00
  953  1.43140348      0.21568369D+00
  954  1.44878366      0.20337740D+00
  955  1.46637487      0.19154866D+00
  956  1.48417968      0.18019652D+00
  957  1.50220067      0.16931848D+00
  958  1.52044047      0.15891068D+00
  959  1.53890175      0.14896788D+00
  960  1.55758718      0.13948363D+00
  961  1.57649948      0.13045034D+00
  962  1.59564143      0.12185937D+00
  963  1.61501579      0.11370114D+00
  964  1.63462540      0.10596524D+00
  965  1.65447312      0.98640520D-01
  966  1.67456182      0.91715170D-01
  967  1.69489444      0.85176857D-01
  968  1.71547394      0.79012786D-01
  969  1.73630332      0.73209804D-01
  970  1.75738561      0.67754484D-01
  971  1.77872388      0.62633200D-01
  972  1.80032125      0.57832215D-01
  973  1.82218085      0.53337740D-01
  974  1.84430587      0.49136012D-01
  975  1.86669953      0.45213349D-01
  976  1.88936510      0.41556207D-01
  977  1.91230587      0.38151234D-01
  978  1.93552520      0.34985312D-01
  979  1.95902645      0.32045599D-01
  980  1.98281306      0.29319566D-01
  981  2.00688848      0.26795027D-01
  982  2.03125623      0.24460164D-01
  983  2.05591986      0.22303551D-01
  984  2.08088295      0.20314171D-01
  985  2.10614914      0.18481427D-01
  986  2.13172212      0.16795157D-01
  987  2.15760561      0.15245637D-01
  988  2.18380338      0.13823586D-01
  989  2.21031924      0.12520166D-01
  990  2.23715705      0.11326980D-01
  991  2.26432074      0.10236069D-01
  992  2.29181424      0.92399028D-02
  993  2.31964158      0.83313748D-02
  994  2.34780679      0.75037909D-02
  995  2.37631399      0.67508577D-02
  996  2.40516733      0.60666712D-02
  997  2.43437100      0.54457026D-02
  998  2.46392927      0.48827850D-02
  999  2.49384643      0.43730980D-02
 1000  2.52412685      0.39121533D-02
 1001  2.55477494      0.34957792D-02
 1002  2.58579516      0.31205131D-02
 1003  2.61719203      0.27830055D-02
 1004  2.64897012      0.24797245D-02
 1005  2.68113406      0.22074419D-02
 1006  2.71368853      0.19632099D-02
 1007  2.74663829      0.17443388D-02
 1008  2.77998812      0.15483764D-02
 1009  2.81374289      0.13730890D-02
 1010  2.84790751      0.12164440D-02
 1011  2.88248696      0.10765928D-02
 1012  2.91748628      0.95185629D-03
 1013  2.95291055      0.84071030D-03
 1014  2.98876496      0.74177271D-03
 1015  3.02505470      0.65379134D-03
 1016  3.06178509      0.57563282D-03
 1017  3.09896145      0.50627227D-03
 1018  3.13658921      0.44478383D-03
 1019  3.17467385      0.39033189D-03
 1020  3.21322091      0.34216306D-03
 1021  3.25223602      0.29959876D-03
 1022  3.29172484      0.26202837D-03
 1023  3.33169315      0.22890306D-03
 1024  3.37214675      0.00000000D+00
 1025  3.41309154      0.00000000D+00
 1026  3.45453349      0.00000000D+00
 1027  3.49647862      0.00000000D+00
 1028  3.53893306      0.00000000D+00
 1029  3.58190298      0.00000000D+00
 1030  3.62539464      0.00000000D+00
 1031  3.66941438      0.00000000D+00
 1032  3.71396861      0.00000000D+00
 1033  3.75906382      0.00000000D+00
 1034  3.80470658      0.00000000D+00
 1035  3.85090354      0.00000000D+00
 1036  3.89766142      0.00000000D+00
 1037  3.94498704      0.00000000D+00
 1038  3.99288729      0.00000000D+00
 1039  4.04136915      0.00000000D+00
 1040  4.09043967      0.00000000D+00
 1041  4.14010602      0.00000000D+00
 1042  4.19037541      0.00000000D+00
 1043  4.24125518      0.00000000D+00
 1044  4.29275273      0.00000000D+00
 1045  4.34487557      0.00000000D+00
 1046  4.39763129      0.00000000D+00
 1047  4.45102757      0.00000000D+00
 1048  4.50507219      0.00000000D+00
 1049  4.55977303      0.00000000D+00
 1050  4.61513804      0.00000000D+00
 1051  4.67117530      0.00000000D+00
 1052  4.72789297      0.00000000D+00
 1053  4.78529931      0.00000000D+00
 1054  4.84340267      0.00000000D+00
 1055  4.90221153      0.00000000D+00
 1056  4.96173446      0.00000000D+00
 1057  5.02198011      0.00000000D+00
 1058  5.08295727      0.00000000D+00
 1059  5.14467481      0.00000000D+00
 1060  5.20714174      0.00000000D+00
 1061  5.27036714      0.00000000D+00
 1062  5.33436023      0.00000000D+00
 1063  5.39913032      0.00000000D+00
 1064  5.46468686      0.00000000D+00
 1065  5.53103939      0.00000000D+00
 1066  5.59819757      0.00000000D+00
 1067  5.66617119      0.00000000D+00
 1068  5.73497016      0.00000000D+00
 1069  5.80460448      0.00000000D+00
 1070  5.87508431      0.00000000D+00
 1071  5.94641990      0.00000000D+00
 1072  6.01862166      0.00000000D+00
 1073  6.09170010      0.00000000D+00
 1074  6.16566585      0.00000000D+00
 1075  6.24052971      0.00000000D+00
 1076  6.31630256      0.00000000D+00
 1077  6.39299545      0.00000000D+00
 1078  6.47061956      0.00000000D+00
 1079  6.54918617      0.00000000D+00
 1080  6.62870675      0.00000000D+00
 1081  6.70919287      0.00000000D+00
 1082  6.79065626      0.00000000D+00
 1083  6.87310879      0.00000000D+00
 1084  6.95656245      0.00000000D+00
 1085  7.04102941      0.00000000D+00
 1086  7.12652198      0.00000000D+00
 1087  7.21305260      0.00000000D+00
 1088  7.30063388      0.00000000D+00
 1089  7.38927858      0.00000000D+00
 1090  7.47899961      0.00000000D+00
 1091  7.56981003      0.00000000D+00
 1092  7.66172308      0.00000000D+00
 1093  7.75475214      0.00000000D+00
 1094  7.84891077      0.00000000D+00
 1095  7.94421268      0.00000000D+00
 1096  8.04067174      0.00000000D+00
 1097  8.13830202      0.00000000D+00
 1098  8.23711773      0.00000000D+00
 1099  8.33713327      0.00000000D+00
 1100  8.43836320      0.00000000D+00
 1101  8.54082227      0.00000000D+00
