 ir        r               f(r)
    1  0.00001379      0.12949121D-07
    2  0.00001396      0.13267783D-07
    3  0.00001413      0.13594284D-07
    4  0.00001431      0.13928818D-07
    5  0.00001448      0.14271575D-07
    6  0.00001466      0.14622766D-07
    7  0.00001484      0.14982593D-07
    8  0.00001502      0.15351273D-07
    9  0.00001520      0.15729023D-07
   10  0.00001539      0.16116064D-07
   11  0.00001558      0.16512627D-07
   12  0.00001577      0.16918944D-07
   13  0.00001596      0.17335256D-07
   14  0.00001616      0.17761809D-07
   15  0.00001636      0.18198853D-07
   16  0.00001656      0.18646648D-07
   17  0.00001676      0.19105457D-07
   18  0.00001696      0.19575552D-07
   19  0.00001717      0.20057209D-07
   20  0.00001738      0.20550713D-07
   21  0.00001759      0.21056355D-07
   22  0.00001781      0.21574434D-07
   23  0.00001803      0.22105255D-07
   24  0.00001825      0.22649131D-07
   25  0.00001847      0.23206384D-07
   26  0.00001870      0.23777342D-07
   27  0.00001893      0.24362342D-07
   28  0.00001916      0.24961729D-07
   29  0.00001939      0.25575856D-07
   30  0.00001963      0.26205087D-07
   31  0.00001987      0.26849792D-07
   32  0.00002011      0.27510352D-07
   33  0.00002036      0.28187155D-07
   34  0.00002061      0.28880602D-07
   35  0.00002086      0.29591102D-07
   36  0.00002112      0.30319073D-07
   37  0.00002137      0.31064944D-07
   38  0.00002163      0.31829156D-07
   39  0.00002190      0.32612160D-07
   40  0.00002217      0.33414417D-07
   41  0.00002244      0.34236399D-07
   42  0.00002271      0.35078593D-07
   43  0.00002299      0.35941494D-07
   44  0.00002327      0.36825611D-07
   45  0.00002356      0.37731466D-07
   46  0.00002385      0.38659592D-07
   47  0.00002414      0.39610537D-07
   48  0.00002443      0.40584861D-07
   49  0.00002473      0.41583138D-07
   50  0.00002503      0.42605958D-07
   51  0.00002534      0.43653922D-07
   52  0.00002565      0.44727648D-07
   53  0.00002596      0.45827770D-07
   54  0.00002628      0.46954936D-07
   55  0.00002660      0.48109809D-07
   56  0.00002693      0.49293071D-07
   57  0.00002726      0.50505418D-07
   58  0.00002759      0.51747565D-07
   59  0.00002793      0.53020244D-07
   60  0.00002827      0.54324205D-07
   61  0.00002862      0.55660215D-07
   62  0.00002897      0.57029062D-07
   63  0.00002932      0.58431552D-07
   64  0.00002968      0.59868511D-07
   65  0.00003005      0.61340786D-07
   66  0.00003041      0.62849243D-07
   67  0.00003078      0.64394771D-07
   68  0.00003116      0.65978280D-07
   69  0.00003154      0.67600703D-07
   70  0.00003193      0.69262995D-07
   71  0.00003232      0.70966134D-07
   72  0.00003272      0.72711123D-07
   73  0.00003312      0.74498989D-07
   74  0.00003352      0.76330786D-07
   75  0.00003393      0.78207591D-07
   76  0.00003435      0.80130508D-07
   77  0.00003477      0.82100671D-07
   78  0.00003519      0.84119237D-07
   79  0.00003562      0.86187395D-07
   80  0.00003606      0.88306362D-07
   81  0.00003650      0.90477385D-07
   82  0.00003695      0.92701740D-07
   83  0.00003740      0.94980738D-07
   84  0.00003786      0.97315717D-07
   85  0.00003832      0.99708052D-07
   86  0.00003879      0.10215915D-06
   87  0.00003926      0.10467045D-06
   88  0.00003974      0.10724344D-06
   89  0.00004023      0.10987962D-06
   90  0.00004072      0.11258054D-06
   91  0.00004122      0.11534779D-06
   92  0.00004172      0.11818301D-06
   93  0.00004223      0.12108785D-06
   94  0.00004275      0.12406402D-06
   95  0.00004327      0.12711328D-06
   96  0.00004380      0.13023741D-06
   97  0.00004434      0.13343826D-06
   98  0.00004488      0.13671769D-06
   99  0.00004543      0.14007765D-06
  100  0.00004599      0.14352009D-06
  101  0.00004655      0.14704706D-06
  102  0.00004712      0.15066060D-06
  103  0.00004770      0.15436286D-06
  104  0.00004828      0.15815601D-06
  105  0.00004887      0.16204226D-06
  106  0.00004947      0.16602391D-06
  107  0.00005008      0.17010329D-06
  108  0.00005069      0.17428279D-06
  109  0.00005131      0.17856488D-06
  110  0.00005194      0.18295206D-06
  111  0.00005257      0.18744690D-06
  112  0.00005321      0.19205206D-06
  113  0.00005387      0.19677022D-06
  114  0.00005453      0.20160416D-06
  115  0.00005519      0.20655671D-06
  116  0.00005587      0.21163077D-06
  117  0.00005655      0.21682934D-06
  118  0.00005724      0.22215544D-06
  119  0.00005794      0.22761221D-06
  120  0.00005865      0.23320285D-06
  121  0.00005937      0.23893063D-06
  122  0.00006010      0.24479892D-06
  123  0.00006083      0.25081114D-06
  124  0.00006158      0.25697083D-06
  125  0.00006233      0.26328160D-06
  126  0.00006309      0.26974714D-06
  127  0.00006387      0.27637124D-06
  128  0.00006465      0.28315778D-06
  129  0.00006544      0.29011073D-06
  130  0.00006624      0.29723418D-06
  131  0.00006705      0.30453228D-06
  132  0.00006787      0.31200932D-06
  133  0.00006870      0.31966967D-06
  134  0.00006954      0.32751782D-06
  135  0.00007039      0.33555835D-06
  136  0.00007125      0.34379597D-06
  137  0.00007212      0.35223551D-06
  138  0.00007301      0.36088190D-06
  139  0.00007390      0.36974020D-06
  140  0.00007481      0.37881559D-06
  141  0.00007572      0.38811338D-06
  142  0.00007665      0.39763900D-06
  143  0.00007758      0.40739802D-06
  144  0.00007853      0.41739615D-06
  145  0.00007950      0.42763923D-06
  146  0.00008047      0.43813325D-06
  147  0.00008145      0.44888434D-06
  148  0.00008245      0.45989877D-06
  149  0.00008346      0.47118299D-06
  150  0.00008448      0.48274358D-06
  151  0.00008551      0.49458729D-06
  152  0.00008656      0.50672103D-06
  153  0.00008762      0.51915190D-06
  154  0.00008869      0.53188714D-06
  155  0.00008978      0.54493419D-06
  156  0.00009088      0.55830065D-06
  157  0.00009199      0.57199432D-06
  158  0.00009311      0.58602320D-06
  159  0.00009425      0.60039546D-06
  160  0.00009541      0.61511947D-06
  161  0.00009657      0.63020383D-06
  162  0.00009775      0.64565732D-06
  163  0.00009895      0.66148894D-06
  164  0.00010016      0.67770793D-06
  165  0.00010139      0.69432372D-06
  166  0.00010263      0.71134599D-06
  167  0.00010388      0.72878466D-06
  168  0.00010516      0.74664987D-06
  169  0.00010644      0.76495202D-06
  170  0.00010774      0.78370176D-06
  171  0.00010906      0.80291000D-06
  172  0.00011040      0.82258791D-06
  173  0.00011175      0.84274693D-06
  174  0.00011312      0.86339879D-06
  175  0.00011450      0.88455548D-06
  176  0.00011590      0.90622930D-06
  177  0.00011732      0.92843284D-06
  178  0.00011875      0.95117901D-06
  179  0.00012021      0.97448100D-06
  180  0.00012168      0.99835236D-06
  181  0.00012317      0.10228069D-05
  182  0.00012468      0.10478589D-05
  183  0.00012620      0.10735228D-05
  184  0.00012775      0.10998135D-05
  185  0.00012931      0.11267464D-05
  186  0.00013089      0.11543368D-05
  187  0.00013249      0.11826010D-05
  188  0.00013411      0.12115552D-05
  189  0.00013575      0.12412163D-05
  190  0.00013742      0.12716013D-05
  191  0.00013910      0.13027280D-05
  192  0.00014080      0.13346143D-05
  193  0.00014252      0.13672786D-05
  194  0.00014427      0.14007399D-05
  195  0.00014603      0.14350175D-05
  196  0.00014782      0.14701313D-05
  197  0.00014963      0.15061015D-05
  198  0.00015146      0.15429488D-05
  199  0.00015331      0.15806947D-05
  200  0.00015519      0.16193610D-05
  201  0.00015709      0.16589698D-05
  202  0.00015901      0.16995441D-05
  203  0.00016095      0.17411073D-05
  204  0.00016292      0.17836834D-05
  205  0.00016492      0.18272969D-05
  206  0.00016694      0.18719729D-05
  207  0.00016898      0.19177373D-05
  208  0.00017105      0.19646163D-05
  209  0.00017314      0.20126370D-05
  210  0.00017526      0.20618270D-05
  211  0.00017740      0.21122147D-05
  212  0.00017957      0.21638289D-05
  213  0.00018177      0.22166994D-05
  214  0.00018400      0.22708566D-05
  215  0.00018625      0.23263315D-05
  216  0.00018853      0.23831562D-05
  217  0.00019083      0.24413631D-05
  218  0.00019317      0.25009858D-05
  219  0.00019553      0.25620584D-05
  220  0.00019792      0.26246159D-05
  221  0.00020035      0.26886943D-05
  222  0.00020280      0.27543302D-05
  223  0.00020528      0.28215612D-05
  224  0.00020779      0.28904259D-05
  225  0.00021033      0.29609637D-05
  226  0.00021291      0.30332149D-05
  227  0.00021551      0.31072209D-05
  228  0.00021815      0.31830239D-05
  229  0.00022082      0.32606673D-05
  230  0.00022352      0.33401955D-05
  231  0.00022626      0.34216539D-05
  232  0.00022903      0.35050888D-05
  233  0.00023183      0.35905481D-05
  234  0.00023467      0.36780803D-05
  235  0.00023754      0.37677353D-05
  236  0.00024044      0.38595643D-05
  237  0.00024339      0.39536196D-05
  238  0.00024636      0.40499545D-05
  239  0.00024938      0.41486241D-05
  240  0.00025243      0.42496843D-05
  241  0.00025552      0.43531926D-05
  242  0.00025865      0.44592077D-05
  243  0.00026181      0.45677900D-05
  244  0.00026502      0.46790009D-05
  245  0.00026826      0.47929036D-05
  246  0.00027154      0.49095625D-05
  247  0.00027486      0.50290439D-05
  248  0.00027823      0.51514154D-05
  249  0.00028163      0.52767461D-05
  250  0.00028508      0.54051071D-05
  251  0.00028857      0.55365707D-05
  252  0.00029210      0.56712114D-05
  253  0.00029567      0.58091051D-05
  254  0.00029929      0.59503297D-05
  255  0.00030295      0.60949648D-05
  256  0.00030666      0.62430918D-05
  257  0.00031041      0.63947942D-05
  258  0.00031421      0.65501575D-05
  259  0.00031806      0.67092690D-05
  260  0.00032195      0.68722182D-05
  261  0.00032589      0.70390966D-05
  262  0.00032987      0.72099979D-05
  263  0.00033391      0.73850180D-05
  264  0.00033800      0.75642550D-05
  265  0.00034213      0.77478094D-05
  266  0.00034632      0.79357839D-05
  267  0.00035056      0.81282838D-05
  268  0.00035485      0.83254166D-05
  269  0.00035919      0.85272925D-05
  270  0.00036358      0.87340242D-05
  271  0.00036803      0.89457272D-05
  272  0.00037254      0.91625193D-05
  273  0.00037710      0.93845214D-05
  274  0.00038171      0.96118570D-05
  275  0.00038638      0.98446527D-05
  276  0.00039111      0.10083038D-04
  277  0.00039590      0.10327145D-04
  278  0.00040074      0.10577109D-04
  279  0.00040564      0.10833069D-04
  280  0.00041061      0.11095166D-04
  281  0.00041563      0.11363547D-04
  282  0.00042072      0.11638358D-04
  283  0.00042587      0.11919753D-04
  284  0.00043108      0.12207886D-04
  285  0.00043635      0.12502916D-04
  286  0.00044169      0.12805006D-04
  287  0.00044710      0.13114323D-04
  288  0.00045257      0.13431036D-04
  289  0.00045811      0.13755320D-04
  290  0.00046371      0.14087352D-04
  291  0.00046939      0.14427315D-04
  292  0.00047513      0.14775395D-04
  293  0.00048094      0.15131782D-04
  294  0.00048683      0.15496673D-04
  295  0.00049279      0.15870265D-04
  296  0.00049882      0.16252763D-04
  297  0.00050492      0.16644376D-04
  298  0.00051110      0.17045316D-04
  299  0.00051735      0.17455803D-04
  300  0.00052368      0.17876058D-04
  301  0.00053009      0.18306311D-04
  302  0.00053658      0.18746795D-04
  303  0.00054314      0.19197748D-04
  304  0.00054979      0.19659414D-04
  305  0.00055652      0.20132043D-04
  306  0.00056333      0.20615890D-04
  307  0.00057022      0.21111217D-04
  308  0.00057720      0.21618289D-04
  309  0.00058426      0.22137379D-04
  310  0.00059141      0.22668767D-04
  311  0.00059865      0.23212738D-04
  312  0.00060597      0.23769583D-04
  313  0.00061339      0.24339600D-04
  314  0.00062090      0.24923094D-04
  315  0.00062849      0.25520377D-04
  316  0.00063618      0.26131767D-04
  317  0.00064397      0.26757589D-04
  318  0.00065185      0.27398177D-04
  319  0.00065983      0.28053869D-04
  320  0.00066790      0.28725015D-04
  321  0.00067607      0.29411969D-04
  322  0.00068435      0.30115095D-04
  323  0.00069272      0.30834764D-04
  324  0.00070120      0.31571354D-04
  325  0.00070978      0.32325255D-04
  326  0.00071846      0.33096862D-04
  327  0.00072725      0.33886579D-04
  328  0.00073615      0.34694821D-04
  329  0.00074516      0.35522011D-04
  330  0.00075428      0.36368580D-04
  331  0.00076351      0.37234969D-04
  332  0.00077285      0.38121631D-04
  333  0.00078231      0.39029024D-04
  334  0.00079188      0.39957621D-04
  335  0.00080157      0.40907902D-04
  336  0.00081138      0.41880358D-04
  337  0.00082131      0.42875490D-04
  338  0.00083136      0.43893812D-04
  339  0.00084153      0.44935848D-04
  340  0.00085183      0.46002130D-04
  341  0.00086226      0.47093207D-04
  342  0.00087281      0.48209635D-04
  343  0.00088349      0.49351984D-04
  344  0.00089430      0.50520836D-04
  345  0.00090524      0.51716785D-04
  346  0.00091632      0.52940437D-04
  347  0.00092753      0.54192412D-04
  348  0.00093888      0.55473341D-04
  349  0.00095037      0.56783872D-04
  350  0.00096200      0.58124661D-04
  351  0.00097377      0.59496383D-04
  352  0.00098569      0.60899724D-04
  353  0.00099775      0.62335384D-04
  354  0.00100996      0.63804081D-04
  355  0.00102232      0.65306543D-04
  356  0.00103483      0.66843517D-04
  357  0.00104749      0.68415763D-04
  358  0.00106031      0.70024057D-04
  359  0.00107328      0.71669191D-04
  360  0.00108642      0.73351973D-04
  361  0.00109971      0.75073229D-04
  362  0.00111317      0.76833799D-04
  363  0.00112679      0.78634542D-04
  364  0.00114058      0.80476332D-04
  365  0.00115453      0.82360064D-04
  366  0.00116866      0.84286648D-04
  367  0.00118296      0.86257013D-04
  368  0.00119744      0.88272107D-04
  369  0.00121209      0.90332895D-04
  370  0.00122692      0.92440364D-04
  371  0.00124194      0.94595518D-04
  372  0.00125713      0.96799381D-04
  373  0.00127252      0.99052997D-04
  374  0.00128809      0.10135743D-03
  375  0.00130385      0.10371377D-03
  376  0.00131981      0.10612311D-03
  377  0.00133596      0.10858660D-03
  378  0.00135230      0.11110536D-03
  379  0.00136885      0.11368059D-03
  380  0.00138560      0.11631346D-03
  381  0.00140256      0.11900519D-03
  382  0.00141972      0.12175703D-03
  383  0.00143709      0.12457023D-03
  384  0.00145468      0.12744608D-03
  385  0.00147248      0.13038589D-03
  386  0.00149050      0.13339099D-03
  387  0.00150874      0.13646273D-03
  388  0.00152720      0.13960250D-03
  389  0.00154589      0.14281171D-03
  390  0.00156480      0.14609178D-03
  391  0.00158395      0.14944418D-03
  392  0.00160333      0.15287039D-03
  393  0.00162295      0.15637192D-03
  394  0.00164281      0.15995031D-03
  395  0.00166291      0.16360712D-03
  396  0.00168326      0.16734393D-03
  397  0.00170386      0.17116238D-03
  398  0.00172471      0.17506411D-03
  399  0.00174582      0.17905079D-03
  400  0.00176718      0.18312412D-03
  401  0.00178880      0.18728583D-03
  402  0.00181069      0.19153770D-03
  403  0.00183285      0.19588149D-03
  404  0.00185528      0.20031905D-03
  405  0.00187798      0.20485220D-03
  406  0.00190096      0.20948284D-03
  407  0.00192422      0.21421287D-03
  408  0.00194777      0.21904422D-03
  409  0.00197160      0.22397888D-03
  410  0.00199573      0.22901884D-03
  411  0.00202015      0.23416612D-03
  412  0.00204487      0.23942280D-03
  413  0.00206989      0.24479097D-03
  414  0.00209522      0.25027275D-03
  415  0.00212086      0.25587030D-03
  416  0.00214681      0.26158581D-03
  417  0.00217308      0.26742149D-03
  418  0.00219968      0.27337960D-03
  419  0.00222659      0.27946243D-03
  420  0.00225384      0.28567228D-03
  421  0.00228142      0.29201151D-03
  422  0.00230934      0.29848249D-03
  423  0.00233759      0.30508763D-03
  424  0.00236620      0.31182939D-03
  425  0.00239515      0.31871022D-03
  426  0.00242446      0.32573265D-03
  427  0.00245413      0.33289920D-03
  428  0.00248416      0.34021245D-03
  429  0.00251456      0.34767500D-03
  430  0.00254533      0.35528946D-03
  431  0.00257648      0.36305852D-03
  432  0.00260800      0.37098486D-03
  433  0.00263992      0.37907120D-03
  434  0.00267222      0.38732029D-03
  435  0.00270492      0.39573491D-03
  436  0.00273802      0.40431787D-03
  437  0.00277152      0.41307201D-03
  438  0.00280544      0.42200020D-03
  439  0.00283977      0.43110532D-03
  440  0.00287452      0.44039029D-03
  441  0.00290969      0.44985806D-03
  442  0.00294530      0.45951160D-03
  443  0.00298134      0.46935389D-03
  444  0.00301782      0.47938797D-03
  445  0.00305475      0.48961685D-03
  446  0.00309213      0.50004362D-03
  447  0.00312997      0.51067133D-03
  448  0.00316827      0.52150311D-03
  449  0.00320704      0.53254205D-03
  450  0.00324628      0.54379131D-03
  451  0.00328601      0.55525402D-03
  452  0.00332622      0.56693335D-03
  453  0.00336692      0.57883249D-03
  454  0.00340812      0.59095461D-03
  455  0.00344982      0.60330292D-03
  456  0.00349204      0.61588061D-03
  457  0.00353477      0.62869092D-03
  458  0.00357802      0.64173703D-03
  459  0.00362181      0.65502219D-03
  460  0.00366613      0.66854960D-03
  461  0.00371099      0.68232248D-03
  462  0.00375640      0.69634403D-03
  463  0.00380236      0.71061748D-03
  464  0.00384889      0.72514600D-03
  465  0.00389599      0.73993278D-03
  466  0.00394366      0.75498100D-03
  467  0.00399192      0.77029379D-03
  468  0.00404077      0.78587430D-03
  469  0.00409022      0.80172563D-03
  470  0.00414027      0.81785086D-03
  471  0.00419093      0.83425303D-03
  472  0.00424221      0.85093518D-03
  473  0.00429413      0.86790027D-03
  474  0.00434667      0.88515124D-03
  475  0.00439986      0.90269100D-03
  476  0.00445370      0.92052238D-03
  477  0.00450820      0.93864817D-03
  478  0.00456337      0.95707112D-03
  479  0.00461921      0.97579390D-03
  480  0.00467573      0.99481911D-03
  481  0.00473295      0.10141493D-02
  482  0.00479086      0.10337869D-02
  483  0.00484949      0.10537343D-02
  484  0.00490883      0.10739938D-02
  485  0.00496890      0.10945676D-02
  486  0.00502970      0.11154579D-02
  487  0.00509125      0.11366665D-02
  488  0.00515355      0.11581954D-02
  489  0.00521661      0.11800464D-02
  490  0.00528045      0.12022211D-02
  491  0.00534506      0.12247210D-02
  492  0.00541047      0.12475476D-02
  493  0.00547668      0.12707021D-02
  494  0.00554369      0.12941855D-02
  495  0.00561153      0.13179989D-02
  496  0.00568020      0.13421429D-02
  497  0.00574970      0.13666183D-02
  498  0.00582006      0.13914254D-02
  499  0.00589128      0.14165644D-02
  500  0.00596337      0.14420355D-02
  501  0.00603634      0.14678384D-02
  502  0.00611021      0.14939728D-02
  503  0.00618498      0.15204380D-02
  504  0.00626066      0.15472333D-02
  505  0.00633727      0.15743575D-02
  506  0.00641482      0.16018094D-02
  507  0.00649332      0.16295874D-02
  508  0.00657277      0.16576896D-02
  509  0.00665320      0.16861139D-02
  510  0.00673462      0.17148579D-02
  511  0.00681703      0.17439189D-02
  512  0.00690045      0.17732938D-02
  513  0.00698489      0.18029793D-02
  514  0.00707036      0.18329717D-02
  515  0.00715688      0.18632670D-02
  516  0.00724445      0.18938608D-02
  517  0.00733310      0.19247483D-02
  518  0.00742284      0.19559246D-02
  519  0.00751367      0.19873839D-02
  520  0.00760561      0.20191205D-02
  521  0.00769868      0.20511280D-02
  522  0.00779289      0.20833996D-02
  523  0.00788825      0.21159282D-02
  524  0.00798477      0.21487062D-02
  525  0.00808248      0.21817254D-02
  526  0.00818138      0.22149773D-02
  527  0.00828150      0.22484529D-02
  528  0.00838284      0.22821426D-02
  529  0.00848542      0.23160363D-02
  530  0.00858925      0.23501235D-02
  531  0.00869435      0.23843931D-02
  532  0.00880074      0.24188335D-02
  533  0.00890844      0.24534323D-02
  534  0.00901745      0.24881769D-02
  535  0.00912779      0.25230539D-02
  536  0.00923949      0.25580494D-02
  537  0.00935255      0.25931488D-02
  538  0.00946699      0.26283369D-02
  539  0.00958284      0.26635979D-02
  540  0.00970010      0.26989155D-02
  541  0.00981880      0.27342726D-02
  542  0.00993895      0.27696515D-02
  543  0.01006057      0.28050337D-02
  544  0.01018368      0.28404003D-02
  545  0.01030830      0.28757314D-02
  546  0.01043444      0.29110068D-02
  547  0.01056212      0.29462052D-02
  548  0.01069137      0.29813048D-02
  549  0.01082220      0.30162832D-02
  550  0.01095462      0.30511171D-02
  551  0.01108867      0.30857825D-02
  552  0.01122436      0.31202548D-02
  553  0.01136171      0.31545086D-02
  554  0.01150074      0.31885177D-02
  555  0.01164148      0.32222553D-02
  556  0.01178393      0.32556938D-02
  557  0.01192813      0.32888050D-02
  558  0.01207409      0.33215598D-02
  559  0.01222184      0.33539285D-02
  560  0.01237139      0.33858807D-02
  561  0.01252278      0.34173851D-02
  562  0.01267602      0.34484100D-02
  563  0.01283113      0.34789229D-02
  564  0.01298814      0.35088904D-02
  565  0.01314708      0.35382788D-02
  566  0.01330795      0.35670536D-02
  567  0.01347080      0.35951795D-02
  568  0.01363564      0.36226208D-02
  569  0.01380250      0.36493412D-02
  570  0.01397139      0.36753037D-02
  571  0.01414236      0.37004709D-02
  572  0.01431542      0.37248048D-02
  573  0.01449059      0.37482668D-02
  574  0.01466791      0.37708181D-02
  575  0.01484740      0.37924193D-02
  576  0.01502908      0.38130306D-02
  577  0.01521299      0.38326120D-02
  578  0.01539915      0.38511229D-02
  579  0.01558758      0.38685229D-02
  580  0.01577832      0.38847709D-02
  581  0.01597140      0.38998260D-02
  582  0.01616684      0.39136469D-02
  583  0.01636467      0.39261925D-02
  584  0.01656492      0.39374216D-02
  585  0.01676762      0.39472931D-02
  586  0.01697280      0.39557658D-02
  587  0.01718049      0.39627992D-02
  588  0.01739073      0.39683526D-02
  589  0.01760353      0.39723859D-02
  590  0.01781895      0.39748594D-02
  591  0.01803699      0.39757338D-02
  592  0.01825771      0.39749706D-02
  593  0.01848112      0.39725319D-02
  594  0.01870727      0.39683806D-02
  595  0.01893619      0.39624804D-02
  596  0.01916791      0.39547962D-02
  597  0.01940246      0.39452937D-02
  598  0.01963988      0.39339401D-02
  599  0.01988021      0.39207038D-02
  600  0.02012348      0.39055546D-02
  601  0.02036973      0.38884639D-02
  602  0.02061899      0.38694047D-02
  603  0.02087130      0.38483519D-02
  604  0.02112670      0.38252822D-02
  605  0.02138522      0.38001746D-02
  606  0.02164690      0.37730101D-02
  607  0.02191179      0.37437721D-02
  608  0.02217992      0.37124464D-02
  609  0.02245133      0.36790216D-02
  610  0.02272607      0.36434890D-02
  611  0.02300416      0.36058427D-02
  612  0.02328566      0.35660800D-02
  613  0.02357060      0.35242014D-02
  614  0.02385903      0.34802108D-02
  615  0.02415098      0.34341155D-02
  616  0.02444651      0.33859268D-02
  617  0.02474566      0.33356595D-02
  618  0.02504847      0.32833325D-02
  619  0.02535498      0.32289690D-02
  620  0.02566524      0.31725964D-02
  621  0.02597930      0.31142466D-02
  622  0.02629721      0.30539562D-02
  623  0.02661900      0.29917663D-02
  624  0.02694473      0.29277233D-02
  625  0.02727445      0.28618785D-02
  626  0.02760820      0.27942883D-02
  627  0.02794603      0.27250146D-02
  628  0.02828800      0.26541248D-02
  629  0.02863416      0.25816918D-02
  630  0.02898455      0.25077944D-02
  631  0.02933922      0.24325171D-02
  632  0.02969824      0.23559503D-02
  633  0.03006165      0.22781907D-02
  634  0.03042951      0.21993410D-02
  635  0.03080187      0.21195101D-02
  636  0.03117879      0.20388132D-02
  637  0.03156031      0.19573720D-02
  638  0.03194651      0.18753143D-02
  639  0.03233743      0.17927746D-02
  640  0.03273314      0.17098938D-02
  641  0.03313369      0.16268191D-02
  642  0.03353914      0.15437042D-02
  643  0.03394955      0.14607093D-02
  644  0.03436498      0.13780009D-02
  645  0.03478550      0.12957516D-02
  646  0.03521116      0.12141405D-02
  647  0.03564203      0.11333524D-02
  648  0.03607817      0.10535785D-02
  649  0.03651965      0.97501537D-03
  650  0.03696654      0.89786545D-03
  651  0.03741889      0.82233649D-03
  652  0.03787678      0.74864144D-03
  653  0.03834027      0.67699816D-03
  654  0.03880943      0.60762914D-03
  655  0.03928433      0.54076123D-03
  656  0.03976504      0.47662522D-03
  657  0.04025164      0.41545553D-03
  658  0.04074419      0.35748981D-03
  659  0.04124277      0.30296846D-03
  660  0.04174745      0.25213421D-03
  661  0.04225830      0.20523162D-03
  662  0.04277541      0.16250653D-03
  663  0.04329884      0.12420550D-03
  664  0.04382868      0.90575265D-04
  665  0.04436500      0.61862053D-04
  666  0.04490788      0.38310956D-04
  667  0.04545741      0.20165234D-04
  668  0.04601366      0.76655942D-05
  669  0.04657672      0.10494373D-05
  670  0.04714667      0.55007262D-06
  671  0.04772360      0.63959044D-05
  672  0.04830758      0.18809588D-04
  673  0.04889871      0.38007160D-04
  674  0.04949707      0.64197138D-04
  675  0.05010275      0.97579598D-04
  676  0.05071585      0.13834523D-03
  677  0.05133645      0.18667437D-03
  678  0.05196464      0.24273600D-03
  679  0.05260052      0.30668677D-03
  680  0.05324418      0.37866996D-03
  681  0.05389572      0.45881444D-03
  682  0.05455523      0.54723366D-03
  683  0.05522281      0.64402458D-03
  684  0.05589856      0.74926664D-03
  685  0.05658258      0.86302071D-03
  686  0.05727497      0.98532803D-03
  687  0.05797583      0.11162092D-02
  688  0.05868527      0.12556633D-02
  689  0.05940338      0.14036665D-02
  690  0.06013029      0.15601715D-02
  691  0.06086609      0.17251066D-02
  692  0.06161090      0.18983744D-02
  693  0.06236482      0.20798513D-02
  694  0.06312796      0.22693864D-02
  695  0.06390044      0.24668011D-02
  696  0.06468238      0.26718882D-02
  697  0.06547388      0.28844109D-02
  698  0.06627507      0.31041029D-02
  699  0.06708607      0.33306674D-02
  700  0.06790698      0.35637770D-02
  701  0.06873795      0.38030732D-02
  702  0.06957908      0.40481660D-02
  703  0.07043050      0.42986342D-02
  704  0.07129234      0.45540253D-02
  705  0.07216473      0.48138553D-02
  706  0.07304779      0.50776092D-02
  707  0.07394166      0.53447413D-02
  708  0.07484647      0.56146757D-02
  709  0.07576235      0.58868070D-02
  710  0.07668944      0.61605009D-02
  711  0.07762787      0.64350955D-02
  712  0.07857779      0.67099019D-02
  713  0.07953933      0.69842059D-02
  714  0.08051263      0.72572694D-02
  715  0.08149785      0.75283317D-02
  716  0.08249512      0.77966115D-02
  717  0.08350459      0.80613087D-02
  718  0.08452642      0.83216068D-02
  719  0.08556075      0.85766750D-02
  720  0.08660774      0.88256705D-02
  721  0.08766754      0.90677416D-02
  722  0.08874031      0.93020301D-02
  723  0.08982620      0.95276746D-02
  724  0.09092538      0.97438134D-02
  725  0.09203802      0.99495880D-02
  726  0.09316427      0.10144147D-01
  727  0.09430430      0.10326648D-01
  728  0.09545828      0.10496265D-01
  729  0.09662638      0.10652187D-01
  730  0.09780878      0.10793627D-01
  731  0.09900564      0.10919824D-01
  732  0.10021715      0.11030046D-01
  733  0.10144349      0.11123597D-01
  734  0.10268483      0.11199820D-01
  735  0.10394136      0.11258101D-01
  736  0.10521327      0.11297872D-01
  737  0.10650074      0.11318620D-01
  738  0.10780396      0.11319889D-01
  739  0.10912314      0.11301280D-01
  740  0.11045845      0.11262464D-01
  741  0.11181011      0.11203180D-01
  742  0.11317830      0.11123239D-01
  743  0.11456324      0.11022532D-01
  744  0.11596513      0.10901031D-01
  745  0.11738417      0.10758793D-01
  746  0.11882057      0.10595963D-01
  747  0.12027455      0.10412778D-01
  748  0.12174632      0.10209570D-01
  749  0.12323611      0.99867687D-02
  750  0.12474412      0.97449016D-02
  751  0.12627059      0.94845983D-02
  752  0.12781573      0.92065907D-02
  753  0.12937979      0.89117146D-02
  754  0.13096298      0.86009094D-02
  755  0.13256554      0.82752192D-02
  756  0.13418772      0.79357916D-02
  757  0.13582974      0.75838768D-02
  758  0.13749186      0.72208262D-02
  759  0.13917432      0.68480905D-02
  760  0.14087736      0.64672164D-02
  761  0.14260125      0.60798437D-02
  762  0.14434623      0.56877009D-02
  763  0.14611256      0.52926013D-02
  764  0.14790051      0.48964368D-02
  765  0.14971034      0.45011729D-02
  766  0.15154231      0.41088415D-02
  767  0.15339670      0.37215339D-02
  768  0.15527378      0.33413932D-02
  769  0.15717383      0.29706054D-02
  770  0.15909713      0.26113906D-02
  771  0.16104397      0.22659935D-02
  772  0.16301463      0.19366727D-02
  773  0.16500940      0.16256905D-02
  774  0.16702858      0.13353012D-02
  775  0.16907248      0.10677399D-02
  776  0.17114138      0.82520995D-03
  777  0.17323560      0.60987075D-03
  778  0.17535544      0.42382501D-03
  779  0.17750123      0.26910570D-03
  780  0.17967327      0.14766296D-03
  781  0.18187190      0.61350806D-04
  782  0.18409742      0.11913898D-04
  783  0.18635018      0.97426597D-06
  784  0.18863051      0.30018231D-04
  785  0.19093874      0.10038352D-03
  786  0.19327521      0.21324666D-03
  787  0.19564028      0.36961083D-03
  788  0.19803428      0.57029408D-03
  789  0.20045759      0.81591827D-03
  790  0.20291054      0.11068985D-02
  791  0.20539351      0.14434336D-02
  792  0.20790687      0.18254969D-02
  793  0.21045098      0.22528289D-02
  794  0.21302622      0.27249296D-02
  795  0.21563298      0.32410536D-02
  796  0.21827163      0.38002049D-02
  797  0.22094257      0.44011341D-02
  798  0.22364620      0.50423361D-02
  799  0.22638290      0.57220500D-02
  800  0.22915310      0.64382599D-02
  801  0.23195720      0.71886974D-02
  802  0.23479561      0.79708461D-02
  803  0.23766875      0.87819471D-02
  804  0.24057705      0.96190068D-02
  805  0.24352094      0.10478806D-01
  806  0.24650085      0.11357909D-01
  807  0.24951723      0.12252681D-01
  808  0.25257051      0.13159297D-01
  809  0.25566116      0.14073759D-01
  810  0.25878963      0.14991917D-01
  811  0.26195638      0.15909483D-01
  812  0.26516189      0.16822055D-01
  813  0.26840661      0.17725139D-01
  814  0.27169104      0.18614169D-01
  815  0.27501567      0.19484535D-01
  816  0.27838097      0.20331610D-01
  817  0.28178746      0.21150770D-01
  818  0.28523563      0.21937429D-01
  819  0.28872600      0.22687062D-01
  820  0.29225907      0.23395238D-01
  821  0.29583538      0.24057645D-01
  822  0.29945545      0.24670122D-01
  823  0.30311983      0.25228688D-01
  824  0.30682904      0.25729569D-01
  825  0.31058363      0.26169230D-01
  826  0.31438418      0.26544402D-01
  827  0.31823123      0.26852108D-01
  828  0.32212535      0.27089690D-01
  829  0.32606713      0.27254836D-01
  830  0.33005714      0.27345603D-01
  831  0.33409598      0.27360436D-01
  832  0.33818424      0.27298195D-01
  833  0.34232252      0.27158166D-01
  834  0.34651145      0.26940085D-01
  835  0.35075163      0.26644146D-01
  836  0.35504370      0.26271016D-01
  837  0.35938829      0.25821842D-01
  838  0.36378605      0.25298259D-01
  839  0.36823762      0.24702394D-01
  840  0.37274366      0.24036865D-01
  841  0.37730484      0.23304778D-01
  842  0.38192184      0.22509724D-01
  843  0.38659533      0.21655770D-01
  844  0.39132601      0.20747444D-01
  845  0.39611458      0.19789723D-01
  846  0.40096175      0.18788018D-01
  847  0.40586823      0.17748145D-01
  848  0.41083475      0.16676308D-01
  849  0.41586204      0.15579069D-01
  850  0.42095085      0.14463319D-01
  851  0.42610194      0.13336243D-01
  852  0.43131605      0.12205290D-01
  853  0.43659397      0.11078131D-01
  854  0.44193648      0.99626202D-02
  855  0.44734435      0.88667544D-02
  856  0.45281841      0.77986285D-02
  857  0.45835945      0.67663911D-02
  858  0.46396829      0.57781973D-02
  859  0.46964577      0.48421619D-02
  860  0.47539272      0.39663112D-02
  861  0.48120999      0.31585340D-02
  862  0.48709846      0.24265333D-02
  863  0.49305897      0.17777775D-02
  864  0.49909242      0.12194525D-02
  865  0.50519971      0.75841413D-03
  866  0.51138173      0.40114243D-03
  867  0.51763939      0.15369675D-03
  868  0.52397363      0.21673027D-04
  869  0.53038538      0.10162983D-04
  870  0.53687559      0.12371585D-03
  871  0.54344522      0.36630277D-03
  872  0.55009523      0.74128416D-03
  873  0.55682663      0.12513805D-02
  874  0.56364039      0.18986463D-02
  875  0.57053754      0.26844483D-02
  876  0.57751908      0.36094473D-02
  877  0.58458605      0.46735840D-02
  878  0.59173950      0.58760697D-02
  879  0.59898049      0.72153805D-02
  880  0.60631008      0.86892568D-02
  881  0.61372936      0.10294707D-01
  882  0.62123943      0.12028017D-01
  883  0.62884140      0.13884759D-01
  884  0.63653639      0.15859814D-01
  885  0.64432555      0.17947390D-01
  886  0.65221002      0.20141051D-01
  887  0.66019097      0.22433743D-01
  888  0.66826958      0.24817833D-01
  889  0.67644705      0.27285142D-01
  890  0.68472458      0.29826990D-01
  891  0.69310340      0.32434241D-01
  892  0.70158476      0.35097346D-01
  893  0.71016989      0.37806398D-01
  894  0.71886009      0.40551184D-01
  895  0.72765662      0.43321238D-01
  896  0.73656079      0.46105898D-01
  897  0.74557392      0.48894362D-01
  898  0.75469735      0.51675753D-01
  899  0.76393241      0.54439168D-01
  900  0.77328048      0.57173746D-01
  901  0.78274295      0.59868725D-01
  902  0.79232120      0.62513496D-01
  903  0.80201666      0.65097668D-01
  904  0.81183076      0.67611118D-01
  905  0.82176495      0.70044050D-01
  906  0.83182071      0.72387046D-01
  907  0.84199951      0.74631114D-01
  908  0.85230288      0.76767739D-01
  909  0.86273232      0.78788926D-01
  910  0.87328938      0.80687238D-01
  911  0.88397563      0.82455838D-01
  912  0.89479265      0.84088517D-01
  913  0.90574203      0.85579728D-01
  914  0.91682539      0.86924606D-01
  915  0.92804438      0.88118989D-01
  916  0.93940066      0.89159438D-01
  917  0.95089589      0.90043240D-01
  918  0.96253180      0.90768418D-01
  919  0.97431009      0.91333733D-01
  920  0.98623250      0.91738676D-01
  921  0.99830081      0.91983465D-01
  922  1.01051680      0.92069025D-01
  923  1.02288227      0.91996979D-01
  924  1.03539905      0.91769617D-01
  925  1.04806900      0.91389880D-01
  926  1.06089399      0.90861322D-01
  927  1.07387592      0.90188084D-01
  928  1.08701670      0.89374853D-01
  929  1.10031828      0.88426828D-01
  930  1.11378263      0.87349676D-01
  931  1.12741175      0.86149490D-01
  932  1.14120763      0.84832746D-01
  933  1.15517234      0.83406253D-01
  934  1.16930793      0.81877112D-01
  935  1.18361649      0.80252662D-01
  936  1.19810014      0.78540440D-01
  937  1.21276103      0.76748127D-01
  938  1.22760132      0.74883507D-01
  939  1.24262321      0.72954418D-01
  940  1.25782891      0.70968708D-01
  941  1.27322069      0.68934193D-01
  942  1.28880081      0.66858616D-01
  943  1.30457158      0.64749607D-01
  944  1.32053533      0.62614647D-01
  945  1.33669443      0.60461032D-01
  946  1.35305126      0.58295843D-01
  947  1.36960825      0.56125916D-01
  948  1.38636785      0.53957816D-01
  949  1.40333252      0.51797815D-01
  950  1.42050479      0.49651867D-01
  951  1.43788720      0.47525595D-01
  952  1.45548230      0.45424277D-01
  953  1.47329272      0.43352829D-01
  954  1.49132108      0.41315802D-01
  955  1.50957004      0.39317373D-01
  956  1.52804232      0.37361343D-01
  957  1.54674064      0.35451136D-01
  958  1.56566776      0.33589799D-01
  959  1.58482649      0.31780011D-01
  960  1.60421966      0.30024082D-01
  961  1.62385014      0.28323969D-01
  962  1.64372084      0.26681280D-01
  963  1.66383469      0.25097291D-01
  964  1.68419466      0.23572954D-01
  965  1.70480378      0.22108914D-01
  966  1.72566509      0.20705527D-01
  967  1.74678167      0.19362871D-01
  968  1.76815665      0.18080770D-01
  969  1.78979319      0.16858805D-01
  970  1.81169450      0.15696337D-01
  971  1.83386380      0.14592523D-01
  972  1.85630439      0.13546338D-01
  973  1.87901958      0.12556589D-01
  974  1.90201272      0.11621934D-01
  975  1.92528723      0.10740903D-01
  976  1.94884655      0.99119145D-02
  977  1.97269415      0.91332900D-02
  978  1.99683357      0.84032727D-02
  979  2.02126838      0.77200424D-02
  980  2.04600220      0.70817304D-02
  981  2.07103868      0.64864335D-02
  982  2.09638152      0.59322271D-02
  983  2.12203448      0.54171775D-02
  984  2.14800134      0.49393532D-02
  985  2.17428596      0.44968350D-02
  986  2.20089222      0.40877256D-02
  987  2.22782405      0.37101578D-02
  988  2.25508544      0.33623023D-02
  989  2.28268042      0.30423740D-02
  990  2.31061308      0.27486379D-02
  991  2.33888754      0.24794137D-02
  992  2.36750799      0.22330799D-02
  993  2.39647866      0.20080772D-02
  994  2.42580384      0.18029108D-02
  995  2.45548787      0.16161524D-02
  996  2.48553513      0.14464414D-02
  997  2.51595007      0.12924855D-02
  998  2.54673720      0.11530605D-02
  999  2.57790106      0.10270107D-02
 1000  2.60944626      0.91324741D-03
 1001  2.64137748      0.81074799D-03
 1002  2.67369943      0.71855454D-03
 1003  2.70641690      0.63579540D-03
 1004  2.73953473      0.56164173D-03
 1005  2.77305781      0.49532541D-03
 1006  2.80699111      0.43612791D-03
 1007  2.84133964      0.38338155D-03
 1008  2.87610848      0.33646802D-03
 1009  2.91130278      0.29481671D-03
 1010  2.94692775      0.25790262D-03
 1011  2.98298866      0.22524419D-03
 1012  3.01949083      0.19640099D-03
 1013  3.05643967      0.17097128D-03
 1014  3.09384065      0.14858945D-03
 1015  3.13169929      0.12892299D-03
 1016  3.17002121      0.11167127D-03
 1017  3.20881205      0.96562763D-04
 1018  3.24807758      0.83353095D-04
 1019  3.28782359      0.71822883D-04
 1020  3.32805596      0.61776063D-04
 1021  3.36878064      0.53037284D-04
 1022  3.41000367      0.45450099D-04
 1023  3.45173113      0.38875031D-04
 1024  3.49396920      0.33187885D-04
 1025  3.53672413      0.28278206D-04
 1026  3.58000224      0.24047954D-04
 1027  3.62380993      0.20410285D-04
 1028  3.66815370      0.17288424D-04
 1029  3.71304008      0.14614635D-04
 1030  3.75847573      0.12329285D-04
 1031  3.80446737      0.10379981D-04
 1032  3.85102180      0.87207892D-05
