 ir        r               f(r)
    1  0.00001379      0.51461759D+05
    2  0.00001396      0.51461029D+05
    3  0.00001413      0.51460290D+05
    4  0.00001431      0.51459543D+05
    5  0.00001448      0.51458786D+05
    6  0.00001466      0.51458020D+05
    7  0.00001484      0.51457244D+05
    8  0.00001502      0.51456459D+05
    9  0.00001520      0.51455665D+05
   10  0.00001539      0.51454861D+05
   11  0.00001558      0.51454047D+05
   12  0.00001577      0.51453223D+05
   13  0.00001596      0.51452389D+05
   14  0.00001616      0.51451545D+05
   15  0.00001636      0.51450690D+05
   16  0.00001656      0.51449825D+05
   17  0.00001676      0.51448950D+05
   18  0.00001696      0.51448063D+05
   19  0.00001717      0.51447166D+05
   20  0.00001738      0.51446258D+05
   21  0.00001759      0.51445339D+05
   22  0.00001781      0.51444409D+05
   23  0.00001803      0.51443467D+05
   24  0.00001825      0.51442514D+05
   25  0.00001847      0.51441549D+05
   26  0.00001870      0.51440572D+05
   27  0.00001893      0.51439584D+05
   28  0.00001916      0.51438583D+05
   29  0.00001939      0.51437570D+05
   30  0.00001963      0.51436545D+05
   31  0.00001987      0.51435507D+05
   32  0.00002011      0.51434457D+05
   33  0.00002036      0.51433393D+05
   34  0.00002061      0.51432317D+05
   35  0.00002086      0.51431228D+05
   36  0.00002112      0.51430125D+05
   37  0.00002137      0.51429009D+05
   38  0.00002163      0.51427879D+05
   39  0.00002190      0.51426735D+05
   40  0.00002217      0.51425578D+05
   41  0.00002244      0.51424406D+05
   42  0.00002271      0.51423220D+05
   43  0.00002299      0.51422019D+05
   44  0.00002327      0.51420804D+05
   45  0.00002356      0.51419574D+05
   46  0.00002385      0.51418329D+05
   47  0.00002414      0.51417068D+05
   48  0.00002443      0.51415793D+05
   49  0.00002473      0.51414502D+05
   50  0.00002503      0.51413195D+05
   51  0.00002534      0.51411872D+05
   52  0.00002565      0.51410532D+05
   53  0.00002596      0.51409177D+05
   54  0.00002628      0.51407805D+05
   55  0.00002660      0.51406416D+05
   56  0.00002693      0.51405010D+05
   57  0.00002726      0.51403587D+05
   58  0.00002759      0.51402147D+05
   59  0.00002793      0.51400689D+05
   60  0.00002827      0.51399214D+05
   61  0.00002862      0.51397720D+05
   62  0.00002897      0.51396208D+05
   63  0.00002932      0.51394678D+05
   64  0.00002968      0.51393129D+05
   65  0.00003005      0.51391561D+05
   66  0.00003041      0.51389974D+05
   67  0.00003078      0.51388367D+05
   68  0.00003116      0.51386741D+05
   69  0.00003154      0.51385095D+05
   70  0.00003193      0.51383429D+05
   71  0.00003232      0.51381743D+05
   72  0.00003272      0.51380036D+05
   73  0.00003312      0.51378308D+05
   74  0.00003352      0.51376559D+05
   75  0.00003393      0.51374789D+05
   76  0.00003435      0.51372997D+05
   77  0.00003477      0.51371184D+05
   78  0.00003519      0.51369348D+05
   79  0.00003562      0.51367490D+05
   80  0.00003606      0.51365609D+05
   81  0.00003650      0.51363705D+05
   82  0.00003695      0.51361778D+05
   83  0.00003740      0.51359828D+05
   84  0.00003786      0.51357854D+05
   85  0.00003832      0.51355855D+05
   86  0.00003879      0.51353832D+05
   87  0.00003926      0.51351785D+05
   88  0.00003974      0.51349713D+05
   89  0.00004023      0.51347615D+05
   90  0.00004072      0.51345492D+05
   91  0.00004122      0.51343343D+05
   92  0.00004172      0.51341167D+05
   93  0.00004223      0.51338965D+05
   94  0.00004275      0.51336737D+05
   95  0.00004327      0.51334481D+05
   96  0.00004380      0.51332197D+05
   97  0.00004434      0.51329886D+05
   98  0.00004488      0.51327547D+05
   99  0.00004543      0.51325179D+05
  100  0.00004599      0.51322782D+05
  101  0.00004655      0.51320356D+05
  102  0.00004712      0.51317901D+05
  103  0.00004770      0.51315415D+05
  104  0.00004828      0.51312899D+05
  105  0.00004887      0.51310353D+05
  106  0.00004947      0.51307775D+05
  107  0.00005008      0.51305167D+05
  108  0.00005069      0.51302526D+05
  109  0.00005131      0.51299853D+05
  110  0.00005194      0.51297148D+05
  111  0.00005257      0.51294409D+05
  112  0.00005321      0.51291638D+05
  113  0.00005387      0.51288832D+05
  114  0.00005453      0.51285992D+05
  115  0.00005519      0.51283118D+05
  116  0.00005587      0.51280209D+05
  117  0.00005655      0.51277264D+05
  118  0.00005724      0.51274284D+05
  119  0.00005794      0.51271267D+05
  120  0.00005865      0.51268213D+05
  121  0.00005937      0.51265122D+05
  122  0.00006010      0.51261994D+05
  123  0.00006083      0.51258828D+05
  124  0.00006158      0.51255623D+05
  125  0.00006233      0.51252378D+05
  126  0.00006309      0.51249095D+05
  127  0.00006387      0.51245771D+05
  128  0.00006465      0.51242408D+05
  129  0.00006544      0.51239003D+05
  130  0.00006624      0.51235556D+05
  131  0.00006705      0.51232068D+05
  132  0.00006787      0.51228537D+05
  133  0.00006870      0.51224964D+05
  134  0.00006954      0.51221347D+05
  135  0.00007039      0.51217685D+05
  136  0.00007125      0.51213980D+05
  137  0.00007212      0.51210229D+05
  138  0.00007301      0.51206433D+05
  139  0.00007390      0.51202590D+05
  140  0.00007481      0.51198701D+05
  141  0.00007572      0.51194764D+05
  142  0.00007665      0.51190780D+05
  143  0.00007758      0.51186747D+05
  144  0.00007853      0.51182665D+05
  145  0.00007950      0.51178534D+05
  146  0.00008047      0.51174352D+05
  147  0.00008145      0.51170120D+05
  148  0.00008245      0.51165836D+05
  149  0.00008346      0.51161500D+05
  150  0.00008448      0.51157111D+05
  151  0.00008551      0.51152669D+05
  152  0.00008656      0.51148173D+05
  153  0.00008762      0.51143622D+05
  154  0.00008869      0.51139017D+05
  155  0.00008978      0.51134355D+05
  156  0.00009088      0.51129636D+05
  157  0.00009199      0.51124861D+05
  158  0.00009311      0.51120027D+05
  159  0.00009425      0.51115135D+05
  160  0.00009541      0.51110183D+05
  161  0.00009657      0.51105171D+05
  162  0.00009775      0.51100098D+05
  163  0.00009895      0.51094964D+05
  164  0.00010016      0.51089768D+05
  165  0.00010139      0.51084508D+05
  166  0.00010263      0.51079185D+05
  167  0.00010388      0.51073797D+05
  168  0.00010516      0.51068343D+05
  169  0.00010644      0.51062824D+05
  170  0.00010774      0.51057237D+05
  171  0.00010906      0.51051583D+05
  172  0.00011040      0.51045861D+05
  173  0.00011175      0.51040069D+05
  174  0.00011312      0.51034206D+05
  175  0.00011450      0.51028273D+05
  176  0.00011590      0.51022268D+05
  177  0.00011732      0.51016190D+05
  178  0.00011875      0.51010038D+05
  179  0.00012021      0.51003812D+05
  180  0.00012168      0.50997511D+05
  181  0.00012317      0.50991133D+05
  182  0.00012468      0.50984678D+05
  183  0.00012620      0.50978144D+05
  184  0.00012775      0.50971532D+05
  185  0.00012931      0.50964840D+05
  186  0.00013089      0.50958066D+05
  187  0.00013249      0.50951211D+05
  188  0.00013411      0.50944273D+05
  189  0.00013575      0.50937251D+05
  190  0.00013742      0.50930143D+05
  191  0.00013910      0.50922950D+05
  192  0.00014080      0.50915670D+05
  193  0.00014252      0.50908302D+05
  194  0.00014427      0.50900845D+05
  195  0.00014603      0.50893298D+05
  196  0.00014782      0.50885659D+05
  197  0.00014963      0.50877928D+05
  198  0.00015146      0.50870104D+05
  199  0.00015331      0.50862185D+05
  200  0.00015519      0.50854171D+05
  201  0.00015709      0.50846060D+05
  202  0.00015901      0.50837850D+05
  203  0.00016095      0.50829542D+05
  204  0.00016292      0.50821134D+05
  205  0.00016492      0.50812624D+05
  206  0.00016694      0.50804011D+05
  207  0.00016898      0.50795295D+05
  208  0.00017105      0.50786473D+05
  209  0.00017314      0.50777545D+05
  210  0.00017526      0.50768509D+05
  211  0.00017740      0.50759364D+05
  212  0.00017957      0.50750110D+05
  213  0.00018177      0.50740743D+05
  214  0.00018400      0.50731264D+05
  215  0.00018625      0.50721671D+05
  216  0.00018853      0.50711962D+05
  217  0.00019083      0.50702136D+05
  218  0.00019317      0.50692192D+05
  219  0.00019553      0.50682128D+05
  220  0.00019792      0.50671943D+05
  221  0.00020035      0.50661635D+05
  222  0.00020280      0.50651204D+05
  223  0.00020528      0.50640647D+05
  224  0.00020779      0.50629963D+05
  225  0.00021033      0.50619150D+05
  226  0.00021291      0.50608208D+05
  227  0.00021551      0.50597134D+05
  228  0.00021815      0.50585928D+05
  229  0.00022082      0.50574586D+05
  230  0.00022352      0.50563109D+05
  231  0.00022626      0.50551493D+05
  232  0.00022903      0.50539738D+05
  233  0.00023183      0.50527843D+05
  234  0.00023467      0.50515804D+05
  235  0.00023754      0.50503621D+05
  236  0.00024044      0.50491292D+05
  237  0.00024339      0.50478815D+05
  238  0.00024636      0.50466189D+05
  239  0.00024938      0.50453411D+05
  240  0.00025243      0.50440481D+05
  241  0.00025552      0.50427395D+05
  242  0.00025865      0.50414153D+05
  243  0.00026181      0.50400752D+05
  244  0.00026502      0.50387191D+05
  245  0.00026826      0.50373468D+05
  246  0.00027154      0.50359581D+05
  247  0.00027486      0.50345527D+05
  248  0.00027823      0.50331306D+05
  249  0.00028163      0.50316915D+05
  250  0.00028508      0.50302351D+05
  251  0.00028857      0.50287614D+05
  252  0.00029210      0.50272701D+05
  253  0.00029567      0.50257610D+05
  254  0.00029929      0.50242339D+05
  255  0.00030295      0.50226886D+05
  256  0.00030666      0.50211249D+05
  257  0.00031041      0.50195425D+05
  258  0.00031421      0.50179413D+05
  259  0.00031806      0.50163210D+05
  260  0.00032195      0.50146814D+05
  261  0.00032589      0.50130223D+05
  262  0.00032987      0.50113434D+05
  263  0.00033391      0.50096446D+05
  264  0.00033800      0.50079256D+05
  265  0.00034213      0.50061861D+05
  266  0.00034632      0.50044260D+05
  267  0.00035056      0.50026449D+05
  268  0.00035485      0.50008428D+05
  269  0.00035919      0.49990192D+05
  270  0.00036358      0.49971740D+05
  271  0.00036803      0.49953069D+05
  272  0.00037254      0.49934177D+05
  273  0.00037710      0.49915061D+05
  274  0.00038171      0.49895718D+05
  275  0.00038638      0.49876146D+05
  276  0.00039111      0.49856343D+05
  277  0.00039590      0.49836306D+05
  278  0.00040074      0.49816031D+05
  279  0.00040564      0.49795517D+05
  280  0.00041061      0.49774760D+05
  281  0.00041563      0.49753758D+05
  282  0.00042072      0.49732509D+05
  283  0.00042587      0.49711008D+05
  284  0.00043108      0.49689254D+05
  285  0.00043635      0.49667244D+05
  286  0.00044169      0.49644974D+05
  287  0.00044710      0.49622441D+05
  288  0.00045257      0.49599644D+05
  289  0.00045811      0.49576578D+05
  290  0.00046371      0.49553241D+05
  291  0.00046939      0.49529630D+05
  292  0.00047513      0.49505741D+05
  293  0.00048094      0.49481571D+05
  294  0.00048683      0.49457118D+05
  295  0.00049279      0.49432378D+05
  296  0.00049882      0.49407348D+05
  297  0.00050492      0.49382024D+05
  298  0.00051110      0.49356404D+05
  299  0.00051735      0.49330484D+05
  300  0.00052368      0.49304261D+05
  301  0.00053009      0.49277731D+05
  302  0.00053658      0.49250891D+05
  303  0.00054314      0.49223737D+05
  304  0.00054979      0.49196267D+05
  305  0.00055652      0.49168476D+05
  306  0.00056333      0.49140361D+05
  307  0.00057022      0.49111918D+05
  308  0.00057720      0.49083144D+05
  309  0.00058426      0.49054035D+05
  310  0.00059141      0.49024588D+05
  311  0.00059865      0.48994798D+05
  312  0.00060597      0.48964662D+05
  313  0.00061339      0.48934177D+05
  314  0.00062090      0.48903338D+05
  315  0.00062849      0.48872141D+05
  316  0.00063618      0.48840583D+05
  317  0.00064397      0.48808659D+05
  318  0.00065185      0.48776366D+05
  319  0.00065983      0.48743700D+05
  320  0.00066790      0.48710657D+05
  321  0.00067607      0.48677232D+05
  322  0.00068435      0.48643421D+05
  323  0.00069272      0.48609221D+05
  324  0.00070120      0.48574627D+05
  325  0.00070978      0.48539634D+05
  326  0.00071846      0.48504239D+05
  327  0.00072725      0.48468438D+05
  328  0.00073615      0.48432225D+05
  329  0.00074516      0.48395597D+05
  330  0.00075428      0.48358548D+05
  331  0.00076351      0.48321076D+05
  332  0.00077285      0.48283175D+05
  333  0.00078231      0.48244840D+05
  334  0.00079188      0.48206067D+05
  335  0.00080157      0.48166851D+05
  336  0.00081138      0.48127189D+05
  337  0.00082131      0.48087074D+05
  338  0.00083136      0.48046503D+05
  339  0.00084153      0.48005470D+05
  340  0.00085183      0.47963970D+05
  341  0.00086226      0.47922000D+05
  342  0.00087281      0.47879554D+05
  343  0.00088349      0.47836626D+05
  344  0.00089430      0.47793213D+05
  345  0.00090524      0.47749308D+05
  346  0.00091632      0.47704908D+05
  347  0.00092753      0.47660006D+05
  348  0.00093888      0.47614599D+05
  349  0.00095037      0.47568679D+05
  350  0.00096200      0.47522244D+05
  351  0.00097377      0.47475286D+05
  352  0.00098569      0.47427801D+05
  353  0.00099775      0.47379783D+05
  354  0.00100996      0.47331228D+05
  355  0.00102232      0.47282129D+05
  356  0.00103483      0.47232481D+05
  357  0.00104749      0.47182280D+05
  358  0.00106031      0.47131518D+05
  359  0.00107328      0.47080191D+05
  360  0.00108642      0.47028294D+05
  361  0.00109971      0.46975819D+05
  362  0.00111317      0.46922762D+05
  363  0.00112679      0.46869118D+05
  364  0.00114058      0.46814879D+05
  365  0.00115453      0.46760041D+05
  366  0.00116866      0.46704598D+05
  367  0.00118296      0.46648543D+05
  368  0.00119744      0.46591872D+05
  369  0.00121209      0.46534577D+05
  370  0.00122692      0.46476653D+05
  371  0.00124194      0.46418094D+05
  372  0.00125713      0.46358894D+05
  373  0.00127252      0.46299046D+05
  374  0.00128809      0.46238545D+05
  375  0.00130385      0.46177385D+05
  376  0.00131981      0.46115559D+05
  377  0.00133596      0.46053061D+05
  378  0.00135230      0.45989885D+05
  379  0.00136885      0.45926025D+05
  380  0.00138560      0.45861473D+05
  381  0.00140256      0.45796225D+05
  382  0.00141972      0.45730273D+05
  383  0.00143709      0.45663611D+05
  384  0.00145468      0.45596233D+05
  385  0.00147248      0.45528132D+05
  386  0.00149050      0.45459302D+05
  387  0.00150874      0.45389735D+05
  388  0.00152720      0.45319427D+05
  389  0.00154589      0.45248369D+05
  390  0.00156480      0.45176556D+05
  391  0.00158395      0.45103981D+05
  392  0.00160333      0.45030636D+05
  393  0.00162295      0.44956517D+05
  394  0.00164281      0.44881615D+05
  395  0.00166291      0.44805924D+05
  396  0.00168326      0.44729438D+05
  397  0.00170386      0.44652149D+05
  398  0.00172471      0.44574051D+05
  399  0.00174582      0.44495137D+05
  400  0.00176718      0.44415400D+05
  401  0.00178880      0.44334834D+05
  402  0.00181069      0.44253432D+05
  403  0.00183285      0.44171186D+05
  404  0.00185528      0.44088091D+05
  405  0.00187798      0.44004138D+05
  406  0.00190096      0.43919322D+05
  407  0.00192422      0.43833635D+05
  408  0.00194777      0.43747070D+05
  409  0.00197160      0.43659622D+05
  410  0.00199573      0.43571282D+05
  411  0.00202015      0.43482044D+05
  412  0.00204487      0.43391901D+05
  413  0.00206989      0.43300847D+05
  414  0.00209522      0.43208873D+05
  415  0.00212086      0.43115975D+05
  416  0.00214681      0.43022144D+05
  417  0.00217308      0.42927373D+05
  418  0.00219968      0.42831657D+05
  419  0.00222659      0.42734988D+05
  420  0.00225384      0.42637360D+05
  421  0.00228142      0.42538765D+05
  422  0.00230934      0.42439197D+05
  423  0.00233759      0.42338649D+05
  424  0.00236620      0.42237115D+05
  425  0.00239515      0.42134588D+05
  426  0.00242446      0.42031061D+05
  427  0.00245413      0.41926528D+05
  428  0.00248416      0.41820982D+05
  429  0.00251456      0.41714416D+05
  430  0.00254533      0.41606825D+05
  431  0.00257648      0.41498201D+05
  432  0.00260800      0.41388538D+05
  433  0.00263992      0.41277831D+05
  434  0.00267222      0.41166072D+05
  435  0.00270492      0.41053256D+05
  436  0.00273802      0.40939376D+05
  437  0.00277152      0.40824426D+05
  438  0.00280544      0.40708400D+05
  439  0.00283977      0.40591292D+05
  440  0.00287452      0.40473096D+05
  441  0.00290969      0.40353807D+05
  442  0.00294530      0.40233419D+05
  443  0.00298134      0.40111925D+05
  444  0.00301782      0.39989321D+05
  445  0.00305475      0.39865601D+05
  446  0.00309213      0.39740759D+05
  447  0.00312997      0.39614790D+05
  448  0.00316827      0.39487689D+05
  449  0.00320704      0.39359451D+05
  450  0.00324628      0.39230071D+05
  451  0.00328601      0.39099544D+05
  452  0.00332622      0.38967865D+05
  453  0.00336692      0.38835030D+05
  454  0.00340812      0.38701033D+05
  455  0.00344982      0.38565871D+05
  456  0.00349204      0.38429539D+05
  457  0.00353477      0.38292034D+05
  458  0.00357802      0.38153350D+05
  459  0.00362181      0.38013485D+05
  460  0.00366613      0.37872435D+05
  461  0.00371099      0.37730195D+05
  462  0.00375640      0.37586764D+05
  463  0.00380236      0.37442137D+05
  464  0.00384889      0.37296311D+05
  465  0.00389599      0.37149284D+05
  466  0.00394366      0.37001053D+05
  467  0.00399192      0.36851615D+05
  468  0.00404077      0.36700968D+05
  469  0.00409022      0.36549110D+05
  470  0.00414027      0.36396039D+05
  471  0.00419093      0.36241754D+05
  472  0.00424221      0.36086252D+05
  473  0.00429413      0.35929533D+05
  474  0.00434667      0.35771595D+05
  475  0.00439986      0.35612438D+05
  476  0.00445370      0.35452061D+05
  477  0.00450820      0.35290464D+05
  478  0.00456337      0.35127647D+05
  479  0.00461921      0.34963609D+05
  480  0.00467573      0.34798351D+05
  481  0.00473295      0.34631874D+05
  482  0.00479086      0.34464179D+05
  483  0.00484949      0.34295267D+05
  484  0.00490883      0.34125139D+05
  485  0.00496890      0.33953797D+05
  486  0.00502970      0.33781244D+05
  487  0.00509125      0.33607481D+05
  488  0.00515355      0.33432511D+05
  489  0.00521661      0.33256338D+05
  490  0.00528045      0.33078964D+05
  491  0.00534506      0.32900394D+05
  492  0.00541047      0.32720631D+05
  493  0.00547668      0.32539679D+05
  494  0.00554369      0.32357543D+05
  495  0.00561153      0.32174228D+05
  496  0.00568020      0.31989740D+05
  497  0.00574970      0.31804084D+05
  498  0.00582006      0.31617266D+05
  499  0.00589128      0.31429292D+05
  500  0.00596337      0.31240171D+05
  501  0.00603634      0.31049907D+05
  502  0.00611021      0.30858510D+05
  503  0.00618498      0.30665988D+05
  504  0.00626066      0.30472347D+05
  505  0.00633727      0.30277599D+05
  506  0.00641482      0.30081751D+05
  507  0.00649332      0.29884813D+05
  508  0.00657277      0.29686796D+05
  509  0.00665320      0.29487710D+05
  510  0.00673462      0.29287566D+05
  511  0.00681703      0.29086374D+05
  512  0.00690045      0.28884148D+05
  513  0.00698489      0.28680900D+05
  514  0.00707036      0.28476642D+05
  515  0.00715688      0.28271387D+05
  516  0.00724445      0.28065149D+05
  517  0.00733310      0.27857942D+05
  518  0.00742284      0.27649781D+05
  519  0.00751367      0.27440682D+05
  520  0.00760561      0.27230658D+05
  521  0.00769868      0.27019728D+05
  522  0.00779289      0.26807907D+05
  523  0.00788825      0.26595213D+05
  524  0.00798477      0.26381662D+05
  525  0.00808248      0.26167274D+05
  526  0.00818138      0.25952067D+05
  527  0.00828150      0.25736059D+05
  528  0.00838284      0.25519271D+05
  529  0.00848542      0.25301723D+05
  530  0.00858925      0.25083436D+05
  531  0.00869435      0.24864430D+05
  532  0.00880074      0.24644727D+05
  533  0.00890844      0.24424351D+05
  534  0.00901745      0.24203322D+05
  535  0.00912779      0.23981666D+05
  536  0.00923949      0.23759405D+05
  537  0.00935255      0.23536564D+05
  538  0.00946699      0.23313167D+05
  539  0.00958284      0.23089242D+05
  540  0.00970010      0.22864812D+05
  541  0.00981880      0.22639905D+05
  542  0.00993895      0.22414547D+05
  543  0.01006057      0.22188767D+05
  544  0.01018368      0.21962591D+05
  545  0.01030830      0.21736050D+05
  546  0.01043444      0.21509171D+05
  547  0.01056212      0.21281984D+05
  548  0.01069137      0.21054519D+05
  549  0.01082220      0.20826807D+05
  550  0.01095462      0.20598879D+05
  551  0.01108867      0.20370766D+05
  552  0.01122436      0.20142501D+05
  553  0.01136171      0.19914115D+05
  554  0.01150074      0.19685641D+05
  555  0.01164148      0.19457114D+05
  556  0.01178393      0.19228566D+05
  557  0.01192813      0.19000032D+05
  558  0.01207409      0.18771547D+05
  559  0.01222184      0.18543145D+05
  560  0.01237139      0.18314862D+05
  561  0.01252278      0.18086735D+05
  562  0.01267602      0.17858799D+05
  563  0.01283113      0.17631091D+05
  564  0.01298814      0.17403647D+05
  565  0.01314708      0.17176506D+05
  566  0.01330795      0.16949705D+05
  567  0.01347080      0.16723281D+05
  568  0.01363564      0.16497273D+05
  569  0.01380250      0.16271720D+05
  570  0.01397139      0.16046661D+05
  571  0.01414236      0.15822134D+05
  572  0.01431542      0.15598178D+05
  573  0.01449059      0.15374834D+05
  574  0.01466791      0.15152140D+05
  575  0.01484740      0.14930138D+05
  576  0.01502908      0.14708865D+05
  577  0.01521299      0.14488364D+05
  578  0.01539915      0.14268673D+05
  579  0.01558758      0.14049834D+05
  580  0.01577832      0.13831886D+05
  581  0.01597140      0.13614870D+05
  582  0.01616684      0.13398827D+05
  583  0.01636467      0.13183796D+05
  584  0.01656492      0.12969819D+05
  585  0.01676762      0.12756934D+05
  586  0.01697280      0.12545184D+05
  587  0.01718049      0.12334607D+05
  588  0.01739073      0.12125244D+05
  589  0.01760353      0.11917134D+05
  590  0.01781895      0.11710316D+05
  591  0.01803699      0.11504831D+05
  592  0.01825771      0.11300718D+05
  593  0.01848112      0.11098014D+05
  594  0.01870727      0.10896759D+05
  595  0.01893619      0.10696991D+05
  596  0.01916791      0.10498747D+05
  597  0.01940246      0.10302064D+05
  598  0.01963988      0.10106981D+05
  599  0.01988021      0.99135319D+04
  600  0.02012348      0.97217541D+04
  601  0.02036973      0.95316826D+04
  602  0.02061899      0.93433522D+04
  603  0.02087130      0.91567972D+04
  604  0.02112670      0.89720511D+04
  605  0.02138522      0.87891468D+04
  606  0.02164690      0.86081166D+04
  607  0.02191179      0.84289921D+04
  608  0.02217992      0.82518039D+04
  609  0.02245133      0.80765821D+04
  610  0.02272607      0.79033558D+04
  611  0.02300416      0.77321533D+04
  612  0.02328566      0.75630021D+04
  613  0.02357060      0.73959287D+04
  614  0.02385903      0.72309588D+04
  615  0.02415098      0.70681168D+04
  616  0.02444651      0.69074266D+04
  617  0.02474566      0.67489106D+04
  618  0.02504847      0.65925906D+04
  619  0.02535498      0.64384869D+04
  620  0.02566524      0.62866189D+04
  621  0.02597930      0.61370051D+04
  622  0.02629721      0.59896624D+04
  623  0.02661900      0.58446068D+04
  624  0.02694473      0.57018531D+04
  625  0.02727445      0.55614149D+04
  626  0.02760820      0.54233044D+04
  627  0.02794603      0.52875327D+04
  628  0.02828800      0.51541095D+04
  629  0.02863416      0.50230435D+04
  630  0.02898455      0.48943418D+04
  631  0.02933922      0.47680102D+04
  632  0.02969824      0.46440532D+04
  633  0.03006165      0.45224742D+04
  634  0.03042951      0.44032750D+04
  635  0.03080187      0.42864560D+04
  636  0.03117879      0.41720163D+04
  637  0.03156031      0.40599538D+04
  638  0.03194651      0.39502648D+04
  639  0.03233743      0.38429444D+04
  640  0.03273314      0.37379860D+04
  641  0.03313369      0.36353821D+04
  642  0.03353914      0.35351235D+04
  643  0.03394955      0.34371997D+04
  644  0.03436498      0.33415988D+04
  645  0.03478550      0.32483078D+04
  646  0.03521116      0.31573120D+04
  647  0.03564203      0.30685955D+04
  648  0.03607817      0.29821413D+04
  649  0.03651965      0.28979309D+04
  650  0.03696654      0.28159445D+04
  651  0.03741889      0.27361610D+04
  652  0.03787678      0.26585584D+04
  653  0.03834027      0.25831131D+04
  654  0.03880943      0.25098004D+04
  655  0.03928433      0.24385947D+04
  656  0.03976504      0.23694688D+04
  657  0.04025164      0.23023949D+04
  658  0.04074419      0.22373439D+04
  659  0.04124277      0.21742855D+04
  660  0.04174745      0.21131887D+04
  661  0.04225830      0.20540213D+04
  662  0.04277541      0.19967505D+04
  663  0.04329884      0.19413422D+04
  664  0.04382868      0.18877617D+04
  665  0.04436500      0.18359736D+04
  666  0.04490788      0.17859416D+04
  667  0.04545741      0.17376287D+04
  668  0.04601366      0.16909972D+04
  669  0.04657672      0.16460090D+04
  670  0.04714667      0.16026252D+04
  671  0.04772360      0.15608066D+04
  672  0.04830758      0.15205134D+04
  673  0.04889871      0.14817054D+04
  674  0.04949707      0.14443422D+04
  675  0.05010275      0.14083829D+04
  676  0.05071585      0.13737865D+04
  677  0.05133645      0.13405117D+04
  678  0.05196464      0.13085172D+04
  679  0.05260052      0.12777615D+04
  680  0.05324418      0.12482032D+04
  681  0.05389572      0.12198007D+04
  682  0.05455523      0.11925128D+04
  683  0.05522281      0.11662981D+04
  684  0.05589856      0.11411157D+04
  685  0.05658258      0.11169247D+04
  686  0.05727497      0.10936847D+04
  687  0.05797583      0.10713555D+04
  688  0.05868527      0.10498973D+04
  689  0.05940338      0.10292709D+04
  690  0.06013029      0.10094375D+04
  691  0.06086609      0.99035875D+03
  692  0.06161090      0.97199704D+03
  693  0.06236482      0.95431534D+03
  694  0.06312796      0.93727732D+03
  695  0.06390044      0.92084735D+03
  696  0.06468238      0.90499059D+03
  697  0.06547388      0.88967299D+03
  698  0.06627507      0.87486134D+03
  699  0.06708607      0.86052330D+03
  700  0.06790698      0.84662747D+03
  701  0.06873795      0.83314334D+03
  702  0.06957908      0.82004141D+03
  703  0.07043050      0.80729315D+03
  704  0.07129234      0.79487105D+03
  705  0.07216473      0.78274866D+03
  706  0.07304779      0.77090056D+03
  707  0.07394166      0.75930243D+03
  708  0.07484647      0.74793103D+03
  709  0.07576235      0.73676423D+03
  710  0.07668944      0.72578102D+03
  711  0.07762787      0.71496148D+03
  712  0.07857779      0.70428685D+03
  713  0.07953933      0.69373949D+03
  714  0.08051263      0.68330286D+03
  715  0.08149785      0.67296159D+03
  716  0.08249512      0.66270140D+03
  717  0.08350459      0.65250911D+03
  718  0.08452642      0.64237268D+03
  719  0.08556075      0.63228113D+03
  720  0.08660774      0.62222456D+03
  721  0.08766754      0.61219413D+03
  722  0.08874031      0.60218203D+03
  723  0.08982620      0.59218150D+03
  724  0.09092538      0.58218672D+03
  725  0.09203802      0.57219288D+03
  726  0.09316427      0.56219610D+03
  727  0.09430430      0.55219340D+03
  728  0.09545828      0.54218270D+03
  729  0.09662638      0.53216275D+03
  730  0.09780878      0.52213313D+03
  731  0.09900564      0.51209420D+03
  732  0.10021715      0.50204705D+03
  733  0.10144349      0.49199348D+03
  734  0.10268483      0.48193596D+03
  735  0.10394136      0.47187760D+03
  736  0.10521327      0.46182207D+03
  737  0.10650074      0.45177359D+03
  738  0.10780396      0.44173691D+03
  739  0.10912314      0.43171721D+03
  740  0.11045845      0.42172010D+03
  741  0.11181011      0.41175158D+03
  742  0.11317830      0.40181796D+03
  743  0.11456324      0.39192585D+03
  744  0.11596513      0.38208212D+03
  745  0.11738417      0.37229383D+03
  746  0.11882057      0.36256821D+03
  747  0.12027455      0.35291261D+03
  748  0.12174632      0.34333448D+03
  749  0.12323611      0.33384129D+03
  750  0.12474412      0.32444054D+03
  751  0.12627059      0.31513967D+03
  752  0.12781573      0.30594608D+03
  753  0.12937979      0.29686704D+03
  754  0.13096298      0.28790970D+03
  755  0.13256554      0.27908104D+03
  756  0.13418772      0.27038783D+03
  757  0.13582974      0.26183660D+03
  758  0.13749186      0.25343366D+03
  759  0.13917432      0.24518500D+03
  760  0.14087736      0.23709632D+03
  761  0.14260125      0.22917299D+03
  762  0.14434623      0.22142001D+03
  763  0.14611256      0.21384204D+03
  764  0.14790051      0.20644333D+03
  765  0.14971034      0.19922776D+03
  766  0.15154231      0.19219878D+03
  767  0.15339670      0.18535940D+03
  768  0.15527378      0.17871225D+03
  769  0.15717383      0.17225946D+03
  770  0.15909713      0.16600278D+03
  771  0.16104397      0.15994348D+03
  772  0.16301463      0.15408238D+03
  773  0.16500940      0.14841990D+03
  774  0.16702858      0.14295597D+03
  775  0.16907248      0.13769013D+03
  776  0.17114138      0.13262146D+03
  777  0.17323560      0.12774865D+03
  778  0.17535544      0.12306996D+03
  779  0.17750123      0.11858327D+03
  780  0.17967327      0.11428607D+03
  781  0.18187190      0.11017549D+03
  782  0.18409742      0.10624830D+03
  783  0.18635018      0.10250095D+03
  784  0.18863051      0.98929553D+02
  785  0.19093874      0.95529947D+02
  786  0.19327521      0.92297685D+02
  787  0.19564028      0.89228070D+02
  788  0.19803428      0.86316168D+02
  789  0.20045759      0.83556838D+02
  790  0.20291054      0.80944751D+02
  791  0.20539351      0.78474414D+02
  792  0.20790687      0.76140192D+02
  793  0.21045098      0.73936334D+02
  794  0.21302622      0.71856995D+02
  795  0.21563298      0.69896258D+02
  796  0.21827163      0.68048159D+02
  797  0.22094257      0.66306709D+02
  798  0.22364620      0.64665918D+02
  799  0.22638290      0.63119813D+02
  800  0.22915310      0.61662462D+02
  801  0.23195720      0.60287995D+02
  802  0.23479561      0.58990619D+02
  803  0.23766875      0.57764645D+02
  804  0.24057705      0.56604496D+02
  805  0.24352094      0.55504731D+02
  806  0.24650085      0.54460058D+02
  807  0.24951723      0.53465348D+02
  808  0.25257051      0.52515651D+02
  809  0.25566116      0.51606204D+02
  810  0.25878963      0.50732446D+02
  811  0.26195638      0.49890025D+02
  812  0.26516189      0.49074807D+02
  813  0.26840661      0.48282886D+02
  814  0.27169104      0.47510584D+02
  815  0.27501567      0.46754462D+02
  816  0.27838097      0.46011317D+02
  817  0.28178746      0.45278190D+02
  818  0.28523563      0.44552362D+02
  819  0.28872600      0.43831358D+02
  820  0.29225907      0.43112940D+02
  821  0.29583538      0.42395111D+02
  822  0.29945545      0.41676106D+02
  823  0.30311983      0.40954390D+02
  824  0.30682904      0.40228650D+02
  825  0.31058363      0.39497792D+02
  826  0.31438418      0.38760932D+02
  827  0.31823123      0.38017387D+02
  828  0.32212535      0.37266668D+02
  829  0.32606713      0.36508468D+02
  830  0.33005714      0.35742656D+02
  831  0.33409598      0.34969264D+02
  832  0.33818424      0.34188478D+02
  833  0.34232252      0.33400623D+02
  834  0.34651145      0.32606160D+02
  835  0.35075163      0.31805664D+02
  836  0.35504370      0.30999823D+02
  837  0.35938829      0.30189419D+02
  838  0.36378605      0.29375318D+02
  839  0.36823762      0.28558464D+02
  840  0.37274366      0.27739861D+02
  841  0.37730484      0.26920565D+02
  842  0.38192184      0.26101674D+02
  843  0.38659533      0.25284316D+02
  844  0.39132601      0.24469643D+02
  845  0.39611458      0.23658815D+02
  846  0.40096175      0.22852997D+02
  847  0.40586823      0.22053346D+02
  848  0.41083475      0.21261008D+02
  849  0.41586204      0.20477104D+02
  850  0.42095085      0.19702728D+02
  851  0.42610194      0.18938940D+02
  852  0.43131605      0.18186757D+02
  853  0.43659397      0.17447150D+02
  854  0.44193648      0.16721041D+02
  855  0.44734435      0.16009295D+02
  856  0.45281841      0.15312720D+02
  857  0.45835945      0.14632061D+02
  858  0.46396829      0.13967999D+02
  859  0.46964577      0.13321151D+02
  860  0.47539272      0.12692062D+02
  861  0.48120999      0.12081215D+02
  862  0.48709846      0.11489019D+02
  863  0.49305897      0.10915816D+02
  864  0.49909242      0.10361880D+02
  865  0.50519971      0.98274180D+01
  866  0.51138173      0.93125693D+01
  867  0.51763939      0.88174096D+01
  868  0.52397363      0.83419513D+01
  869  0.53038538      0.78861465D+01
  870  0.53687559      0.74498889D+01
  871  0.54344522      0.70330166D+01
  872  0.55009523      0.66353154D+01
  873  0.55682663      0.62565213D+01
  874  0.56364039      0.58963238D+01
  875  0.57053754      0.55543695D+01
  876  0.57751908      0.52302651D+01
  877  0.58458605      0.49235814D+01
  878  0.59173950      0.46338562D+01
  879  0.59898049      0.43605983D+01
  880  0.60631008      0.41032906D+01
  881  0.61372936      0.38613941D+01
  882  0.62123943      0.36343511D+01
  883  0.62884140      0.34215882D+01
  884  0.63653639      0.32225203D+01
  885  0.64432555      0.30365534D+01
  886  0.65221002      0.28630876D+01
  887  0.66019097      0.27015202D+01
  888  0.66826958      0.25512486D+01
  889  0.67644705      0.24116728D+01
  890  0.68472458      0.22821978D+01
  891  0.69310340      0.21622364D+01
  892  0.70158476      0.20512109D+01
  893  0.71016989      0.19485550D+01
  894  0.71886009      0.18537164D+01
  895  0.72765662      0.17661574D+01
  896  0.73656079      0.16853572D+01
  897  0.74557392      0.16108125D+01
  898  0.75469735      0.15420393D+01
  899  0.76393241      0.14785732D+01
  900  0.77328048      0.14199705D+01
  901  0.78274295      0.13658087D+01
  902  0.79232120      0.13156870D+01
  903  0.80201666      0.12692266D+01
  904  0.81183076      0.12260708D+01
  905  0.82176495      0.11858849D+01
  906  0.83182071      0.11483563D+01
  907  0.84199951      0.11131943D+01
  908  0.85230288      0.10801296D+01
  909  0.86273232      0.10489139D+01
  910  0.87328938      0.10193195D+01
  911  0.88397563      0.99113857D+00
  912  0.89479265      0.96418254D+00
  913  0.90574203      0.93828139D+00
  914  0.91682539      0.91328282D+00
  915  0.92804438      0.88905144D+00
  916  0.93940066      0.86546789D+00
  917  0.95089589      0.84242797D+00
  918  0.96253180      0.81984173D+00
  919  0.97431009      0.79763248D+00
  920  0.98623250      0.77573595D+00
  921  0.99830081      0.75409930D+00
  922  1.01051680      0.73268018D+00
  923  1.02288227      0.71144588D+00
  924  1.03539905      0.69037239D+00
  925  1.04806900      0.66944353D+00
  926  1.06089399      0.64865011D+00
  927  1.07387592      0.62798915D+00
  928  1.08701670      0.60746302D+00
  929  1.10031828      0.58707878D+00
  930  1.11378263      0.56684741D+00
  931  1.12741175      0.54678321D+00
  932  1.14120763      0.52690309D+00
  933  1.15517234      0.50722607D+00
  934  1.16930793      0.48777270D+00
  935  1.18361649      0.46856459D+00
  936  1.19810014      0.44962394D+00
  937  1.21276103      0.43097314D+00
  938  1.22760132      0.41263442D+00
  939  1.24262321      0.39462950D+00
  940  1.25782891      0.37697935D+00
  941  1.27322069      0.35970390D+00
  942  1.28880081      0.34282184D+00
  943  1.30457158      0.32635049D+00
  944  1.32053533      0.31030560D+00
  945  1.33669443      0.29470129D+00
  946  1.35305126      0.27954992D+00
  947  1.36960825      0.26486210D+00
  948  1.38636785      0.25064657D+00
  949  1.40333252      0.23691031D+00
  950  1.42050479      0.22365843D+00
  951  1.43788720      0.21089429D+00
  952  1.45548230      0.19861951D+00
  953  1.47329272      0.18683400D+00
  954  1.49132108      0.17553609D+00
  955  1.50957004      0.16472259D+00
  956  1.52804232      0.15438883D+00
  957  1.54674064      0.14452882D+00
  958  1.56566776      0.13513533D+00
  959  1.58482649      0.12619998D+00
  960  1.60421966      0.11771334D+00
  961  1.62385014      0.10966507D+00
  962  1.64372084      0.10204398D+00
  963  1.66383469      0.94838173D-01
  964  1.68419466      0.88035137D-01
  965  1.70480378      0.81621834D-01
  966  1.72566509      0.75584805D-01
  967  1.74678167      0.69910264D-01
  968  1.76815665      0.64584180D-01
  969  1.78979319      0.59592367D-01
  970  1.81169450      0.54920556D-01
  971  1.83386380      0.50554473D-01
  972  1.85630439      0.46479900D-01
  973  1.87901958      0.42682743D-01
  974  1.90201272      0.39149085D-01
  975  1.92528723      0.35865236D-01
  976  1.94884655      0.32817778D-01
  977  1.97269415      0.29993608D-01
  978  1.99683357      0.27379968D-01
  979  2.02126838      0.24964479D-01
  980  2.04600220      0.22735160D-01
  981  2.07103868      0.20680455D-01
  982  2.09638152      0.18789245D-01
  983  2.12203448      0.17050858D-01
  984  2.14800134      0.15455084D-01
  985  2.17428596      0.13992172D-01
  986  2.20089222      0.12652838D-01
  987  2.22782405      0.11428259D-01
  988  2.25508544      0.10310073D-01
  989  2.28268042      0.92903710D-02
  990  2.31061308      0.83616871D-02
  991  2.33888754      0.75169922D-02
  992  2.36750799      0.67496801D-02
  993  2.39647866      0.60535556D-02
  994  2.42580384      0.54228199D-02
  995  2.45548787      0.48520570D-02
  996  2.48553513      0.43362172D-02
  997  2.51595007      0.38706019D-02
  998  2.54673720      0.34508472D-02
  999  2.57790106      0.30729077D-02
 1000  2.60944626      0.27330397D-02
 1001  2.64137748      0.24277852D-02
 1002  2.67369943      0.21542390D-02
 1003  2.70641690      0.19096264D-02
 1004  2.73953473      0.16910971D-02
 1005  2.77305781      0.14960600D-02
 1006  2.80699111      0.13221610D-02
 1007  2.84133964      0.11672640D-02
 1008  2.87610848      0.10294319D-02
 1009  2.91130278      0.90691015D-03
 1010  2.94692775      0.79811088D-03
 1011  2.98298866      0.70159850D-03
 1012  3.01949083      0.61607638D-03
 1013  3.05643967      0.54037453D-03
 1014  3.09384065      0.47343834D-03
 1015  3.13169929      0.41431815D-03
 1016  3.17002121      0.36215966D-03
 1017  3.20881205      0.31619523D-03
 1018  3.24807758      0.27573575D-03
 1019  3.28782359      0.24016333D-03
 1020  3.32805596      0.20892449D-03
 1021  3.36878064      0.18152404D-03
 1022  3.41000367      0.15751940D-03
 1023  3.45173113      0.00000000D+00
 1024  3.49396920      0.00000000D+00
 1025  3.53672413      0.00000000D+00
 1026  3.58000224      0.00000000D+00
 1027  3.62380993      0.00000000D+00
 1028  3.66815370      0.00000000D+00
 1029  3.71304008      0.00000000D+00
 1030  3.75847573      0.00000000D+00
 1031  3.80446737      0.00000000D+00
 1032  3.85102180      0.00000000D+00
 1033  3.89814590      0.00000000D+00
 1034  3.94584665      0.00000000D+00
 1035  3.99413110      0.00000000D+00
 1036  4.04300640      0.00000000D+00
 1037  4.09247978      0.00000000D+00
 1038  4.14255855      0.00000000D+00
 1039  4.19325012      0.00000000D+00
 1040  4.24456200      0.00000000D+00
 1041  4.29650176      0.00000000D+00
 1042  4.34907711      0.00000000D+00
 1043  4.40229580      0.00000000D+00
 1044  4.45616572      0.00000000D+00
 1045  4.51069484      0.00000000D+00
 1046  4.56589121      0.00000000D+00
 1047  4.62176302      0.00000000D+00
 1048  4.67831851      0.00000000D+00
 1049  4.73556606      0.00000000D+00
 1050  4.79351413      0.00000000D+00
 1051  4.85217131      0.00000000D+00
 1052  4.91154626      0.00000000D+00
 1053  4.97164776      0.00000000D+00
 1054  5.03248472      0.00000000D+00
 1055  5.09406612      0.00000000D+00
 1056  5.15640108      0.00000000D+00
 1057  5.21949882      0.00000000D+00
 1058  5.28336868      0.00000000D+00
 1059  5.34802009      0.00000000D+00
 1060  5.41346263      0.00000000D+00
 1061  5.47970598      0.00000000D+00
 1062  5.54675993      0.00000000D+00
 1063  5.61463440      0.00000000D+00
 1064  5.68333944      0.00000000D+00
 1065  5.75288521      0.00000000D+00
 1066  5.82328200      0.00000000D+00
 1067  5.89454021      0.00000000D+00
 1068  5.96667040      0.00000000D+00
 1069  6.03968322      0.00000000D+00
 1070  6.11358949      0.00000000D+00
 1071  6.18840014      0.00000000D+00
 1072  6.26412622      0.00000000D+00
 1073  6.34077895      0.00000000D+00
 1074  6.41836966      0.00000000D+00
 1075  6.49690983      0.00000000D+00
 1076  6.57641108      0.00000000D+00
 1077  6.65688517      0.00000000D+00
 1078  6.73834400      0.00000000D+00
 1079  6.82079963      0.00000000D+00
 1080  6.90426425      0.00000000D+00
 1081  6.98875020      0.00000000D+00
 1082  7.07427000      0.00000000D+00
 1083  7.16083627      0.00000000D+00
 1084  7.24846185      0.00000000D+00
 1085  7.33715967      0.00000000D+00
 1086  7.42694287      0.00000000D+00
 1087  7.51782473      0.00000000D+00
 1088  7.60981869      0.00000000D+00
 1089  7.70293836      0.00000000D+00
 1090  7.79719751      0.00000000D+00
 1091  7.89261010      0.00000000D+00
 1092  7.98919022      0.00000000D+00
 1093  8.08695218      0.00000000D+00
 1094  8.18591043      0.00000000D+00
 1095  8.28607960      0.00000000D+00
 1096  8.38747453      0.00000000D+00
 1097  8.49011020      0.00000000D+00
 1098  8.59400180      0.00000000D+00
 1099  8.69916470      0.00000000D+00
 1100  8.80561446      0.00000000D+00
 1101  8.91336682      0.00000000D+00
