 ir        r               f(r)
    1  0.00001465      0.14548059D-07
    2  0.00001483      0.14903268D-07
    3  0.00001501      0.15267147D-07
    4  0.00001519      0.15639907D-07
    5  0.00001538      0.16021766D-07
    6  0.00001556      0.16412945D-07
    7  0.00001575      0.16813672D-07
    8  0.00001594      0.17224179D-07
    9  0.00001614      0.17644705D-07
   10  0.00001633      0.18075495D-07
   11  0.00001653      0.18516798D-07
   12  0.00001673      0.18968873D-07
   13  0.00001693      0.19431980D-07
   14  0.00001714      0.19906389D-07
   15  0.00001735      0.20392376D-07
   16  0.00001756      0.20890223D-07
   17  0.00001777      0.21400220D-07
   18  0.00001799      0.21922663D-07
   19  0.00001821      0.22457856D-07
   20  0.00001843      0.23006108D-07
   21  0.00001865      0.23567740D-07
   22  0.00001888      0.24143077D-07
   23  0.00001911      0.24732453D-07
   24  0.00001934      0.25336211D-07
   25  0.00001957      0.25954701D-07
   26  0.00001981      0.26588284D-07
   27  0.00002005      0.27237326D-07
   28  0.00002030      0.27902205D-07
   29  0.00002054      0.28583307D-07
   30  0.00002079      0.29281028D-07
   31  0.00002104      0.29995772D-07
   32  0.00002130      0.30727955D-07
   33  0.00002156      0.31478002D-07
   34  0.00002182      0.32246349D-07
   35  0.00002208      0.33033442D-07
   36  0.00002235      0.33839737D-07
   37  0.00002262      0.34665704D-07
   38  0.00002290      0.35511821D-07
   39  0.00002318      0.36378579D-07
   40  0.00002346      0.37266483D-07
   41  0.00002374      0.38176047D-07
   42  0.00002403      0.39107799D-07
   43  0.00002432      0.40062280D-07
   44  0.00002462      0.41040045D-07
   45  0.00002492      0.42041661D-07
   46  0.00002522      0.43067708D-07
   47  0.00002553      0.44118783D-07
   48  0.00002584      0.45195496D-07
   49  0.00002615      0.46298471D-07
   50  0.00002647      0.47428349D-07
   51  0.00002679      0.48585785D-07
   52  0.00002711      0.49771450D-07
   53  0.00002744      0.50986032D-07
   54  0.00002778      0.52230237D-07
   55  0.00002811      0.53504786D-07
   56  0.00002846      0.54810418D-07
   57  0.00002880      0.56147891D-07
   58  0.00002915      0.57517980D-07
   59  0.00002950      0.58921481D-07
   60  0.00002986      0.60359206D-07
   61  0.00003023      0.61831991D-07
   62  0.00003059      0.63340688D-07
   63  0.00003096      0.64886173D-07
   64  0.00003134      0.66469342D-07
   65  0.00003172      0.68091113D-07
   66  0.00003211      0.69752427D-07
   67  0.00003250      0.71454245D-07
   68  0.00003289      0.73197556D-07
   69  0.00003329      0.74983368D-07
   70  0.00003369      0.76812718D-07
   71  0.00003410      0.78686666D-07
   72  0.00003452      0.80606298D-07
   73  0.00003494      0.82572726D-07
   74  0.00003536      0.84587089D-07
   75  0.00003579      0.86650556D-07
   76  0.00003622      0.88764321D-07
   77  0.00003666      0.90929609D-07
   78  0.00003711      0.93147675D-07
   79  0.00003756      0.95419803D-07
   80  0.00003802      0.97747309D-07
   81  0.00003848      0.10013154D-06
   82  0.00003894      0.10257388D-06
   83  0.00003942      0.10507575D-06
   84  0.00003990      0.10763858D-06
   85  0.00004038      0.11026387D-06
   86  0.00004087      0.11295313D-06
   87  0.00004137      0.11570792D-06
   88  0.00004187      0.11852984D-06
   89  0.00004238      0.12142052D-06
   90  0.00004289      0.12438163D-06
   91  0.00004341      0.12741489D-06
   92  0.00004394      0.13052205D-06
   93  0.00004447      0.13370491D-06
   94  0.00004501      0.13696531D-06
   95  0.00004556      0.14030514D-06
   96  0.00004611      0.14372633D-06
   97  0.00004667      0.14723085D-06
   98  0.00004724      0.15082075D-06
   99  0.00004781      0.15449808D-06
  100  0.00004839      0.15826498D-06
  101  0.00004898      0.16212363D-06
  102  0.00004958      0.16607626D-06
  103  0.00005018      0.17012515D-06
  104  0.00005079      0.17427265D-06
  105  0.00005140      0.17852115D-06
  106  0.00005203      0.18287310D-06
  107  0.00005266      0.18733102D-06
  108  0.00005330      0.19189750D-06
  109  0.00005395      0.19657515D-06
  110  0.00005460      0.20136670D-06
  111  0.00005526      0.20627491D-06
  112  0.00005594      0.21130260D-06
  113  0.00005661      0.21645269D-06
  114  0.00005730      0.22172815D-06
  115  0.00005800      0.22713203D-06
  116  0.00005870      0.23266744D-06
  117  0.00005941      0.23833759D-06
  118  0.00006014      0.24414574D-06
  119  0.00006087      0.25009524D-06
  120  0.00006161      0.25618954D-06
  121  0.00006235      0.26243214D-06
  122  0.00006311      0.26882666D-06
  123  0.00006388      0.27537677D-06
  124  0.00006465      0.28208625D-06
  125  0.00006544      0.28895899D-06
  126  0.00006623      0.29599893D-06
  127  0.00006704      0.30321014D-06
  128  0.00006785      0.31059678D-06
  129  0.00006867      0.31816310D-06
  130  0.00006951      0.32591347D-06
  131  0.00007035      0.33385235D-06
  132  0.00007121      0.34198432D-06
  133  0.00007207      0.35031406D-06
  134  0.00007295      0.35884637D-06
  135  0.00007383      0.36758617D-06
  136  0.00007473      0.37653849D-06
  137  0.00007563      0.38570848D-06
  138  0.00007655      0.39510142D-06
  139  0.00007748      0.40472273D-06
  140  0.00007842      0.41457794D-06
  141  0.00007938      0.42467272D-06
  142  0.00008034      0.43501288D-06
  143  0.00008132      0.44560436D-06
  144  0.00008230      0.45645327D-06
  145  0.00008330      0.46756584D-06
  146  0.00008431      0.47894846D-06
  147  0.00008534      0.49060768D-06
  148  0.00008637      0.50255020D-06
  149  0.00008742      0.51478288D-06
  150  0.00008848      0.52731275D-06
  151  0.00008956      0.54014702D-06
  152  0.00009065      0.55329305D-06
  153  0.00009175      0.56675840D-06
  154  0.00009286      0.58055079D-06
  155  0.00009399      0.59467816D-06
  156  0.00009513      0.60914861D-06
  157  0.00009628      0.62397044D-06
  158  0.00009745      0.63915216D-06
  159  0.00009864      0.65470248D-06
  160  0.00009983      0.67063033D-06
  161  0.00010105      0.68694483D-06
  162  0.00010227      0.70365535D-06
  163  0.00010351      0.72077146D-06
  164  0.00010477      0.73830297D-06
  165  0.00010604      0.75625994D-06
  166  0.00010733      0.77465265D-06
  167  0.00010863      0.79349163D-06
  168  0.00010995      0.81278768D-06
  169  0.00011129      0.83255185D-06
  170  0.00011264      0.85279545D-06
  171  0.00011401      0.87353007D-06
  172  0.00011539      0.89476758D-06
  173  0.00011679      0.91652012D-06
  174  0.00011821      0.93880013D-06
  175  0.00011965      0.96162037D-06
  176  0.00012110      0.98499387D-06
  177  0.00012257      0.10089340D-05
  178  0.00012406      0.10334544D-05
  179  0.00012556      0.10585692D-05
  180  0.00012709      0.10842926D-05
  181  0.00012863      0.11106393D-05
  182  0.00013019      0.11376245D-05
  183  0.00013177      0.11652635D-05
  184  0.00013337      0.11935720D-05
  185  0.00013499      0.12225662D-05
  186  0.00013663      0.12522627D-05
  187  0.00013829      0.12826784D-05
  188  0.00013997      0.13138306D-05
  189  0.00014167      0.13457370D-05
  190  0.00014339      0.13784160D-05
  191  0.00014513      0.14118860D-05
  192  0.00014689      0.14461661D-05
  193  0.00014868      0.14812758D-05
  194  0.00015048      0.15172352D-05
  195  0.00015231      0.15540647D-05
  196  0.00015416      0.15917852D-05
  197  0.00015603      0.16304181D-05
  198  0.00015793      0.16699855D-05
  199  0.00015984      0.17105098D-05
  200  0.00016178      0.17520140D-05
  201  0.00016375      0.17945217D-05
  202  0.00016574      0.18380571D-05
  203  0.00016775      0.18826448D-05
  204  0.00016979      0.19283102D-05
  205  0.00017185      0.19750791D-05
  206  0.00017393      0.20229780D-05
  207  0.00017605      0.20720342D-05
  208  0.00017818      0.21222753D-05
  209  0.00018035      0.21737299D-05
  210  0.00018254      0.22264271D-05
  211  0.00018475      0.22803967D-05
  212  0.00018700      0.23356692D-05
  213  0.00018927      0.23922759D-05
  214  0.00019156      0.24502489D-05
  215  0.00019389      0.25096208D-05
  216  0.00019624      0.25704253D-05
  217  0.00019863      0.26326966D-05
  218  0.00020104      0.26964699D-05
  219  0.00020348      0.27617811D-05
  220  0.00020595      0.28286673D-05
  221  0.00020845      0.28971660D-05
  222  0.00021098      0.29673158D-05
  223  0.00021354      0.30391563D-05
  224  0.00021614      0.31127279D-05
  225  0.00021876      0.31880721D-05
  226  0.00022142      0.32652312D-05
  227  0.00022411      0.33442487D-05
  228  0.00022683      0.34251689D-05
  229  0.00022958      0.35080373D-05
  230  0.00023237      0.35929005D-05
  231  0.00023519      0.36798061D-05
  232  0.00023805      0.37688029D-05
  233  0.00024094      0.38599408D-05
  234  0.00024386      0.39532709D-05
  235  0.00024682      0.40488455D-05
  236  0.00024982      0.41467182D-05
  237  0.00025285      0.42469436D-05
  238  0.00025592      0.43495780D-05
  239  0.00025903      0.44546786D-05
  240  0.00026218      0.45623043D-05
  241  0.00026536      0.46725152D-05
  242  0.00026858      0.47853728D-05
  243  0.00027184      0.49009401D-05
  244  0.00027514      0.50192815D-05
  245  0.00027848      0.51404631D-05
  246  0.00028187      0.52645524D-05
  247  0.00028529      0.53916185D-05
  248  0.00028875      0.55217320D-05
  249  0.00029226      0.56549654D-05
  250  0.00029581      0.57913927D-05
  251  0.00029940      0.59310898D-05
  252  0.00030303      0.60741341D-05
  253  0.00030671      0.62206052D-05
  254  0.00031044      0.63705841D-05
  255  0.00031421      0.65241542D-05
  256  0.00031802      0.66814003D-05
  257  0.00032188      0.68424096D-05
  258  0.00032579      0.70072711D-05
  259  0.00032975      0.71760760D-05
  260  0.00033375      0.73489175D-05
  261  0.00033780      0.75258911D-05
  262  0.00034191      0.77070943D-05
  263  0.00034606      0.78926273D-05
  264  0.00035026      0.80825920D-05
  265  0.00035451      0.82770932D-05
  266  0.00035882      0.84762379D-05
  267  0.00036317      0.86801355D-05
  268  0.00036758      0.88888981D-05
  269  0.00037205      0.91026404D-05
  270  0.00037656      0.93214794D-05
  271  0.00038114      0.95455353D-05
  272  0.00038576      0.97749307D-05
  273  0.00039045      0.10009791D-04
  274  0.00039519      0.10250245D-04
  275  0.00039999      0.10496424D-04
  276  0.00040484      0.10748463D-04
  277  0.00040976      0.11006498D-04
  278  0.00041473      0.11270671D-04
  279  0.00041977      0.11541126D-04
  280  0.00042487      0.11818009D-04
  281  0.00043003      0.12101471D-04
  282  0.00043525      0.12391666D-04
  283  0.00044053      0.12688752D-04
  284  0.00044588      0.12992890D-04
  285  0.00045129      0.13304245D-04
  286  0.00045677      0.13622984D-04
  287  0.00046232      0.13949282D-04
  288  0.00046793      0.14283313D-04
  289  0.00047362      0.14625258D-04
  290  0.00047937      0.14975301D-04
  291  0.00048519      0.15333632D-04
  292  0.00049108      0.15700443D-04
  293  0.00049704      0.16075931D-04
  294  0.00050308      0.16460298D-04
  295  0.00050918      0.16853750D-04
  296  0.00051537      0.17256498D-04
  297  0.00052162      0.17668757D-04
  298  0.00052796      0.18090749D-04
  299  0.00053437      0.18522698D-04
  300  0.00054086      0.18964836D-04
  301  0.00054742      0.19417397D-04
  302  0.00055407      0.19880623D-04
  303  0.00056080      0.20354760D-04
  304  0.00056761      0.20840060D-04
  305  0.00057450      0.21336780D-04
  306  0.00058147      0.21845185D-04
  307  0.00058853      0.22365542D-04
  308  0.00059568      0.22898127D-04
  309  0.00060291      0.23443221D-04
  310  0.00061023      0.24001112D-04
  311  0.00061764      0.24572093D-04
  312  0.00062514      0.25156466D-04
  313  0.00063273      0.25754535D-04
  314  0.00064042      0.26366617D-04
  315  0.00064819      0.26993030D-04
  316  0.00065606      0.27634104D-04
  317  0.00066403      0.28290172D-04
  318  0.00067209      0.28961578D-04
  319  0.00068025      0.29648670D-04
  320  0.00068851      0.30351806D-04
  321  0.00069687      0.31071352D-04
  322  0.00070533      0.31807681D-04
  323  0.00071390      0.32561174D-04
  324  0.00072257      0.33332220D-04
  325  0.00073134      0.34121219D-04
  326  0.00074022      0.34928575D-04
  327  0.00074921      0.35754706D-04
  328  0.00075830      0.36600035D-04
  329  0.00076751      0.37464997D-04
  330  0.00077683      0.38350033D-04
  331  0.00078626      0.39255597D-04
  332  0.00079581      0.40182151D-04
  333  0.00080547      0.41130167D-04
  334  0.00081525      0.42100127D-04
  335  0.00082515      0.43092523D-04
  336  0.00083517      0.44107859D-04
  337  0.00084531      0.45146648D-04
  338  0.00085557      0.46209415D-04
  339  0.00086596      0.47296694D-04
  340  0.00087648      0.48409034D-04
  341  0.00088712      0.49546993D-04
  342  0.00089789      0.50711140D-04
  343  0.00090879      0.51902058D-04
  344  0.00091983      0.53120341D-04
  345  0.00093100      0.54366596D-04
  346  0.00094230      0.55641442D-04
  347  0.00095374      0.56945511D-04
  348  0.00096532      0.58279450D-04
  349  0.00097704      0.59643915D-04
  350  0.00098891      0.61039581D-04
  351  0.00100091      0.62467132D-04
  352  0.00101307      0.63927269D-04
  353  0.00102537      0.65420707D-04
  354  0.00103782      0.66948174D-04
  355  0.00105042      0.68510415D-04
  356  0.00106317      0.70108188D-04
  357  0.00107608      0.71742268D-04
  358  0.00108915      0.73413444D-04
  359  0.00110237      0.75122524D-04
  360  0.00111576      0.76870329D-04
  361  0.00112931      0.78657697D-04
  362  0.00114302      0.80485484D-04
  363  0.00115690      0.82354562D-04
  364  0.00117094      0.84265820D-04
  365  0.00118516      0.86220166D-04
  366  0.00119955      0.88218525D-04
  367  0.00121412      0.90261839D-04
  368  0.00122886      0.92351071D-04
  369  0.00124378      0.94487201D-04
  370  0.00125888      0.96671227D-04
  371  0.00127417      0.98904169D-04
  372  0.00128964      0.10118707D-03
  373  0.00130530      0.10352097D-03
  374  0.00132115      0.10590697D-03
  375  0.00133719      0.10834616D-03
  376  0.00135342      0.11083965D-03
  377  0.00136986      0.11338860D-03
  378  0.00138649      0.11599416D-03
  379  0.00140332      0.11865751D-03
  380  0.00142036      0.12137987D-03
  381  0.00143761      0.12416246D-03
  382  0.00145507      0.12700653D-03
  383  0.00147273      0.12991336D-03
  384  0.00149061      0.13288424D-03
  385  0.00150871      0.13592049D-03
  386  0.00152703      0.13902347D-03
  387  0.00154557      0.14219453D-03
  388  0.00156434      0.14543507D-03
  389  0.00158333      0.14874652D-03
  390  0.00160256      0.15213031D-03
  391  0.00162202      0.15558791D-03
  392  0.00164171      0.15912083D-03
  393  0.00166165      0.16273057D-03
  394  0.00168182      0.16641868D-03
  395  0.00170224      0.17018675D-03
  396  0.00172291      0.17403636D-03
  397  0.00174383      0.17796915D-03
  398  0.00176501      0.18198678D-03
  399  0.00178644      0.18609091D-03
  400  0.00180813      0.19028327D-03
  401  0.00183008      0.19456560D-03
  402  0.00185230      0.19893965D-03
  403  0.00187479      0.20340723D-03
  404  0.00189756      0.20797016D-03
  405  0.00192060      0.21263029D-03
  406  0.00194392      0.21738950D-03
  407  0.00196752      0.22224972D-03
  408  0.00199141      0.22721287D-03
  409  0.00201559      0.23228094D-03
  410  0.00204006      0.23745591D-03
  411  0.00206483      0.24273984D-03
  412  0.00208991      0.24813477D-03
  413  0.00211528      0.25364280D-03
  414  0.00214096      0.25926605D-03
  415  0.00216696      0.26500668D-03
  416  0.00219327      0.27086687D-03
  417  0.00221990      0.27684884D-03
  418  0.00224686      0.28295483D-03
  419  0.00227414      0.28918711D-03
  420  0.00230175      0.29554801D-03
  421  0.00232970      0.30203985D-03
  422  0.00235799      0.30866500D-03
  423  0.00238662      0.31542586D-03
  424  0.00241560      0.32232487D-03
  425  0.00244493      0.32936448D-03
  426  0.00247461      0.33654719D-03
  427  0.00250466      0.34387551D-03
  428  0.00253507      0.35135200D-03
  429  0.00256585      0.35897924D-03
  430  0.00259701      0.36675983D-03
  431  0.00262854      0.37469642D-03
  432  0.00266046      0.38279167D-03
  433  0.00269276      0.39104829D-03
  434  0.00272545      0.39946898D-03
  435  0.00275855      0.40805651D-03
  436  0.00279204      0.41681364D-03
  437  0.00282594      0.42574320D-03
  438  0.00286026      0.43484800D-03
  439  0.00289498      0.44413090D-03
  440  0.00293014      0.45359478D-03
  441  0.00296571      0.46324255D-03
  442  0.00300172      0.47307712D-03
  443  0.00303817      0.48310146D-03
  444  0.00307506      0.49331852D-03
  445  0.00311240      0.50373129D-03
  446  0.00315019      0.51434280D-03
  447  0.00318844      0.52515605D-03
  448  0.00322715      0.53617410D-03
  449  0.00326634      0.54740000D-03
  450  0.00330600      0.55883682D-03
  451  0.00334614      0.57048766D-03
  452  0.00338677      0.58235561D-03
  453  0.00342789      0.59444378D-03
  454  0.00346951      0.60675528D-03
  455  0.00351164      0.61929324D-03
  456  0.00355428      0.63206078D-03
  457  0.00359743      0.64506103D-03
  458  0.00364111      0.65829714D-03
  459  0.00368532      0.67177222D-03
  460  0.00373007      0.68548940D-03
  461  0.00377536      0.69945182D-03
  462  0.00382120      0.71366257D-03
  463  0.00386760      0.72812478D-03
  464  0.00391456      0.74284152D-03
  465  0.00396209      0.75781589D-03
  466  0.00401020      0.77305093D-03
  467  0.00405889      0.78854968D-03
  468  0.00410818      0.80431517D-03
  469  0.00415806      0.82035037D-03
  470  0.00420854      0.83665825D-03
  471  0.00425964      0.85324173D-03
  472  0.00431137      0.87010370D-03
  473  0.00436371      0.88724699D-03
  474  0.00441670      0.90467442D-03
  475  0.00447033      0.92238874D-03
  476  0.00452461      0.94039264D-03
  477  0.00457954      0.95868878D-03
  478  0.00463515      0.97727973D-03
  479  0.00469143      0.99616802D-03
  480  0.00474839      0.10153561D-02
  481  0.00480605      0.10348463D-02
  482  0.00486440      0.10546410D-02
  483  0.00492347      0.10747423D-02
  484  0.00498325      0.10951524D-02
  485  0.00504375      0.11158733D-02
  486  0.00510500      0.11369069D-02
  487  0.00516698      0.11582551D-02
  488  0.00522972      0.11799195D-02
  489  0.00529322      0.12019017D-02
  490  0.00535749      0.12242032D-02
  491  0.00542254      0.12468253D-02
  492  0.00548838      0.12697692D-02
  493  0.00555502      0.12930359D-02
  494  0.00562247      0.13166263D-02
  495  0.00569074      0.13405412D-02
  496  0.00575984      0.13647811D-02
  497  0.00582977      0.13893464D-02
  498  0.00590056      0.14142373D-02
  499  0.00597220      0.14394538D-02
  500  0.00604472      0.14649958D-02
  501  0.00611811      0.14908627D-02
  502  0.00619240      0.15170542D-02
  503  0.00626759      0.15435692D-02
  504  0.00634369      0.15704068D-02
  505  0.00642071      0.15975656D-02
  506  0.00649867      0.16250441D-02
  507  0.00657758      0.16528405D-02
  508  0.00665745      0.16809526D-02
  509  0.00673828      0.17093782D-02
  510  0.00682010      0.17381145D-02
  511  0.00690291      0.17671586D-02
  512  0.00698672      0.17965072D-02
  513  0.00707156      0.18261568D-02
  514  0.00715742      0.18561034D-02
  515  0.00724433      0.18863427D-02
  516  0.00733229      0.19168701D-02
  517  0.00742132      0.19476807D-02
  518  0.00751143      0.19787691D-02
  519  0.00760263      0.20101295D-02
  520  0.00769494      0.20417559D-02
  521  0.00778838      0.20736416D-02
  522  0.00788294      0.21057797D-02
  523  0.00797866      0.21381627D-02
  524  0.00807553      0.21707829D-02
  525  0.00817359      0.22036320D-02
  526  0.00827283      0.22367011D-02
  527  0.00837328      0.22699810D-02
  528  0.00847495      0.23034620D-02
  529  0.00857785      0.23371339D-02
  530  0.00868201      0.23709859D-02
  531  0.00878742      0.24050066D-02
  532  0.00889412      0.24391844D-02
  533  0.00900211      0.24735068D-02
  534  0.00911142      0.25079609D-02
  535  0.00922205      0.25425333D-02
  536  0.00933402      0.25772099D-02
  537  0.00944736      0.26119759D-02
  538  0.00956207      0.26468162D-02
  539  0.00967817      0.26817149D-02
  540  0.00979568      0.27166554D-02
  541  0.00991462      0.27516207D-02
  542  0.01003501      0.27865931D-02
  543  0.01015685      0.28215540D-02
  544  0.01028018      0.28564845D-02
  545  0.01040500      0.28913647D-02
  546  0.01053134      0.29261744D-02
  547  0.01065921      0.29608925D-02
  548  0.01078864      0.29954971D-02
  549  0.01091963      0.30299659D-02
  550  0.01105222      0.30642757D-02
  551  0.01118642      0.30984028D-02
  552  0.01132224      0.31323225D-02
  553  0.01145972      0.31660097D-02
  554  0.01159886      0.31994384D-02
  555  0.01173970      0.32325820D-02
  556  0.01188224      0.32654132D-02
  557  0.01202652      0.32979040D-02
  558  0.01217254      0.33300257D-02
  559  0.01232034      0.33617488D-02
  560  0.01246994      0.33930432D-02
  561  0.01262135      0.34238783D-02
  562  0.01277460      0.34542226D-02
  563  0.01292971      0.34840440D-02
  564  0.01308670      0.35133098D-02
  565  0.01324560      0.35419865D-02
  566  0.01340643      0.35700403D-02
  567  0.01356921      0.35974366D-02
  568  0.01373397      0.36241402D-02
  569  0.01390072      0.36501154D-02
  570  0.01406951      0.36753259D-02
  571  0.01424034      0.36997349D-02
  572  0.01441325      0.37233053D-02
  573  0.01458825      0.37459993D-02
  574  0.01476539      0.37677788D-02
  575  0.01494467      0.37886053D-02
  576  0.01512613      0.38084398D-02
  577  0.01530979      0.38272432D-02
  578  0.01549568      0.38449761D-02
  579  0.01568383      0.38615987D-02
  580  0.01587426      0.38770712D-02
  581  0.01606701      0.38913535D-02
  582  0.01626210      0.39044056D-02
  583  0.01645955      0.39161874D-02
  584  0.01665941      0.39266587D-02
  585  0.01686169      0.39357797D-02
  586  0.01706642      0.39435105D-02
  587  0.01727364      0.39498115D-02
  588  0.01748338      0.39546434D-02
  589  0.01769566      0.39579674D-02
  590  0.01791053      0.39597449D-02
  591  0.01812800      0.39599381D-02
  592  0.01834811      0.39585097D-02
  593  0.01857089      0.39554231D-02
  594  0.01879638      0.39506426D-02
  595  0.01902461      0.39441331D-02
  596  0.01925560      0.39358610D-02
  597  0.01948941      0.39257933D-02
  598  0.01972605      0.39138985D-02
  599  0.01996556      0.39001464D-02
  600  0.02020799      0.38845080D-02
  601  0.02045335      0.38669561D-02
  602  0.02070170      0.38474651D-02
  603  0.02095306      0.38260110D-02
  604  0.02120747      0.38025720D-02
  605  0.02146497      0.37771281D-02
  606  0.02172560      0.37496616D-02
  607  0.02198940      0.37201571D-02
  608  0.02225639      0.36886014D-02
  609  0.02252663      0.36549843D-02
  610  0.02280015      0.36192980D-02
  611  0.02307699      0.35815376D-02
  612  0.02335719      0.35417012D-02
  613  0.02364080      0.34997903D-02
  614  0.02392785      0.34558094D-02
  615  0.02421838      0.34097666D-02
  616  0.02451244      0.33616734D-02
  617  0.02481007      0.33115454D-02
  618  0.02511132      0.32594018D-02
  619  0.02541622      0.32052661D-02
  620  0.02572483      0.31491656D-02
  621  0.02603718      0.30911324D-02
  622  0.02635332      0.30312029D-02
  623  0.02667331      0.29694181D-02
  624  0.02699717      0.29058238D-02
  625  0.02732498      0.28404708D-02
  626  0.02765676      0.27734148D-02
  627  0.02799257      0.27047169D-02
  628  0.02833245      0.26344433D-02
  629  0.02867647      0.25626659D-02
  630  0.02902466      0.24894619D-02
  631  0.02937708      0.24149142D-02
  632  0.02973378      0.23391117D-02
  633  0.03009481      0.22621488D-02
  634  0.03046022      0.21841262D-02
  635  0.03083007      0.21051503D-02
  636  0.03120441      0.20253338D-02
  637  0.03158329      0.19447955D-02
  638  0.03196678      0.18636603D-02
  639  0.03235492      0.17820593D-02
  640  0.03274778      0.17001300D-02
  641  0.03314540      0.16180160D-02
  642  0.03354786      0.15358669D-02
  643  0.03395520      0.14538390D-02
  644  0.03436748      0.13720942D-02
  645  0.03478477      0.12908007D-02
  646  0.03520713      0.12101328D-02
  647  0.03563462      0.11302703D-02
  648  0.03606730      0.10513992D-02
  649  0.03650523      0.97371066D-03
  650  0.03694848      0.89740162D-03
  651  0.03739711      0.82267403D-03
  652  0.03785119      0.74973494D-03
  653  0.03831078      0.67879614D-03
  654  0.03877595      0.61007390D-03
  655  0.03924677      0.54378872D-03
  656  0.03972330      0.48016493D-03
  657  0.04020563      0.41943043D-03
  658  0.04069381      0.36181621D-03
  659  0.04118791      0.30755601D-03
  660  0.04168802      0.25688585D-03
  661  0.04219420      0.21004355D-03
  662  0.04270652      0.16726825D-03
  663  0.04322507      0.12879988D-03
  664  0.04374991      0.94878555D-04
  665  0.04428112      0.65744040D-04
  666  0.04481878      0.41635074D-04
  667  0.04536298      0.22788741D-04
  668  0.04591378      0.94397714D-05
  669  0.04647126      0.18198326D-05
  670  0.04703552      0.15677730D-06
  671  0.04760663      0.46738704D-05
  672  0.04818467      0.15588986D-04
  673  0.04876973      0.33113777D-04
  674  0.04936190      0.57452820D-04
  675  0.04996125      0.88802736D-04
  676  0.05056788      0.12735129D-03
  677  0.05118188      0.17327646D-03
  678  0.05180333      0.22674550D-03
  679  0.05243233      0.28791400D-03
  680  0.05306897      0.35692487D-03
  681  0.05371334      0.43390739D-03
  682  0.05436553      0.51897620D-03
  683  0.05502564      0.61223033D-03
  684  0.05569376      0.71375215D-03
  685  0.05637000      0.82360638D-03
  686  0.05705444      0.94183914D-03
  687  0.05774720      0.10684769D-02
  688  0.05844837      0.12035256D-02
  689  0.05915806      0.13469694D-02
  690  0.05987636      0.14987702D-02
  691  0.06060338      0.16588665D-02
  692  0.06133923      0.18271724D-02
  693  0.06208401      0.20035767D-02
  694  0.06283784      0.21879427D-02
  695  0.06360082      0.23801067D-02
  696  0.06437306      0.25798776D-02
  697  0.06515469      0.27870364D-02
  698  0.06594580      0.30013355D-02
  699  0.06674652      0.32224981D-02
  700  0.06755696      0.34502180D-02
  701  0.06837724      0.36841588D-02
  702  0.06920748      0.39239545D-02
  703  0.07004780      0.41692083D-02
  704  0.07089832      0.44194933D-02
  705  0.07175917      0.46743524D-02
  706  0.07263048      0.49332982D-02
  707  0.07351236      0.51958134D-02
  708  0.07440495      0.54613516D-02
  709  0.07530838      0.57293373D-02
  710  0.07622278      0.59991670D-02
  711  0.07714828      0.62702096D-02
  712  0.07808502      0.65418080D-02
  713  0.07903313      0.68132795D-02
  714  0.07999275      0.70839177D-02
  715  0.08096403      0.73529937D-02
  716  0.08194710      0.76197577D-02
  717  0.08294211      0.78834407D-02
  718  0.08394919      0.81432567D-02
  719  0.08496851      0.83984046D-02
  720  0.08600020      0.86480704D-02
  721  0.08704442      0.88914300D-02
  722  0.08810132      0.91276514D-02
  723  0.08917105      0.93558978D-02
  724  0.09025377      0.95753303D-02
  725  0.09134964      0.97851112D-02
  726  0.09245881      0.99844072D-02
  727  0.09358145      0.10172393D-01
  728  0.09471772      0.10348253D-01
  729  0.09586779      0.10511189D-01
  730  0.09703182      0.10660420D-01
  731  0.09820999      0.10795188D-01
  732  0.09940246      0.10914761D-01
  733  0.10060941      0.11018438D-01
  734  0.10183101      0.11105554D-01
  735  0.10306745      0.11175481D-01
  736  0.10431890      0.11227636D-01
  737  0.10558555      0.11261483D-01
  738  0.10686757      0.11276536D-01
  739  0.10816516      0.11272368D-01
  740  0.10947851      0.11248609D-01
  741  0.11080781      0.11204957D-01
  742  0.11215324      0.11141174D-01
  743  0.11351501      0.11057097D-01
  744  0.11489332      0.10952640D-01
  745  0.11628836      0.10827793D-01
  746  0.11770034      0.10682632D-01
  747  0.11912946      0.10517318D-01
  748  0.12057594      0.10332102D-01
  749  0.12203998      0.10127327D-01
  750  0.12352179      0.99034280D-02
  751  0.12502160      0.96609391D-02
  752  0.12653962      0.94004910D-02
  753  0.12807607      0.91228141D-02
  754  0.12963118      0.88287387D-02
  755  0.13120517      0.85191958D-02
  756  0.13279827      0.81952169D-02
  757  0.13441071      0.78579337D-02
  758  0.13604273      0.75085769D-02
  759  0.13769457      0.71484744D-02
  760  0.13936647      0.67790498D-02
  761  0.14105866      0.64018189D-02
  762  0.14277140      0.60183873D-02
  763  0.14450494      0.56304458D-02
  764  0.14625953      0.52397662D-02
  765  0.14803542      0.48481964D-02
  766  0.14983287      0.44576542D-02
  767  0.15165215      0.40701215D-02
  768  0.15349352      0.36876370D-02
  769  0.15535725      0.33122887D-02
  770  0.15724361      0.29462059D-02
  771  0.15915287      0.25915505D-02
  772  0.16108531      0.22505074D-02
  773  0.16304122      0.19252751D-02
  774  0.16502087      0.16180551D-02
  775  0.16702456      0.13310415D-02
  776  0.16905258      0.10664093D-02
  777  0.17110523      0.82630318D-03
  778  0.17318280      0.61282547D-03
  779  0.17528559      0.42802395D-03
  780  0.17741392      0.27387944D-03
  781  0.17956809      0.15229317D-03
  782  0.18174842      0.65074114D-04
  783  0.18395522      0.13926256D-04
  784  0.18618881      0.43591350D-06
  785  0.18844953      0.26059165D-04
  786  0.19073769      0.92109492D-04
  787  0.19305364      0.19974569D-03
  788  0.19539771      0.34996016D-03
  789  0.19777024      0.54356763D-03
  790  0.20017157      0.78119441D-03
  791  0.20260207      0.10632683D-02
  792  0.20506207      0.13900092D-02
  793  0.20755195      0.17614206D-02
  794  0.21007205      0.21772817D-02
  795  0.21262276      0.26371407D-02
  796  0.21520444      0.31403093D-02
  797  0.21781746      0.36858581D-02
  798  0.22046221      0.42726133D-02
  799  0.22313908      0.48991543D-02
  800  0.22584844      0.55638136D-02
  801  0.22859071      0.62646770D-02
  802  0.23136627      0.69995862D-02
  803  0.23417553      0.77661420D-02
  804  0.23701890      0.85617102D-02
  805  0.23989680      0.93834277D-02
  806  0.24280964      0.10228212D-01
  807  0.24575785      0.11092768D-01
  808  0.24874185      0.11973607D-01
  809  0.25176209      0.12867050D-01
  810  0.25481900      0.13769251D-01
  811  0.25791303      0.14676207D-01
  812  0.26104462      0.15583783D-01
  813  0.26421424      0.16487724D-01
  814  0.26742234      0.17383680D-01
  815  0.27066940      0.18267226D-01
  816  0.27395588      0.19133888D-01
  817  0.27728227      0.19979164D-01
  818  0.28064905      0.20798550D-01
  819  0.28405670      0.21587569D-01
  820  0.28750573      0.22341794D-01
  821  0.29099664      0.23056877D-01
  822  0.29452994      0.23728577D-01
  823  0.29810614      0.24352790D-01
  824  0.30172576      0.24925571D-01
  825  0.30538933      0.25443169D-01
  826  0.30909739      0.25902051D-01
  827  0.31285046      0.26298930D-01
  828  0.31664911      0.26630790D-01
  829  0.32049388      0.26894917D-01
  830  0.32438534      0.27088916D-01
  831  0.32832404      0.27210739D-01
  832  0.33231057      0.27258709D-01
  833  0.33634550      0.27231536D-01
  834  0.34042943      0.27128335D-01
  835  0.34456294      0.26948649D-01
  836  0.34874664      0.26692457D-01
  837  0.35298114      0.26360190D-01
  838  0.35726706      0.25952739D-01
  839  0.36160502      0.25471463D-01
  840  0.36599565      0.24918195D-01
  841  0.37043958      0.24295239D-01
  842  0.37493748      0.23605379D-01
  843  0.37948999      0.22851863D-01
  844  0.38409778      0.22038406D-01
  845  0.38876152      0.21169177D-01
  846  0.39348188      0.20248783D-01
  847  0.39825956      0.19282261D-01
  848  0.40309525      0.18275051D-01
  849  0.40798966      0.17232982D-01
  850  0.41294349      0.16162241D-01
  851  0.41795747      0.15069351D-01
  852  0.42303233      0.13961141D-01
  853  0.42816882      0.12844709D-01
  854  0.43336766      0.11727393D-01
  855  0.43862964      0.10616732D-01
  856  0.44395550      0.95204256D-02
  857  0.44934604      0.84462961D-02
  858  0.45480202      0.74022445D-02
  859  0.46032425      0.63962073D-02
  860  0.46591353      0.54361116D-02
  861  0.47157068      0.45298296D-02
  862  0.47729652      0.36851321D-02
  863  0.48309188      0.29096419D-02
  864  0.48895761      0.22107871D-02
  865  0.49489456      0.15957551D-02
  866  0.50090359      0.10714460D-02
  867  0.50698559      0.64442849D-03
  868  0.51314144      0.32089546D-03
  869  0.51937203      0.10662201D-03
  870  0.52567828      0.69248786D-05
  871  0.53206109      0.26624020D-04
  872  0.53852141      0.17000660D-03
  873  0.54506016      0.44079360D-03
  874  0.55167831      0.84210939D-03
  875  0.55837682      0.13764544D-02
  876  0.56515666      0.20456812D-02
  877  0.57201883      0.28509745D-02
  878  0.57896431      0.37928340D-02
  879  0.58599413      0.48710628D-02
  880  0.59310930      0.60847582D-02
  881  0.60031086      0.74323076D-02
  882  0.60759987      0.89113891D-02
  883  0.61497738      0.10518975D-01
  884  0.62244447      0.12251341D-01
  885  0.63000223      0.14104079D-01
  886  0.63765175      0.16072116D-01
  887  0.64539415      0.18149731D-01
  888  0.65323056      0.20330586D-01
  889  0.66116212      0.22607752D-01
  890  0.66918999      0.24973743D-01
  891  0.67731533      0.27420553D-01
  892  0.68553933      0.29939696D-01
  893  0.69386319      0.32522248D-01
  894  0.70228811      0.35158893D-01
  895  0.71081534      0.37839974D-01
  896  0.71944609      0.40555541D-01
  897  0.72818165      0.43295402D-01
  898  0.73702327      0.46049181D-01
  899  0.74597225      0.48806370D-01
  900  0.75502988      0.51556388D-01
  901  0.76419750      0.54288634D-01
  902  0.77347643      0.56992547D-01
  903  0.78286802      0.59657661D-01
  904  0.79237364      0.62273661D-01
  905  0.80199469      0.64830440D-01
  906  0.81173255      0.67318150D-01
  907  0.82158865      0.69727257D-01
  908  0.83156443      0.72048591D-01
  909  0.84166133      0.74273391D-01
  910  0.85188083      0.76393354D-01
  911  0.86222441      0.78400677D-01
  912  0.87269359      0.80288092D-01
  913  0.88328988      0.82048909D-01
  914  0.89401484      0.83677041D-01
  915  0.90487001      0.85167035D-01
  916  0.91585699      0.86514096D-01
  917  0.92697738      0.87714108D-01
  918  0.93823279      0.88763643D-01
  919  0.94962486      0.89659979D-01
  920  0.96115526      0.90401102D-01
  921  0.97282566      0.90985706D-01
  922  0.98463776      0.91413194D-01
  923  0.99659329      0.91683668D-01
  924  1.00869398      0.91797916D-01
  925  1.02094160      0.91757400D-01
  926  1.03333793      0.91564230D-01
  927  1.04588477      0.91221147D-01
  928  1.05858396      0.90731489D-01
  929  1.07143735      0.90099165D-01
  930  1.08444680      0.89328619D-01
  931  1.09761421      0.88424794D-01
  932  1.11094150      0.87393095D-01
  933  1.12443062      0.86239346D-01
  934  1.13808352      0.84969748D-01
  935  1.15190219      0.83590836D-01
  936  1.16588865      0.82109437D-01
  937  1.18004493      0.80532620D-01
  938  1.19437310      0.78867653D-01
  939  1.20887525      0.77121959D-01
  940  1.22355348      0.75303072D-01
  941  1.23840993      0.73418588D-01
  942  1.25344677      0.71476128D-01
  943  1.26866619      0.69483294D-01
  944  1.28407041      0.67447628D-01
  945  1.29966166      0.65376579D-01
  946  1.31544222      0.63277459D-01
  947  1.33141439      0.61157418D-01
  948  1.34758050      0.59023405D-01
  949  1.36394290      0.56882146D-01
  950  1.38050397      0.54740115D-01
  951  1.39726612      0.52603507D-01
  952  1.41423180      0.50478226D-01
  953  1.43140348      0.48369859D-01
  954  1.44878366      0.46283665D-01
  955  1.46637487      0.44224564D-01
  956  1.48417968      0.42197124D-01
  957  1.50220067      0.40205557D-01
  958  1.52044047      0.38253715D-01
  959  1.53890175      0.36345084D-01
  960  1.55758718      0.34482792D-01
  961  1.57649948      0.32669607D-01
  962  1.59564143      0.30907941D-01
  963  1.61501579      0.29199861D-01
  964  1.63462540      0.27547098D-01
  965  1.65447312      0.25951052D-01
  966  1.67456182      0.24412810D-01
  967  1.69489444      0.22933156D-01
  968  1.71547394      0.21512586D-01
  969  1.73630332      0.20151324D-01
  970  1.75738561      0.18849337D-01
  971  1.77872388      0.17606355D-01
  972  1.80032125      0.16421881D-01
  973  1.82218085      0.15295217D-01
  974  1.84430587      0.14225477D-01
  975  1.86669953      0.13211603D-01
  976  1.88936510      0.12252388D-01
  977  1.91230587      0.11346487D-01
  978  1.93552520      0.10492441D-01
  979  1.95902645      0.96886854D-02
  980  1.98281306      0.89335728D-02
  981  2.00688848      0.82253845D-02
  982  2.03125623      0.75623462D-02
  983  2.05591986      0.69426417D-02
  984  2.08088295      0.63644259D-02
  985  2.10614914      0.58258371D-02
  986  2.13172212      0.53250080D-02
  987  2.15760561      0.48600764D-02
  988  2.18380338      0.44291946D-02
  989  2.21031924      0.40305379D-02
  990  2.23715705      0.36623123D-02
  991  2.26432074      0.33227618D-02
  992  2.29181424      0.30101738D-02
  993  2.31964158      0.27228844D-02
  994  2.34780679      0.24592833D-02
  995  2.37631399      0.22178165D-02
  996  2.40516733      0.19969901D-02
  997  2.43437100      0.17953720D-02
  998  2.46392927      0.16115938D-02
  999  2.49384643      0.14443514D-02
 1000  2.52412685      0.12924063D-02
 1001  2.55477494      0.11545847D-02
 1002  2.58579516      0.10299139D-02
 1003  2.61719203      0.91743119D-03
 1004  2.64897012      0.81608653D-03
 1005  2.68113406      0.72490594D-03
 1006  2.71368853      0.64298722D-03
 1007  2.74663829      0.56949599D-03
 1008  2.77998812      0.50366177D-03
 1009  2.81374289      0.44477411D-03
 1010  2.84790751      0.39217902D-03
 1011  2.88248696      0.34527536D-03
 1012  2.91748628      0.30351150D-03
 1013  2.95291055      0.26638200D-03
 1014  2.98876496      0.23342454D-03
 1015  3.02505470      0.20421692D-03
 1016  3.06178509      0.17837419D-03
 1017  3.09896145      0.15554601D-03
 1018  3.13658921      0.13541402D-03
 1019  3.17467385      0.11768944D-03
 1020  3.21322091      0.10211079D-03
 1021  3.25223602      0.88441690D-04
 1022  3.29172484      0.76468862D-04
 1023  3.33169315      0.66000194D-04
 1024  3.37214675      0.00000000D+00
 1025  3.41309154      0.00000000D+00
 1026  3.45453349      0.00000000D+00
 1027  3.49647862      0.00000000D+00
 1028  3.53893306      0.00000000D+00
 1029  3.58190298      0.00000000D+00
 1030  3.62539464      0.00000000D+00
 1031  3.66941438      0.00000000D+00
 1032  3.71396861      0.00000000D+00
 1033  3.75906382      0.00000000D+00
