 ir        r               f(r)
    1  0.00001199      0.95104663D-08
    2  0.00001213      0.97445253D-08
    3  0.00001228      0.99843431D-08
    4  0.00001243      0.10230061D-07
    5  0.00001258      0.10481821D-07
    6  0.00001274      0.10739776D-07
    7  0.00001289      0.11004076D-07
    8  0.00001305      0.11274879D-07
    9  0.00001321      0.11552344D-07
   10  0.00001337      0.11836636D-07
   11  0.00001354      0.12127922D-07
   12  0.00001370      0.12426374D-07
   13  0.00001387      0.12732168D-07
   14  0.00001404      0.13045486D-07
   15  0.00001421      0.13366511D-07
   16  0.00001438      0.13695434D-07
   17  0.00001456      0.14032448D-07
   18  0.00001474      0.14377753D-07
   19  0.00001492      0.14731553D-07
   20  0.00001510      0.15094056D-07
   21  0.00001529      0.15465476D-07
   22  0.00001547      0.15846033D-07
   23  0.00001566      0.16235951D-07
   24  0.00001585      0.16635461D-07
   25  0.00001605      0.17044798D-07
   26  0.00001624      0.17464203D-07
   27  0.00001644      0.17893926D-07
   28  0.00001664      0.18334218D-07
   29  0.00001685      0.18785339D-07
   30  0.00001705      0.19247558D-07
   31  0.00001726      0.19721144D-07
   32  0.00001747      0.20206380D-07
   33  0.00001769      0.20703550D-07
   34  0.00001790      0.21212948D-07
   35  0.00001812      0.21734874D-07
   36  0.00001835      0.22269638D-07
   37  0.00001857      0.22817553D-07
   38  0.00001880      0.23378944D-07
   39  0.00001903      0.23954141D-07
   40  0.00001926      0.24543485D-07
   41  0.00001950      0.25147322D-07
   42  0.00001973      0.25766009D-07
   43  0.00001998      0.26399911D-07
   44  0.00002022      0.27049402D-07
   45  0.00002047      0.27714864D-07
   46  0.00002072      0.28396691D-07
   47  0.00002097      0.29095285D-07
   48  0.00002123      0.29811057D-07
   49  0.00002149      0.30544430D-07
   50  0.00002175      0.31295836D-07
   51  0.00002202      0.32065718D-07
   52  0.00002229      0.32854531D-07
   53  0.00002256      0.33662739D-07
   54  0.00002284      0.34490819D-07
   55  0.00002312      0.35339260D-07
   56  0.00002340      0.36208560D-07
   57  0.00002368      0.37099234D-07
   58  0.00002397      0.38011806D-07
   59  0.00002427      0.38946814D-07
   60  0.00002456      0.39904810D-07
   61  0.00002487      0.40886357D-07
   62  0.00002517      0.41892035D-07
   63  0.00002548      0.42922435D-07
   64  0.00002579      0.43978167D-07
   65  0.00002610      0.45059851D-07
   66  0.00002642      0.46168125D-07
   67  0.00002675      0.47303643D-07
   68  0.00002707      0.48467072D-07
   69  0.00002741      0.49659100D-07
   70  0.00002774      0.50880428D-07
   71  0.00002808      0.52131776D-07
   72  0.00002842      0.53413880D-07
   73  0.00002877      0.54727497D-07
   74  0.00002912      0.56073400D-07
   75  0.00002948      0.57452382D-07
   76  0.00002984      0.58865255D-07
   77  0.00003021      0.60312851D-07
   78  0.00003058      0.61796023D-07
   79  0.00003095      0.63315644D-07
   80  0.00003133      0.64872609D-07
   81  0.00003171      0.66467835D-07
   82  0.00003210      0.68102261D-07
   83  0.00003249      0.69776849D-07
   84  0.00003289      0.71492586D-07
   85  0.00003329      0.73250481D-07
   86  0.00003370      0.75051569D-07
   87  0.00003411      0.76896910D-07
   88  0.00003453      0.78787590D-07
   89  0.00003495      0.80724723D-07
   90  0.00003538      0.82709447D-07
   91  0.00003581      0.84742931D-07
   92  0.00003625      0.86826372D-07
   93  0.00003670      0.88960996D-07
   94  0.00003714      0.91148057D-07
   95  0.00003760      0.93388843D-07
   96  0.00003806      0.95684672D-07
   97  0.00003853      0.98036895D-07
   98  0.00003900      0.10044689D-06
   99  0.00003947      0.10291609D-06
  100  0.00003996      0.10544593D-06
  101  0.00004045      0.10803790D-06
  102  0.00004094      0.11069353D-06
  103  0.00004144      0.11341438D-06
  104  0.00004195      0.11620205D-06
  105  0.00004246      0.11905818D-06
  106  0.00004298      0.12198445D-06
  107  0.00004351      0.12498257D-06
  108  0.00004404      0.12805431D-06
  109  0.00004458      0.13120147D-06
  110  0.00004512      0.13442590D-06
  111  0.00004568      0.13772950D-06
  112  0.00004624      0.14111422D-06
  113  0.00004680      0.14458202D-06
  114  0.00004737      0.14813496D-06
  115  0.00004795      0.15177512D-06
  116  0.00004854      0.15550464D-06
  117  0.00004913      0.15932571D-06
  118  0.00004974      0.16324057D-06
  119  0.00005034      0.16725152D-06
  120  0.00005096      0.17136091D-06
  121  0.00005158      0.17557116D-06
  122  0.00005222      0.17988474D-06
  123  0.00005285      0.18430418D-06
  124  0.00005350      0.18883208D-06
  125  0.00005416      0.19347108D-06
  126  0.00005482      0.19822392D-06
  127  0.00005549      0.20309338D-06
  128  0.00005617      0.20808231D-06
  129  0.00005686      0.21319365D-06
  130  0.00005755      0.21843038D-06
  131  0.00005826      0.22379559D-06
  132  0.00005897      0.22929242D-06
  133  0.00005969      0.23492409D-06
  134  0.00006042      0.24069390D-06
  135  0.00006116      0.24660523D-06
  136  0.00006191      0.25266154D-06
  137  0.00006267      0.25886640D-06
  138  0.00006343      0.26522343D-06
  139  0.00006421      0.27173635D-06
  140  0.00006499      0.27840899D-06
  141  0.00006579      0.28524524D-06
  142  0.00006659      0.29224912D-06
  143  0.00006741      0.29942472D-06
  144  0.00006823      0.30677625D-06
  145  0.00006907      0.31430801D-06
  146  0.00006991      0.32202440D-06
  147  0.00007077      0.32992995D-06
  148  0.00007164      0.33802928D-06
  149  0.00007251      0.34632713D-06
  150  0.00007340      0.35482835D-06
  151  0.00007430      0.36353792D-06
  152  0.00007521      0.37246093D-06
  153  0.00007613      0.38160260D-06
  154  0.00007706      0.39096826D-06
  155  0.00007800      0.40056341D-06
  156  0.00007896      0.41039364D-06
  157  0.00007992      0.42046470D-06
  158  0.00008090      0.43078248D-06
  159  0.00008189      0.44135300D-06
  160  0.00008289      0.45218244D-06
  161  0.00008391      0.46327713D-06
  162  0.00008493      0.47464353D-06
  163  0.00008597      0.48628830D-06
  164  0.00008703      0.49821822D-06
  165  0.00008809      0.51044026D-06
  166  0.00008917      0.52296155D-06
  167  0.00009026      0.53578940D-06
  168  0.00009136      0.54893129D-06
  169  0.00009248      0.56239489D-06
  170  0.00009361      0.57618804D-06
  171  0.00009476      0.59031879D-06
  172  0.00009592      0.60479538D-06
  173  0.00009709      0.61962625D-06
  174  0.00009828      0.63482003D-06
  175  0.00009948      0.65038558D-06
  176  0.00010070      0.66633197D-06
  177  0.00010193      0.68266848D-06
  178  0.00010318      0.69940463D-06
  179  0.00010444      0.71655016D-06
  180  0.00010572      0.73411504D-06
  181  0.00010701      0.75210951D-06
  182  0.00010832      0.77054402D-06
  183  0.00010965      0.78942931D-06
  184  0.00011099      0.80877636D-06
  185  0.00011235      0.82859641D-06
  186  0.00011372      0.84890098D-06
  187  0.00011512      0.86970189D-06
  188  0.00011652      0.89101121D-06
  189  0.00011795      0.91284132D-06
  190  0.00011939      0.93520490D-06
  191  0.00012086      0.95811495D-06
  192  0.00012233      0.98158475D-06
  193  0.00012383      0.10056279D-05
  194  0.00012535      0.10302584D-05
  195  0.00012688      0.10554906D-05
  196  0.00012843      0.10813389D-05
  197  0.00013000      0.11078186D-05
  198  0.00013160      0.11349448D-05
  199  0.00013321      0.11627333D-05
  200  0.00013484      0.11912002D-05
  201  0.00013649      0.12203621D-05
  202  0.00013816      0.12502357D-05
  203  0.00013985      0.12808384D-05
  204  0.00014156      0.13121879D-05
  205  0.00014329      0.13443023D-05
  206  0.00014504      0.13772002D-05
  207  0.00014682      0.14109007D-05
  208  0.00014861      0.14454231D-05
  209  0.00015043      0.14807876D-05
  210  0.00015227      0.15170144D-05
  211  0.00015414      0.15541246D-05
  212  0.00015602      0.15921395D-05
  213  0.00015793      0.16310811D-05
  214  0.00015987      0.16709719D-05
  215  0.00016182      0.17118349D-05
  216  0.00016380      0.17536936D-05
  217  0.00016581      0.17965722D-05
  218  0.00016783      0.18404954D-05
  219  0.00016989      0.18854885D-05
  220  0.00017197      0.19315774D-05
  221  0.00017407      0.19787887D-05
  222  0.00017620      0.20271495D-05
  223  0.00017836      0.20766876D-05
  224  0.00018054      0.21274316D-05
  225  0.00018275      0.21794107D-05
  226  0.00018499      0.22326546D-05
  227  0.00018725      0.22871940D-05
  228  0.00018954      0.23430603D-05
  229  0.00019186      0.24002854D-05
  230  0.00019421      0.24589023D-05
  231  0.00019658      0.25189445D-05
  232  0.00019899      0.25804466D-05
  233  0.00020143      0.26434437D-05
  234  0.00020389      0.27079719D-05
  235  0.00020638      0.27740683D-05
  236  0.00020891      0.28417706D-05
  237  0.00021147      0.29111177D-05
  238  0.00021405      0.29821491D-05
  239  0.00021667      0.30549056D-05
  240  0.00021933      0.31294286D-05
  241  0.00022201      0.32057608D-05
  242  0.00022473      0.32839458D-05
  243  0.00022748      0.33640282D-05
  244  0.00023026      0.34460538D-05
  245  0.00023308      0.35300692D-05
  246  0.00023593      0.36161223D-05
  247  0.00023882      0.37042623D-05
  248  0.00024174      0.37945394D-05
  249  0.00024470      0.38870048D-05
  250  0.00024769      0.39817112D-05
  251  0.00025072      0.40787126D-05
  252  0.00025379      0.41780640D-05
  253  0.00025690      0.42798219D-05
  254  0.00026004      0.43840440D-05
  255  0.00026322      0.44907896D-05
  256  0.00026644      0.46001191D-05
  257  0.00026970      0.47120946D-05
  258  0.00027300      0.48267795D-05
  259  0.00027634      0.49442388D-05
  260  0.00027972      0.50645390D-05
  261  0.00028315      0.51877481D-05
  262  0.00028661      0.53139358D-05
  263  0.00029012      0.54431734D-05
  264  0.00029367      0.55755338D-05
  265  0.00029726      0.57110919D-05
  266  0.00030090      0.58499241D-05
  267  0.00030458      0.59921086D-05
  268  0.00030831      0.61377256D-05
  269  0.00031208      0.62868570D-05
  270  0.00031590      0.64395869D-05
  271  0.00031977      0.65960010D-05
  272  0.00032368      0.67561872D-05
  273  0.00032764      0.69202356D-05
  274  0.00033165      0.70882383D-05
  275  0.00033571      0.72602894D-05
  276  0.00033982      0.74364854D-05
  277  0.00034397      0.76169250D-05
  278  0.00034818      0.78017092D-05
  279  0.00035244      0.79909414D-05
  280  0.00035676      0.81847274D-05
  281  0.00036112      0.83831753D-05
  282  0.00036554      0.85863959D-05
  283  0.00037001      0.87945027D-05
  284  0.00037454      0.90076116D-05
  285  0.00037913      0.92258412D-05
  286  0.00038377      0.94493131D-05
  287  0.00038846      0.96781514D-05
  288  0.00039321      0.99124834D-05
  289  0.00039803      0.10152439D-04
  290  0.00040290      0.10398152D-04
  291  0.00040783      0.10649757D-04
  292  0.00041282      0.10907395D-04
  293  0.00041787      0.11171208D-04
  294  0.00042298      0.11441341D-04
  295  0.00042816      0.11717945D-04
  296  0.00043340      0.12001171D-04
  297  0.00043870      0.12291176D-04
  298  0.00044407      0.12588120D-04
  299  0.00044950      0.12892166D-04
  300  0.00045500      0.13203481D-04
  301  0.00046057      0.13522236D-04
  302  0.00046621      0.13848606D-04
  303  0.00047191      0.14182771D-04
  304  0.00047769      0.14524913D-04
  305  0.00048353      0.14875220D-04
  306  0.00048945      0.15233882D-04
  307  0.00049544      0.15601097D-04
  308  0.00050150      0.15977063D-04
  309  0.00050764      0.16361987D-04
  310  0.00051385      0.16756078D-04
  311  0.00052014      0.17159550D-04
  312  0.00052650      0.17572623D-04
  313  0.00053295      0.17995520D-04
  314  0.00053947      0.18428470D-04
  315  0.00054607      0.18871709D-04
  316  0.00055275      0.19325476D-04
  317  0.00055951      0.19790016D-04
  318  0.00056636      0.20265580D-04
  319  0.00057329      0.20752424D-04
  320  0.00058031      0.21250811D-04
  321  0.00058741      0.21761007D-04
  322  0.00059460      0.22283288D-04
  323  0.00060187      0.22817933D-04
  324  0.00060924      0.23365229D-04
  325  0.00061669      0.23925468D-04
  326  0.00062424      0.24498950D-04
  327  0.00063188      0.25085981D-04
  328  0.00063961      0.25686873D-04
  329  0.00064744      0.26301947D-04
  330  0.00065536      0.26931529D-04
  331  0.00066338      0.27575953D-04
  332  0.00067150      0.28235561D-04
  333  0.00067971      0.28910701D-04
  334  0.00068803      0.29601732D-04
  335  0.00069645      0.30309016D-04
  336  0.00070497      0.31032926D-04
  337  0.00071360      0.31773845D-04
  338  0.00072233      0.32532159D-04
  339  0.00073117      0.33308268D-04
  340  0.00074012      0.34102577D-04
  341  0.00074917      0.34915502D-04
  342  0.00075834      0.35747467D-04
  343  0.00076762      0.36598905D-04
  344  0.00077701      0.37470259D-04
  345  0.00078652      0.38361981D-04
  346  0.00079615      0.39274535D-04
  347  0.00080589      0.40208391D-04
  348  0.00081575      0.41164032D-04
  349  0.00082573      0.42141951D-04
  350  0.00083584      0.43142652D-04
  351  0.00084606      0.44166648D-04
  352  0.00085642      0.45214464D-04
  353  0.00086690      0.46286636D-04
  354  0.00087750      0.47383713D-04
  355  0.00088824      0.48506253D-04
  356  0.00089911      0.49654827D-04
  357  0.00091011      0.50830019D-04
  358  0.00092125      0.52032423D-04
  359  0.00093252      0.53262649D-04
  360  0.00094393      0.54521317D-04
  361  0.00095549      0.55809060D-04
  362  0.00096718      0.57126525D-04
  363  0.00097901      0.58474373D-04
  364  0.00099099      0.59853278D-04
  365  0.00100312      0.61263929D-04
  366  0.00101539      0.62707027D-04
  367  0.00102782      0.64183289D-04
  368  0.00104040      0.65693447D-04
  369  0.00105313      0.67238247D-04
  370  0.00106601      0.68818452D-04
  371  0.00107906      0.70434839D-04
  372  0.00109226      0.72088201D-04
  373  0.00110563      0.73779347D-04
  374  0.00111916      0.75509103D-04
  375  0.00113285      0.77278311D-04
  376  0.00114672      0.79087830D-04
  377  0.00116075      0.80938537D-04
  378  0.00117495      0.82831325D-04
  379  0.00118933      0.84767107D-04
  380  0.00120388      0.86746811D-04
  381  0.00121861      0.88771386D-04
  382  0.00123353      0.90841799D-04
  383  0.00124862      0.92959035D-04
  384  0.00126390      0.95124099D-04
  385  0.00127937      0.97338016D-04
  386  0.00129502      0.99601830D-04
  387  0.00131087      0.10191661D-03
  388  0.00132691      0.10428343D-03
  389  0.00134315      0.10670340D-03
  390  0.00135958      0.10917766D-03
  391  0.00137622      0.11170734D-03
  392  0.00139306      0.11429361D-03
  393  0.00141011      0.11693768D-03
  394  0.00142736      0.11964075D-03
  395  0.00144483      0.12240407D-03
  396  0.00146251      0.12522888D-03
  397  0.00148040      0.12811648D-03
  398  0.00149852      0.13106816D-03
  399  0.00151686      0.13408527D-03
  400  0.00153542      0.13716916D-03
  401  0.00155421      0.14032120D-03
  402  0.00157322      0.14354280D-03
  403  0.00159248      0.14683539D-03
  404  0.00161196      0.15020043D-03
  405  0.00163169      0.15363939D-03
  406  0.00165165      0.15715378D-03
  407  0.00167187      0.16074513D-03
  408  0.00169232      0.16441501D-03
  409  0.00171303      0.16816500D-03
  410  0.00173399      0.17199672D-03
  411  0.00175521      0.17591180D-03
  412  0.00177669      0.17991191D-03
  413  0.00179843      0.18399875D-03
  414  0.00182044      0.18817405D-03
  415  0.00184272      0.19243955D-03
  416  0.00186526      0.19679705D-03
  417  0.00188809      0.20124835D-03
  418  0.00191119      0.20579529D-03
  419  0.00193458      0.21043974D-03
  420  0.00195825      0.21518361D-03
  421  0.00198222      0.22002881D-03
  422  0.00200647      0.22497732D-03
  423  0.00203102      0.23003111D-03
  424  0.00205588      0.23519222D-03
  425  0.00208103      0.24046268D-03
  426  0.00210650      0.24584458D-03
  427  0.00213228      0.25134003D-03
  428  0.00215837      0.25695118D-03
  429  0.00218478      0.26268019D-03
  430  0.00221152      0.26852927D-03
  431  0.00223858      0.27450066D-03
  432  0.00226597      0.28059662D-03
  433  0.00229370      0.28681945D-03
  434  0.00232177      0.29317147D-03
  435  0.00235018      0.29965505D-03
  436  0.00237894      0.30627258D-03
  437  0.00240805      0.31302647D-03
  438  0.00243751      0.31991918D-03
  439  0.00246734      0.32695319D-03
  440  0.00249753      0.33413101D-03
  441  0.00252809      0.34145519D-03
  442  0.00255903      0.34892829D-03
  443  0.00259034      0.35655293D-03
  444  0.00262204      0.36433172D-03
  445  0.00265413      0.37226733D-03
  446  0.00268660      0.38036245D-03
  447  0.00271948      0.38861980D-03
  448  0.00275276      0.39704212D-03
  449  0.00278644      0.40563218D-03
  450  0.00282054      0.41439278D-03
  451  0.00285505      0.42332675D-03
  452  0.00288999      0.43243693D-03
  453  0.00292535      0.44172620D-03
  454  0.00296115      0.45119747D-03
  455  0.00299739      0.46085364D-03
  456  0.00303406      0.47069766D-03
  457  0.00307119      0.48073251D-03
  458  0.00310877      0.49096116D-03
  459  0.00314682      0.50138662D-03
  460  0.00318532      0.51201191D-03
  461  0.00322430      0.52284008D-03
  462  0.00326376      0.53387418D-03
  463  0.00330369      0.54511728D-03
  464  0.00334412      0.55657246D-03
  465  0.00338504      0.56824282D-03
  466  0.00342646      0.58013147D-03
  467  0.00346839      0.59224152D-03
  468  0.00351083      0.60457609D-03
  469  0.00355379      0.61713831D-03
  470  0.00359728      0.62993130D-03
  471  0.00364130      0.64295820D-03
  472  0.00368586      0.65622214D-03
  473  0.00373096      0.66972624D-03
  474  0.00377662      0.68347362D-03
  475  0.00382283      0.69746740D-03
  476  0.00386961      0.71171068D-03
  477  0.00391696      0.72620655D-03
  478  0.00396489      0.74095808D-03
  479  0.00401341      0.75596834D-03
  480  0.00406252      0.77124035D-03
  481  0.00411223      0.78677713D-03
  482  0.00416255      0.80258166D-03
  483  0.00421349      0.81865691D-03
  484  0.00426505      0.83500577D-03
  485  0.00431724      0.85163114D-03
  486  0.00437007      0.86853586D-03
  487  0.00442354      0.88572272D-03
  488  0.00447767      0.90319447D-03
  489  0.00453247      0.92095379D-03
  490  0.00458793      0.93900333D-03
  491  0.00464407      0.95734566D-03
  492  0.00470090      0.97598328D-03
  493  0.00475842      0.99491864D-03
  494  0.00481665      0.10141541D-02
  495  0.00487559      0.10336919D-02
  496  0.00493525      0.10535342D-02
  497  0.00499564      0.10736833D-02
  498  0.00505677      0.10941409D-02
  499  0.00511865      0.11149092D-02
  500  0.00518129      0.11359897D-02
  501  0.00524469      0.11573843D-02
  502  0.00530887      0.11790945D-02
  503  0.00537383      0.12011217D-02
  504  0.00543959      0.12234671D-02
  505  0.00550615      0.12461320D-02
  506  0.00557353      0.12691174D-02
  507  0.00564173      0.12924240D-02
  508  0.00571077      0.13160526D-02
  509  0.00578065      0.13400037D-02
  510  0.00585139      0.13642776D-02
  511  0.00592299      0.13888745D-02
  512  0.00599547      0.14137943D-02
  513  0.00606883      0.14390367D-02
  514  0.00614310      0.14646014D-02
  515  0.00621827      0.14904876D-02
  516  0.00629436      0.15166944D-02
  517  0.00637138      0.15432207D-02
  518  0.00644935      0.15700651D-02
  519  0.00652827      0.15972260D-02
  520  0.00660815      0.16247013D-02
  521  0.00668902      0.16524890D-02
  522  0.00677087      0.16805865D-02
  523  0.00685372      0.17089911D-02
  524  0.00693759      0.17376997D-02
  525  0.00702248      0.17667089D-02
  526  0.00710842      0.17960150D-02
  527  0.00719540      0.18256138D-02
  528  0.00728345      0.18555011D-02
  529  0.00737257      0.18856720D-02
  530  0.00746279      0.19161213D-02
  531  0.00755411      0.19468436D-02
  532  0.00764655      0.19778329D-02
  533  0.00774012      0.20090829D-02
  534  0.00783483      0.20405868D-02
  535  0.00793071      0.20723375D-02
  536  0.00802775      0.21043273D-02
  537  0.00812599      0.21365482D-02
  538  0.00822542      0.21689917D-02
  539  0.00832607      0.22016486D-02
  540  0.00842796      0.22345096D-02
  541  0.00853109      0.22675647D-02
  542  0.00863548      0.23008032D-02
  543  0.00874115      0.23342143D-02
  544  0.00884812      0.23677862D-02
  545  0.00895639      0.24015070D-02
  546  0.00906599      0.24353638D-02
  547  0.00917692      0.24693436D-02
  548  0.00928922      0.25034324D-02
  549  0.00940289      0.25376159D-02
  550  0.00951795      0.25718790D-02
  551  0.00963442      0.26062061D-02
  552  0.00975232      0.26405810D-02
  553  0.00987165      0.26749868D-02
  554  0.00999245      0.27094059D-02
  555  0.01011472      0.27438202D-02
  556  0.01023850      0.27782110D-02
  557  0.01036378      0.28125586D-02
  558  0.01049060      0.28468429D-02
  559  0.01061897      0.28810432D-02
  560  0.01074892      0.29151378D-02
  561  0.01088045      0.29491045D-02
  562  0.01101359      0.29829205D-02
  563  0.01114836      0.30165622D-02
  564  0.01128478      0.30500051D-02
  565  0.01142287      0.30832244D-02
  566  0.01156265      0.31161943D-02
  567  0.01170414      0.31488883D-02
  568  0.01184736      0.31812794D-02
  569  0.01199233      0.32133397D-02
  570  0.01213908      0.32450407D-02
  571  0.01228762      0.32763530D-02
  572  0.01243798      0.33072470D-02
  573  0.01259018      0.33376918D-02
  574  0.01274425      0.33676563D-02
  575  0.01290020      0.33971085D-02
  576  0.01305805      0.34260159D-02
  577  0.01321784      0.34543452D-02
  578  0.01337959      0.34820625D-02
  579  0.01354331      0.35091334D-02
  580  0.01370904      0.35355228D-02
  581  0.01387679      0.35611952D-02
  582  0.01404660      0.35861143D-02
  583  0.01421848      0.36102436D-02
  584  0.01439247      0.36335458D-02
  585  0.01456859      0.36559833D-02
  586  0.01474686      0.36775180D-02
  587  0.01492731      0.36981115D-02
  588  0.01510998      0.37177249D-02
  589  0.01529487      0.37363191D-02
  590  0.01548203      0.37538547D-02
  591  0.01567148      0.37702921D-02
  592  0.01586325      0.37855913D-02
  593  0.01605737      0.37997124D-02
  594  0.01625386      0.38126154D-02
  595  0.01645275      0.38242601D-02
  596  0.01665408      0.38346065D-02
  597  0.01685787      0.38436146D-02
  598  0.01706416      0.38512447D-02
  599  0.01727297      0.38574571D-02
  600  0.01748434      0.38622127D-02
  601  0.01769829      0.38654724D-02
  602  0.01791486      0.38671980D-02
  603  0.01813408      0.38673514D-02
  604  0.01835598      0.38658955D-02
  605  0.01858060      0.38627938D-02
  606  0.01880797      0.38580104D-02
  607  0.01903812      0.38515106D-02
  608  0.01927108      0.38432605D-02
  609  0.01950690      0.38332276D-02
  610  0.01974560      0.38213802D-02
  611  0.01998722      0.38076882D-02
  612  0.02023180      0.37921230D-02
  613  0.02047937      0.37746574D-02
  614  0.02072997      0.37552659D-02
  615  0.02098364      0.37339250D-02
  616  0.02124041      0.37106129D-02
  617  0.02150033      0.36853099D-02
  618  0.02176342      0.36579986D-02
  619  0.02202974      0.36286639D-02
  620  0.02229931      0.35972933D-02
  621  0.02257218      0.35638766D-02
  622  0.02284839      0.35284066D-02
  623  0.02312798      0.34908790D-02
  624  0.02341099      0.34512924D-02
  625  0.02369747      0.34096489D-02
  626  0.02398745      0.33659536D-02
  627  0.02428098      0.33202153D-02
  628  0.02457810      0.32724465D-02
  629  0.02487886      0.32226633D-02
  630  0.02518329      0.31708860D-02
  631  0.02549146      0.31171388D-02
  632  0.02580339      0.30614505D-02
  633  0.02611914      0.30038538D-02
  634  0.02643876      0.29443865D-02
  635  0.02676228      0.28830907D-02
  636  0.02708976      0.28200137D-02
  637  0.02742126      0.27552074D-02
  638  0.02775680      0.26887292D-02
  639  0.02809646      0.26206415D-02
  640  0.02844027      0.25510124D-02
  641  0.02878829      0.24799151D-02
  642  0.02914056      0.24074287D-02
  643  0.02949715      0.23336381D-02
  644  0.02985810      0.22586339D-02
  645  0.03022346      0.21825125D-02
  646  0.03059330      0.21053766D-02
  647  0.03096767      0.20273349D-02
  648  0.03134661      0.19485021D-02
  649  0.03173019      0.18689992D-02
  650  0.03211847      0.17889535D-02
  651  0.03251149      0.17084985D-02
  652  0.03290933      0.16277739D-02
  653  0.03331203      0.15469258D-02
  654  0.03371967      0.14661064D-02
  655  0.03413229      0.13854743D-02
  656  0.03454996      0.13051940D-02
  657  0.03497274      0.12254363D-02
  658  0.03540069      0.11463778D-02
  659  0.03583388      0.10682012D-02
  660  0.03627237      0.99109448D-03
  661  0.03671623      0.91525164D-03
  662  0.03716552      0.84087182D-03
  663  0.03762030      0.76815937D-03
  664  0.03808065      0.69732357D-03
  665  0.03854664      0.62857837D-03
  666  0.03901832      0.56214211D-03
  667  0.03949578      0.49823716D-03
  668  0.03997908      0.43708965D-03
  669  0.04046830      0.37892902D-03
  670  0.04096350      0.32398769D-03
  671  0.04146476      0.27250056D-03
  672  0.04197216      0.22470459D-03
  673  0.04248576      0.18083828D-03
  674  0.04300565      0.14114115D-03
  675  0.04353190      0.10585320D-03
  676  0.04406459      0.75214297D-04
  677  0.04460380      0.49463549D-04
  678  0.04514961      0.28838671D-04
  679  0.04570209      0.13575292D-04
  680  0.04626134      0.39062373D-05
  681  0.04682743      0.60783001D-07
  682  0.04740045      0.22638825D-05
  683  0.04798048      0.10735360D-04
  684  0.04856760      0.25689079D-04
  685  0.04916191      0.47332082D-04
  686  0.04976350      0.75863707D-04
  687  0.05037244      0.11147468D-03
  688  0.05098884      0.15434618D-03
  689  0.05161278      0.20464891D-03
  690  0.05224435      0.26254208D-03
  691  0.05288365      0.32817248D-03
  692  0.05353078      0.40167346D-03
  693  0.05418582      0.48316391D-03
  694  0.05484888      0.57274726D-03
  695  0.05552006      0.67051048D-03
  696  0.05619944      0.77652301D-03
  697  0.05688714      0.89083583D-03
  698  0.05758326      0.10134803D-02
  699  0.05828789      0.11444675D-02
  700  0.05900115      0.12837868D-02
  701  0.05972313      0.14314051D-02
  702  0.06045395      0.15872661D-02
  703  0.06119371      0.17512891D-02
  704  0.06194253      0.19233684D-02
  705  0.06270050      0.21033722D-02
  706  0.06346776      0.22911419D-02
  707  0.06424440      0.24864917D-02
  708  0.06503054      0.26892074D-02
  709  0.06582631      0.28990462D-02
  710  0.06663181      0.31157361D-02
  711  0.06744717      0.33389755D-02
  712  0.06827250      0.35684324D-02
  713  0.06910794      0.38037448D-02
  714  0.06995360      0.40445202D-02
  715  0.07080960      0.42903353D-02
  716  0.07167609      0.45407366D-02
  717  0.07255317      0.47952399D-02
  718  0.07344099      0.50533313D-02
  719  0.07433967      0.53144669D-02
  720  0.07524935      0.55780739D-02
  721  0.07617016      0.58435510D-02
  722  0.07710223      0.61102692D-02
  723  0.07804572      0.63775732D-02
  724  0.07900074      0.66447818D-02
  725  0.07996746      0.69111901D-02
  726  0.08094600      0.71760700D-02
  727  0.08193652      0.74386728D-02
  728  0.08293916      0.76982302D-02
  729  0.08395407      0.79539568D-02
  730  0.08498140      0.82050517D-02
  731  0.08602129      0.84507017D-02
  732  0.08707392      0.86900826D-02
  733  0.08813942      0.89223630D-02
  734  0.08921796      0.91467064D-02
  735  0.09030971      0.93622743D-02
  736  0.09141481      0.95682297D-02
  737  0.09253343      0.97637398D-02
  738  0.09366574      0.99479801D-02
  739  0.09481191      0.10120138D-01
  740  0.09597210      0.10279415D-01
  741  0.09714649      0.10425033D-01
  742  0.09833525      0.10556236D-01
  743  0.09953855      0.10672297D-01
  744  0.10075659      0.10772518D-01
  745  0.10198952      0.10856238D-01
  746  0.10323755      0.10922835D-01
  747  0.10450084      0.10971732D-01
  748  0.10577959      0.11002400D-01
  749  0.10707400      0.11014362D-01
  750  0.10838424      0.11007198D-01
  751  0.10971051      0.10980552D-01
  752  0.11105301      0.10934129D-01
  753  0.11241194      0.10867706D-01
  754  0.11378750      0.10781135D-01
  755  0.11517990      0.10674342D-01
  756  0.11658933      0.10547335D-01
  757  0.11801601      0.10400207D-01
  758  0.11946014      0.10233138D-01
  759  0.12092195      0.10046399D-01
  760  0.12240164      0.98403539D-02
  761  0.12389945      0.96154608D-02
  762  0.12541558      0.93722768D-02
  763  0.12695026      0.91114574D-02
  764  0.12850372      0.88337584D-02
  765  0.13007619      0.85400366D-02
  766  0.13166791      0.82312503D-02
  767  0.13327910      0.79084588D-02
  768  0.13491000      0.75728221D-02
  769  0.13656087      0.72255992D-02
  770  0.13823193      0.68681471D-02
  771  0.13992345      0.65019176D-02
  772  0.14163566      0.61284549D-02
  773  0.14336882      0.57493922D-02
  774  0.14512320      0.53664471D-02
  775  0.14689904      0.49814173D-02
  776  0.14869661      0.45961747D-02
  777  0.15051618      0.42126599D-02
  778  0.15235801      0.38328752D-02
  779  0.15422238      0.34588777D-02
  780  0.15610957      0.30927708D-02
  781  0.15801984      0.27366963D-02
  782  0.15995350      0.23928252D-02
  783  0.16191081      0.20633476D-02
  784  0.16389208      0.17504634D-02
  785  0.16589759      0.14563709D-02
  786  0.16792764      0.11832559D-02
  787  0.16998254      0.93328048D-03
  788  0.17206258      0.70857053D-03
  789  0.17416807      0.51120401D-03
  790  0.17629932      0.34319823D-03
  791  0.17845666      0.20649716D-03
  792  0.18064039      0.10295865D-03
  793  0.18285085      0.34341514D-04
  794  0.18508836      0.22925966D-05
  795  0.18735324      0.83339912D-05
  796  0.18964584      0.53850370D-04
  797  0.19196650      0.14007658D-03
  798  0.19431555      0.26808554D-03
  799  0.19669334      0.43877662D-03
  800  0.19910024      0.65286444D-03
  801  0.20153658      0.91086834D-03
  802  0.20400274      0.12131025D-02
  803  0.20649908      0.15596669D-02
  804  0.20902596      0.19504390D-02
  805  0.21158376      0.23850665D-02
  806  0.21417287      0.28629613D-02
  807  0.21679365      0.33832941D-02
  808  0.21944651      0.39449907D-02
  809  0.22213183      0.45467293D-02
  810  0.22485001      0.51869396D-02
  811  0.22760145      0.58638025D-02
  812  0.23038656      0.65752517D-02
  813  0.23320575      0.73189775D-02
  814  0.23605943      0.80924309D-02
  815  0.23894804      0.88928303D-02
  816  0.24187199      0.97171693D-02
  817  0.24483173      0.10562226D-01
  818  0.24782768      0.11424576D-01
  819  0.25086029      0.12300603D-01
  820  0.25393001      0.13186513D-01
  821  0.25703730      0.14078355D-01
  822  0.26018261      0.14972032D-01
  823  0.26336641      0.15863325D-01
  824  0.26658916      0.16747914D-01
  825  0.26985135      0.17621395D-01
  826  0.27315347      0.18479308D-01
  827  0.27649598      0.19317160D-01
  828  0.27987940      0.20130450D-01
  829  0.28330423      0.20914694D-01
  830  0.28677096      0.21665456D-01
  831  0.29028011      0.22378370D-01
  832  0.29383220      0.23049174D-01
  833  0.29742776      0.23673733D-01
  834  0.30106732      0.24248074D-01
  835  0.30475142      0.24768406D-01
  836  0.30848059      0.25231156D-01
  837  0.31225540      0.25632992D-01
  838  0.31607640      0.25970852D-01
  839  0.31994416      0.26241970D-01
  840  0.32385924      0.26443901D-01
  841  0.32782224      0.26574545D-01
  842  0.33183373      0.26632168D-01
  843  0.33589430      0.26615427D-01
  844  0.34000457      0.26523384D-01
  845  0.34416513      0.26355528D-01
  846  0.34837660      0.26111785D-01
  847  0.35263961      0.25792535D-01
  848  0.35695478      0.25398622D-01
  849  0.36132276      0.24931358D-01
  850  0.36574418      0.24392531D-01
  851  0.37021972      0.23784407D-01
  852  0.37475001      0.23109729D-01
  853  0.37933575      0.22371713D-01
  854  0.38397759      0.21574043D-01
  855  0.38867624      0.20720859D-01
  856  0.39343239      0.19816745D-01
  857  0.39824673      0.18866716D-01
  858  0.40311999      0.17876195D-01
  859  0.40805288      0.16850995D-01
  860  0.41304613      0.15797292D-01
  861  0.41810049      0.14721598D-01
  862  0.42321669      0.13630733D-01
  863  0.42839550      0.12531790D-01
  864  0.43363768      0.11432099D-01
  865  0.43894401      0.10339196D-01
  866  0.44431527      0.92607733D-02
  867  0.44975226      0.82046477D-02
  868  0.45525578      0.71787126D-02
  869  0.46082664      0.61908949D-02
  870  0.46646567      0.52491096D-02
  871  0.47217371      0.43612135D-02
  872  0.47795160      0.35349581D-02
  873  0.48380019      0.27779426D-02
  874  0.48972034      0.20975665D-02
  875  0.49571294      0.15009826D-02
  876  0.50177887      0.99505103D-03
  877  0.50791903      0.58629335D-03
  878  0.51413432      0.28084877D-03
  879  0.52042567      0.84431432D-04
  880  0.52679400      0.22896652D-05
  881  0.53324026      0.39167470D-04
  882  0.53976541      0.19926841D-03
  883  0.54637040      0.48622230D-03
  884  0.55305621      0.90305487D-03
  885  0.55982384      0.14521607D-02
  886  0.56667428      0.21352799D-02
  887  0.57360855      0.29534778D-02
  888  0.58062767      0.39071296D-02
  889  0.58773268      0.49959082D-02
  890  0.59492464      0.62187767D-02
  891  0.60220460      0.75739848D-02
  892  0.60957364      0.90590702D-02
  893  0.61703286      0.10670864D-01
  894  0.62458335      0.12405499D-01
  895  0.63222624      0.14258427D-01
  896  0.63996266      0.16224435D-01
  897  0.64779374      0.18297669D-01
  898  0.65572065      0.20471658D-01
  899  0.66374455      0.22739350D-01
  900  0.67186665      0.25093142D-01
  901  0.68008813      0.27524921D-01
  902  0.68841022      0.30026102D-01
  903  0.69683415      0.32587677D-01
  904  0.70536115      0.35200259D-01
  905  0.71399250      0.37854130D-01
  906  0.72272947      0.40539297D-01
  907  0.73157335      0.43245543D-01
  908  0.74052545      0.45962482D-01
  909  0.74958710      0.48679616D-01
  910  0.75875963      0.51386392D-01
  911  0.76804440      0.54072258D-01
  912  0.77744279      0.56726720D-01
  913  0.78695619      0.59339403D-01
  914  0.79658600      0.61900101D-01
  915  0.80633364      0.64398837D-01
  916  0.81620057      0.66825917D-01
  917  0.82618824      0.69171978D-01
  918  0.83629812      0.71428042D-01
  919  0.84653171      0.73585560D-01
  920  0.85689053      0.75636459D-01
  921  0.86737611      0.77573183D-01
  922  0.87799000      0.79388729D-01
  923  0.88873377      0.81076684D-01
  924  0.89960901      0.82631255D-01
  925  0.91061733      0.84047293D-01
  926  0.92176035      0.85320315D-01
  927  0.93303973      0.86446526D-01
  928  0.94445713      0.87422828D-01
  929  0.95601424      0.88246826D-01
  930  0.96771278      0.88916840D-01
  931  0.97955447      0.89431894D-01
  932  0.99154106      0.89791718D-01
  933  1.00367433      0.89996736D-01
  934  1.01595607      0.90048050D-01
  935  1.02838810      0.89947423D-01
  936  1.04097226      0.89697258D-01
  937  1.05371040      0.89300570D-01
  938  1.06660443      0.88760955D-01
  939  1.07965623      0.88082563D-01
  940  1.09286774      0.87270057D-01
  941  1.10624092      0.86328576D-01
  942  1.11977775      0.85263700D-01
  943  1.13348022      0.84081400D-01
  944  1.14735037      0.82788002D-01
  945  1.16139024      0.81390136D-01
  946  1.17560192      0.79894697D-01
  947  1.18998750      0.78308796D-01
  948  1.20454911      0.76639716D-01
  949  1.21928891      0.74894866D-01
  950  1.23420908      0.73081738D-01
  951  1.24931183      0.71207861D-01
  952  1.26459938      0.69280763D-01
  953  1.28007400      0.67307927D-01
  954  1.29573799      0.65296755D-01
  955  1.31159364      0.63254528D-01
  956  1.32764333      0.61188376D-01
  957  1.34388940      0.59105241D-01
  958  1.36033428      0.57011853D-01
  959  1.37698039      0.54914699D-01
  960  1.39383020      0.52820000D-01
  961  1.41088619      0.50733690D-01
  962  1.42815089      0.48661398D-01
  963  1.44562686      0.46608432D-01
  964  1.46331667      0.44579766D-01
  965  1.48122296      0.42580029D-01
  966  1.49934836      0.40613499D-01
  967  1.51769555      0.38684098D-01
  968  1.53626725      0.36795391D-01
  969  1.55506622      0.34950582D-01
  970  1.57409522      0.33152521D-01
  971  1.59335707      0.31403707D-01
  972  1.61285463      0.29706295D-01
  973  1.63259078      0.28062103D-01
  974  1.65256843      0.26472624D-01
  975  1.67279055      0.24939037D-01
  976  1.69326011      0.23462218D-01
  977  1.71398016      0.22042759D-01
  978  1.73495376      0.20680977D-01
  979  1.75618401      0.19376934D-01
  980  1.77767404      0.18130453D-01
  981  1.79942705      0.16941133D-01
  982  1.82144624      0.15808367D-01
  983  1.84373487      0.14731361D-01
  984  1.86629625      0.13709151D-01
  985  1.88913370      0.12740618D-01
  986  1.91225062      0.11824507D-01
  987  1.93565040      0.10959443D-01
  988  1.95933653      0.10143950D-01
  989  1.98331250      0.93764619D-02
  990  2.00758185      0.86553411D-02
  991  2.03214819      0.79788917D-02
  992  2.05701514      0.73453734D-02
  993  2.08218638      0.67530145D-02
  994  2.10766563      0.62000232D-02
  995  2.13345667      0.56845997D-02
  996  2.15956331      0.52049457D-02
  997  2.18598941      0.47592744D-02
  998  2.21273888      0.43458183D-02
  999  2.23981567      0.39628376D-02
 1000  2.26722380      0.36086264D-02
 1001  2.29496732      0.32815191D-02
 1002  2.32305033      0.29798950D-02
 1003  2.35147698      0.27022850D-02
 1004  2.38025149      0.24472003D-02
 1005  2.40937810      0.22132191D-02
 1006  2.43886112      0.19989495D-02
 1007  2.46870493      0.18030461D-02
 1008  2.49891393      0.16242151D-02
 1009  2.52949258      0.14612185D-02
 1010  2.56044542      0.13128766D-02
 1011  2.59177703      0.11780697D-02
 1012  2.62349203      0.10557392D-02
 1013  2.65559512      0.94488760D-03
 1014  2.68809106      0.84457692D-03
 1015  2.72098463      0.75392419D-03
 1016  2.75428072      0.67210649D-03
 1017  2.78798424      0.59835670D-03
 1018  2.82210019      0.53196321D-03
 1019  2.85663361      0.47226810D-03
 1020  2.89158960      0.41866787D-03
 1021  2.92697334      0.37060669D-03
 1022  2.96279007      0.32757419D-03
 1023  2.99904508      0.28910140D-03
 1024  3.03574373      0.25475737D-03
 1025  3.07289145      0.22414613D-03
 1026  3.11049375      0.19690440D-03
 1027  3.14855617      0.17269945D-03
 1028  3.18708436      0.15122702D-03
 1029  3.22608401      0.13220937D-03
 1030  3.26556088      0.11539336D-03
 1031  3.30552083      0.10054868D-03
 1032  3.34596976      0.87466164D-04
