 ir        r               f(r)
    1  0.00001199      0.14545748D-15
    2  0.00001213      0.15270802D-15
    3  0.00001228      0.16031995D-15
    4  0.00001243      0.16831131D-15
    5  0.00001258      0.17670092D-15
    6  0.00001274      0.18550872D-15
    7  0.00001289      0.19475551D-15
    8  0.00001305      0.20446322D-15
    9  0.00001321      0.21465479D-15
   10  0.00001337      0.22535435D-15
   11  0.00001354      0.23658722D-15
   12  0.00001370      0.24837997D-15
   13  0.00001387      0.26076052D-15
   14  0.00001404      0.27375816D-15
   15  0.00001421      0.28740365D-15
   16  0.00001438      0.30172927D-15
   17  0.00001456      0.31676893D-15
   18  0.00001474      0.33255821D-15
   19  0.00001492      0.34913448D-15
   20  0.00001510      0.36653695D-15
   21  0.00001529      0.38480681D-15
   22  0.00001547      0.40398729D-15
   23  0.00001566      0.42412377D-15
   24  0.00001585      0.44526390D-15
   25  0.00001605      0.46745769D-15
   26  0.00001624      0.49075768D-15
   27  0.00001644      0.51521898D-15
   28  0.00001664      0.54089948D-15
   29  0.00001685      0.56785994D-15
   30  0.00001705      0.59616415D-15
   31  0.00001726      0.62587908D-15
   32  0.00001747      0.65707504D-15
   33  0.00001769      0.68982585D-15
   34  0.00001790      0.72420898D-15
   35  0.00001812      0.76030581D-15
   36  0.00001835      0.79820172D-15
   37  0.00001857      0.83798639D-15
   38  0.00001880      0.87975394D-15
   39  0.00001903      0.92360320D-15
   40  0.00001926      0.96963791D-15
   41  0.00001950      0.10179670D-14
   42  0.00001973      0.10687048D-14
   43  0.00001998      0.11219713D-14
   44  0.00002022      0.11778926D-14
   45  0.00002047      0.12366010D-14
   46  0.00002072      0.12982354D-14
   47  0.00002097      0.13629416D-14
   48  0.00002123      0.14308726D-14
   49  0.00002149      0.15021893D-14
   50  0.00002175      0.15770603D-14
   51  0.00002202      0.16556626D-14
   52  0.00002229      0.17381824D-14
   53  0.00002256      0.18248149D-14
   54  0.00002284      0.19157648D-14
   55  0.00002312      0.20112475D-14
   56  0.00002340      0.21114888D-14
   57  0.00002368      0.22167259D-14
   58  0.00002397      0.23272077D-14
   59  0.00002427      0.24431955D-14
   60  0.00002456      0.25649637D-14
   61  0.00002487      0.26928005D-14
   62  0.00002517      0.28270081D-14
   63  0.00002548      0.29679041D-14
   64  0.00002579      0.31158218D-14
   65  0.00002610      0.32711111D-14
   66  0.00002642      0.34341392D-14
   67  0.00002675      0.36052919D-14
   68  0.00002707      0.37849740D-14
   69  0.00002741      0.39736105D-14
   70  0.00002774      0.41716476D-14
   71  0.00002808      0.43795537D-14
   72  0.00002842      0.45978207D-14
   73  0.00002877      0.48269647D-14
   74  0.00002912      0.50675278D-14
   75  0.00002948      0.53200789D-14
   76  0.00002984      0.55852155D-14
   77  0.00003021      0.58635646D-14
   78  0.00003058      0.61557846D-14
   79  0.00003095      0.64625666D-14
   80  0.00003133      0.67846362D-14
   81  0.00003171      0.71227551D-14
   82  0.00003210      0.74777230D-14
   83  0.00003249      0.78503795D-14
   84  0.00003289      0.82416059D-14
   85  0.00003329      0.86523274D-14
   86  0.00003370      0.90835154D-14
   87  0.00003411      0.95361896D-14
   88  0.00003453      0.10011421D-13
   89  0.00003495      0.10510332D-13
   90  0.00003538      0.11034104D-13
   91  0.00003581      0.11583976D-13
   92  0.00003625      0.12161246D-13
   93  0.00003670      0.12767282D-13
   94  0.00003714      0.13403515D-13
   95  0.00003760      0.14071450D-13
   96  0.00003806      0.14772667D-13
   97  0.00003853      0.15508824D-13
   98  0.00003900      0.16281661D-13
   99  0.00003947      0.17093006D-13
  100  0.00003996      0.17944778D-13
  101  0.00004045      0.18838990D-13
  102  0.00004094      0.19777757D-13
  103  0.00004144      0.20763298D-13
  104  0.00004195      0.21797944D-13
  105  0.00004246      0.22884141D-13
  106  0.00004298      0.24024458D-13
  107  0.00004351      0.25221589D-13
  108  0.00004404      0.26478366D-13
  109  0.00004458      0.27797760D-13
  110  0.00004512      0.29182890D-13
  111  0.00004568      0.30637031D-13
  112  0.00004624      0.32163620D-13
  113  0.00004680      0.33766268D-13
  114  0.00004737      0.35448761D-13
  115  0.00004795      0.37215078D-13
  116  0.00004854      0.39069395D-13
  117  0.00004913      0.41016094D-13
  118  0.00004974      0.43059777D-13
  119  0.00005034      0.45205276D-13
  120  0.00005096      0.47457662D-13
  121  0.00005158      0.49822259D-13
  122  0.00005222      0.52304656D-13
  123  0.00005285      0.54910721D-13
  124  0.00005350      0.57646613D-13
  125  0.00005416      0.60518800D-13
  126  0.00005482      0.63534069D-13
  127  0.00005549      0.66699547D-13
  128  0.00005617      0.70022715D-13
  129  0.00005686      0.73511428D-13
  130  0.00005755      0.77173930D-13
  131  0.00005826      0.81018878D-13
  132  0.00005897      0.85055357D-13
  133  0.00005969      0.89292906D-13
  134  0.00006042      0.93741541D-13
  135  0.00006116      0.98411772D-13
  136  0.00006191      0.10331464D-12
  137  0.00006267      0.10846172D-12
  138  0.00006343      0.11386518D-12
  139  0.00006421      0.11953779D-12
  140  0.00006499      0.12549296D-12
  141  0.00006579      0.13174474D-12
  142  0.00006659      0.13830793D-12
  143  0.00006741      0.14519801D-12
  144  0.00006823      0.15243127D-12
  145  0.00006907      0.16002479D-12
  146  0.00006991      0.16799653D-12
  147  0.00007077      0.17636531D-12
  148  0.00007164      0.18515089D-12
  149  0.00007251      0.19437405D-12
  150  0.00007340      0.20405655D-12
  151  0.00007430      0.21422128D-12
  152  0.00007521      0.22489224D-12
  153  0.00007613      0.23609465D-12
  154  0.00007706      0.24785495D-12
  155  0.00007800      0.26020093D-12
  156  0.00007896      0.27316175D-12
  157  0.00007992      0.28676802D-12
  158  0.00008090      0.30105187D-12
  159  0.00008189      0.31604704D-12
  160  0.00008289      0.33178893D-12
  161  0.00008391      0.34831473D-12
  162  0.00008493      0.36566346D-12
  163  0.00008597      0.38387609D-12
  164  0.00008703      0.40299561D-12
  165  0.00008809      0.42306719D-12
  166  0.00008917      0.44413821D-12
  167  0.00009026      0.46625841D-12
  168  0.00009136      0.48948004D-12
  169  0.00009248      0.51385791D-12
  170  0.00009361      0.53944957D-12
  171  0.00009476      0.56631545D-12
  172  0.00009592      0.59451896D-12
  173  0.00009709      0.62412668D-12
  174  0.00009828      0.65520851D-12
  175  0.00009948      0.68783781D-12
  176  0.00010070      0.72209160D-12
  177  0.00010193      0.75805072D-12
  178  0.00010318      0.79580005D-12
  179  0.00010444      0.83542869D-12
  180  0.00010572      0.87703015D-12
  181  0.00010701      0.92070261D-12
  182  0.00010832      0.96654914D-12
  183  0.00010965      0.10146779D-11
  184  0.00011099      0.10652025D-11
  185  0.00011235      0.11182422D-11
  186  0.00011372      0.11739220D-11
  187  0.00011512      0.12323734D-11
  188  0.00011652      0.12937342D-11
  189  0.00011795      0.13581493D-11
  190  0.00011939      0.14257705D-11
  191  0.00012086      0.14967574D-11
  192  0.00012233      0.15712775D-11
  193  0.00012383      0.16495066D-11
  194  0.00012535      0.17316290D-11
  195  0.00012688      0.18178386D-11
  196  0.00012843      0.19083387D-11
  197  0.00013000      0.20033427D-11
  198  0.00013160      0.21030746D-11
  199  0.00013321      0.22077696D-11
  200  0.00013484      0.23176747D-11
  201  0.00013649      0.24330488D-11
  202  0.00013816      0.25541642D-11
  203  0.00013985      0.26813063D-11
  204  0.00014156      0.28147748D-11
  205  0.00014329      0.29548845D-11
  206  0.00014504      0.31019656D-11
  207  0.00014682      0.32563648D-11
  208  0.00014861      0.34184461D-11
  209  0.00015043      0.35885914D-11
  210  0.00015227      0.37672018D-11
  211  0.00015414      0.39546982D-11
  212  0.00015602      0.41515225D-11
  213  0.00015793      0.43581384D-11
  214  0.00015987      0.45750328D-11
  215  0.00016182      0.48027168D-11
  216  0.00016380      0.50417268D-11
  217  0.00016581      0.52926259D-11
  218  0.00016783      0.55560051D-11
  219  0.00016989      0.58324849D-11
  220  0.00017197      0.61227166D-11
  221  0.00017407      0.64273836D-11
  222  0.00017620      0.67472036D-11
  223  0.00017836      0.70829298D-11
  224  0.00018054      0.74353527D-11
  225  0.00018275      0.78053022D-11
  226  0.00018499      0.81936495D-11
  227  0.00018725      0.86013088D-11
  228  0.00018954      0.90292399D-11
  229  0.00019186      0.94784502D-11
  230  0.00019421      0.99499972D-11
  231  0.00019658      0.10444991D-10
  232  0.00019899      0.10964596D-10
  233  0.00020143      0.11510035D-10
  234  0.00020389      0.12082593D-10
  235  0.00020638      0.12683616D-10
  236  0.00020891      0.13314518D-10
  237  0.00021147      0.13976785D-10
  238  0.00021405      0.14671973D-10
  239  0.00021667      0.15401719D-10
  240  0.00021933      0.16167739D-10
  241  0.00022201      0.16971834D-10
  242  0.00022473      0.17815896D-10
  243  0.00022748      0.18701910D-10
  244  0.00023026      0.19631958D-10
  245  0.00023308      0.20608229D-10
  246  0.00023593      0.21633017D-10
  247  0.00023882      0.22708732D-10
  248  0.00024174      0.23837902D-10
  249  0.00024470      0.25023181D-10
  250  0.00024769      0.26267355D-10
  251  0.00025072      0.27573348D-10
  252  0.00025379      0.28944229D-10
  253  0.00025690      0.30383218D-10
  254  0.00026004      0.31893698D-10
  255  0.00026322      0.33479216D-10
  256  0.00026644      0.35143497D-10
  257  0.00026970      0.36890449D-10
  258  0.00027300      0.38724176D-10
  259  0.00027634      0.40648984D-10
  260  0.00027972      0.42669393D-10
  261  0.00028315      0.44790145D-10
  262  0.00028661      0.47016220D-10
  263  0.00029012      0.49352843D-10
  264  0.00029367      0.51805499D-10
  265  0.00029726      0.54379944D-10
  266  0.00030090      0.57082219D-10
  267  0.00030458      0.59918665D-10
  268  0.00030831      0.62895936D-10
  269  0.00031208      0.66021016D-10
  270  0.00031590      0.69301237D-10
  271  0.00031977      0.72744291D-10
  272  0.00032368      0.76358253D-10
  273  0.00032764      0.80151596D-10
  274  0.00033165      0.84133215D-10
  275  0.00033571      0.88312442D-10
  276  0.00033982      0.92699075D-10
  277  0.00034397      0.97303395D-10
  278  0.00034818      0.10213619D-09
  279  0.00035244      0.10720878D-09
  280  0.00035676      0.11253306D-09
  281  0.00036112      0.11812150D-09
  282  0.00036554      0.12398718D-09
  283  0.00037001      0.13014384D-09
  284  0.00037454      0.13660590D-09
  285  0.00037913      0.14338850D-09
  286  0.00038377      0.15050749D-09
  287  0.00038846      0.15797956D-09
  288  0.00039321      0.16582218D-09
  289  0.00039803      0.17405371D-09
  290  0.00040290      0.18269341D-09
  291  0.00040783      0.19176148D-09
  292  0.00041282      0.20127915D-09
  293  0.00041787      0.21126866D-09
  294  0.00042298      0.22175337D-09
  295  0.00042816      0.23275780D-09
  296  0.00043340      0.24430768D-09
  297  0.00043870      0.25642998D-09
  298  0.00044407      0.26915305D-09
  299  0.00044950      0.28250661D-09
  300  0.00045500      0.29652186D-09
  301  0.00046057      0.31123153D-09
  302  0.00046621      0.32666997D-09
  303  0.00047191      0.34287322D-09
  304  0.00047769      0.35987913D-09
  305  0.00048353      0.37772738D-09
  306  0.00048945      0.39645962D-09
  307  0.00049544      0.41611956D-09
  308  0.00050150      0.43675308D-09
  309  0.00050764      0.45840828D-09
  310  0.00051385      0.48113568D-09
  311  0.00052014      0.50498827D-09
  312  0.00052650      0.53002165D-09
  313  0.00053295      0.55629418D-09
  314  0.00053947      0.58386706D-09
  315  0.00054607      0.61280454D-09
  316  0.00055275      0.64317404D-09
  317  0.00055951      0.67504627D-09
  318  0.00056636      0.70849546D-09
  319  0.00057329      0.74359946D-09
  320  0.00058031      0.78043999D-09
  321  0.00058741      0.81910278D-09
  322  0.00059460      0.85967777D-09
  323  0.00060187      0.90225934D-09
  324  0.00060924      0.94694652D-09
  325  0.00061669      0.99384321D-09
  326  0.00062424      0.10430584D-08
  327  0.00063188      0.10947065D-08
  328  0.00063961      0.11489075D-08
  329  0.00064744      0.12057873D-08
  330  0.00065536      0.12654780D-08
  331  0.00066338      0.13281181D-08
  332  0.00067150      0.13938532D-08
  333  0.00067971      0.14628357D-08
  334  0.00068803      0.15352257D-08
  335  0.00069645      0.16111911D-08
  336  0.00070497      0.16909080D-08
  337  0.00071360      0.17745614D-08
  338  0.00072233      0.18623450D-08
  339  0.00073117      0.19544623D-08
  340  0.00074012      0.20511267D-08
  341  0.00074917      0.21525620D-08
  342  0.00075834      0.22590031D-08
  343  0.00076762      0.23706964D-08
  344  0.00077701      0.24879004D-08
  345  0.00078652      0.26108861D-08
  346  0.00079615      0.27399380D-08
  347  0.00080589      0.28753546D-08
  348  0.00081575      0.30174488D-08
  349  0.00082573      0.31665489D-08
  350  0.00083584      0.33229993D-08
  351  0.00084606      0.34871614D-08
  352  0.00085642      0.36594142D-08
  353  0.00086690      0.38401552D-08
  354  0.00087750      0.40298013D-08
  355  0.00088824      0.42287901D-08
  356  0.00089911      0.44375802D-08
  357  0.00091011      0.46566531D-08
  358  0.00092125      0.48865133D-08
  359  0.00093252      0.51276905D-08
  360  0.00094393      0.53807400D-08
  361  0.00095549      0.56462441D-08
  362  0.00096718      0.59248140D-08
  363  0.00097901      0.62170903D-08
  364  0.00099099      0.65237451D-08
  365  0.00100312      0.68454834D-08
  366  0.00101539      0.71830443D-08
  367  0.00102782      0.75372032D-08
  368  0.00104040      0.79087733D-08
  369  0.00105313      0.82986075D-08
  370  0.00106601      0.87076000D-08
  371  0.00107906      0.91366889D-08
  372  0.00109226      0.95868580D-08
  373  0.00110563      0.10059139D-07
  374  0.00111916      0.10554613D-07
  375  0.00113285      0.11074415D-07
  376  0.00114672      0.11619735D-07
  377  0.00116075      0.12191821D-07
  378  0.00117495      0.12791980D-07
  379  0.00118933      0.13421584D-07
  380  0.00120388      0.14082073D-07
  381  0.00121861      0.14774955D-07
  382  0.00123353      0.15501810D-07
  383  0.00124862      0.16264299D-07
  384  0.00126390      0.17064160D-07
  385  0.00127937      0.17903216D-07
  386  0.00129502      0.18783380D-07
  387  0.00131087      0.19706655D-07
  388  0.00132691      0.20675145D-07
  389  0.00134315      0.21691052D-07
  390  0.00135958      0.22756688D-07
  391  0.00137622      0.23874473D-07
  392  0.00139306      0.25046949D-07
  393  0.00141011      0.26276778D-07
  394  0.00142736      0.27566750D-07
  395  0.00144483      0.28919792D-07
  396  0.00146251      0.30338972D-07
  397  0.00148040      0.31827506D-07
  398  0.00149852      0.33388764D-07
  399  0.00151686      0.35026282D-07
  400  0.00153542      0.36743763D-07
  401  0.00155421      0.38545091D-07
  402  0.00157322      0.40434336D-07
  403  0.00159248      0.42415765D-07
  404  0.00161196      0.44493850D-07
  405  0.00163169      0.46673279D-07
  406  0.00165165      0.48958966D-07
  407  0.00167187      0.51356058D-07
  408  0.00169232      0.53869955D-07
  409  0.00171303      0.56506313D-07
  410  0.00173399      0.59271061D-07
  411  0.00175521      0.62170411D-07
  412  0.00177669      0.65210875D-07
  413  0.00179843      0.68399278D-07
  414  0.00182044      0.71742771D-07
  415  0.00184272      0.75248847D-07
  416  0.00186526      0.78925360D-07
  417  0.00188809      0.82780539D-07
  418  0.00191119      0.86823007D-07
  419  0.00193458      0.91061800D-07
  420  0.00195825      0.95506385D-07
  421  0.00198222      0.10016668D-06
  422  0.00200647      0.10505308D-06
  423  0.00203102      0.11017648D-06
  424  0.00205588      0.11554828D-06
  425  0.00208103      0.12118044D-06
  426  0.00210650      0.12708548D-06
  427  0.00213228      0.13327653D-06
  428  0.00215837      0.13976731D-06
  429  0.00218478      0.14657224D-06
  430  0.00221152      0.15370639D-06
  431  0.00223858      0.16118556D-06
  432  0.00226597      0.16902631D-06
  433  0.00229370      0.17724595D-06
  434  0.00232177      0.18586267D-06
  435  0.00235018      0.19489545D-06
  436  0.00237894      0.20436424D-06
  437  0.00240805      0.21428988D-06
  438  0.00243751      0.22469422D-06
  439  0.00246734      0.23560014D-06
  440  0.00249753      0.24703160D-06
  441  0.00252809      0.25901369D-06
  442  0.00255903      0.27157268D-06
  443  0.00259034      0.28473610D-06
  444  0.00262204      0.29853274D-06
  445  0.00265413      0.31299277D-06
  446  0.00268660      0.32814778D-06
  447  0.00271948      0.34403082D-06
  448  0.00275276      0.36067653D-06
  449  0.00278644      0.37812114D-06
  450  0.00282054      0.39640260D-06
  451  0.00285505      0.41556063D-06
  452  0.00288999      0.43563681D-06
  453  0.00292535      0.45667466D-06
  454  0.00296115      0.47871975D-06
  455  0.00299739      0.50181977D-06
  456  0.00303406      0.52602461D-06
  457  0.00307119      0.55138653D-06
  458  0.00310877      0.57796019D-06
  459  0.00314682      0.60580280D-06
  460  0.00318532      0.63497425D-06
  461  0.00322430      0.66553718D-06
  462  0.00326376      0.69755716D-06
  463  0.00330369      0.73110278D-06
  464  0.00334412      0.76624584D-06
  465  0.00338504      0.80306143D-06
  466  0.00342646      0.84162812D-06
  467  0.00346839      0.88202811D-06
  468  0.00351083      0.92434739D-06
  469  0.00355379      0.96867592D-06
  470  0.00359728      0.10151078D-05
  471  0.00364130      0.10637414D-05
  472  0.00368586      0.11146798D-05
  473  0.00373096      0.11680305D-05
  474  0.00377662      0.12239062D-05
  475  0.00382283      0.12824246D-05
  476  0.00386961      0.13437090D-05
  477  0.00391696      0.14078879D-05
  478  0.00396489      0.14750962D-05
  479  0.00401341      0.15454746D-05
  480  0.00406252      0.16191702D-05
  481  0.00411223      0.16963370D-05
  482  0.00416255      0.17771358D-05
  483  0.00421349      0.18617348D-05
  484  0.00426505      0.19503097D-05
  485  0.00431724      0.20430444D-05
  486  0.00437007      0.21401308D-05
  487  0.00442354      0.22417696D-05
  488  0.00447767      0.23481706D-05
  489  0.00453247      0.24595529D-05
  490  0.00458793      0.25761455D-05
  491  0.00464407      0.26981879D-05
  492  0.00470090      0.28259299D-05
  493  0.00475842      0.29596328D-05
  494  0.00481665      0.30995694D-05
  495  0.00487559      0.32460248D-05
  496  0.00493525      0.33992967D-05
  497  0.00499564      0.35596962D-05
  498  0.00505677      0.37275479D-05
  499  0.00511865      0.39031911D-05
  500  0.00518129      0.40869799D-05
  501  0.00524469      0.42792842D-05
  502  0.00530887      0.44804901D-05
  503  0.00537383      0.46910007D-05
  504  0.00543959      0.49112371D-05
  505  0.00550615      0.51416384D-05
  506  0.00557353      0.53826632D-05
  507  0.00564173      0.56347903D-05
  508  0.00571077      0.58985190D-05
  509  0.00578065      0.61743707D-05
  510  0.00585139      0.64628894D-05
  511  0.00592299      0.67646426D-05
  512  0.00599547      0.70802223D-05
  513  0.00606883      0.74102464D-05
  514  0.00614310      0.77553591D-05
  515  0.00621827      0.81162327D-05
  516  0.00629436      0.84935680D-05
  517  0.00637138      0.88880961D-05
  518  0.00644935      0.93005792D-05
  519  0.00652827      0.97318123D-05
  520  0.00660815      0.10182624D-04
  521  0.00668902      0.10653878D-04
  522  0.00677087      0.11146475D-04
  523  0.00685372      0.11661354D-04
  524  0.00693759      0.12199492D-04
  525  0.00702248      0.12761910D-04
  526  0.00710842      0.13349668D-04
  527  0.00719540      0.13963875D-04
  528  0.00728345      0.14605682D-04
  529  0.00737257      0.15276291D-04
  530  0.00746279      0.15976952D-04
  531  0.00755411      0.16708968D-04
  532  0.00764655      0.17473696D-04
  533  0.00774012      0.18272547D-04
  534  0.00783483      0.19106993D-04
  535  0.00793071      0.19978564D-04
  536  0.00802775      0.20888852D-04
  537  0.00812599      0.21839517D-04
  538  0.00822542      0.22832283D-04
  539  0.00832607      0.23868946D-04
  540  0.00842796      0.24951374D-04
  541  0.00853109      0.26081509D-04
  542  0.00863548      0.27261372D-04
  543  0.00874115      0.28493064D-04
  544  0.00884812      0.29778771D-04
  545  0.00895639      0.31120764D-04
  546  0.00906599      0.32521406D-04
  547  0.00917692      0.33983151D-04
  548  0.00928922      0.35508549D-04
  549  0.00940289      0.37100253D-04
  550  0.00951795      0.38761015D-04
  551  0.00963442      0.40493698D-04
  552  0.00975232      0.42301272D-04
  553  0.00987165      0.44186824D-04
  554  0.00999245      0.46153557D-04
  555  0.01011472      0.48204798D-04
  556  0.01023850      0.50344001D-04
  557  0.01036378      0.52574748D-04
  558  0.01049060      0.54900759D-04
  559  0.01061897      0.57325890D-04
  560  0.01074892      0.59854145D-04
  561  0.01088045      0.62489672D-04
  562  0.01101359      0.65236777D-04
  563  0.01114836      0.68099921D-04
  564  0.01128478      0.71083729D-04
  565  0.01142287      0.74192995D-04
  566  0.01156265      0.77432684D-04
  567  0.01170414      0.80807944D-04
  568  0.01184736      0.84324103D-04
  569  0.01199233      0.87986680D-04
  570  0.01213908      0.91801390D-04
  571  0.01228762      0.95774148D-04
  572  0.01243798      0.99911075D-04
  573  0.01259018      0.10421850D-03
  574  0.01274425      0.10870299D-03
  575  0.01290020      0.11337131D-03
  576  0.01305805      0.11823046D-03
  577  0.01321784      0.12328770D-03
  578  0.01337959      0.12855051D-03
  579  0.01354331      0.13402662D-03
  580  0.01370904      0.13972403D-03
  581  0.01387679      0.14565098D-03
  582  0.01404660      0.15181600D-03
  583  0.01421848      0.15822787D-03
  584  0.01439247      0.16489569D-03
  585  0.01456859      0.17182880D-03
  586  0.01474686      0.17903687D-03
  587  0.01492731      0.18652984D-03
  588  0.01510998      0.19431799D-03
  589  0.01529487      0.20241188D-03
  590  0.01548203      0.21082241D-03
  591  0.01567148      0.21956080D-03
  592  0.01586325      0.22863859D-03
  593  0.01605737      0.23806766D-03
  594  0.01625386      0.24786025D-03
  595  0.01645275      0.25802892D-03
  596  0.01665408      0.26858661D-03
  597  0.01685787      0.27954659D-03
  598  0.01706416      0.29092252D-03
  599  0.01727297      0.30272840D-03
  600  0.01748434      0.31497863D-03
  601  0.01769829      0.32768797D-03
  602  0.01791486      0.34087154D-03
  603  0.01813408      0.35454489D-03
  604  0.01835598      0.36872391D-03
  605  0.01858060      0.38342490D-03
  606  0.01880797      0.39866454D-03
  607  0.01903812      0.41445990D-03
  608  0.01927108      0.43082845D-03
  609  0.01950690      0.44778803D-03
  610  0.01974560      0.46535690D-03
  611  0.01998722      0.48355368D-03
  612  0.02023180      0.50239739D-03
  613  0.02047937      0.52190742D-03
  614  0.02072997      0.54210356D-03
  615  0.02098364      0.56300594D-03
  616  0.02124041      0.58463510D-03
  617  0.02150033      0.60701191D-03
  618  0.02176342      0.63015759D-03
  619  0.02202974      0.65409371D-03
  620  0.02229931      0.67884219D-03
  621  0.02257218      0.70442525D-03
  622  0.02284839      0.73086541D-03
  623  0.02312798      0.75818549D-03
  624  0.02341099      0.78640859D-03
  625  0.02369747      0.81555807D-03
  626  0.02398745      0.84565751D-03
  627  0.02428098      0.87673071D-03
  628  0.02457810      0.90880168D-03
  629  0.02487886      0.94189457D-03
  630  0.02518329      0.97603370D-03
  631  0.02549146      0.10112435D-02
  632  0.02580339      0.10475484D-02
  633  0.02611914      0.10849729D-02
  634  0.02643876      0.11235417D-02
  635  0.02676228      0.11632792D-02
  636  0.02708976      0.12042099D-02
  637  0.02742126      0.12463580D-02
  638  0.02775680      0.12897478D-02
  639  0.02809646      0.13344032D-02
  640  0.02844027      0.13803479D-02
  641  0.02878829      0.14276053D-02
  642  0.02914056      0.14761983D-02
  643  0.02949715      0.15261495D-02
  644  0.02985810      0.15774810D-02
  645  0.03022346      0.16302142D-02
  646  0.03059330      0.16843701D-02
  647  0.03096767      0.17399687D-02
  648  0.03134661      0.17970293D-02
  649  0.03173019      0.18555706D-02
  650  0.03211847      0.19156100D-02
  651  0.03251149      0.19771639D-02
  652  0.03290933      0.20402478D-02
  653  0.03331203      0.21048757D-02
  654  0.03371967      0.21710606D-02
  655  0.03413229      0.22388136D-02
  656  0.03454996      0.23081448D-02
  657  0.03497274      0.23790623D-02
  658  0.03540069      0.24515726D-02
  659  0.03583388      0.25256803D-02
  660  0.03627237      0.26013880D-02
  661  0.03671623      0.26786963D-02
  662  0.03716552      0.27576035D-02
  663  0.03762030      0.28381055D-02
  664  0.03808065      0.29201958D-02
  665  0.03854664      0.30038653D-02
  666  0.03901832      0.30891021D-02
  667  0.03949578      0.31758914D-02
  668  0.03997908      0.32642155D-02
  669  0.04046830      0.33540535D-02
  670  0.04096350      0.34453811D-02
  671  0.04146476      0.35381706D-02
  672  0.04197216      0.36323909D-02
  673  0.04248576      0.37280069D-02
  674  0.04300565      0.38249797D-02
  675  0.04353190      0.39232666D-02
  676  0.04406459      0.40228205D-02
  677  0.04460380      0.41235901D-02
  678  0.04514961      0.42255197D-02
  679  0.04570209      0.43285489D-02
  680  0.04626134      0.44326129D-02
  681  0.04682743      0.45376418D-02
  682  0.04740045      0.46435608D-02
  683  0.04798048      0.47502902D-02
  684  0.04856760      0.48577448D-02
  685  0.04916191      0.49658345D-02
  686  0.04976350      0.50744635D-02
  687  0.05037244      0.51835307D-02
  688  0.05098884      0.52929294D-02
  689  0.05161278      0.54025473D-02
  690  0.05224435      0.55122664D-02
  691  0.05288365      0.56219629D-02
  692  0.05353078      0.57315073D-02
  693  0.05418582      0.58407644D-02
  694  0.05484888      0.59495930D-02
  695  0.05552006      0.60578462D-02
  696  0.05619944      0.61653715D-02
  697  0.05688714      0.62720105D-02
  698  0.05758326      0.63775992D-02
  699  0.05828789      0.64819680D-02
  700  0.05900115      0.65849420D-02
  701  0.05972313      0.66863409D-02
  702  0.06045395      0.67859792D-02
  703  0.06119371      0.68836664D-02
  704  0.06194253      0.69792073D-02
  705  0.06270050      0.70724021D-02
  706  0.06346776      0.71630467D-02
  707  0.06424440      0.72509331D-02
  708  0.06503054      0.73358495D-02
  709  0.06582631      0.74175810D-02
  710  0.06663181      0.74959094D-02
  711  0.06744717      0.75706144D-02
  712  0.06827250      0.76414734D-02
  713  0.06910794      0.77082623D-02
  714  0.06995360      0.77707558D-02
  715  0.07080960      0.78287285D-02
  716  0.07167609      0.78819546D-02
  717  0.07255317      0.79302094D-02
  718  0.07344099      0.79732695D-02
  719  0.07433967      0.80109136D-02
  720  0.07524935      0.80429231D-02
  721  0.07617016      0.80690833D-02
  722  0.07710223      0.80891838D-02
  723  0.07804572      0.81030193D-02
  724  0.07900074      0.81103908D-02
  725  0.07996746      0.81111065D-02
  726  0.08094600      0.81049823D-02
  727  0.08193652      0.80918433D-02
  728  0.08293916      0.80715246D-02
  729  0.08395407      0.80438720D-02
  730  0.08498140      0.80087437D-02
  731  0.08602129      0.79660107D-02
  732  0.08707392      0.79155584D-02
  733  0.08813942      0.78572875D-02
  734  0.08921796      0.77911149D-02
  735  0.09030971      0.77169752D-02
  736  0.09141481      0.76348217D-02
  737  0.09253343      0.75446273D-02
  738  0.09366574      0.74463859D-02
  739  0.09481191      0.73401133D-02
  740  0.09597210      0.72258486D-02
  741  0.09714649      0.71036547D-02
  742  0.09833525      0.69736200D-02
  743  0.09953855      0.68358590D-02
  744  0.10075659      0.66905134D-02
  745  0.10198952      0.65377530D-02
  746  0.10323755      0.63777765D-02
  747  0.10450084      0.62108126D-02
  748  0.10577959      0.60371204D-02
  749  0.10707400      0.58569903D-02
  750  0.10838424      0.56707443D-02
  751  0.10971051      0.54787372D-02
  752  0.11105301      0.52813561D-02
  753  0.11241194      0.50790214D-02
  754  0.11378750      0.48721866D-02
  755  0.11517990      0.46613386D-02
  756  0.11658933      0.44469978D-02
  757  0.11801601      0.42297172D-02
  758  0.11946014      0.40100831D-02
  759  0.12092195      0.37887139D-02
  760  0.12240164      0.35662594D-02
  761  0.12389945      0.33434008D-02
  762  0.12541558      0.31208490D-02
  763  0.12695026      0.28993435D-02
  764  0.12850372      0.26796517D-02
  765  0.13007619      0.24625667D-02
  766  0.13166791      0.22489061D-02
  767  0.13327910      0.20395099D-02
  768  0.13491000      0.18352385D-02
  769  0.13656087      0.16369704D-02
  770  0.13823193      0.14455999D-02
  771  0.13992345      0.12620344D-02
  772  0.14163566      0.10871912D-02
  773  0.14336882      0.92199524D-03
  774  0.14512320      0.76737505D-03
  775  0.14689904      0.62425989D-03
  776  0.14869661      0.49357601D-03
  777  0.15051618      0.37624288D-03
  778  0.15235801      0.27316931D-03
  779  0.15422238      0.18524939D-03
  780  0.15610957      0.11335830D-03
  781  0.15801984      0.58347975D-04
  782  0.15995350      0.21042686D-04
  783  0.16191081      0.22344892D-05
  784  0.16389208      0.26786290D-05
  785  0.16589759      0.23088865D-04
  786  0.16792764      0.64132762D-04
  787  0.16998254      0.12642696D-03
  788  0.17206258      0.21053246D-03
  789  0.17416807      0.31694991D-03
  790  0.17629932      0.44611497D-03
  791  0.17845666      0.59839377D-03
  792  0.18064039      0.77407842D-03
  793  0.18285085      0.97338271D-03
  794  0.18508836      0.11964380D-02
  795  0.18735324      0.14432890D-02
  796  0.18964584      0.17138907D-02
  797  0.19196650      0.20081039D-02
  798  0.19431555      0.23256929D-02
  799  0.19669334      0.26663222D-02
  800  0.19910024      0.30295540D-02
  801  0.20153658      0.34148461D-02
  802  0.20400274      0.38215502D-02
  803  0.20649908      0.42489104D-02
  804  0.20902596      0.46960626D-02
  805  0.21158376      0.51620341D-02
  806  0.21417287      0.56457434D-02
  807  0.21679365      0.61460016D-02
  808  0.21944651      0.66615129D-02
  809  0.22213183      0.71908771D-02
  810  0.22485001      0.77325915D-02
  811  0.22760145      0.82850544D-02
  812  0.23038656      0.88465684D-02
  813  0.23320575      0.94153451D-02
  814  0.23605943      0.99895096D-02
  815  0.23894804      0.10567106D-01
  816  0.24187199      0.11146106D-01
  817  0.24483173      0.11724410D-01
  818  0.24782768      0.12299862D-01
  819  0.25086029      0.12870252D-01
  820  0.25393001      0.13433327D-01
  821  0.25703730      0.13986800D-01
  822  0.26018261      0.14528359D-01
  823  0.26336641      0.15055680D-01
  824  0.26658916      0.15566432D-01
  825  0.26985135      0.16058297D-01
  826  0.27315347      0.16528971D-01
  827  0.27649598      0.16976185D-01
  828  0.27987940      0.17397712D-01
  829  0.28330423      0.17791381D-01
  830  0.28677096      0.18155089D-01
  831  0.29028011      0.18486814D-01
  832  0.29383220      0.18784629D-01
  833  0.29742776      0.19046711D-01
  834  0.30106732      0.19271357D-01
  835  0.30475142      0.19456996D-01
  836  0.30848059      0.19602196D-01
  837  0.31225540      0.19705685D-01
  838  0.31607640      0.19766354D-01
  839  0.31994416      0.19783269D-01
  840  0.32385924      0.19755688D-01
  841  0.32782224      0.19683061D-01
  842  0.33183373      0.19565045D-01
  843  0.33589430      0.19401510D-01
  844  0.34000457      0.19192547D-01
  845  0.34416513      0.18938475D-01
  846  0.34837660      0.18639842D-01
  847  0.35263961      0.18297435D-01
  848  0.35695478      0.17912280D-01
  849  0.36132276      0.17485643D-01
  850  0.36574418      0.17019035D-01
  851  0.37021972      0.16514206D-01
  852  0.37475001      0.15973148D-01
  853  0.37933575      0.15398091D-01
  854  0.38397759      0.14791494D-01
  855  0.38867624      0.14156048D-01
  856  0.39343239      0.13494662D-01
  857  0.39824673      0.12810458D-01
  858  0.40311999      0.12106759D-01
  859  0.40805288      0.11387082D-01
  860  0.41304613      0.10655123D-01
  861  0.41810049      0.99147439D-02
  862  0.42321669      0.91699578D-02
  863  0.42839550      0.84249149D-02
  864  0.43363768      0.76838841D-02
  865  0.43894401      0.69512357D-02
  866  0.44431527      0.62314223D-02
  867  0.44975226      0.55289595D-02
  868  0.45525578      0.48484051D-02
  869  0.46082664      0.41943376D-02
  870  0.46646567      0.35713350D-02
  871  0.47217371      0.29839516D-02
  872  0.47795160      0.24366959D-02
  873  0.48380019      0.19340072D-02
  874  0.48972034      0.14802321D-02
  875  0.49571294      0.10796019D-02
  876  0.50177887      0.73620872D-03
  877  0.50791903      0.45398271D-03
  878  0.51413432      0.23666956D-03
  879  0.52042567      0.87808221D-04
  880  0.52679400      0.10709365D-04
  881  0.53324026      0.84346657D-05
  882  0.53976541      0.83776914D-04
  883  0.54637040      0.23924119D-03
  884  0.55305621      0.47702718D-03
  885  0.55982384      0.79901285D-03
  886  0.56667428      0.12067394D-02
  887  0.57360855      0.17013979D-02
  888  0.58062767      0.22838173D-02
  889  0.58773268      0.29544547D-02
  890  0.59492464      0.37133868D-02
  891  0.60220460      0.45603035D-02
  892  0.60957364      0.54945035D-02
  893  0.61703286      0.65148922D-02
  894  0.62458335      0.76199809D-02
  895  0.63222624      0.88078888D-02
  896  0.63996266      0.10076347D-01
  897  0.64779374      0.11422703D-01
  898  0.65572065      0.12843931D-01
  899  0.66374455      0.14336640D-01
  900  0.67186665      0.15897087D-01
  901  0.68008813      0.17521189D-01
  902  0.68841022      0.19204543D-01
  903  0.69683415      0.20942438D-01
  904  0.70536115      0.22729878D-01
  905  0.71399250      0.24561603D-01
  906  0.72272947      0.26432111D-01
  907  0.73157335      0.28335680D-01
  908  0.74052545      0.30266397D-01
  909  0.74958710      0.32218181D-01
  910  0.75875963      0.34184812D-01
  911  0.76804440      0.36159960D-01
  912  0.77744279      0.38137211D-01
  913  0.78695619      0.40110102D-01
  914  0.79658600      0.42072146D-01
  915  0.80633364      0.44016864D-01
  916  0.81620057      0.45937818D-01
  917  0.82618824      0.47828639D-01
  918  0.83629812      0.49683055D-01
  919  0.84653171      0.51494928D-01
  920  0.85689053      0.53258274D-01
  921  0.86737611      0.54967299D-01
  922  0.87799000      0.56616422D-01
  923  0.88873377      0.58200302D-01
  924  0.89960901      0.59713864D-01
  925  0.91061733      0.61152321D-01
  926  0.92176035      0.62511197D-01
  927  0.93303973      0.63786344D-01
  928  0.94445713      0.64973964D-01
  929  0.95601424      0.66070622D-01
  930  0.96771278      0.67073259D-01
  931  0.97955447      0.67979207D-01
  932  0.99154106      0.68786194D-01
  933  1.00367433      0.69492354D-01
  934  1.01595607      0.70096228D-01
  935  1.02838810      0.70596769D-01
  936  1.04097226      0.70993342D-01
  937  1.05371040      0.71285717D-01
  938  1.06660443      0.71474067D-01
  939  1.07965623      0.71558963D-01
  940  1.09286774      0.71541358D-01
  941  1.10624092      0.71422582D-01
  942  1.11977775      0.71204325D-01
  943  1.13348022      0.70888621D-01
  944  1.14735037      0.70477837D-01
  945  1.16139024      0.69974646D-01
  946  1.17560192      0.69382013D-01
  947  1.18998750      0.68703173D-01
  948  1.20454911      0.67941609D-01
  949  1.21928891      0.67101029D-01
  950  1.23420908      0.66185340D-01
  951  1.24931183      0.65198629D-01
  952  1.26459938      0.64145135D-01
  953  1.28007400      0.63029226D-01
  954  1.29573799      0.61855375D-01
  955  1.31159364      0.60628134D-01
  956  1.32764333      0.59352112D-01
  957  1.34388940      0.58031950D-01
  958  1.36033428      0.56672301D-01
  959  1.37698039      0.55277805D-01
  960  1.39383020      0.53853067D-01
  961  1.41088619      0.52402641D-01
  962  1.42815089      0.50931009D-01
  963  1.44562686      0.49442561D-01
  964  1.46331667      0.47941580D-01
  965  1.48122296      0.46432227D-01
  966  1.49934836      0.44918526D-01
  967  1.51769555      0.43404350D-01
  968  1.53626725      0.41893413D-01
  969  1.55506622      0.40389256D-01
  970  1.57409522      0.38895240D-01
  971  1.59335707      0.37414539D-01
  972  1.61285463      0.35950136D-01
  973  1.63259078      0.34504814D-01
  974  1.65256843      0.33081156D-01
  975  1.67279055      0.31681542D-01
  976  1.69326011      0.30308149D-01
  977  1.71398016      0.28962951D-01
  978  1.73495376      0.27647718D-01
  979  1.75618401      0.26364026D-01
  980  1.77767404      0.25113251D-01
  981  1.79942705      0.23896580D-01
  982  1.82144624      0.22715016D-01
  983  1.84373487      0.21569378D-01
  984  1.86629625      0.20460317D-01
  985  1.88913370      0.19388316D-01
  986  1.91225062      0.18353699D-01
  987  1.93565040      0.17356642D-01
  988  1.95933653      0.16397181D-01
  989  1.98331250      0.15475216D-01
  990  2.00758185      0.14590527D-01
  991  2.03214819      0.13742778D-01
  992  2.05701514      0.12931527D-01
  993  2.08218638      0.12156240D-01
  994  2.10766563      0.11416290D-01
  995  2.13345667      0.10710977D-01
  996  2.15956331      0.10039529D-01
  997  2.18598941      0.94011132D-02
  998  2.21273888      0.87948451D-02
  999  2.23981567      0.82197947D-02
 1000  2.26722380      0.76749946D-02
 1001  2.29496732      0.71594478D-02
 1002  2.32305033      0.66721339D-02
 1003  2.35147698      0.62122449D-02
 1004  2.38025149      0.57788140D-02
 1005  2.40937810      0.53708982D-02
 1006  2.43886112      0.49874955D-02
 1007  2.46870493      0.46275779D-02
 1008  2.49891393      0.42901028D-02
 1009  2.52949258      0.39740235D-02
 1010  2.56044542      0.36782971D-02
 1011  2.59177703      0.34018923D-02
 1012  2.62349203      0.31437952D-02
 1013  2.65559512      0.29030148D-02
 1014  2.68809106      0.26785837D-02
 1015  2.72098463      0.24695501D-02
 1016  2.75428072      0.22749997D-02
 1017  2.78798424      0.20940509D-02
 1018  2.82210019      0.19258615D-02
 1019  2.85663361      0.17696320D-02
 1020  2.89158960      0.16246194D-02
 1021  2.92697334      0.14901223D-02
 1022  2.96279007      0.13654837D-02
 1023  2.99904508      0.12500840D-02
 1024  3.03574373      0.11433376D-02
 1025  3.07289145      0.10446887D-02
 1026  3.11049375      0.95360986D-03
 1027  3.14855617      0.86960173D-03
 1028  3.18708436      0.79219142D-03
 1029  3.22608401      0.72093174D-03
 1030  3.26556088      0.65540018D-03
 1031  3.30552083      0.59519795D-03
 1032  3.34596976      0.53994900D-03
