 ir        r              f(r)*r^2
    1  0.00001199      0.99071766D-08
    2  0.00001213      0.10150999D-07
    3  0.00001228      0.10400820D-07
    4  0.00001243      0.10656788D-07
    5  0.00001258      0.10919054D-07
    6  0.00001274      0.11187772D-07
    7  0.00001289      0.11463102D-07
    8  0.00001305      0.11745206D-07
    9  0.00001321      0.12034250D-07
   10  0.00001337      0.12330405D-07
   11  0.00001354      0.12633847D-07
   12  0.00001370      0.12944754D-07
   13  0.00001387      0.13263309D-07
   14  0.00001404      0.13589702D-07
   15  0.00001421      0.13924124D-07
   16  0.00001438      0.14266774D-07
   17  0.00001456      0.14617853D-07
   18  0.00001474      0.14977568D-07
   19  0.00001492      0.15346133D-07
   20  0.00001510      0.15723764D-07
   21  0.00001529      0.16110685D-07
   22  0.00001547      0.16507123D-07
   23  0.00001566      0.16913314D-07
   24  0.00001585      0.17329497D-07
   25  0.00001605      0.17755917D-07
   26  0.00001624      0.18192826D-07
   27  0.00001644      0.18640482D-07
   28  0.00001664      0.19099149D-07
   29  0.00001685      0.19569098D-07
   30  0.00001705      0.20050606D-07
   31  0.00001726      0.20543958D-07
   32  0.00001747      0.21049445D-07
   33  0.00001769      0.21567364D-07
   34  0.00001790      0.22098022D-07
   35  0.00001812      0.22641731D-07
   36  0.00001835      0.23198813D-07
   37  0.00001857      0.23769596D-07
   38  0.00001880      0.24354416D-07
   39  0.00001903      0.24953620D-07
   40  0.00001926      0.25567560D-07
   41  0.00001950      0.26196599D-07
   42  0.00001973      0.26841108D-07
   43  0.00001998      0.27501467D-07
   44  0.00002022      0.28178065D-07
   45  0.00002047      0.28871301D-07
   46  0.00002072      0.29581585D-07
   47  0.00002097      0.30309336D-07
   48  0.00002123      0.31054982D-07
   49  0.00002149      0.31818964D-07
   50  0.00002175      0.32601731D-07
   51  0.00002202      0.33403746D-07
   52  0.00002229      0.34225482D-07
   53  0.00002256      0.35067422D-07
   54  0.00002284      0.35930065D-07
   55  0.00002312      0.36813917D-07
   56  0.00002340      0.37719500D-07
   57  0.00002368      0.38647349D-07
   58  0.00002397      0.39598010D-07
   59  0.00002427      0.40572043D-07
   60  0.00002456      0.41570024D-07
   61  0.00002487      0.42592539D-07
   62  0.00002517      0.43640192D-07
   63  0.00002548      0.44713600D-07
   64  0.00002579      0.45813396D-07
   65  0.00002610      0.46940229D-07
   66  0.00002642      0.48094761D-07
   67  0.00002675      0.49277674D-07
   68  0.00002707      0.50489664D-07
   69  0.00002741      0.51731446D-07
   70  0.00002774      0.53003751D-07
   71  0.00002808      0.54307329D-07
   72  0.00002842      0.55642948D-07
   73  0.00002877      0.57011394D-07
   74  0.00002912      0.58413474D-07
   75  0.00002948      0.59850014D-07
   76  0.00002984      0.61321860D-07
   77  0.00003021      0.62829879D-07
   78  0.00003058      0.64374958D-07
   79  0.00003095      0.65958008D-07
   80  0.00003133      0.67579961D-07
   81  0.00003171      0.69241772D-07
   82  0.00003210      0.70944419D-07
   83  0.00003249      0.72688905D-07
   84  0.00003289      0.74476257D-07
   85  0.00003329      0.76307527D-07
   86  0.00003370      0.78183794D-07
   87  0.00003411      0.80106160D-07
   88  0.00003453      0.82075759D-07
   89  0.00003495      0.84093749D-07
   90  0.00003538      0.86161317D-07
   91  0.00003581      0.88279681D-07
   92  0.00003625      0.90450087D-07
   93  0.00003670      0.92673811D-07
   94  0.00003714      0.94952163D-07
   95  0.00003760      0.97286482D-07
   96  0.00003806      0.99678142D-07
   97  0.00003853      0.10212855D-06
   98  0.00003900      0.10463915D-06
   99  0.00003947      0.10721141D-06
  100  0.00003996      0.10984685D-06
  101  0.00004045      0.11254701D-06
  102  0.00004094      0.11531349D-06
  103  0.00004144      0.11814792D-06
  104  0.00004195      0.12105195D-06
  105  0.00004246      0.12402730D-06
  106  0.00004298      0.12707571D-06
  107  0.00004351      0.13019898D-06
  108  0.00004404      0.13339894D-06
  109  0.00004458      0.13667747D-06
  110  0.00004512      0.14003650D-06
  111  0.00004568      0.14347800D-06
  112  0.00004624      0.14700400D-06
  113  0.00004680      0.15061656D-06
  114  0.00004737      0.15431781D-06
  115  0.00004795      0.15810992D-06
  116  0.00004854      0.16199511D-06
  117  0.00004913      0.16597568D-06
  118  0.00004974      0.17005396D-06
  119  0.00005034      0.17423233D-06
  120  0.00005096      0.17851326D-06
  121  0.00005158      0.18289926D-06
  122  0.00005222      0.18739290D-06
  123  0.00005285      0.19199682D-06
  124  0.00005350      0.19671373D-06
  125  0.00005416      0.20154638D-06
  126  0.00005482      0.20649761D-06
  127  0.00005549      0.21157033D-06
  128  0.00005617      0.21676752D-06
  129  0.00005686      0.22209222D-06
  130  0.00005755      0.22754756D-06
  131  0.00005826      0.23313673D-06
  132  0.00005897      0.23886301D-06
  133  0.00005969      0.24472976D-06
  134  0.00006042      0.25074042D-06
  135  0.00006116      0.25689851D-06
  136  0.00006191      0.26320764D-06
  137  0.00006267      0.26967150D-06
  138  0.00006343      0.27629390D-06
  139  0.00006421      0.28307869D-06
  140  0.00006499      0.29002987D-06
  141  0.00006579      0.29715149D-06
  142  0.00006659      0.30444774D-06
  143  0.00006741      0.31192287D-06
  144  0.00006823      0.31958128D-06
  145  0.00006907      0.32742744D-06
  146  0.00006991      0.33546595D-06
  147  0.00007077      0.34370151D-06
  148  0.00007164      0.35213894D-06
  149  0.00007251      0.36078317D-06
  150  0.00007340      0.36963927D-06
  151  0.00007430      0.37871241D-06
  152  0.00007521      0.38800790D-06
  153  0.00007613      0.39753117D-06
  154  0.00007706      0.40728780D-06
  155  0.00007800      0.41728349D-06
  156  0.00007896      0.42752407D-06
  157  0.00007992      0.43801555D-06
  158  0.00008090      0.44876403D-06
  159  0.00008189      0.45977581D-06
  160  0.00008289      0.47105732D-06
  161  0.00008391      0.48261514D-06
  162  0.00008493      0.49445603D-06
  163  0.00008597      0.50658690D-06
  164  0.00008703      0.51901483D-06
  165  0.00008809      0.53174707D-06
  166  0.00008917      0.54479105D-06
  167  0.00009026      0.55815440D-06
  168  0.00009136      0.57184489D-06
  169  0.00009248      0.58587052D-06
  170  0.00009361      0.60023946D-06
  171  0.00009476      0.61496009D-06
  172  0.00009592      0.63004100D-06
  173  0.00009709      0.64549098D-06
  174  0.00009828      0.66131902D-06
  175  0.00009948      0.67753435D-06
  176  0.00010070      0.69414642D-06
  177  0.00010193      0.71116489D-06
  178  0.00010318      0.72859969D-06
  179  0.00010444      0.74646095D-06
  180  0.00010572      0.76475908D-06
  181  0.00010701      0.78350472D-06
  182  0.00010832      0.80270878D-06
  183  0.00010965      0.82238244D-06
  184  0.00011099      0.84253712D-06
  185  0.00011235      0.86318456D-06
  186  0.00011372      0.88433675D-06
  187  0.00011512      0.90600599D-06
  188  0.00011652      0.92820486D-06
  189  0.00011795      0.95094627D-06
  190  0.00011939      0.97424343D-06
  191  0.00012086      0.99810985D-06
  192  0.00012233      0.10225594D-05
  193  0.00012383      0.10476063D-05
  194  0.00012535      0.10732650D-05
  195  0.00012688      0.10995504D-05
  196  0.00012843      0.11264779D-05
  197  0.00013000      0.11540629D-05
  198  0.00013160      0.11823215D-05
  199  0.00013321      0.12112700D-05
  200  0.00013484      0.12409253D-05
  201  0.00013649      0.12713045D-05
  202  0.00013816      0.13024252D-05
  203  0.00013985      0.13343054D-05
  204  0.00014156      0.13669636D-05
  205  0.00014329      0.14004187D-05
  206  0.00014504      0.14346899D-05
  207  0.00014682      0.14697972D-05
  208  0.00014861      0.15057609D-05
  209  0.00015043      0.15426016D-05
  210  0.00015227      0.15803408D-05
  211  0.00015414      0.16190001D-05
  212  0.00015602      0.16586020D-05
  213  0.00015793      0.16991692D-05
  214  0.00015987      0.17407253D-05
  215  0.00016182      0.17832941D-05
  216  0.00016380      0.18269002D-05
  217  0.00016581      0.18715688D-05
  218  0.00016783      0.19173256D-05
  219  0.00016989      0.19641970D-05
  220  0.00017197      0.20122099D-05
  221  0.00017407      0.20613920D-05
  222  0.00017620      0.21117717D-05
  223  0.00017836      0.21633778D-05
  224  0.00018054      0.22162402D-05
  225  0.00018275      0.22703891D-05
  226  0.00018499      0.23258558D-05
  227  0.00018725      0.23826720D-05
  228  0.00018954      0.24408704D-05
  229  0.00019186      0.25004844D-05
  230  0.00019421      0.25615483D-05
  231  0.00019658      0.26240971D-05
  232  0.00019899      0.26881666D-05
  233  0.00020143      0.27537935D-05
  234  0.00020389      0.28210156D-05
  235  0.00020638      0.28898712D-05
  236  0.00020891      0.29603998D-05
  237  0.00021147      0.30326418D-05
  238  0.00021405      0.31066385D-05
  239  0.00021667      0.31824323D-05
  240  0.00021933      0.32600663D-05
  241  0.00022201      0.33395851D-05
  242  0.00022473      0.34210340D-05
  243  0.00022748      0.35044595D-05
  244  0.00023026      0.35899093D-05
  245  0.00023308      0.36774320D-05
  246  0.00023593      0.37670775D-05
  247  0.00023882      0.38588970D-05
  248  0.00024174      0.39529427D-05
  249  0.00024470      0.40492682D-05
  250  0.00024769      0.41479283D-05
  251  0.00025072      0.42489791D-05
  252  0.00025379      0.43524780D-05
  253  0.00025690      0.44584839D-05
  254  0.00026004      0.45670569D-05
  255  0.00026322      0.46782586D-05
  256  0.00026644      0.47921522D-05
  257  0.00026970      0.49088023D-05
  258  0.00027300      0.50282748D-05
  259  0.00027634      0.51506376D-05
  260  0.00027972      0.52759598D-05
  261  0.00028315      0.54043124D-05
  262  0.00028661      0.55357680D-05
  263  0.00029012      0.56704007D-05
  264  0.00029367      0.58082868D-05
  265  0.00029726      0.59495039D-05
  266  0.00030090      0.60941318D-05
  267  0.00030458      0.62422519D-05
  268  0.00030831      0.63939479D-05
  269  0.00031208      0.65493050D-05
  270  0.00031590      0.67084107D-05
  271  0.00031977      0.68713545D-05
  272  0.00032368      0.70382279D-05
  273  0.00032764      0.72091247D-05
  274  0.00033165      0.73841408D-05
  275  0.00033571      0.75633744D-05
  276  0.00033982      0.77469260D-05
  277  0.00034397      0.79348983D-05
  278  0.00034818      0.81273965D-05
  279  0.00035244      0.83245285D-05
  280  0.00035676      0.85264042D-05
  281  0.00036112      0.87331366D-05
  282  0.00036554      0.89448410D-05
  283  0.00037001      0.91616355D-05
  284  0.00037454      0.93836408D-05
  285  0.00037913      0.96109808D-05
  286  0.00038377      0.98437817D-05
  287  0.00038846      0.10082173D-04
  288  0.00039321      0.10326288D-04
  289  0.00039803      0.10576261D-04
  290  0.00040290      0.10832231D-04
  291  0.00040783      0.11094340D-04
  292  0.00041282      0.11362733D-04
  293  0.00041787      0.11637559D-04
  294  0.00042298      0.11918970D-04
  295  0.00042816      0.12207121D-04
  296  0.00043340      0.12502171D-04
  297  0.00043870      0.12804282D-04
  298  0.00044407      0.13113622D-04
  299  0.00044950      0.13430361D-04
  300  0.00045500      0.13754672D-04
  301  0.00046057      0.14086734D-04
  302  0.00046621      0.14426730D-04
  303  0.00047191      0.14774844D-04
  304  0.00047769      0.15131270D-04
  305  0.00048353      0.15496200D-04
  306  0.00048945      0.15869836D-04
  307  0.00049544      0.16252380D-04
  308  0.00050150      0.16644042D-04
  309  0.00050764      0.17045035D-04
  310  0.00051385      0.17455578D-04
  311  0.00052014      0.17875894D-04
  312  0.00052650      0.18306210D-04
  313  0.00053295      0.18746762D-04
  314  0.00053947      0.19197787D-04
  315  0.00054607      0.19659529D-04
  316  0.00055275      0.20132239D-04
  317  0.00055951      0.20616173D-04
  318  0.00056636      0.21111590D-04
  319  0.00057329      0.21618758D-04
  320  0.00058031      0.22137950D-04
  321  0.00058741      0.22669445D-04
  322  0.00059460      0.23213530D-04
  323  0.00060187      0.23770494D-04
  324  0.00060924      0.24340638D-04
  325  0.00061669      0.24924265D-04
  326  0.00062424      0.25521688D-04
  327  0.00063188      0.26133225D-04
  328  0.00063961      0.26759203D-04
  329  0.00064744      0.27399954D-04
  330  0.00065536      0.28055818D-04
  331  0.00066338      0.28727145D-04
  332  0.00067150      0.29414289D-04
  333  0.00067971      0.30117615D-04
  334  0.00068803      0.30837493D-04
  335  0.00069645      0.31574304D-04
  336  0.00070497      0.32328435D-04
  337  0.00071360      0.33100284D-04
  338  0.00072233      0.33890256D-04
  339  0.00073117      0.34698765D-04
  340  0.00074012      0.35526234D-04
  341  0.00074917      0.36373095D-04
  342  0.00075834      0.37239792D-04
  343  0.00076762      0.38126774D-04
  344  0.00077701      0.39034505D-04
  345  0.00078652      0.39963453D-04
  346  0.00079615      0.40914103D-04
  347  0.00080589      0.41886944D-04
  348  0.00081575      0.42882480D-04
  349  0.00082573      0.43901225D-04
  350  0.00083584      0.44943701D-04
  351  0.00084606      0.46010445D-04
  352  0.00085642      0.47102004D-04
  353  0.00086690      0.48218936D-04
  354  0.00087750      0.49361812D-04
  355  0.00088824      0.50531214D-04
  356  0.00089911      0.51727737D-04
  357  0.00091011      0.52951990D-04
  358  0.00092125      0.54204591D-04
  359  0.00093252      0.55486174D-04
  360  0.00094393      0.56797387D-04
  361  0.00095549      0.58138889D-04
  362  0.00096718      0.59511354D-04
  363  0.00097901      0.60915471D-04
  364  0.00099099      0.62351940D-04
  365  0.00100312      0.63821481D-04
  366  0.00101539      0.65324823D-04
  367  0.00102782      0.66862714D-04
  368  0.00104040      0.68435917D-04
  369  0.00105313      0.70045208D-04
  370  0.00106601      0.71691381D-04
  371  0.00107906      0.73375247D-04
  372  0.00109226      0.75097631D-04
  373  0.00110563      0.76859377D-04
  374  0.00111916      0.78661344D-04
  375  0.00113285      0.80504411D-04
  376  0.00114672      0.82389471D-04
  377  0.00116075      0.84317439D-04
  378  0.00117495      0.86289245D-04
  379  0.00118933      0.88305839D-04
  380  0.00120388      0.90368190D-04
  381  0.00121861      0.92477284D-04
  382  0.00123353      0.94634130D-04
  383  0.00124862      0.96839754D-04
  384  0.00126390      0.99095203D-04
  385  0.00127937      0.10140154D-03
  386  0.00129502      0.10375986D-03
  387  0.00131087      0.10617127D-03
  388  0.00132691      0.10863690D-03
  389  0.00134315      0.11115790D-03
  390  0.00135958      0.11373545D-03
  391  0.00137622      0.11637074D-03
  392  0.00139306      0.11906498D-03
  393  0.00141011      0.12181943D-03
  394  0.00142736      0.12463535D-03
  395  0.00144483      0.12751402D-03
  396  0.00146251      0.13045676D-03
  397  0.00148040      0.13346490D-03
  398  0.00149852      0.13653982D-03
  399  0.00151686      0.13968288D-03
  400  0.00153542      0.14289551D-03
  401  0.00155421      0.14617914D-03
  402  0.00157322      0.14953523D-03
  403  0.00159248      0.15296527D-03
  404  0.00161196      0.15647079D-03
  405  0.00163169      0.16005332D-03
  406  0.00165165      0.16371442D-03
  407  0.00167187      0.16745570D-03
  408  0.00169232      0.17127879D-03
  409  0.00171303      0.17518533D-03
  410  0.00173399      0.17917701D-03
  411  0.00175521      0.18325553D-03
  412  0.00177669      0.18742263D-03
  413  0.00179843      0.19168008D-03
  414  0.00182044      0.19602969D-03
  415  0.00184272      0.20047326D-03
  416  0.00186526      0.20501267D-03
  417  0.00188809      0.20964980D-03
  418  0.00191119      0.21438656D-03
  419  0.00193458      0.21922490D-03
  420  0.00195825      0.22416681D-03
  421  0.00198222      0.22921429D-03
  422  0.00200647      0.23436938D-03
  423  0.00203102      0.23963415D-03
  424  0.00205588      0.24501071D-03
  425  0.00208103      0.25050120D-03
  426  0.00210650      0.25610778D-03
  427  0.00213228      0.26183265D-03
  428  0.00215837      0.26767804D-03
  429  0.00218478      0.27364622D-03
  430  0.00221152      0.27973949D-03
  431  0.00223858      0.28596016D-03
  432  0.00226597      0.29231061D-03
  433  0.00229370      0.29879322D-03
  434  0.00232177      0.30541042D-03
  435  0.00235018      0.31216467D-03
  436  0.00237894      0.31905846D-03
  437  0.00240805      0.32609430D-03
  438  0.00243751      0.33327476D-03
  439  0.00246734      0.34060242D-03
  440  0.00249753      0.34807989D-03
  441  0.00252809      0.35570983D-03
  442  0.00255903      0.36349492D-03
  443  0.00259034      0.37143785D-03
  444  0.00262204      0.37954139D-03
  445  0.00265413      0.38780828D-03
  446  0.00268660      0.39624135D-03
  447  0.00271948      0.40484342D-03
  448  0.00275276      0.41361734D-03
  449  0.00278644      0.42256601D-03
  450  0.00282054      0.43169234D-03
  451  0.00285505      0.44099927D-03
  452  0.00288999      0.45048978D-03
  453  0.00292535      0.46016685D-03
  454  0.00296115      0.47003350D-03
  455  0.00299739      0.48009279D-03
  456  0.00303406      0.49034777D-03
  457  0.00307119      0.50080154D-03
  458  0.00310877      0.51145721D-03
  459  0.00314682      0.52231790D-03
  460  0.00318532      0.53338676D-03
  461  0.00322430      0.54466697D-03
  462  0.00326376      0.55616171D-03
  463  0.00330369      0.56787417D-03
  464  0.00334412      0.57980758D-03
  465  0.00338504      0.59196514D-03
  466  0.00342646      0.60435011D-03
  467  0.00346839      0.61696571D-03
  468  0.00351083      0.62981521D-03
  469  0.00355379      0.64290186D-03
  470  0.00359728      0.65622893D-03
  471  0.00364130      0.66979966D-03
  472  0.00368586      0.68361732D-03
  473  0.00373096      0.69768518D-03
  474  0.00377662      0.71200647D-03
  475  0.00382283      0.72658444D-03
  476  0.00386961      0.74142234D-03
  477  0.00391696      0.75652336D-03
  478  0.00396489      0.77189073D-03
  479  0.00401341      0.78752761D-03
  480  0.00406252      0.80343719D-03
  481  0.00411223      0.81962258D-03
  482  0.00416255      0.83608690D-03
  483  0.00421349      0.85283324D-03
  484  0.00426505      0.86986462D-03
  485  0.00431724      0.88718405D-03
  486  0.00437007      0.90479448D-03
  487  0.00442354      0.92269884D-03
  488  0.00447767      0.94089998D-03
  489  0.00453247      0.95940070D-03
  490  0.00458793      0.97820376D-03
  491  0.00464407      0.99731182D-03
  492  0.00470090      0.10167275D-02
  493  0.00475842      0.10364534D-02
  494  0.00481665      0.10564918D-02
  495  0.00487559      0.10768453D-02
  496  0.00493525      0.10975160D-02
  497  0.00499564      0.11185062D-02
  498  0.00505677      0.11398179D-02
  499  0.00511865      0.11614531D-02
  500  0.00518129      0.11834137D-02
  501  0.00524469      0.12057015D-02
  502  0.00530887      0.12283180D-02
  503  0.00537383      0.12512647D-02
  504  0.00543959      0.12745430D-02
  505  0.00550615      0.12981541D-02
  506  0.00557353      0.13220990D-02
  507  0.00564173      0.13463787D-02
  508  0.00571077      0.13709937D-02
  509  0.00578065      0.13959447D-02
  510  0.00585139      0.14212319D-02
  511  0.00592299      0.14468556D-02
  512  0.00599547      0.14728157D-02
  513  0.00606883      0.14991120D-02
  514  0.00614310      0.15257439D-02
  515  0.00621827      0.15527108D-02
  516  0.00629436      0.15800117D-02
  517  0.00637138      0.16076454D-02
  518  0.00644935      0.16356105D-02
  519  0.00652827      0.16639052D-02
  520  0.00660815      0.16925275D-02
  521  0.00668902      0.17214753D-02
  522  0.00677087      0.17507458D-02
  523  0.00685372      0.17803362D-02
  524  0.00693759      0.18102433D-02
  525  0.00702248      0.18404635D-02
  526  0.00710842      0.18709930D-02
  527  0.00719540      0.19018275D-02
  528  0.00728345      0.19329625D-02
  529  0.00737257      0.19643929D-02
  530  0.00746279      0.19961134D-02
  531  0.00755411      0.20281183D-02
  532  0.00764655      0.20604013D-02
  533  0.00774012      0.20929558D-02
  534  0.00783483      0.21257750D-02
  535  0.00793071      0.21588511D-02
  536  0.00802775      0.21921765D-02
  537  0.00812599      0.22257425D-02
  538  0.00822542      0.22595403D-02
  539  0.00832607      0.22935607D-02
  540  0.00842796      0.23277935D-02
  541  0.00853109      0.23622285D-02
  542  0.00863548      0.23968546D-02
  543  0.00874115      0.24316605D-02
  544  0.00884812      0.24666340D-02
  545  0.00895639      0.25017625D-02
  546  0.00906599      0.25370328D-02
  547  0.00917692      0.25724311D-02
  548  0.00928922      0.26079430D-02
  549  0.00940289      0.26435535D-02
  550  0.00951795      0.26792470D-02
  551  0.00963442      0.27150072D-02
  552  0.00975232      0.27508171D-02
  553  0.00987165      0.27866592D-02
  554  0.00999245      0.28225152D-02
  555  0.01011472      0.28583663D-02
  556  0.01023850      0.28941927D-02
  557  0.01036378      0.29299742D-02
  558  0.01049060      0.29656898D-02
  559  0.01061897      0.30013178D-02
  560  0.01074892      0.30368358D-02
  561  0.01088045      0.30722206D-02
  562  0.01101359      0.31074483D-02
  563  0.01114836      0.31424944D-02
  564  0.01128478      0.31773335D-02
  565  0.01142287      0.32119396D-02
  566  0.01156265      0.32462859D-02
  567  0.01170414      0.32803448D-02
  568  0.01184736      0.33140881D-02
  569  0.01199233      0.33474868D-02
  570  0.01213908      0.33805111D-02
  571  0.01228762      0.34131307D-02
  572  0.01243798      0.34453144D-02
  573  0.01259018      0.34770302D-02
  574  0.01274425      0.35082457D-02
  575  0.01290020      0.35389274D-02
  576  0.01305805      0.35690416D-02
  577  0.01321784      0.35985535D-02
  578  0.01337959      0.36274279D-02
  579  0.01354331      0.36556289D-02
  580  0.01370904      0.36831201D-02
  581  0.01387679      0.37098642D-02
  582  0.01404660      0.37358237D-02
  583  0.01421848      0.37609602D-02
  584  0.01439247      0.37852352D-02
  585  0.01456859      0.38086094D-02
  586  0.01474686      0.38310431D-02
  587  0.01492731      0.38524963D-02
  588  0.01510998      0.38729285D-02
  589  0.01529487      0.38922990D-02
  590  0.01548203      0.39105667D-02
  591  0.01567148      0.39276902D-02
  592  0.01586325      0.39436282D-02
  593  0.01605737      0.39583388D-02
  594  0.01625386      0.39717804D-02
  595  0.01645275      0.39839113D-02
  596  0.01665408      0.39946896D-02
  597  0.01685787      0.40040738D-02
  598  0.01706416      0.40120224D-02
  599  0.01727297      0.40184942D-02
  600  0.01748434      0.40234483D-02
  601  0.01769829      0.40268441D-02
  602  0.01791486      0.40286417D-02
  603  0.01813408      0.40288016D-02
  604  0.01835598      0.40272849D-02
  605  0.01858060      0.40240536D-02
  606  0.01880797      0.40190706D-02
  607  0.01903812      0.40122994D-02
  608  0.01927108      0.40037049D-02
  609  0.01950690      0.39932531D-02
  610  0.01974560      0.39809111D-02
  611  0.01998722      0.39666476D-02
  612  0.02023180      0.39504326D-02
  613  0.02047937      0.39322378D-02
  614  0.02072997      0.39120368D-02
  615  0.02098364      0.38898050D-02
  616  0.02124041      0.38655196D-02
  617  0.02150033      0.38391603D-02
  618  0.02176342      0.38107089D-02
  619  0.02202974      0.37801496D-02
  620  0.02229931      0.37474693D-02
  621  0.02257218      0.37126575D-02
  622  0.02284839      0.36757068D-02
  623  0.02312798      0.36366125D-02
  624  0.02341099      0.35953733D-02
  625  0.02369747      0.35519913D-02
  626  0.02398745      0.35064719D-02
  627  0.02428098      0.34588241D-02
  628  0.02457810      0.34090611D-02
  629  0.02487886      0.33571996D-02
  630  0.02518329      0.33032607D-02
  631  0.02549146      0.32472698D-02
  632  0.02580339      0.31892566D-02
  633  0.02611914      0.31292555D-02
  634  0.02643876      0.30673056D-02
  635  0.02676228      0.30034509D-02
  636  0.02708976      0.29377406D-02
  637  0.02742126      0.28702288D-02
  638  0.02775680      0.28009753D-02
  639  0.02809646      0.27300452D-02
  640  0.02844027      0.26575092D-02
  641  0.02878829      0.25834439D-02
  642  0.02914056      0.25079314D-02
  643  0.02949715      0.24310603D-02
  644  0.02985810      0.23529248D-02
  645  0.03022346      0.22736256D-02
  646  0.03059330      0.21932695D-02
  647  0.03096767      0.21119698D-02
  648  0.03134661      0.20298459D-02
  649  0.03173019      0.19470241D-02
  650  0.03211847      0.18636367D-02
  651  0.03251149      0.17798229D-02
  652  0.03290933      0.16957283D-02
  653  0.03331203      0.16115050D-02
  654  0.03371967      0.15273117D-02
  655  0.03413229      0.14433134D-02
  656  0.03454996      0.13596817D-02
  657  0.03497274      0.12765944D-02
  658  0.03540069      0.11942354D-02
  659  0.03583388      0.11127951D-02
  660  0.03627237      0.10324695D-02
  661  0.03671623      0.95346042D-03
  662  0.03716552      0.87597546D-03
  663  0.03762030      0.80022749D-03
  664  0.03808065      0.72643452D-03
  665  0.03854664      0.65481942D-03
  666  0.03901832      0.58560965D-03
  667  0.03949578      0.51903687D-03
  668  0.03997908      0.45533663D-03
  669  0.04046830      0.39474799D-03
  670  0.04096350      0.33751303D-03
  671  0.04146476      0.28387648D-03
  672  0.04197216      0.23408518D-03
  673  0.04248576      0.18838759D-03
  674  0.04300565      0.14703324D-03
  675  0.04353190      0.11027214D-03
  676  0.04406459      0.78354170D-04
  677  0.04460380      0.51528422D-04
  678  0.04514961      0.30042535D-04
  679  0.04570209      0.14141975D-04
  680  0.04626134      0.40692862D-05
  681  0.04682743      0.63317356D-07
  682  0.04740045      0.23584125D-05
  683  0.04798048      0.11183573D-04
  684  0.04856760      0.26761590D-04
  685  0.04916191      0.49308150D-04
  686  0.04976350      0.79030913D-04
  687  0.05037244      0.11612857D-03
  688  0.05098884      0.16078986D-03
  689  0.05161278      0.21319260D-03
  690  0.05224435      0.27350267D-03
  691  0.05288365      0.34187298D-03
  692  0.05353078      0.41844244D-03
  693  0.05418582      0.50333491D-03
  694  0.05484888      0.59665814D-03
  695  0.05552006      0.69850271D-03
  696  0.05619944      0.80894099D-03
  697  0.05688714      0.92802606D-03
  698  0.05758326      0.10557907D-02
  699  0.05828789      0.11922462D-02
  700  0.05900115      0.13373816D-02
  701  0.05972313      0.14911626D-02
  702  0.06045395      0.16535304D-02
  703  0.06119371      0.18244010D-02
  704  0.06194253      0.20036641D-02
  705  0.06270050      0.21911825D-02
  706  0.06346776      0.23867911D-02
  707  0.06424440      0.25902962D-02
  708  0.06503054      0.28014747D-02
  709  0.06582631      0.30200737D-02
  710  0.06663181      0.32458098D-02
  711  0.06744717      0.34783687D-02
  712  0.06827250      0.37174048D-02
  713  0.06910794      0.39625409D-02
  714  0.06995360      0.42133679D-02
  715  0.07080960      0.44694451D-02
  716  0.07167609      0.47302998D-02
  717  0.07255317      0.49954280D-02
  718  0.07344099      0.52642939D-02
  719  0.07433967      0.55363311D-02
  720  0.07524935      0.58109429D-02
  721  0.07617016      0.60875028D-02
  722  0.07710223      0.63653558D-02
  723  0.07804572      0.66438188D-02
  724  0.07900074      0.69221826D-02
  725  0.07996746      0.71997125D-02
  726  0.08094600      0.74756504D-02
  727  0.08193652      0.77492160D-02
  728  0.08293916      0.80196091D-02
  729  0.08395407      0.82860113D-02
  730  0.08498140      0.85475887D-02
  731  0.08602129      0.88034936D-02
  732  0.08707392      0.90528679D-02
  733  0.08813942      0.92948452D-02
  734  0.08921796      0.95285540D-02
  735  0.09030971      0.97531211D-02
  736  0.09141481      0.99676743D-02
  737  0.09253343      0.10171346D-01
  738  0.09366574      0.10363278D-01
  739  0.09481191      0.10542622D-01
  740  0.09597210      0.10708548D-01
  741  0.09714649      0.10860245D-01
  742  0.09833525      0.10996925D-01
  743  0.09953855      0.11117831D-01
  744  0.10075659      0.11222236D-01
  745  0.10198952      0.11309450D-01
  746  0.10323755      0.11378828D-01
  747  0.10450084      0.11429766D-01
  748  0.10577959      0.11461713D-01
  749  0.10707400      0.11474174D-01
  750  0.10838424      0.11466711D-01
  751  0.10971051      0.11438952D-01
  752  0.11105301      0.11390591D-01
  753  0.11241194      0.11321395D-01
  754  0.11378750      0.11231209D-01
  755  0.11517990      0.11119957D-01
  756  0.11658933      0.10987647D-01
  757  0.11801601      0.10834377D-01
  758  0.11946014      0.10660333D-01
  759  0.12092195      0.10465798D-01
  760  0.12240164      0.10251150D-01
  761  0.12389945      0.10016868D-01
  762  0.12541558      0.97635315D-02
  763  0.12695026      0.94918232D-02
  764  0.12850372      0.92025306D-02
  765  0.13007619      0.88965465D-02
  766  0.13166791      0.85748689D-02
  767  0.13327910      0.82386015D-02
  768  0.13491000      0.78889525D-02
  769  0.13656087      0.75272339D-02
  770  0.13823193      0.71548589D-02
  771  0.13992345      0.67733401D-02
  772  0.14163566      0.63842864D-02
  773  0.14336882      0.59893988D-02
  774  0.14512320      0.55904668D-02
  775  0.14689904      0.51893630D-02
  776  0.14869661      0.47880377D-02
  777  0.15051618      0.43885123D-02
  778  0.15235801      0.39928730D-02
  779  0.15422238      0.36032623D-02
  780  0.15610957      0.32218718D-02
  781  0.15801984      0.28509327D-02
  782  0.15995350      0.24927063D-02
  783  0.16191081      0.21494746D-02
  784  0.16389208      0.18235290D-02
  785  0.16589759      0.15171596D-02
  786  0.16792764      0.12326437D-02
  787  0.16998254      0.97223331D-03
  788  0.17206258      0.73814332D-03
  789  0.17416807      0.53253835D-03
  790  0.17629932      0.35751993D-03
  791  0.17845666      0.21511319D-03
  792  0.18064039      0.10725354D-03
  793  0.18285085      0.35773205D-04
  794  0.18508836      0.23877875D-05
  795  0.18735324      0.86829176D-05
  796  0.18964584      0.56101069D-04
  797  0.19196650      0.14592863D-03
  798  0.19431555      0.27928332D-03
  799  0.19669334      0.45710203D-03
  800  0.19910024      0.68012921D-03
  801  0.20153658      0.94890589D-03
  802  0.20400274      0.12637593D-02
  803  0.20649908      0.16247937D-02
  804  0.20902596      0.20318813D-02
  805  0.21158376      0.24846551D-02
  806  0.21417287      0.29825025D-02
  807  0.21679365      0.35245595D-02
  808  0.21944651      0.41097070D-02
  809  0.22213183      0.47365682D-02
  810  0.22485001      0.54035071D-02
  811  0.22760145      0.61086284D-02
  812  0.23038656      0.68497800D-02
  813  0.23320575      0.76245554D-02
  814  0.23605943      0.84302994D-02
  815  0.23894804      0.92641140D-02
  816  0.24187199      0.10122867D-01
  817  0.24483173      0.11003204D-01
  818  0.24782768      0.11901554D-01
  819  0.25086029      0.12814152D-01
  820  0.25393001      0.13737047D-01
  821  0.25703730      0.14666119D-01
  822  0.26018261      0.15597103D-01
  823  0.26336641      0.16525604D-01
  824  0.26658916      0.17447120D-01
  825  0.26985135      0.18357064D-01
  826  0.27315347      0.19250791D-01
  827  0.27649598      0.20123618D-01
  828  0.27987940      0.20970857D-01
  829  0.28330423      0.21787837D-01
  830  0.28677096      0.22569937D-01
  831  0.29028011      0.23312608D-01
  832  0.29383220      0.24011411D-01
  833  0.29742776      0.24662038D-01
  834  0.30106732      0.25260350D-01
  835  0.30475142      0.25802397D-01
  836  0.30848059      0.26284459D-01
  837  0.31225540      0.26703063D-01
  838  0.31607640      0.27055020D-01
  839  0.31994416      0.27337448D-01
  840  0.32385924      0.27547801D-01
  841  0.32782224      0.27683889D-01
  842  0.33183373      0.27743909D-01
  843  0.33589430      0.27726459D-01
  844  0.34000457      0.27630564D-01
  845  0.34416513      0.27455690D-01
  846  0.34837660      0.27201762D-01
  847  0.35263961      0.26869174D-01
  848  0.35695478      0.26458806D-01
  849  0.36132276      0.25972025D-01
  850  0.36574418      0.25410694D-01
  851  0.37021972      0.24777172D-01
  852  0.37475001      0.24074319D-01
  853  0.37933575      0.23305485D-01
  854  0.38397759      0.22474505D-01
  855  0.38867624      0.21585695D-01
  856  0.39343239      0.20643830D-01
  857  0.39824673      0.19654133D-01
  858  0.40311999      0.18622255D-01
  859  0.40805288      0.17554250D-01
  860  0.41304613      0.16456553D-01
  861  0.41810049      0.15335949D-01
  862  0.42321669      0.14199542D-01
  863  0.42839550      0.13054720D-01
  864  0.43363768      0.11909122D-01
  865  0.43894401      0.10770594D-01
  866  0.44431527      0.96471543D-02
  867  0.44975226      0.85469436D-02
  868  0.45525578      0.74781852D-02
  869  0.46082664      0.64491371D-02
  870  0.46646567      0.54680449D-02
  871  0.47217371      0.45430933D-02
  872  0.47795160      0.36823575D-02
  873  0.48380019      0.28937539D-02
  874  0.48972034      0.21849910D-02
  875  0.49571294      0.15635202D-02
  876  0.50177887      0.10364879D-02
  877  0.50791903      0.61068787D-03
  878  0.51413432      0.29251567D-03
  879  0.52042567      0.87923869D-04
  880  0.52679400      0.23798210D-05
  881  0.53324026      0.40825471D-04
  882  0.53976541      0.20763975D-03
  883  0.54637040      0.50660387D-03
  884  0.55305621      0.94086972D-03
  885  0.55982384      0.15129317D-02
  886  0.56667428      0.22246022D-02
  887  0.57360855      0.30769911D-02
  888  0.58062767      0.40704889D-02
  889  0.58773268      0.52047545D-02
  890  0.59492464      0.64787076D-02
  891  0.60220460      0.78905244D-02
  892  0.60957364      0.94376396D-02
  893  0.61703286      0.11116751D-01
  894  0.62458335      0.12923832D-01
  895  0.63222624      0.14854141D-01
  896  0.63996266      0.16902249D-01
  897  0.64779374      0.19062056D-01
  898  0.65572065      0.21326822D-01
  899  0.66374455      0.23689198D-01
  900  0.67186665      0.26141266D-01
  901  0.68008813      0.28674572D-01
  902  0.68841022      0.31280173D-01
  903  0.69683415      0.33948684D-01
  904  0.70536115      0.36670325D-01
  905  0.71399250      0.39434973D-01
  906  0.72272947      0.42232217D-01
  907  0.73157335      0.45051413D-01
  908  0.74052545      0.47881742D-01
  909  0.74958710      0.50712267D-01
  910  0.75875963      0.53531993D-01
  911  0.76804440      0.56329927D-01
  912  0.77744279      0.59095138D-01
  913  0.78695619      0.61816816D-01
  914  0.79658600      0.64484330D-01
  915  0.80633364      0.67087287D-01
  916  0.81620057      0.69615585D-01
  917  0.82618824      0.72059472D-01
  918  0.83629812      0.74409595D-01
  919  0.84653171      0.76657047D-01
  920  0.85689053      0.78793418D-01
  921  0.86737611      0.80810838D-01
  922  0.87799000      0.82702010D-01
  923  0.88873377      0.84460254D-01
  924  0.89960901      0.86079534D-01
  925  0.91061733      0.87554487D-01
  926  0.92176035      0.88880444D-01
  927  0.93303973      0.90053451D-01
  928  0.94445713      0.91070279D-01
  929  0.95601424      0.91928436D-01
  930  0.96771278      0.92626169D-01
  931  0.97955447      0.93162465D-01
  932  0.99154106      0.93537042D-01
  933  1.00367433      0.93750340D-01
  934  1.01595607      0.93803510D-01
  935  1.02838810      0.93698389D-01
  936  1.04097226      0.93437479D-01
  937  1.05371040      0.93023921D-01
  938  1.06660443      0.92461465D-01
  939  1.07965623      0.91754431D-01
  940  1.09286774      0.90907680D-01
  941  1.10624092      0.89926565D-01
  942  1.11977775      0.88816900D-01
  943  1.13348022      0.87584905D-01
  944  1.14735037      0.86237171D-01
  945  1.16139024      0.84780607D-01
  946  1.17560192      0.83222395D-01
  947  1.18998750      0.81569944D-01
  948  1.20454911      0.79830841D-01
  949  1.21928891      0.78012806D-01
  950  1.23420908      0.76123644D-01
  951  1.24931183      0.74171199D-01
  952  1.26459938      0.72163314D-01
  953  1.28007400      0.70107785D-01
  954  1.29573799      0.68012323D-01
  955  1.31159364      0.65884514D-01
  956  1.32764333      0.63731786D-01
  957  1.34388940      0.61561372D-01
  958  1.36033428      0.59380283D-01
  959  1.37698039      0.57195277D-01
  960  1.39383020      0.55012836D-01
  961  1.41088619      0.52839142D-01
  962  1.42815089      0.50680058D-01
  963  1.44562686      0.48541116D-01
  964  1.46331667      0.46427496D-01
  965  1.48122296      0.44344021D-01
  966  1.49934836      0.42295150D-01
  967  1.51769555      0.40284966D-01
  968  1.53626725      0.38317184D-01
  969  1.55506622      0.36395143D-01
  970  1.57409522      0.34521811D-01
  971  1.59335707      0.32699792D-01
  972  1.61285463      0.30931330D-01
  973  1.63259078      0.29218320D-01
  974  1.65256843      0.27562317D-01
  975  1.67279055      0.25964548D-01
  976  1.69326011      0.24425929D-01
  977  1.71398016      0.22947072D-01
  978  1.73495376      0.21528311D-01
  979  1.75618401      0.20169708D-01
  980  1.77767404      0.18871080D-01
  981  1.79942705      0.17632007D-01
  982  1.82144624      0.16451859D-01
  983  1.84373487      0.15329808D-01
  984  1.86629625      0.14264848D-01
  985  1.88913370      0.13255814D-01
  986  1.91225062      0.12301399D-01
  987  1.93565040      0.11400171D-01
  988  1.95933653      0.10550590D-01
  989  1.98331250      0.97510253D-02
  990  2.00758185      0.89997707D-02
  991  2.03214819      0.82950593D-02
  992  2.05701514      0.76350779D-02
  993  2.08218638      0.70179803D-02
  994  2.10766563      0.64419000D-02
  995  2.13345667      0.59049616D-02
  996  2.15956331      0.54052916D-02
  997  2.18598941      0.49410281D-02
  998  2.21273888      0.45103299D-02
  999  2.23981567      0.41113841D-02
 1000  2.26722380      0.37424134D-02
 1001  2.29496732      0.34016824D-02
 1002  2.32305033      0.30879318D-02
 1003  2.35147698      0.27998024D-02
 1004  2.38025149      0.25355168D-02
 1005  2.40937810      0.22933941D-02
 1006  2.43886112      0.20718461D-02
 1007  2.46870493      0.18693749D-02
 1008  2.49891393      0.16845691D-02
 1009  2.52949258      0.15161007D-02
 1010  2.56044542      0.13627221D-02
 1011  2.59177703      0.12232627D-02
 1012  2.62349203      0.10966256D-02
 1013  2.65559512      0.98178480D-03
 1014  2.68809106      0.87778130D-03
 1015  2.72098463      0.78372063D-03
 1016  2.75428072      0.69876939D-03
 1017  2.78798424      0.62215234D-03
 1018  2.82210019      0.55314936D-03
 1019  2.85663361      0.49109256D-03
 1020  2.89158960      0.43536339D-03
 1021  2.92697334      0.38538991D-03
 1022  2.96279007      0.34064405D-03
