 ir        r              f(r)*r^2
    1  0.00001199      0.32947236D-05
    2  0.00001213      0.33758089D-05
    3  0.00001228      0.34588893D-05
    4  0.00001243      0.35440139D-05
    5  0.00001258      0.36312328D-05
    6  0.00001274      0.37205976D-05
    7  0.00001289      0.38121610D-05
    8  0.00001305      0.39059772D-05
    9  0.00001321      0.40021016D-05
   10  0.00001337      0.41005908D-05
   11  0.00001354      0.42015031D-05
   12  0.00001370      0.43048981D-05
   13  0.00001387      0.44108368D-05
   14  0.00001404      0.45193817D-05
   15  0.00001421      0.46305969D-05
   16  0.00001438      0.47445482D-05
   17  0.00001456      0.48613027D-05
   18  0.00001474      0.49809295D-05
   19  0.00001492      0.51034991D-05
   20  0.00001510      0.52290839D-05
   21  0.00001529      0.53577580D-05
   22  0.00001547      0.54895974D-05
   23  0.00001566      0.56246799D-05
   24  0.00001585      0.57630853D-05
   25  0.00001605      0.59048952D-05
   26  0.00001624      0.60501934D-05
   27  0.00001644      0.61990656D-05
   28  0.00001664      0.63515997D-05
   29  0.00001685      0.65078857D-05
   30  0.00001705      0.66680158D-05
   31  0.00001726      0.68320845D-05
   32  0.00001747      0.70001888D-05
   33  0.00001769      0.71724277D-05
   34  0.00001790      0.73489029D-05
   35  0.00001812      0.75297185D-05
   36  0.00001835      0.77149813D-05
   37  0.00001857      0.79048005D-05
   38  0.00001880      0.80992881D-05
   39  0.00001903      0.82985589D-05
   40  0.00001926      0.85027305D-05
   41  0.00001950      0.87119233D-05
   42  0.00001973      0.89262607D-05
   43  0.00001998      0.91458691D-05
   44  0.00002022      0.93708782D-05
   45  0.00002047      0.96014205D-05
   46  0.00002072      0.98376322D-05
   47  0.00002097      0.10079652D-04
   48  0.00002123      0.10327624D-04
   49  0.00002149      0.10581693D-04
   50  0.00002175      0.10842010D-04
   51  0.00002202      0.11108728D-04
   52  0.00002229      0.11382004D-04
   53  0.00002256      0.11661999D-04
   54  0.00002284      0.11948879D-04
   55  0.00002312      0.12242812D-04
   56  0.00002340      0.12543972D-04
   57  0.00002368      0.12852537D-04
   58  0.00002397      0.13168689D-04
   59  0.00002427      0.13492613D-04
   60  0.00002456      0.13824500D-04
   61  0.00002487      0.14164547D-04
   62  0.00002517      0.14512954D-04
   63  0.00002548      0.14869926D-04
   64  0.00002579      0.15235674D-04
   65  0.00002610      0.15610413D-04
   66  0.00002642      0.15994363D-04
   67  0.00002675      0.16387752D-04
   68  0.00002707      0.16790811D-04
   69  0.00002741      0.17203777D-04
   70  0.00002774      0.17626895D-04
   71  0.00002808      0.18060412D-04
   72  0.00002842      0.18504585D-04
   73  0.00002877      0.18959675D-04
   74  0.00002912      0.19425950D-04
   75  0.00002948      0.19903685D-04
   76  0.00002984      0.20393161D-04
   77  0.00003021      0.20894667D-04
   78  0.00003058      0.21408498D-04
   79  0.00003095      0.21934956D-04
   80  0.00003133      0.22474352D-04
   81  0.00003171      0.23027003D-04
   82  0.00003210      0.23593235D-04
   83  0.00003249      0.24173381D-04
   84  0.00003289      0.24767782D-04
   85  0.00003329      0.25376788D-04
   86  0.00003370      0.26000759D-04
   87  0.00003411      0.26640060D-04
   88  0.00003453      0.27295069D-04
   89  0.00003495      0.27966171D-04
   90  0.00003538      0.28653761D-04
   91  0.00003581      0.29358243D-04
   92  0.00003625      0.30080033D-04
   93  0.00003670      0.30819554D-04
   94  0.00003714      0.31577242D-04
   95  0.00003760      0.32353542D-04
   96  0.00003806      0.33148912D-04
   97  0.00003853      0.33963819D-04
   98  0.00003900      0.34798742D-04
   99  0.00003947      0.35654172D-04
  100  0.00003996      0.36530613D-04
  101  0.00004045      0.37428580D-04
  102  0.00004094      0.38348601D-04
  103  0.00004144      0.39291217D-04
  104  0.00004195      0.40256981D-04
  105  0.00004246      0.41246462D-04
  106  0.00004298      0.42260241D-04
  107  0.00004351      0.43298915D-04
  108  0.00004404      0.44363093D-04
  109  0.00004458      0.45453401D-04
  110  0.00004512      0.46570479D-04
  111  0.00004568      0.47714985D-04
  112  0.00004624      0.48887590D-04
  113  0.00004680      0.50088983D-04
  114  0.00004737      0.51319870D-04
  115  0.00004795      0.52580974D-04
  116  0.00004854      0.53873035D-04
  117  0.00004913      0.55196813D-04
  118  0.00004974      0.56553084D-04
  119  0.00005034      0.57942645D-04
  120  0.00005096      0.59366312D-04
  121  0.00005158      0.60824920D-04
  122  0.00005222      0.62319326D-04
  123  0.00005285      0.63850406D-04
  124  0.00005350      0.65419060D-04
  125  0.00005416      0.67026207D-04
  126  0.00005482      0.68672790D-04
  127  0.00005549      0.70359776D-04
  128  0.00005617      0.72088154D-04
  129  0.00005686      0.73858937D-04
  130  0.00005755      0.75673165D-04
  131  0.00005826      0.77531902D-04
  132  0.00005897      0.79436236D-04
  133  0.00005969      0.81387285D-04
  134  0.00006042      0.83386192D-04
  135  0.00006116      0.85434129D-04
  136  0.00006191      0.87532296D-04
  137  0.00006267      0.89681922D-04
  138  0.00006343      0.91884268D-04
  139  0.00006421      0.94140624D-04
  140  0.00006499      0.96452310D-04
  141  0.00006579      0.98820682D-04
  142  0.00006659      0.10124713D-03
  143  0.00006741      0.10373306D-03
  144  0.00006823      0.10627995D-03
  145  0.00006907      0.10888927D-03
  146  0.00006991      0.11156257D-03
  147  0.00007077      0.11430139D-03
  148  0.00007164      0.11710735D-03
  149  0.00007251      0.11998208D-03
  150  0.00007340      0.12292727D-03
  151  0.00007430      0.12594465D-03
  152  0.00007521      0.12903596D-03
  153  0.00007613      0.13220303D-03
  154  0.00007706      0.13544771D-03
  155  0.00007800      0.13877189D-03
  156  0.00007896      0.14217751D-03
  157  0.00007992      0.14566657D-03
  158  0.00008090      0.14924110D-03
  159  0.00008189      0.15290319D-03
  160  0.00008289      0.15665498D-03
  161  0.00008391      0.16049867D-03
  162  0.00008493      0.16443649D-03
  163  0.00008597      0.16847075D-03
  164  0.00008703      0.17260380D-03
  165  0.00008809      0.17683806D-03
  166  0.00008917      0.18117599D-03
  167  0.00009026      0.18562013D-03
  168  0.00009136      0.19017306D-03
  169  0.00009248      0.19483745D-03
  170  0.00009361      0.19961602D-03
  171  0.00009476      0.20451154D-03
  172  0.00009592      0.20952688D-03
  173  0.00009709      0.21466496D-03
  174  0.00009828      0.21992877D-03
  175  0.00009948      0.22532138D-03
  176  0.00010070      0.23084592D-03
  177  0.00010193      0.23650563D-03
  178  0.00010318      0.24230379D-03
  179  0.00010444      0.24824378D-03
  180  0.00010572      0.25432906D-03
  181  0.00010701      0.26056316D-03
  182  0.00010832      0.26694972D-03
  183  0.00010965      0.27349245D-03
  184  0.00011099      0.28019515D-03
  185  0.00011235      0.28706173D-03
  186  0.00011372      0.29409617D-03
  187  0.00011512      0.30130257D-03
  188  0.00011652      0.30868510D-03
  189  0.00011795      0.31624807D-03
  190  0.00011939      0.32399586D-03
  191  0.00012086      0.33193296D-03
  192  0.00012233      0.34006400D-03
  193  0.00012383      0.34839369D-03
  194  0.00012535      0.35692686D-03
  195  0.00012688      0.36566846D-03
  196  0.00012843      0.37462356D-03
  197  0.00013000      0.38379736D-03
  198  0.00013160      0.39319517D-03
  199  0.00013321      0.40282244D-03
  200  0.00013484      0.41268475D-03
  201  0.00013649      0.42278781D-03
  202  0.00013816      0.43313748D-03
  203  0.00013985      0.44373973D-03
  204  0.00014156      0.45460072D-03
  205  0.00014329      0.46572672D-03
  206  0.00014504      0.47712417D-03
  207  0.00014682      0.48879966D-03
  208  0.00014861      0.50075995D-03
  209  0.00015043      0.51301194D-03
  210  0.00015227      0.52556271D-03
  211  0.00015414      0.53841952D-03
  212  0.00015602      0.55158979D-03
  213  0.00015793      0.56508112D-03
  214  0.00015987      0.57890130D-03
  215  0.00016182      0.59305830D-03
  216  0.00016380      0.60756029D-03
  217  0.00016581      0.62241563D-03
  218  0.00016783      0.63763287D-03
  219  0.00016989      0.65322080D-03
  220  0.00017197      0.66918839D-03
  221  0.00017407      0.68554483D-03
  222  0.00017620      0.70229954D-03
  223  0.00017836      0.71946215D-03
  224  0.00018054      0.73704255D-03
  225  0.00018275      0.75505085D-03
  226  0.00018499      0.77349738D-03
  227  0.00018725      0.79239276D-03
  228  0.00018954      0.81174784D-03
  229  0.00019186      0.83157372D-03
  230  0.00019421      0.85188180D-03
  231  0.00019658      0.87268372D-03
  232  0.00019899      0.89399142D-03
  233  0.00020143      0.91581710D-03
  234  0.00020389      0.93817329D-03
  235  0.00020638      0.96107278D-03
  236  0.00020891      0.98452869D-03
  237  0.00021147      0.10085544D-02
  238  0.00021405      0.10331638D-02
  239  0.00021667      0.10583708D-02
  240  0.00021933      0.10841899D-02
  241  0.00022201      0.11106358D-02
  242  0.00022473      0.11377237D-02
  243  0.00022748      0.11654690D-02
  244  0.00023026      0.11938875D-02
  245  0.00023308      0.12229955D-02
  246  0.00023593      0.12528095D-02
  247  0.00023882      0.12833466D-02
  248  0.00024174      0.13146240D-02
  249  0.00024470      0.13466598D-02
  250  0.00024769      0.13794720D-02
  251  0.00025072      0.14130794D-02
  252  0.00025379      0.14475010D-02
  253  0.00025690      0.14827564D-02
  254  0.00026004      0.15188656D-02
  255  0.00026322      0.15558492D-02
  256  0.00026644      0.15937281D-02
  257  0.00026970      0.16325238D-02
  258  0.00027300      0.16722583D-02
  259  0.00027634      0.17129541D-02
  260  0.00027972      0.17546343D-02
  261  0.00028315      0.17973223D-02
  262  0.00028661      0.18410425D-02
  263  0.00029012      0.18858194D-02
  264  0.00029367      0.19316784D-02
  265  0.00029726      0.19786454D-02
  266  0.00030090      0.20267468D-02
  267  0.00030458      0.20760099D-02
  268  0.00030831      0.21264623D-02
  269  0.00031208      0.21781324D-02
  270  0.00031590      0.22310495D-02
  271  0.00031977      0.22852432D-02
  272  0.00032368      0.23407440D-02
  273  0.00032764      0.23975831D-02
  274  0.00033165      0.24557923D-02
  275  0.00033571      0.25154045D-02
  276  0.00033982      0.25764529D-02
  277  0.00034397      0.26389718D-02
  278  0.00034818      0.27029962D-02
  279  0.00035244      0.27685619D-02
  280  0.00035676      0.28357056D-02
  281  0.00036112      0.29044649D-02
  282  0.00036554      0.29748780D-02
  283  0.00037001      0.30469844D-02
  284  0.00037454      0.31208241D-02
  285  0.00037913      0.31964384D-02
  286  0.00038377      0.32738693D-02
  287  0.00038846      0.33531599D-02
  288  0.00039321      0.34343543D-02
  289  0.00039803      0.35174975D-02
  290  0.00040290      0.36026358D-02
  291  0.00040783      0.36898164D-02
  292  0.00041282      0.37790875D-02
  293  0.00041787      0.38704985D-02
  294  0.00042298      0.39641001D-02
  295  0.00042816      0.40599439D-02
  296  0.00043340      0.41580830D-02
  297  0.00043870      0.42585713D-02
  298  0.00044407      0.43614644D-02
  299  0.00044950      0.44668189D-02
  300  0.00045500      0.45746928D-02
  301  0.00046057      0.46851454D-02
  302  0.00046621      0.47982372D-02
  303  0.00047191      0.49140305D-02
  304  0.00047769      0.50325887D-02
  305  0.00048353      0.51539767D-02
  306  0.00048945      0.52782608D-02
  307  0.00049544      0.54055092D-02
  308  0.00050150      0.55357911D-02
  309  0.00050764      0.56691778D-02
  310  0.00051385      0.58057419D-02
  311  0.00052014      0.59455576D-02
  312  0.00052650      0.60887011D-02
  313  0.00053295      0.62352502D-02
  314  0.00053947      0.63852842D-02
  315  0.00054607      0.65388845D-02
  316  0.00055275      0.66961344D-02
  317  0.00055951      0.68571188D-02
  318  0.00056636      0.70219246D-02
  319  0.00057329      0.71906409D-02
  320  0.00058031      0.73633585D-02
  321  0.00058741      0.75401703D-02
  322  0.00059460      0.77211715D-02
  323  0.00060187      0.79064592D-02
  324  0.00060924      0.80961328D-02
  325  0.00061669      0.82902939D-02
  326  0.00062424      0.84890463D-02
  327  0.00063188      0.86924962D-02
  328  0.00063961      0.89007522D-02
  329  0.00064744      0.91139252D-02
  330  0.00065536      0.93321286D-02
  331  0.00066338      0.95554784D-02
  332  0.00067150      0.97840931D-02
  333  0.00067971      0.10018094D-01
  334  0.00068803      0.10257604D-01
  335  0.00069645      0.10502751D-01
  336  0.00070497      0.10753664D-01
  337  0.00071360      0.11010475D-01
  338  0.00072233      0.11273319D-01
  339  0.00073117      0.11542334D-01
  340  0.00074012      0.11817661D-01
  341  0.00074917      0.12099444D-01
  342  0.00075834      0.12387831D-01
  343  0.00076762      0.12682972D-01
  344  0.00077701      0.12985021D-01
  345  0.00078652      0.13294135D-01
  346  0.00079615      0.13610475D-01
  347  0.00080589      0.13934204D-01
  348  0.00081575      0.14265491D-01
  349  0.00082573      0.14604506D-01
  350  0.00083584      0.14951424D-01
  351  0.00084606      0.15306425D-01
  352  0.00085642      0.15669689D-01
  353  0.00086690      0.16041404D-01
  354  0.00087750      0.16421760D-01
  355  0.00088824      0.16810952D-01
  356  0.00089911      0.17209177D-01
  357  0.00091011      0.17616639D-01
  358  0.00092125      0.18033545D-01
  359  0.00093252      0.18460106D-01
  360  0.00094393      0.18896537D-01
  361  0.00095549      0.19343060D-01
  362  0.00096718      0.19799899D-01
  363  0.00097901      0.20267284D-01
  364  0.00099099      0.20745450D-01
  365  0.00100312      0.21234636D-01
  366  0.00101539      0.21735086D-01
  367  0.00102782      0.22247051D-01
  368  0.00104040      0.22770783D-01
  369  0.00105313      0.23306544D-01
  370  0.00106601      0.23854599D-01
  371  0.00107906      0.24415218D-01
  372  0.00109226      0.24988678D-01
  373  0.00110563      0.25575260D-01
  374  0.00111916      0.26175252D-01
  375  0.00113285      0.26788947D-01
  376  0.00114672      0.27416645D-01
  377  0.00116075      0.28058652D-01
  378  0.00117495      0.28715278D-01
  379  0.00118933      0.29386841D-01
  380  0.00120388      0.30073667D-01
  381  0.00121861      0.30776084D-01
  382  0.00123353      0.31494431D-01
  383  0.00124862      0.32229052D-01
  384  0.00126390      0.32980296D-01
  385  0.00127937      0.33748522D-01
  386  0.00129502      0.34534094D-01
  387  0.00131087      0.35337384D-01
  388  0.00132691      0.36158770D-01
  389  0.00134315      0.36998639D-01
  390  0.00135958      0.37857384D-01
  391  0.00137622      0.38735408D-01
  392  0.00139306      0.39633117D-01
  393  0.00141011      0.40550931D-01
  394  0.00142736      0.41489272D-01
  395  0.00144483      0.42448574D-01
  396  0.00146251      0.43429278D-01
  397  0.00148040      0.44431833D-01
  398  0.00149852      0.45456696D-01
  399  0.00151686      0.46504333D-01
  400  0.00153542      0.47575219D-01
  401  0.00155421      0.48669837D-01
  402  0.00157322      0.49788679D-01
  403  0.00159248      0.50932248D-01
  404  0.00161196      0.52101052D-01
  405  0.00163169      0.53295611D-01
  406  0.00165165      0.54516455D-01
  407  0.00167187      0.55764122D-01
  408  0.00169232      0.57039158D-01
  409  0.00171303      0.58342123D-01
  410  0.00173399      0.59673582D-01
  411  0.00175521      0.61034114D-01
  412  0.00177669      0.62424305D-01
  413  0.00179843      0.63844753D-01
  414  0.00182044      0.65296065D-01
  415  0.00184272      0.66778860D-01
  416  0.00186526      0.68293764D-01
  417  0.00188809      0.69841418D-01
  418  0.00191119      0.71422471D-01
  419  0.00193458      0.73037582D-01
  420  0.00195825      0.74687423D-01
  421  0.00198222      0.76372676D-01
  422  0.00200647      0.78094034D-01
  423  0.00203102      0.79852201D-01
  424  0.00205588      0.81647893D-01
  425  0.00208103      0.83481835D-01
  426  0.00210650      0.85354766D-01
  427  0.00213228      0.87267435D-01
  428  0.00215837      0.89220603D-01
  429  0.00218478      0.91215043D-01
  430  0.00221152      0.93251538D-01
  431  0.00223858      0.95330884D-01
  432  0.00226597      0.97453888D-01
  433  0.00229370      0.99621371D-01
  434  0.00232177      0.10183416D+00
  435  0.00235018      0.10409310D+00
  436  0.00237894      0.10639905D+00
  437  0.00240805      0.10875288D+00
  438  0.00243751      0.11115545D+00
  439  0.00246734      0.11360766D+00
  440  0.00249753      0.11611042D+00
  441  0.00252809      0.11866464D+00
  442  0.00255903      0.12127124D+00
  443  0.00259034      0.12393117D+00
  444  0.00262204      0.12664536D+00
  445  0.00265413      0.12941479D+00
  446  0.00268660      0.13224043D+00
  447  0.00271948      0.13512326D+00
  448  0.00275276      0.13806427D+00
  449  0.00278644      0.14106448D+00
  450  0.00282054      0.14412491D+00
  451  0.00285505      0.14724658D+00
  452  0.00288999      0.15043053D+00
  453  0.00292535      0.15367783D+00
  454  0.00296115      0.15698953D+00
  455  0.00299739      0.16036670D+00
  456  0.00303406      0.16381043D+00
  457  0.00307119      0.16732182D+00
  458  0.00310877      0.17090197D+00
  459  0.00314682      0.17455199D+00
  460  0.00318532      0.17827301D+00
  461  0.00322430      0.18206616D+00
  462  0.00326376      0.18593258D+00
  463  0.00330369      0.18987343D+00
  464  0.00334412      0.19388986D+00
  465  0.00338504      0.19798304D+00
  466  0.00342646      0.20215415D+00
  467  0.00346839      0.20640437D+00
  468  0.00351083      0.21073488D+00
  469  0.00355379      0.21514688D+00
  470  0.00359728      0.21964158D+00
  471  0.00364130      0.22422018D+00
  472  0.00368586      0.22888390D+00
  473  0.00373096      0.23363394D+00
  474  0.00377662      0.23847153D+00
  475  0.00382283      0.24339789D+00
  476  0.00386961      0.24841425D+00
  477  0.00391696      0.25352184D+00
  478  0.00396489      0.25872188D+00
  479  0.00401341      0.26401561D+00
  480  0.00406252      0.26940425D+00
  481  0.00411223      0.27488904D+00
  482  0.00416255      0.28047120D+00
  483  0.00421349      0.28615196D+00
  484  0.00426505      0.29193253D+00
  485  0.00431724      0.29781414D+00
  486  0.00437007      0.30379799D+00
  487  0.00442354      0.30988530D+00
  488  0.00447767      0.31607726D+00
  489  0.00453247      0.32237506D+00
  490  0.00458793      0.32877989D+00
  491  0.00464407      0.33529290D+00
  492  0.00470090      0.34191527D+00
  493  0.00475842      0.34864813D+00
  494  0.00481665      0.35549263D+00
  495  0.00487559      0.36244986D+00
  496  0.00493525      0.36952095D+00
  497  0.00499564      0.37670696D+00
  498  0.00505677      0.38400896D+00
  499  0.00511865      0.39142799D+00
  500  0.00518129      0.39896506D+00
  501  0.00524469      0.40662118D+00
  502  0.00530887      0.41439732D+00
  503  0.00537383      0.42229440D+00
  504  0.00543959      0.43031335D+00
  505  0.00550615      0.43845505D+00
  506  0.00557353      0.44672035D+00
  507  0.00564173      0.45511005D+00
  508  0.00571077      0.46362495D+00
  509  0.00578065      0.47226578D+00
  510  0.00585139      0.48103324D+00
  511  0.00592299      0.48992799D+00
  512  0.00599547      0.49895064D+00
  513  0.00606883      0.50810176D+00
  514  0.00614310      0.51738187D+00
  515  0.00621827      0.52679144D+00
  516  0.00629436      0.53633089D+00
  517  0.00637138      0.54600056D+00
  518  0.00644935      0.55580077D+00
  519  0.00652827      0.56573176D+00
  520  0.00660815      0.57579370D+00
  521  0.00668902      0.58598671D+00
  522  0.00677087      0.59631084D+00
  523  0.00685372      0.60676607D+00
  524  0.00693759      0.61735229D+00
  525  0.00702248      0.62806934D+00
  526  0.00710842      0.63891696D+00
  527  0.00719540      0.64989483D+00
  528  0.00728345      0.66100254D+00
  529  0.00737257      0.67223957D+00
  530  0.00746279      0.68360535D+00
  531  0.00755411      0.69509918D+00
  532  0.00764655      0.70672030D+00
  533  0.00774012      0.71846783D+00
  534  0.00783483      0.73034079D+00
  535  0.00793071      0.74233811D+00
  536  0.00802775      0.75445859D+00
  537  0.00812599      0.76670095D+00
  538  0.00822542      0.77906377D+00
  539  0.00832607      0.79154553D+00
  540  0.00842796      0.80414459D+00
  541  0.00853109      0.81685918D+00
  542  0.00863548      0.82968742D+00
  543  0.00874115      0.84262728D+00
  544  0.00884812      0.85567663D+00
  545  0.00895639      0.86883318D+00
  546  0.00906599      0.88209452D+00
  547  0.00917692      0.89545808D+00
  548  0.00928922      0.90892118D+00
  549  0.00940289      0.92248096D+00
  550  0.00951795      0.93613445D+00
  551  0.00963442      0.94987849D+00
  552  0.00975232      0.96370979D+00
  553  0.00987165      0.97762490D+00
  554  0.00999245      0.99162022D+00
  555  0.01011472      0.10056920D+01
  556  0.01023850      0.10198362D+01
  557  0.01036378      0.10340489D+01
  558  0.01049060      0.10483258D+01
  559  0.01061897      0.10626623D+01
  560  0.01074892      0.10770539D+01
  561  0.01088045      0.10914959D+01
  562  0.01101359      0.11059833D+01
  563  0.01114836      0.11205109D+01
  564  0.01128478      0.11350735D+01
  565  0.01142287      0.11496655D+01
  566  0.01156265      0.11642814D+01
  567  0.01170414      0.11789152D+01
  568  0.01184736      0.11935610D+01
  569  0.01199233      0.12082124D+01
  570  0.01213908      0.12228632D+01
  571  0.01228762      0.12375068D+01
  572  0.01243798      0.12521364D+01
  573  0.01259018      0.12667451D+01
  574  0.01274425      0.12813258D+01
  575  0.01290020      0.12958711D+01
  576  0.01305805      0.13103737D+01
  577  0.01321784      0.13248258D+01
  578  0.01337959      0.13392196D+01
  579  0.01354331      0.13535471D+01
  580  0.01370904      0.13678003D+01
  581  0.01387679      0.13819706D+01
  582  0.01404660      0.13960497D+01
  583  0.01421848      0.14100289D+01
  584  0.01439247      0.14238993D+01
  585  0.01456859      0.14376520D+01
  586  0.01474686      0.14512778D+01
  587  0.01492731      0.14647675D+01
  588  0.01510998      0.14781117D+01
  589  0.01529487      0.14913008D+01
  590  0.01548203      0.15043252D+01
  591  0.01567148      0.15171751D+01
  592  0.01586325      0.15298405D+01
  593  0.01605737      0.15423115D+01
  594  0.01625386      0.15545779D+01
  595  0.01645275      0.15666296D+01
  596  0.01665408      0.15784563D+01
  597  0.01685787      0.15900476D+01
  598  0.01706416      0.16013930D+01
  599  0.01727297      0.16124821D+01
  600  0.01748434      0.16233045D+01
  601  0.01769829      0.16338494D+01
  602  0.01791486      0.16441064D+01
  603  0.01813408      0.16540648D+01
  604  0.01835598      0.16637140D+01
  605  0.01858060      0.16730435D+01
  606  0.01880797      0.16820427D+01
  607  0.01903812      0.16907012D+01
  608  0.01927108      0.16990083D+01
  609  0.01950690      0.17069538D+01
  610  0.01974560      0.17145273D+01
  611  0.01998722      0.17217186D+01
  612  0.02023180      0.17285175D+01
  613  0.02047937      0.17349142D+01
  614  0.02072997      0.17408987D+01
  615  0.02098364      0.17464613D+01
  616  0.02124041      0.17515926D+01
  617  0.02150033      0.17562833D+01
  618  0.02176342      0.17605241D+01
  619  0.02202974      0.17643062D+01
  620  0.02229931      0.17676210D+01
  621  0.02257218      0.17704601D+01
  622  0.02284839      0.17728153D+01
  623  0.02312798      0.17746788D+01
  624  0.02341099      0.17760431D+01
  625  0.02369747      0.17769011D+01
  626  0.02398745      0.17772459D+01
  627  0.02428098      0.17770709D+01
  628  0.02457810      0.17763702D+01
  629  0.02487886      0.17751380D+01
  630  0.02518329      0.17733690D+01
  631  0.02549146      0.17710584D+01
  632  0.02580339      0.17682018D+01
  633  0.02611914      0.17647953D+01
  634  0.02643876      0.17608354D+01
  635  0.02676228      0.17563192D+01
  636  0.02708976      0.17512441D+01
  637  0.02742126      0.17456084D+01
  638  0.02775680      0.17394106D+01
  639  0.02809646      0.17326499D+01
  640  0.02844027      0.17253261D+01
  641  0.02878829      0.17174394D+01
  642  0.02914056      0.17089909D+01
  643  0.02949715      0.16999820D+01
  644  0.02985810      0.16904148D+01
  645  0.03022346      0.16802921D+01
  646  0.03059330      0.16696174D+01
  647  0.03096767      0.16583945D+01
  648  0.03134661      0.16466282D+01
  649  0.03173019      0.16343237D+01
  650  0.03211847      0.16214871D+01
  651  0.03251149      0.16081248D+01
  652  0.03290933      0.15942442D+01
  653  0.03331203      0.15798532D+01
  654  0.03371967      0.15649602D+01
  655  0.03413229      0.15495745D+01
  656  0.03454996      0.15337060D+01
  657  0.03497274      0.15173651D+01
  658  0.03540069      0.15005629D+01
  659  0.03583388      0.14833112D+01
  660  0.03627237      0.14656222D+01
  661  0.03671623      0.14475090D+01
  662  0.03716552      0.14289851D+01
  663  0.03762030      0.14100645D+01
  664  0.03808065      0.13907620D+01
  665  0.03854664      0.13710926D+01
  666  0.03901832      0.13510722D+01
  667  0.03949578      0.13307170D+01
  668  0.03997908      0.13100435D+01
  669  0.04046830      0.12890691D+01
  670  0.04096350      0.12678112D+01
  671  0.04146476      0.12462879D+01
  672  0.04197216      0.12245175D+01
  673  0.04248576      0.12025187D+01
  674  0.04300565      0.11803105D+01
  675  0.04353190      0.11579122D+01
  676  0.04406459      0.11353434D+01
  677  0.04460380      0.11126240D+01
  678  0.04514961      0.10897737D+01
  679  0.04570209      0.10668129D+01
  680  0.04626134      0.10437616D+01
  681  0.04682743      0.10206403D+01
  682  0.04740045      0.99746933D+00
  683  0.04798048      0.97426900D+00
  684  0.04856760      0.95105967D+00
  685  0.04916191      0.92786161D+00
  686  0.04976350      0.90469499D+00
  687  0.05037244      0.88157981D+00
  688  0.05098884      0.85853590D+00
  689  0.05161278      0.83558287D+00
  690  0.05224435      0.81274005D+00
  691  0.05288365      0.79002649D+00
  692  0.05353078      0.76746089D+00
  693  0.05418582      0.74506160D+00
  694  0.05484888      0.72284654D+00
  695  0.05552006      0.70083320D+00
  696  0.05619944      0.67903859D+00
  697  0.05688714      0.65747923D+00
  698  0.05758326      0.63617106D+00
  699  0.05828789      0.61512950D+00
  700  0.05900115      0.59436935D+00
  701  0.05972313      0.57390479D+00
  702  0.06045395      0.55374935D+00
  703  0.06119371      0.53391589D+00
  704  0.06194253      0.51441659D+00
  705  0.06270050      0.49526290D+00
  706  0.06346776      0.47646555D+00
  707  0.06424440      0.45803453D+00
  708  0.06503054      0.43997907D+00
  709  0.06582631      0.42230764D+00
  710  0.06663181      0.40502791D+00
  711  0.06744717      0.38814679D+00
  712  0.06827250      0.37167039D+00
  713  0.06910794      0.35560405D+00
  714  0.06995360      0.33995231D+00
  715  0.07080960      0.32471891D+00
  716  0.07167609      0.30990683D+00
  717  0.07255317      0.29551828D+00
  718  0.07344099      0.28155468D+00
  719  0.07433967      0.26801674D+00
  720  0.07524935      0.25490439D+00
  721  0.07617016      0.24221686D+00
  722  0.07710223      0.22995267D+00
  723  0.07804572      0.21810966D+00
  724  0.07900074      0.20668501D+00
  725  0.07996746      0.19567525D+00
  726  0.08094600      0.18507630D+00
  727  0.08193652      0.17488349D+00
  728  0.08293916      0.16509158D+00
  729  0.08395407      0.15569482D+00
  730  0.08498140      0.14668693D+00
  731  0.08602129      0.13806117D+00
  732  0.08707392      0.12981037D+00
  733  0.08813942      0.12192694D+00
  734  0.08921796      0.11440290D+00
  735  0.09030971      0.10722996D+00
  736  0.09141481      0.10039950D+00
  737  0.09253343      0.93902618D-01
  738  0.09366574      0.87730186D-01
  739  0.09481191      0.81872856D-01
  740  0.09597210      0.76321109D-01
  741  0.09714649      0.71065279D-01
  742  0.09833525      0.66095589D-01
  743  0.09953855      0.61402181D-01
  744  0.10075659      0.56975145D-01
  745  0.10198952      0.52804551D-01
  746  0.10323755      0.48880474D-01
  747  0.10450084      0.45193025D-01
  748  0.10577959      0.41732374D-01
  749  0.10707400      0.38488776D-01
  750  0.10838424      0.35452594D-01
  751  0.10971051      0.32614323D-01
  752  0.11105301      0.29964605D-01
  753  0.11241194      0.27494254D-01
  754  0.11378750      0.25194270D-01
  755  0.11517990      0.23055858D-01
  756  0.11658933      0.21070438D-01
  757  0.11801601      0.19229661D-01
  758  0.11946014      0.17525420D-01
  759  0.12092195      0.15949859D-01
  760  0.12240164      0.14495382D-01
  761  0.12389945      0.13154657D-01
  762  0.12541558      0.11920626D-01
  763  0.12695026      0.10786507D-01
  764  0.12850372      0.97457928D-02
  765  0.13007619      0.87922594D-02
  766  0.13166791      0.79199604D-02
  767  0.13327910      0.71232286D-02
  768  0.13491000      0.63966733D-02
  769  0.13656087      0.57351772D-02
  770  0.13823193      0.51338923D-02
  771  0.13992345      0.45882354D-02
  772  0.14163566      0.40938821D-02
  773  0.14336882      0.36467604D-02
  774  0.14512320      0.32430442D-02
  775  0.14689904      0.28791456D-02
  776  0.14869661      0.25517068D-02
  777  0.15051618      0.22575920D-02
  778  0.15235801      0.19938788D-02
  779  0.15422238      0.17578492D-02
  780  0.15610957      0.15469807D-02
  781  0.15801984      0.13589369D-02
  782  0.15995350      0.11915588D-02
  783  0.16191081      0.10428551D-02
  784  0.16389208      0.91099319D-03
  785  0.16589759      0.79429032D-03
  786  0.16792764      0.69120450D-03
  787  0.16998254      0.60032585D-03
  788  0.17206258      0.52036812D-03
  789  0.17416807      0.45016039D-03
  790  0.17629932      0.38863913D-03
  791  0.17845666      0.33484052D-03
  792  0.18064039      0.28789304D-03
  793  0.18285085      0.24701046D-03
  794  0.18508836      0.21148507D-03
  795  0.18735324      0.18068137D-03
  796  0.18964584      0.15402998D-03
  797  0.19196650      0.13102198D-03
  798  0.19431555      0.11120358D-03
  799  0.19669334      0.94171096D-04
  800  0.19910024      0.79566294D-04
  801  0.20153658      0.67072046D-04
  802  0.20400274      0.56408301D-04
  803  0.20649908      0.47328367D-04
  804  0.20902596      0.39615478D-04
  805  0.21158376      0.33079645D-04
  806  0.21417287      0.27554777D-04
  807  0.21679365      0.22896046D-04
  808  0.21944651      0.18977493D-04
  809  0.22213183      0.15689860D-04
  810  0.22485001      0.12938624D-04
  811  0.22760145      0.10642232D-04
  812  0.23038656      0.87305094D-05
  813  0.23320575      0.71432383D-05
  814  0.23605943      0.58288876D-05
  815  0.23894804      0.47434832D-05
  816  0.24187199      0.38496050D-05
  817  0.24483173      0.31155009D-05
  818  0.24782768      0.25143062D-05
  819  0.25086029      0.20233567D-05
  820  0.25393001      0.16235888D-05
  821  0.25703730      0.12990147D-05
  822  0.26018261      0.10362665D-05
  823  0.26336641      0.82420069D-06
  824  0.26658916      0.65355654D-06
  825  0.26985135      0.51666190D-06
  826  0.27315347      0.40718052D-06
  827  0.27649598      0.31989603D-06
  828  0.27987940      0.25052775D-06
  829  0.28330423      0.19557421D-06
  830  0.28677096      0.15218068D-06
  831  0.29028011      0.11802741D-06
  832  0.29383220      0.91235683D-07
  833  0.29742776      0.70289086D-07
  834  0.30106732      0.53967838D-07
  835  0.30475142      0.41294150D-07
  836  0.30848059      0.31486955D-07
  837  0.31225540      0.23924529D-07
  838  0.31607640      0.18113758D-07
  839  0.31994416      0.13664940D-07
  840  0.32385924      0.10271225D-07
  841  0.32782224      0.76918935D-08
  842  0.33183373      0.57388081D-08
  843  0.33589430      0.42654833D-08
  844  0.34000457      0.31582998D-08
  845  0.34416513      0.23294706D-08
  846  0.34837660      0.17114330D-08
  847  0.35263961      0.12523944D-08
  848  0.35695478      0.91280987D-09
  849  0.36132276      0.66260826D-09
  850  0.36574418      0.47901560D-09
  851  0.37021972      0.34485580D-09
  852  0.37475001      0.24722874D-09
  853  0.37933575      0.17648679D-09
  854  0.38397759      0.12544554D-09
  855  0.38867624      0.88778075D-10
  856  0.39343239      0.62551995D-10
  857  0.39824673      0.43877180D-10
  858  0.40311999      0.30639046D-10
  859  0.40805288      0.21297438D-10
  860  0.41304613      0.14735722D-10
  861  0.41810049      0.10148069D-10
  862  0.42321669      0.69556720D-11
  863  0.42839550      0.47447562D-11
  864  0.43363768      0.32209425D-11
  865  0.43894401      0.21758109D-11
  866  0.44431527      0.14625238D-11
  867  0.44975226      0.97814348D-12
  868  0.45525578      0.65086949D-12
  869  0.46082664      0.43087427D-12
  870  0.46646567      0.28375646D-12
  871  0.47217371      0.18588846D-12
  872  0.47795160      0.12112762D-12
  873  0.48380019      0.78503729D-13
  874  0.48972034      0.50601770D-13
  875  0.49571294      0.32437032D-13
  876  0.50177887      0.20677015D-13
  877  0.50791903      0.13106209D-13
  878  0.51413432      0.82599946D-14
  879  0.52042567      0.51756728D-14
  880  0.52679400      0.32241061D-14
  881  0.53324026      0.19965439D-14
  882  0.53976541      0.12289895D-14
  883  0.54637040      0.75195557D-15
  884  0.55305621      0.45728780D-15
  885  0.55982384      0.27639234D-15
  886  0.56667428      0.16603569D-15
  887  0.57360855      0.99136986D-16
  888  0.58062767      0.58839070D-16
  889  0.58773268      0.34732187D-16
  890  0.59492464      0.20395044D-16
  891  0.60220460      0.11907947D-16
  892  0.60957364      0.69825487D-17
  893  0.61703286      0.40144964D-17
  894  0.62458335      0.22738885D-17
  895  0.63222624      0.12790469D-17
  896  0.63996266      0.71440749D-18
  897  0.64779374      0.39619625D-18
  898  0.65572065      0.00000000D+00
  899  0.66374455      0.00000000D+00
  900  0.67186665      0.00000000D+00
  901  0.68008813      0.00000000D+00
  902  0.68841022      0.00000000D+00
  903  0.69683415      0.00000000D+00
  904  0.70536115      0.00000000D+00
  905  0.71399250      0.00000000D+00
  906  0.72272947      0.00000000D+00
  907  0.73157335      0.00000000D+00
  908  0.74052545      0.00000000D+00
  909  0.74958710      0.00000000D+00
  910  0.75875963      0.00000000D+00
  911  0.76804440      0.00000000D+00
  912  0.77744279      0.00000000D+00
  913  0.78695619      0.00000000D+00
  914  0.79658600      0.00000000D+00
  915  0.80633364      0.00000000D+00
  916  0.81620057      0.00000000D+00
  917  0.82618824      0.00000000D+00
  918  0.83629812      0.00000000D+00
  919  0.84653171      0.00000000D+00
  920  0.85689053      0.00000000D+00
  921  0.86737611      0.00000000D+00
  922  0.87799000      0.00000000D+00
  923  0.88873377      0.00000000D+00
  924  0.89960901      0.00000000D+00
  925  0.91061733      0.00000000D+00
  926  0.92176035      0.00000000D+00
  927  0.93303973      0.00000000D+00
  928  0.94445713      0.00000000D+00
  929  0.95601424      0.00000000D+00
  930  0.96771278      0.00000000D+00
  931  0.97955447      0.00000000D+00
  932  0.99154106      0.00000000D+00
  933  1.00367433      0.00000000D+00
  934  1.01595607      0.00000000D+00
  935  1.02838810      0.00000000D+00
  936  1.04097226      0.00000000D+00
  937  1.05371040      0.00000000D+00
  938  1.06660443      0.00000000D+00
  939  1.07965623      0.00000000D+00
  940  1.09286774      0.00000000D+00
  941  1.10624092      0.00000000D+00
  942  1.11977775      0.00000000D+00
  943  1.13348022      0.00000000D+00
  944  1.14735037      0.00000000D+00
  945  1.16139024      0.00000000D+00
  946  1.17560192      0.00000000D+00
  947  1.18998750      0.00000000D+00
  948  1.20454911      0.00000000D+00
  949  1.21928891      0.00000000D+00
  950  1.23420908      0.00000000D+00
  951  1.24931183      0.00000000D+00
  952  1.26459938      0.00000000D+00
  953  1.28007400      0.00000000D+00
  954  1.29573799      0.00000000D+00
  955  1.31159364      0.00000000D+00
  956  1.32764333      0.00000000D+00
  957  1.34388940      0.00000000D+00
  958  1.36033428      0.00000000D+00
  959  1.37698039      0.00000000D+00
  960  1.39383020      0.00000000D+00
  961  1.41088619      0.00000000D+00
  962  1.42815089      0.00000000D+00
  963  1.44562686      0.00000000D+00
  964  1.46331667      0.00000000D+00
  965  1.48122296      0.00000000D+00
  966  1.49934836      0.00000000D+00
  967  1.51769555      0.00000000D+00
  968  1.53626725      0.00000000D+00
  969  1.55506622      0.00000000D+00
  970  1.57409522      0.00000000D+00
  971  1.59335707      0.00000000D+00
  972  1.61285463      0.00000000D+00
  973  1.63259078      0.00000000D+00
  974  1.65256843      0.00000000D+00
  975  1.67279055      0.00000000D+00
  976  1.69326011      0.00000000D+00
  977  1.71398016      0.00000000D+00
  978  1.73495376      0.00000000D+00
  979  1.75618401      0.00000000D+00
  980  1.77767404      0.00000000D+00
  981  1.79942705      0.00000000D+00
  982  1.82144624      0.00000000D+00
  983  1.84373487      0.00000000D+00
  984  1.86629625      0.00000000D+00
  985  1.88913370      0.00000000D+00
  986  1.91225062      0.00000000D+00
  987  1.93565040      0.00000000D+00
  988  1.95933653      0.00000000D+00
  989  1.98331250      0.00000000D+00
  990  2.00758185      0.00000000D+00
  991  2.03214819      0.00000000D+00
  992  2.05701514      0.00000000D+00
  993  2.08218638      0.00000000D+00
  994  2.10766563      0.00000000D+00
  995  2.13345667      0.00000000D+00
  996  2.15956331      0.00000000D+00
  997  2.18598941      0.00000000D+00
  998  2.21273888      0.00000000D+00
  999  2.23981567      0.00000000D+00
 1000  2.26722380      0.00000000D+00
 1001  2.29496732      0.00000000D+00
 1002  2.32305033      0.00000000D+00
 1003  2.35147698      0.00000000D+00
 1004  2.38025149      0.00000000D+00
 1005  2.40937810      0.00000000D+00
 1006  2.43886112      0.00000000D+00
 1007  2.46870493      0.00000000D+00
 1008  2.49891393      0.00000000D+00
 1009  2.52949258      0.00000000D+00
 1010  2.56044542      0.00000000D+00
 1011  2.59177703      0.00000000D+00
 1012  2.62349203      0.00000000D+00
 1013  2.65559512      0.00000000D+00
 1014  2.68809106      0.00000000D+00
 1015  2.72098463      0.00000000D+00
 1016  2.75428072      0.00000000D+00
 1017  2.78798424      0.00000000D+00
 1018  2.82210019      0.00000000D+00
 1019  2.85663361      0.00000000D+00
 1020  2.89158960      0.00000000D+00
 1021  2.92697334      0.00000000D+00
 1022  2.96279007      0.00000000D+00
