 ir        r              f(r)*r^2
    1  0.00001199      0.11407737D-14
    2  0.00001213      0.11976372D-14
    3  0.00001228      0.12573351D-14
    4  0.00001243      0.13200085D-14
    5  0.00001258      0.13858059D-14
    6  0.00001274      0.14548830D-14
    7  0.00001289      0.15274031D-14
    8  0.00001305      0.16035380D-14
    9  0.00001321      0.16834677D-14
   10  0.00001337      0.17673814D-14
   11  0.00001354      0.18554778D-14
   12  0.00001370      0.19479652D-14
   13  0.00001387      0.20450625D-14
   14  0.00001404      0.21469995D-14
   15  0.00001421      0.22540174D-14
   16  0.00001438      0.23663694D-14
   17  0.00001456      0.24843214D-14
   18  0.00001474      0.26081525D-14
   19  0.00001492      0.27381557D-14
   20  0.00001510      0.28746387D-14
   21  0.00001529      0.30179243D-14
   22  0.00001547      0.31683517D-14
   23  0.00001566      0.33262768D-14
   24  0.00001585      0.34920732D-14
   25  0.00001605      0.36661333D-14
   26  0.00001624      0.38488690D-14
   27  0.00001644      0.40407125D-14
   28  0.00001664      0.42421179D-14
   29  0.00001685      0.44535617D-14
   30  0.00001705      0.46755442D-14
   31  0.00001726      0.49085906D-14
   32  0.00001747      0.51532523D-14
   33  0.00001769      0.54101083D-14
   34  0.00001790      0.56797663D-14
   35  0.00001812      0.59628642D-14
   36  0.00001835      0.62600720D-14
   37  0.00001857      0.65720928D-14
   38  0.00001880      0.68996648D-14
   39  0.00001903      0.72435631D-14
   40  0.00001926      0.76046014D-14
   41  0.00001950      0.79836338D-14
   42  0.00001973      0.83815571D-14
   43  0.00001998      0.87993128D-14
   44  0.00002022      0.92378892D-14
   45  0.00002047      0.96983240D-14
   46  0.00002072      0.10181706D-13
   47  0.00002097      0.10689180D-13
   48  0.00002123      0.11221946D-13
   49  0.00002149      0.11781264D-13
   50  0.00002175      0.12368458D-13
   51  0.00002202      0.12984916D-13
   52  0.00002229      0.13632097D-13
   53  0.00002256      0.14311533D-13
   54  0.00002284      0.15024830D-13
   55  0.00002312      0.15773676D-13
   56  0.00002340      0.16559843D-13
   57  0.00002368      0.17385190D-13
   58  0.00002397      0.18251670D-13
   59  0.00002427      0.19161333D-13
   60  0.00002456      0.20116330D-13
   61  0.00002487      0.21118921D-13
   62  0.00002517      0.22171477D-13
   63  0.00002548      0.23276488D-13
   64  0.00002579      0.24436569D-13
   65  0.00002610      0.25654463D-13
   66  0.00002642      0.26933051D-13
   67  0.00002675      0.28275357D-13
   68  0.00002707      0.29684558D-13
   69  0.00002741      0.31163985D-13
   70  0.00002774      0.32717140D-13
   71  0.00002808      0.34347694D-13
   72  0.00002842      0.36059506D-13
   73  0.00002877      0.37856624D-13
   74  0.00002912      0.39743299D-13
   75  0.00002948      0.41723993D-13
   76  0.00002984      0.43803391D-13
   77  0.00003021      0.45986412D-13
   78  0.00003058      0.48278218D-13
   79  0.00003095      0.50684231D-13
   80  0.00003133      0.53210141D-13
   81  0.00003171      0.55861921D-13
   82  0.00003210      0.58645844D-13
   83  0.00003249      0.61568494D-13
   84  0.00003289      0.64636782D-13
   85  0.00003329      0.67857966D-13
   86  0.00003370      0.71239663D-13
   87  0.00003411      0.74789872D-13
   88  0.00003453      0.78516987D-13
   89  0.00003495      0.82429824D-13
   90  0.00003538      0.86537635D-13
   91  0.00003581      0.90850135D-13
   92  0.00003625      0.95377522D-13
   93  0.00003670      0.10013050D-12
   94  0.00003714      0.10512032D-12
   95  0.00003760      0.11035876D-12
   96  0.00003806      0.11585823D-12
   97  0.00003853      0.12163172D-12
   98  0.00003900      0.12769288D-12
   99  0.00003947      0.13405606D-12
  100  0.00003996      0.14073628D-12
  101  0.00004045      0.14774936D-12
  102  0.00004094      0.15511187D-12
  103  0.00004144      0.16284122D-12
  104  0.00004195      0.17095569D-12
  105  0.00004246      0.17947446D-12
  106  0.00004298      0.18841767D-12
  107  0.00004351      0.19780646D-12
  108  0.00004404      0.20766304D-12
  109  0.00004458      0.21801072D-12
  110  0.00004512      0.22887394D-12
  111  0.00004568      0.24027839D-12
  112  0.00004624      0.25225105D-12
  113  0.00004680      0.26482020D-12
  114  0.00004737      0.27801557D-12
  115  0.00004795      0.29186834D-12
  116  0.00004854      0.30641128D-12
  117  0.00004913      0.32167874D-12
  118  0.00004974      0.33770683D-12
  119  0.00005034      0.35453343D-12
  120  0.00005096      0.37219832D-12
  121  0.00005158      0.39074326D-12
  122  0.00005222      0.41021206D-12
  123  0.00005285      0.43065077D-12
  124  0.00005350      0.45210768D-12
  125  0.00005416      0.47463350D-12
  126  0.00005482      0.49828149D-12
  127  0.00005549      0.52310753D-12
  128  0.00005617      0.54917030D-12
  129  0.00005686      0.57653138D-12
  130  0.00005755      0.60525546D-12
  131  0.00005826      0.63541040D-12
  132  0.00005897      0.66706748D-12
  133  0.00005969      0.70030151D-12
  134  0.00006042      0.73519101D-12
  135  0.00006116      0.77181845D-12
  136  0.00006191      0.81027037D-12
  137  0.00006267      0.85063763D-12
  138  0.00006343      0.89301562D-12
  139  0.00006421      0.93750448D-12
  140  0.00006499      0.98420931D-12
  141  0.00006579      0.10332405D-11
  142  0.00006659      0.10847138D-11
  143  0.00006741      0.11387510D-11
  144  0.00006823      0.11954796D-11
  145  0.00006907      0.12550337D-11
  146  0.00006991      0.13175540D-11
  147  0.00007077      0.13831882D-11
  148  0.00007164      0.14520913D-11
  149  0.00007251      0.15244262D-11
  150  0.00007340      0.16003636D-11
  151  0.00007430      0.16800830D-11
  152  0.00007521      0.17637726D-11
  153  0.00007613      0.18516302D-11
  154  0.00007706      0.19438633D-11
  155  0.00007800      0.20406897D-11
  156  0.00007896      0.21423381D-11
  157  0.00007992      0.22490486D-11
  158  0.00008090      0.23610733D-11
  159  0.00008189      0.24786765D-11
  160  0.00008289      0.26021362D-11
  161  0.00008391      0.27317439D-11
  162  0.00008493      0.28678056D-11
  163  0.00008597      0.30106426D-11
  164  0.00008703      0.31605922D-11
  165  0.00008809      0.33180084D-11
  166  0.00008917      0.34832631D-11
  167  0.00009026      0.36567462D-11
  168  0.00009136      0.38388676D-11
  169  0.00009248      0.40300570D-11
  170  0.00009361      0.42307659D-11
  171  0.00009476      0.44414682D-11
  172  0.00009592      0.46626612D-11
  173  0.00009709      0.48948670D-11
  174  0.00009828      0.51386339D-11
  175  0.00009948      0.53945372D-11
  176  0.00010070      0.56631810D-11
  177  0.00010193      0.59451993D-11
  178  0.00010318      0.62412577D-11
  179  0.00010444      0.65520550D-11
  180  0.00010572      0.68783247D-11
  181  0.00010701      0.72208368D-11
  182  0.00010832      0.75803995D-11
  183  0.00010965      0.79578613D-11
  184  0.00011099      0.83541130D-11
  185  0.00011235      0.87700894D-11
  186  0.00011372      0.92067722D-11
  187  0.00011512      0.96651915D-11
  188  0.00011652      0.10146429D-10
  189  0.00011795      0.10651620D-10
  190  0.00011939      0.11181956D-10
  191  0.00012086      0.11738689D-10
  192  0.00012233      0.12323131D-10
  193  0.00012383      0.12936661D-10
  194  0.00012535      0.13580727D-10
  195  0.00012688      0.14256847D-10
  196  0.00012843      0.14966616D-10
  197  0.00013000      0.15711709D-10
  198  0.00013160      0.16493881D-10
  199  0.00013321      0.17314977D-10
  200  0.00013484      0.18176935D-10
  201  0.00013649      0.19081785D-10
  202  0.00013816      0.20031662D-10
  203  0.00013985      0.21028805D-10
  204  0.00014156      0.22075565D-10
  205  0.00014329      0.23174410D-10
  206  0.00014504      0.24327930D-10
  207  0.00014682      0.25538844D-10
  208  0.00014861      0.26810006D-10
  209  0.00015043      0.28144413D-10
  210  0.00015227      0.29545209D-10
  211  0.00015414      0.31015696D-10
  212  0.00015602      0.32559339D-10
  213  0.00015793      0.34179775D-10
  214  0.00015987      0.35880824D-10
  215  0.00016182      0.37666492D-10
  216  0.00016380      0.39540987D-10
  217  0.00016581      0.41508725D-10
  218  0.00016783      0.43574342D-10
  219  0.00016989      0.45742703D-10
  220  0.00017197      0.48018916D-10
  221  0.00017407      0.50408343D-10
  222  0.00017620      0.52916610D-10
  223  0.00017836      0.55549626D-10
  224  0.00018054      0.58313590D-10
  225  0.00018275      0.61215011D-10
  226  0.00018499      0.64260720D-10
  227  0.00018725      0.67457889D-10
  228  0.00018954      0.70814045D-10
  229  0.00019186      0.74337089D-10
  230  0.00019421      0.78035312D-10
  231  0.00019658      0.81917422D-10
  232  0.00019899      0.85992554D-10
  233  0.00020143      0.90270299D-10
  234  0.00020389      0.94760724D-10
  235  0.00020638      0.99474396D-10
  236  0.00020891      0.10442241D-09
  237  0.00021147      0.10961639D-09
  238  0.00021405      0.11506858D-09
  239  0.00021667      0.12079179D-09
  240  0.00021933      0.12679949D-09
  241  0.00022201      0.13310581D-09
  242  0.00022473      0.13972558D-09
  243  0.00022748      0.14667436D-09
  244  0.00023026      0.15396850D-09
  245  0.00023308      0.16162514D-09
  246  0.00023593      0.16966230D-09
  247  0.00023882      0.17809886D-09
  248  0.00024174      0.18695466D-09
  249  0.00024470      0.19625050D-09
  250  0.00024769      0.20600825D-09
  251  0.00025072      0.21625082D-09
  252  0.00025379      0.22700230D-09
  253  0.00025690      0.23828793D-09
  254  0.00026004      0.25013425D-09
  255  0.00026322      0.26256907D-09
  256  0.00026644      0.27562161D-09
  257  0.00026970      0.28932252D-09
  258  0.00027300      0.30370398D-09
  259  0.00027634      0.31879977D-09
  260  0.00027972      0.33464533D-09
  261  0.00028315      0.35127786D-09
  262  0.00028661      0.36873641D-09
  263  0.00029012      0.38706196D-09
  264  0.00029367      0.40629753D-09
  265  0.00029726      0.42648826D-09
  266  0.00030090      0.44768153D-09
  267  0.00030458      0.46992707D-09
  268  0.00030831      0.49327706D-09
  269  0.00031208      0.51778630D-09
  270  0.00031590      0.54351225D-09
  271  0.00031977      0.57051527D-09
  272  0.00032368      0.59885867D-09
  273  0.00032764      0.62860892D-09
  274  0.00033165      0.65983577D-09
  275  0.00033571      0.69261242D-09
  276  0.00033982      0.72701569D-09
  277  0.00034397      0.76312623D-09
  278  0.00034818      0.80102865D-09
  279  0.00035244      0.84081176D-09
  280  0.00035676      0.88256876D-09
  281  0.00036112      0.92639748D-09
  282  0.00036554      0.97240057D-09
  283  0.00037001      0.10206858D-08
  284  0.00037454      0.10713661D-08
  285  0.00037913      0.11245603D-08
  286  0.00038377      0.11803928D-08
  287  0.00038846      0.12389944D-08
  288  0.00039321      0.13005022D-08
  289  0.00039803      0.13650601D-08
  290  0.00040290      0.14328191D-08
  291  0.00040783      0.15039378D-08
  292  0.00041282      0.15785825D-08
  293  0.00041787      0.16569278D-08
  294  0.00042298      0.17391568D-08
  295  0.00042816      0.18254619D-08
  296  0.00043340      0.19160448D-08
  297  0.00043870      0.20111171D-08
  298  0.00044407      0.21109010D-08
  299  0.00044950      0.22156298D-08
  300  0.00045500      0.23255479D-08
  301  0.00046057      0.24409123D-08
  302  0.00046621      0.25619922D-08
  303  0.00047191      0.26890705D-08
  304  0.00047769      0.28224437D-08
  305  0.00048353      0.29624232D-08
  306  0.00048945      0.31093357D-08
  307  0.00049544      0.32635239D-08
  308  0.00050150      0.34253476D-08
  309  0.00050764      0.35951842D-08
  310  0.00051385      0.37734297D-08
  311  0.00052014      0.39604999D-08
  312  0.00052650      0.41568308D-08
  313  0.00053295      0.43628799D-08
  314  0.00053947      0.45791275D-08
  315  0.00054607      0.48060773D-08
  316  0.00055275      0.50442581D-08
  317  0.00055951      0.52942245D-08
  318  0.00056636      0.55565585D-08
  319  0.00057329      0.58318710D-08
  320  0.00058031      0.61208026D-08
  321  0.00058741      0.64240258D-08
  322  0.00059460      0.67422459D-08
  323  0.00060187      0.70762033D-08
  324  0.00060924      0.74266744D-08
  325  0.00061669      0.77944742D-08
  326  0.00062424      0.81804576D-08
  327  0.00063188      0.85855217D-08
  328  0.00063961      0.90106076D-08
  329  0.00064744      0.94567027D-08
  330  0.00065536      0.99248430D-08
  331  0.00066338      0.10416115D-07
  332  0.00067150      0.10931661D-07
  333  0.00067971      0.11472675D-07
  334  0.00068803      0.12040413D-07
  335  0.00069645      0.12636192D-07
  336  0.00070497      0.13261394D-07
  337  0.00071360      0.13917469D-07
  338  0.00072233      0.14605936D-07
  339  0.00073117      0.15328391D-07
  340  0.00074012      0.16086508D-07
  341  0.00074917      0.16882043D-07
  342  0.00075834      0.17716837D-07
  343  0.00076762      0.18592823D-07
  344  0.00077701      0.19512028D-07
  345  0.00078652      0.20476578D-07
  346  0.00079615      0.21488705D-07
  347  0.00080589      0.22550747D-07
  348  0.00081575      0.23665161D-07
  349  0.00082573      0.24834521D-07
  350  0.00083584      0.26061529D-07
  351  0.00084606      0.27349017D-07
  352  0.00085642      0.28699959D-07
  353  0.00086690      0.30117472D-07
  354  0.00087750      0.31604827D-07
  355  0.00088824      0.33165454D-07
  356  0.00089911      0.34802952D-07
  357  0.00091011      0.36521095D-07
  358  0.00092125      0.38323842D-07
  359  0.00093252      0.40215346D-07
  360  0.00094393      0.42199961D-07
  361  0.00095549      0.44282257D-07
  362  0.00096718      0.46467024D-07
  363  0.00097901      0.48759289D-07
  364  0.00099099      0.51164322D-07
  365  0.00100312      0.53687652D-07
  366  0.00101539      0.56335077D-07
  367  0.00102782      0.59112677D-07
  368  0.00104040      0.62026830D-07
  369  0.00105313      0.65084225D-07
  370  0.00106601      0.68291876D-07
  371  0.00107906      0.71657140D-07
  372  0.00109226      0.75187733D-07
  373  0.00110563      0.78891744D-07
  374  0.00111916      0.82777658D-07
  375  0.00113285      0.86854374D-07
  376  0.00114672      0.91131222D-07
  377  0.00116075      0.95617987D-07
  378  0.00117495      0.10032493D-06
  379  0.00118933      0.10526281D-06
  380  0.00120388      0.11044291D-06
  381  0.00121861      0.11587706D-06
  382  0.00123353      0.12157767D-06
  383  0.00124862      0.12755775D-06
  384  0.00126390      0.13383092D-06
  385  0.00127937      0.14041151D-06
  386  0.00129502      0.14731449D-06
  387  0.00131087      0.15455560D-06
  388  0.00132691      0.16215132D-06
  389  0.00134315      0.17011893D-06
  390  0.00135958      0.17847655D-06
  391  0.00137622      0.18724318D-06
  392  0.00139306      0.19643874D-06
  393  0.00141011      0.20608411D-06
  394  0.00142736      0.21620119D-06
  395  0.00144483      0.22681292D-06
  396  0.00146251      0.23794336D-06
  397  0.00148040      0.24961774D-06
  398  0.00149852      0.26186250D-06
  399  0.00151686      0.27470535D-06
  400  0.00153542      0.28817535D-06
  401  0.00155421      0.30230296D-06
  402  0.00157322      0.31712010D-06
  403  0.00159248      0.33266024D-06
  404  0.00161196      0.34895845D-06
  405  0.00163169      0.36605149D-06
  406  0.00165165      0.38397791D-06
  407  0.00167187      0.40277809D-06
  408  0.00169232      0.42249436D-06
  409  0.00171303      0.44317109D-06
  410  0.00173399      0.46485478D-06
  411  0.00175521      0.48759417D-06
  412  0.00177669      0.51144031D-06
  413  0.00179843      0.53644675D-06
  414  0.00182044      0.56266955D-06
  415  0.00184272      0.59016751D-06
  416  0.00186526      0.61900221D-06
  417  0.00188809      0.64923820D-06
  418  0.00191119      0.68094310D-06
  419  0.00193458      0.71418780D-06
  420  0.00195825      0.74904654D-06
  421  0.00198222      0.78559712D-06
  422  0.00200647      0.82392107D-06
  423  0.00203102      0.86410381D-06
  424  0.00205588      0.90623481D-06
  425  0.00208103      0.95040783D-06
  426  0.00210650      0.99672109D-06
  427  0.00213228      0.10452775D-05
  428  0.00215837      0.10961848D-05
  429  0.00218478      0.11495560D-05
  430  0.00221152      0.12055094D-05
  431  0.00223858      0.12641688D-05
  432  0.00226597      0.13256641D-05
  433  0.00229370      0.13901313D-05
  434  0.00232177      0.14577127D-05
  435  0.00235018      0.15285574D-05
  436  0.00237894      0.16028218D-05
  437  0.00240805      0.16806694D-05
  438  0.00243751      0.17622716D-05
  439  0.00246734      0.18478079D-05
  440  0.00249753      0.19374661D-05
  441  0.00252809      0.20314431D-05
  442  0.00255903      0.21299449D-05
  443  0.00259034      0.22331874D-05
  444  0.00262204      0.23413965D-05
  445  0.00265413      0.24548088D-05
  446  0.00268660      0.25736720D-05
  447  0.00271948      0.26982456D-05
  448  0.00275276      0.28288010D-05
  449  0.00278644      0.29656226D-05
  450  0.00282054      0.31090080D-05
  451  0.00285505      0.32592687D-05
  452  0.00288999      0.34167309D-05
  453  0.00292535      0.35817360D-05
  454  0.00296115      0.37546414D-05
  455  0.00299739      0.39358211D-05
  456  0.00303406      0.41256666D-05
  457  0.00307119      0.43245877D-05
  458  0.00310877      0.45330132D-05
  459  0.00314682      0.47513920D-05
  460  0.00318532      0.49801936D-05
  461  0.00322430      0.52199096D-05
  462  0.00326376      0.54710542D-05
  463  0.00330369      0.57341656D-05
  464  0.00334412      0.60098068D-05
  465  0.00338504      0.62985670D-05
  466  0.00342646      0.66010624D-05
  467  0.00346839      0.69179379D-05
  468  0.00351083      0.72498680D-05
  469  0.00355379      0.75975584D-05
  470  0.00359728      0.79617472D-05
  471  0.00364130      0.83432065D-05
  472  0.00368586      0.87427439D-05
  473  0.00373096      0.91612039D-05
  474  0.00377662      0.95994700D-05
  475  0.00382283      0.10058466D-04
  476  0.00386961      0.10539158D-04
  477  0.00391696      0.11042555D-04
  478  0.00396489      0.11569715D-04
  479  0.00401341      0.12121742D-04
  480  0.00406252      0.12699790D-04
  481  0.00411223      0.13305067D-04
  482  0.00416255      0.13938835D-04
  483  0.00421349      0.14602412D-04
  484  0.00426505      0.15297179D-04
  485  0.00431724      0.16024576D-04
  486  0.00437007      0.16786110D-04
  487  0.00442354      0.17583355D-04
  488  0.00447767      0.18417958D-04
  489  0.00453247      0.19291637D-04
  490  0.00458793      0.20206190D-04
  491  0.00464407      0.21163494D-04
  492  0.00470090      0.22165510D-04
  493  0.00475842      0.23214289D-04
  494  0.00481665      0.24311970D-04
  495  0.00487559      0.25460791D-04
  496  0.00493525      0.26663086D-04
  497  0.00499564      0.27921298D-04
  498  0.00505677      0.29237973D-04
  499  0.00511865      0.30615773D-04
  500  0.00518129      0.32057478D-04
  501  0.00524469      0.33565988D-04
  502  0.00530887      0.35144335D-04
  503  0.00537383      0.36795682D-04
  504  0.00543959      0.38523331D-04
  505  0.00550615      0.40330729D-04
  506  0.00557353      0.42221476D-04
  507  0.00564173      0.44199327D-04
  508  0.00571077      0.46268203D-04
  509  0.00578065      0.48432193D-04
  510  0.00585139      0.50695567D-04
  511  0.00592299      0.53062779D-04
  512  0.00599547      0.55538475D-04
  513  0.00606883      0.58127505D-04
  514  0.00614310      0.60834924D-04
  515  0.00621827      0.63666007D-04
  516  0.00629436      0.66626257D-04
  517  0.00637138      0.69721411D-04
  518  0.00644935      0.72957452D-04
  519  0.00652827      0.76340619D-04
  520  0.00660815      0.79877415D-04
  521  0.00668902      0.83574623D-04
  522  0.00677087      0.87439310D-04
  523  0.00685372      0.91478845D-04
  524  0.00693759      0.95700905D-04
  525  0.00702248      0.10011349D-03
  526  0.00710842      0.10472495D-03
  527  0.00719540      0.10954396D-03
  528  0.00728345      0.11457957D-03
  529  0.00737257      0.11984121D-03
  530  0.00746279      0.12533871D-03
  531  0.00755411      0.13108229D-03
  532  0.00764655      0.13708260D-03
  533  0.00774012      0.14335072D-03
  534  0.00783483      0.14989822D-03
  535  0.00793071      0.15673710D-03
  536  0.00802775      0.16387987D-03
  537  0.00812599      0.17133956D-03
  538  0.00822542      0.17912972D-03
  539  0.00832607      0.18726444D-03
  540  0.00842796      0.19575840D-03
  541  0.00853109      0.20462685D-03
  542  0.00863548      0.21388566D-03
  543  0.00874115      0.22355135D-03
  544  0.00884812      0.23364107D-03
  545  0.00895639      0.24417268D-03
  546  0.00906599      0.25516472D-03
  547  0.00917692      0.26663648D-03
  548  0.00928922      0.27860800D-03
  549  0.00940289      0.29110011D-03
  550  0.00951795      0.30413445D-03
  551  0.00963442      0.31773351D-03
  552  0.00975232      0.33192062D-03
  553  0.00987165      0.34672005D-03
  554  0.00999245      0.36215697D-03
  555  0.01011472      0.37825753D-03
  556  0.01023850      0.39504887D-03
  557  0.01036378      0.41255916D-03
  558  0.01049060      0.43081763D-03
  559  0.01061897      0.44985460D-03
  560  0.01074892      0.46970155D-03
  561  0.01088045      0.49039109D-03
  562  0.01101359      0.51195708D-03
  563  0.01114836      0.53443461D-03
  564  0.01128478      0.55786004D-03
  565  0.01142287      0.58227107D-03
  566  0.01156265      0.60770678D-03
  567  0.01170414      0.63420764D-03
  568  0.01184736      0.66181557D-03
  569  0.01199233      0.69057400D-03
  570  0.01213908      0.72052790D-03
  571  0.01228762      0.75172380D-03
  572  0.01243798      0.78420989D-03
  573  0.01259018      0.81803602D-03
  574  0.01274425      0.85325376D-03
  575  0.01290020      0.88991647D-03
  576  0.01305805      0.92807931D-03
  577  0.01321784      0.96779933D-03
  578  0.01337959      0.10091355D-02
  579  0.01354331      0.10521487D-02
  580  0.01370904      0.10969019D-02
  581  0.01387679      0.11434601D-02
  582  0.01404660      0.11918905D-02
  583  0.01421848      0.12422623D-02
  584  0.01439247      0.12946471D-02
  585  0.01456859      0.13491187D-02
  586  0.01474686      0.14057533D-02
  587  0.01492731      0.14646292D-02
  588  0.01510998      0.15258276D-02
  589  0.01529487      0.15894317D-02
  590  0.01548203      0.16555275D-02
  591  0.01567148      0.17242036D-02
  592  0.01586325      0.17955510D-02
  593  0.01605737      0.18696637D-02
  594  0.01625386      0.19466381D-02
  595  0.01645275      0.20265737D-02
  596  0.01665408      0.21095724D-02
  597  0.01685787      0.21957392D-02
  598  0.01706416      0.22851821D-02
  599  0.01727297      0.23780119D-02
  600  0.01748434      0.24743422D-02
  601  0.01769829      0.25742899D-02
  602  0.01791486      0.26779748D-02
  603  0.01813408      0.27855197D-02
  604  0.01835598      0.28970506D-02
  605  0.01858060      0.30126966D-02
  606  0.01880797      0.31325898D-02
  607  0.01903812      0.32568656D-02
  608  0.01927108      0.33856623D-02
  609  0.01950690      0.35191217D-02
  610  0.01974560      0.36573886D-02
  611  0.01998722      0.38006107D-02
  612  0.02023180      0.39489392D-02
  613  0.02047937      0.41025283D-02
  614  0.02072997      0.42615350D-02
  615  0.02098364      0.44261199D-02
  616  0.02124041      0.45964461D-02
  617  0.02150033      0.47726799D-02
  618  0.02176342      0.49549905D-02
  619  0.02202974      0.51435499D-02
  620  0.02229931      0.53385329D-02
  621  0.02257218      0.55401169D-02
  622  0.02284839      0.57484820D-02
  623  0.02312798      0.59638106D-02
  624  0.02341099      0.61862877D-02
  625  0.02369747      0.64161003D-02
  626  0.02398745      0.66534375D-02
  627  0.02428098      0.68984905D-02
  628  0.02457810      0.71514521D-02
  629  0.02487886      0.74125166D-02
  630  0.02518329      0.76818798D-02
  631  0.02549146      0.79597386D-02
  632  0.02580339      0.82462907D-02
  633  0.02611914      0.85417346D-02
  634  0.02643876      0.88462691D-02
  635  0.02676228      0.91600932D-02
  636  0.02708976      0.94834054D-02
  637  0.02742126      0.98164040D-02
  638  0.02775680      0.10159286D-01
  639  0.02809646      0.10512248D-01
  640  0.02844027      0.10875484D-01
  641  0.02878829      0.11249186D-01
  642  0.02914056      0.11633545D-01
  643  0.02949715      0.12028746D-01
  644  0.02985810      0.12434973D-01
  645  0.03022346      0.12852407D-01
  646  0.03059330      0.13281221D-01
  647  0.03096767      0.13721586D-01
  648  0.03134661      0.14173666D-01
  649  0.03173019      0.14637619D-01
  650  0.03211847      0.15113597D-01
  651  0.03251149      0.15601743D-01
  652  0.03290933      0.16102193D-01
  653  0.03331203      0.16615073D-01
  654  0.03371967      0.17140500D-01
  655  0.03413229      0.17678581D-01
  656  0.03454996      0.18229411D-01
  657  0.03497274      0.18793073D-01
  658  0.03540069      0.19369638D-01
  659  0.03583388      0.19959162D-01
  660  0.03627237      0.20561687D-01
  661  0.03671623      0.21177240D-01
  662  0.03716552      0.21805829D-01
  663  0.03762030      0.22447448D-01
  664  0.03808065      0.23102069D-01
  665  0.03854664      0.23769648D-01
  666  0.03901832      0.24450118D-01
  667  0.03949578      0.25143390D-01
  668  0.03997908      0.25849355D-01
  669  0.04046830      0.26567878D-01
  670  0.04096350      0.27298800D-01
  671  0.04146476      0.28041935D-01
  672  0.04197216      0.28797072D-01
  673  0.04248576      0.29563971D-01
  674  0.04300565      0.30342361D-01
  675  0.04353190      0.31131943D-01
  676  0.04406459      0.31932386D-01
  677  0.04460380      0.32743324D-01
  678  0.04514961      0.33564361D-01
  679  0.04570209      0.34395065D-01
  680  0.04626134      0.35234966D-01
  681  0.04682743      0.36083559D-01
  682  0.04740045      0.36940302D-01
  683  0.04798048      0.37804613D-01
  684  0.04856760      0.38675870D-01
  685  0.04916191      0.39553411D-01
  686  0.04976350      0.40436532D-01
  687  0.05037244      0.41324487D-01
  688  0.05098884      0.42216488D-01
  689  0.05161278      0.43111702D-01
  690  0.05224435      0.44009253D-01
  691  0.05288365      0.44908220D-01
  692  0.05353078      0.45807637D-01
  693  0.05418582      0.46706491D-01
  694  0.05484888      0.47603727D-01
  695  0.05552006      0.48498243D-01
  696  0.05619944      0.49388889D-01
  697  0.05688714      0.50274474D-01
  698  0.05758326      0.51153760D-01
  699  0.05828789      0.52025463D-01
  700  0.05900115      0.52888258D-01
  701  0.05972313      0.53740774D-01
  702  0.06045395      0.54581602D-01
  703  0.06119371      0.55409288D-01
  704  0.06194253      0.56222340D-01
  705  0.06270050      0.57019228D-01
  706  0.06346776      0.57798386D-01
  707  0.06424440      0.58558213D-01
  708  0.06503054      0.59297076D-01
  709  0.06582631      0.60013312D-01
  710  0.06663181      0.60705231D-01
  711  0.06744717      0.61371119D-01
  712  0.06827250      0.62009239D-01
  713  0.06910794      0.62617839D-01
  714  0.06995360      0.63195150D-01
  715  0.07080960      0.63739396D-01
  716  0.07167609      0.64248791D-01
  717  0.07255317      0.64721550D-01
  718  0.07344099      0.65155890D-01
  719  0.07433967      0.65550035D-01
  720  0.07524935      0.65902223D-01
  721  0.07617016      0.66210712D-01
  722  0.07710223      0.66473781D-01
  723  0.07804572      0.66689741D-01
  724  0.07900074      0.66856941D-01
  725  0.07996746      0.66973771D-01
  726  0.08094600      0.67038672D-01
  727  0.08193652      0.67050140D-01
  728  0.08293916      0.67006737D-01
  729  0.08395407      0.66907095D-01
  730  0.08498140      0.66749926D-01
  731  0.08602129      0.66534027D-01
  732  0.08707392      0.66258293D-01
  733  0.08813942      0.65921716D-01
  734  0.08921796      0.65523405D-01
  735  0.09030971      0.65062582D-01
  736  0.09141481      0.64538601D-01
  737  0.09253343      0.63950950D-01
  738  0.09366574      0.63299259D-01
  739  0.09481191      0.62583312D-01
  740  0.09597210      0.61803054D-01
  741  0.09714649      0.60958598D-01
  742  0.09833525      0.60050231D-01
  743  0.09953855      0.59078429D-01
  744  0.10075659      0.58043857D-01
  745  0.10198952      0.56947379D-01
  746  0.10323755      0.55790067D-01
  747  0.10450084      0.54573205D-01
  748  0.10577959      0.53298296D-01
  749  0.10707400      0.51967071D-01
  750  0.10838424      0.50581487D-01
  751  0.10971051      0.49143741D-01
  752  0.11105301      0.47656266D-01
  753  0.11241194      0.46121740D-01
  754  0.11378750      0.44543088D-01
  755  0.11517990      0.42923481D-01
  756  0.11658933      0.41266341D-01
  757  0.11801601      0.39575341D-01
  758  0.11946014      0.37854402D-01
  759  0.12092195      0.36107695D-01
  760  0.12240164      0.34339637D-01
  761  0.12389945      0.32554888D-01
  762  0.12541558      0.30758346D-01
  763  0.12695026      0.28955142D-01
  764  0.12850372      0.27150635D-01
  765  0.13007619      0.25350402D-01
  766  0.13166791      0.23560229D-01
  767  0.13327910      0.21786102D-01
  768  0.13491000      0.20034197D-01
  769  0.13656087      0.18310862D-01
  770  0.13823193      0.16622610D-01
  771  0.13992345      0.14976098D-01
  772  0.14163566      0.13378114D-01
  773  0.14336882      0.11835557D-01
  774  0.14512320      0.10355421D-01
  775  0.14689904      0.89447707D-02
  776  0.14869661      0.76107246D-02
  777  0.15051618      0.63604291D-02
  778  0.15235801      0.52010364D-02
  779  0.15422238      0.41396798D-02
  780  0.15610957      0.31834480D-02
  781  0.15801984      0.23393585D-02
  782  0.15995350      0.16143304D-02
  783  0.16191081      0.10151565D-02
  784  0.16389208      0.54847419D-03
  785  0.16589759      0.22073674D-03
  786  0.16792764      0.38183289D-04
  787  0.16998254      0.68090539D-05
  788  0.17206258      0.13233519D-03
  789  0.17416807      0.42017862D-03
  790  0.17629932      0.87542196D-03
  791  0.17845666      0.15027837D-02
  792  0.18064039      0.23065889D-02
  793  0.18285085      0.32907399D-02
  794  0.18508836      0.44586888D-02
  795  0.18735324      0.58134095D-02
  796  0.18964584      0.73573718D-02
  797  0.19196650      0.90925163D-02
  798  0.19431555      0.11020231D-01
  799  0.19669334      0.13141327D-01
  800  0.19910024      0.15456022D-01
  801  0.20153658      0.17963919D-01
  802  0.20400274      0.20663990D-01
  803  0.20649908      0.23554559D-01
  804  0.20902596      0.26633298D-01
  805  0.21158376      0.29897206D-01
  806  0.21417287      0.33342613D-01
  807  0.21679365      0.36965165D-01
  808  0.21944651      0.40759834D-01
  809  0.22213183      0.44720907D-01
  810  0.22485001      0.48842000D-01
  811  0.22760145      0.53116062D-01
  812  0.23038656      0.57535383D-01
  813  0.23320575      0.62091614D-01
  814  0.23605943      0.66775776D-01
  815  0.23894804      0.71578288D-01
  816  0.24187199      0.76488984D-01
  817  0.24483173      0.81497143D-01
  818  0.24782768      0.86591520D-01
  819  0.25086029      0.91760374D-01
  820  0.25393001      0.96991508D-01
  821  0.25703730      0.10227230D+00
  822  0.26018261      0.10758977D+00
  823  0.26336641      0.11293058D+00
  824  0.26658916      0.11828111D+00
  825  0.26985135      0.12362752D+00
  826  0.27315347      0.12895575D+00
  827  0.27649598      0.13425163D+00
  828  0.27987940      0.13950089D+00
  829  0.28330423      0.14468925D+00
  830  0.28677096      0.14980244D+00
  831  0.29028011      0.15482628D+00
  832  0.29383220      0.15974673D+00
  833  0.29742776      0.16454996D+00
  834  0.30106732      0.16922239D+00
  835  0.30475142      0.17375074D+00
  836  0.30848059      0.17812210D+00
  837  0.31225540      0.18232401D+00
  838  0.31607640      0.18634444D+00
  839  0.31994416      0.19017191D+00
  840  0.32385924      0.19379551D+00
  841  0.32782224      0.19720496D+00
  842  0.33183373      0.20039062D+00
  843  0.33589430      0.20334358D+00
  844  0.34000457      0.20605564D+00
  845  0.34416513      0.20851942D+00
  846  0.34837660      0.21072831D+00
  847  0.35263961      0.21267655D+00
  848  0.35695478      0.21435924D+00
  849  0.36132276      0.21577234D+00
  850  0.36574418      0.21691272D+00
  851  0.37021972      0.21777813D+00
  852  0.37475001      0.21836725D+00
  853  0.37933575      0.21867964D+00
  854  0.38397759      0.21871579D+00
  855  0.38867624      0.21847708D+00
  856  0.39343239      0.21796578D+00
  857  0.39824673      0.21718502D+00
  858  0.40311999      0.21613879D+00
  859  0.40805288      0.21483192D+00
  860  0.41304613      0.21327003D+00
  861  0.41810049      0.21145951D+00
  862  0.42321669      0.20940749D+00
  863  0.42839550      0.20712179D+00
  864  0.43363768      0.20461091D+00
  865  0.43894401      0.20188394D+00
  866  0.44431527      0.19895055D+00
  867  0.44975226      0.19582094D+00
  868  0.45525578      0.19250578D+00
  869  0.46082664      0.18901613D+00
  870  0.46646567      0.18536347D+00
  871  0.47217371      0.18155954D+00
  872  0.47795160      0.17761640D+00
  873  0.48380019      0.17354625D+00
  874  0.48972034      0.16936149D+00
  875  0.49571294      0.16507460D+00
  876  0.50177887      0.16069810D+00
  877  0.50791903      0.15624449D+00
  878  0.51413432      0.15172622D+00
  879  0.52042567      0.14715563D+00
  880  0.52679400      0.14254489D+00
  881  0.53324026      0.13790596D+00
  882  0.53976541      0.13325053D+00
  883  0.54637040      0.12859003D+00
  884  0.55305621      0.12393552D+00
  885  0.55982384      0.11929769D+00
  886  0.56667428      0.11468683D+00
  887  0.57360855      0.11011279D+00
  888  0.58062767      0.10558493D+00
  889  0.58773268      0.10111214D+00
  890  0.59492464      0.96702781D-01
  891  0.60220460      0.92364674D-01
  892  0.60957364      0.88105097D-01
  893  0.61703286      0.83930766D-01
  894  0.62458335      0.79847821D-01
  895  0.63222624      0.75861830D-01
  896  0.63996266      0.71977783D-01
  897  0.64779374      0.68200092D-01
  898  0.65572065      0.64532599D-01
  899  0.66374455      0.60978580D-01
  900  0.67186665      0.57540759D-01
  901  0.68008813      0.54221315D-01
  902  0.68841022      0.51021906D-01
  903  0.69683415      0.47943678D-01
  904  0.70536115      0.44987291D-01
  905  0.71399250      0.42152935D-01
  906  0.72272947      0.39440359D-01
  907  0.73157335      0.36848892D-01
  908  0.74052545      0.34377468D-01
  909  0.74958710      0.32024658D-01
  910  0.75875963      0.29788689D-01
  911  0.76804440      0.27667480D-01
  912  0.77744279      0.25658667D-01
  913  0.78695619      0.23759628D-01
  914  0.79658600      0.21967517D-01
  915  0.80633364      0.20279287D-01
  916  0.81620057      0.18691720D-01
  917  0.82618824      0.17201452D-01
  918  0.83629812      0.15804999D-01
  919  0.84653171      0.14498784D-01
  920  0.85689053      0.13279156D-01
  921  0.86737611      0.12142416D-01
  922  0.87799000      0.11084838D-01
  923  0.88873377      0.10102690D-01
  924  0.89960901      0.91922498D-02
  925  0.91061733      0.83498228D-02
  926  0.92176035      0.75717607D-02
  927  0.93303973      0.68544732D-02
  928  0.94445713      0.61944420D-02
  929  0.95601424      0.55882321D-02
  930  0.96771278      0.50325020D-02
  931  0.97955447      0.45240128D-02
  932  0.99154106      0.40596353D-02
  933  1.00367433      0.36363564D-02
  934  1.01595607      0.32512839D-02
  935  1.02838810      0.29016506D-02
  936  1.04097226      0.25848168D-02
  937  1.05371040      0.22982718D-02
  938  1.06660443      0.20396352D-02
  939  1.07965623      0.18066560D-02
  940  1.09286774      0.15972123D-02
  941  1.10624092      0.14093091D-02
  942  1.11977775      0.12410761D-02
  943  1.13348022      0.10907651D-02
  944  1.14735037      0.95674604D-03
  945  1.16139024      0.83750344D-03
  946  1.17560192      0.73163222D-03
  947  1.18998750      0.63783309D-03
  948  1.20454911      0.55490786D-03
  949  1.21928891      0.48175456D-03
  950  1.23420908      0.41736241D-03
  951  1.24931183      0.36080678D-03
  952  1.26459938      0.31124410D-03
  953  1.28007400      0.26790683D-03
  954  1.29573799      0.23009843D-03
  955  1.31159364      0.19718854D-03
  956  1.32764333      0.16860818D-03
  957  1.34388940      0.14384515D-03
  958  1.36033428      0.12243965D-03
  959  1.37698039      0.10397996D-03
  960  1.39383020      0.88098459D-04
  961  1.41088619      0.74467767D-04
  962  1.42815089      0.62797137D-04
  963  1.44562686      0.52829062D-04
  964  1.46331667      0.44336092D-04
  965  1.48122296      0.37117880D-04
  966  1.49934836      0.30998442D-04
  967  1.51769555      0.25823617D-04
  968  1.53626725      0.21458742D-04
  969  1.55506622      0.17786509D-04
  970  1.57409522      0.14705022D-04
  971  1.59335707      0.12126019D-04
  972  1.61285463      0.99732661D-05
  973  1.63259078      0.81811054D-05
  974  1.65256843      0.66931527D-05
  975  1.67279055      0.54611267D-05
  976  1.69326011      0.44438056D-05
  977  1.71398016      0.36060977D-05
  978  1.73495376      0.29182186D-05
  979  1.75618401      0.23549635D-05
  980  1.77767404      0.18950669D-05
  981  1.79942705      0.15206414D-05
  982  1.82144624      0.12166867D-05
  983  1.84373487      0.97066184D-06
  984  1.86629625      0.77211493D-06
  985  1.88913370      0.61236183D-06
  986  1.91225062      0.48420992D-06
  987  1.93565040      0.38172076D-06
  988  1.95933653      0.30000700D-06
  989  1.98331250      0.23505927D-06
  990  2.00758185      0.18359906D-06
  991  2.03214819      0.14295430D-06
  992  2.05701514      0.11095430D-06
  993  2.08218638      0.85841548D-07
  994  2.10766563      0.66197806D-07
  995  2.13345667      0.50882492D-07
  996  2.15956331      0.38981432D-07
  997  2.18598941      0.29764435D-07
  998  2.21273888      0.22650280D-07
  999  2.23981567      0.17177942D-07
 1000  2.26722380      0.12983019D-07
 1001  2.29496732      0.97785076D-08
 1002  2.32305033      0.73391696D-08
 1003  2.35147698      0.54888808D-08
 1004  2.38025149      0.40904223D-08
 1005  2.40937810      0.30372798D-08
 1006  2.43886112      0.22470797D-08
 1007  2.46870493      0.16563564D-08
 1008  2.49891393      0.12163966D-08
 1009  2.52949258      0.88995285D-09
 1010  2.56044542      0.64865433D-09
 1011  2.59177703      0.47097516D-09
 1012  2.62349203      0.34064698D-09
 1013  2.65559512      0.24542338D-09
 1014  2.68809106      0.17612235D-09
 1015  2.72098463      0.12588711D-09
 1016  2.75428072      0.89618209D-10
 1017  2.78798424      0.63538557D-10
 1018  2.82210019      0.44861474D-10
 1019  2.85663361      0.31541651D-10
 1020  2.89158960      0.22082327D-10
 1021  2.92697334      0.15389131D-10
 1022  2.96279007      0.10678130D-10
