 ir        r               f(r)
    1  0.00001199      0.51328857D+05
    2  0.00001213      0.51328225D+05
    3  0.00001228      0.51327585D+05
    4  0.00001243      0.51326937D+05
    5  0.00001258      0.51326281D+05
    6  0.00001274      0.51325617D+05
    7  0.00001289      0.51324945D+05
    8  0.00001305      0.51324265D+05
    9  0.00001321      0.51323576D+05
   10  0.00001337      0.51322880D+05
   11  0.00001354      0.51322174D+05
   12  0.00001370      0.51321460D+05
   13  0.00001387      0.51320737D+05
   14  0.00001404      0.51320006D+05
   15  0.00001421      0.51319265D+05
   16  0.00001438      0.51318515D+05
   17  0.00001456      0.51317757D+05
   18  0.00001474      0.51316989D+05
   19  0.00001492      0.51316211D+05
   20  0.00001510      0.51315424D+05
   21  0.00001529      0.51314628D+05
   22  0.00001547      0.51313821D+05
   23  0.00001566      0.51313005D+05
   24  0.00001585      0.51312179D+05
   25  0.00001605      0.51311343D+05
   26  0.00001624      0.51310497D+05
   27  0.00001644      0.51309640D+05
   28  0.00001664      0.51308773D+05
   29  0.00001685      0.51307895D+05
   30  0.00001705      0.51307006D+05
   31  0.00001726      0.51306107D+05
   32  0.00001747      0.51305196D+05
   33  0.00001769      0.51304275D+05
   34  0.00001790      0.51303342D+05
   35  0.00001812      0.51302398D+05
   36  0.00001835      0.51301442D+05
   37  0.00001857      0.51300475D+05
   38  0.00001880      0.51299495D+05
   39  0.00001903      0.51298504D+05
   40  0.00001926      0.51297501D+05
   41  0.00001950      0.51296485D+05
   42  0.00001973      0.51295457D+05
   43  0.00001998      0.51294417D+05
   44  0.00002022      0.51293364D+05
   45  0.00002047      0.51292298D+05
   46  0.00002072      0.51291219D+05
   47  0.00002097      0.51290126D+05
   48  0.00002123      0.51289021D+05
   49  0.00002149      0.51287901D+05
   50  0.00002175      0.51286769D+05
   51  0.00002202      0.51285622D+05
   52  0.00002229      0.51284461D+05
   53  0.00002256      0.51283286D+05
   54  0.00002284      0.51282097D+05
   55  0.00002312      0.51280894D+05
   56  0.00002340      0.51279675D+05
   57  0.00002368      0.51278442D+05
   58  0.00002397      0.51277194D+05
   59  0.00002427      0.51275930D+05
   60  0.00002456      0.51274651D+05
   61  0.00002487      0.51273356D+05
   62  0.00002517      0.51272046D+05
   63  0.00002548      0.51270719D+05
   64  0.00002579      0.51269377D+05
   65  0.00002610      0.51268018D+05
   66  0.00002642      0.51266642D+05
   67  0.00002675      0.51265250D+05
   68  0.00002707      0.51263840D+05
   69  0.00002741      0.51262414D+05
   70  0.00002774      0.51260969D+05
   71  0.00002808      0.51259508D+05
   72  0.00002842      0.51258028D+05
   73  0.00002877      0.51256531D+05
   74  0.00002912      0.51255015D+05
   75  0.00002948      0.51253480D+05
   76  0.00002984      0.51251927D+05
   77  0.00003021      0.51250355D+05
   78  0.00003058      0.51248764D+05
   79  0.00003095      0.51247153D+05
   80  0.00003133      0.51245523D+05
   81  0.00003171      0.51243873D+05
   82  0.00003210      0.51242202D+05
   83  0.00003249      0.51240512D+05
   84  0.00003289      0.51238800D+05
   85  0.00003329      0.51237068D+05
   86  0.00003370      0.51235315D+05
   87  0.00003411      0.51233540D+05
   88  0.00003453      0.51231743D+05
   89  0.00003495      0.51229925D+05
   90  0.00003538      0.51228084D+05
   91  0.00003581      0.51226221D+05
   92  0.00003625      0.51224336D+05
   93  0.00003670      0.51222427D+05
   94  0.00003714      0.51220495D+05
   95  0.00003760      0.51218539D+05
   96  0.00003806      0.51216560D+05
   97  0.00003853      0.51214556D+05
   98  0.00003900      0.51212528D+05
   99  0.00003947      0.51210476D+05
  100  0.00003996      0.51208398D+05
  101  0.00004045      0.51206295D+05
  102  0.00004094      0.51204166D+05
  103  0.00004144      0.51202011D+05
  104  0.00004195      0.51199830D+05
  105  0.00004246      0.51197622D+05
  106  0.00004298      0.51195388D+05
  107  0.00004351      0.51193126D+05
  108  0.00004404      0.51190837D+05
  109  0.00004458      0.51188519D+05
  110  0.00004512      0.51186174D+05
  111  0.00004568      0.51183800D+05
  112  0.00004624      0.51181397D+05
  113  0.00004680      0.51178965D+05
  114  0.00004737      0.51176503D+05
  115  0.00004795      0.51174011D+05
  116  0.00004854      0.51171488D+05
  117  0.00004913      0.51168935D+05
  118  0.00004974      0.51166351D+05
  119  0.00005034      0.51163735D+05
  120  0.00005096      0.51161088D+05
  121  0.00005158      0.51158408D+05
  122  0.00005222      0.51155695D+05
  123  0.00005285      0.51152950D+05
  124  0.00005350      0.51150171D+05
  125  0.00005416      0.51147358D+05
  126  0.00005482      0.51144511D+05
  127  0.00005549      0.51141629D+05
  128  0.00005617      0.51138712D+05
  129  0.00005686      0.51135760D+05
  130  0.00005755      0.51132772D+05
  131  0.00005826      0.51129747D+05
  132  0.00005897      0.51126685D+05
  133  0.00005969      0.51123587D+05
  134  0.00006042      0.51120450D+05
  135  0.00006116      0.51117275D+05
  136  0.00006191      0.51114062D+05
  137  0.00006267      0.51110809D+05
  138  0.00006343      0.51107517D+05
  139  0.00006421      0.51104185D+05
  140  0.00006499      0.51100813D+05
  141  0.00006579      0.51097399D+05
  142  0.00006659      0.51093943D+05
  143  0.00006741      0.51090446D+05
  144  0.00006823      0.51086906D+05
  145  0.00006907      0.51083323D+05
  146  0.00006991      0.51079697D+05
  147  0.00007077      0.51076026D+05
  148  0.00007164      0.51072311D+05
  149  0.00007251      0.51068550D+05
  150  0.00007340      0.51064744D+05
  151  0.00007430      0.51060892D+05
  152  0.00007521      0.51056992D+05
  153  0.00007613      0.51053045D+05
  154  0.00007706      0.51049051D+05
  155  0.00007800      0.51045007D+05
  156  0.00007896      0.51040915D+05
  157  0.00007992      0.51036773D+05
  158  0.00008090      0.51032580D+05
  159  0.00008189      0.51028337D+05
  160  0.00008289      0.51024042D+05
  161  0.00008391      0.51019694D+05
  162  0.00008493      0.51015294D+05
  163  0.00008597      0.51010841D+05
  164  0.00008703      0.51006333D+05
  165  0.00008809      0.51001771D+05
  166  0.00008917      0.50997153D+05
  167  0.00009026      0.50992479D+05
  168  0.00009136      0.50987748D+05
  169  0.00009248      0.50982960D+05
  170  0.00009361      0.50978114D+05
  171  0.00009476      0.50973209D+05
  172  0.00009592      0.50968245D+05
  173  0.00009709      0.50963220D+05
  174  0.00009828      0.50958134D+05
  175  0.00009948      0.50952986D+05
  176  0.00010070      0.50947776D+05
  177  0.00010193      0.50942503D+05
  178  0.00010318      0.50937166D+05
  179  0.00010444      0.50931764D+05
  180  0.00010572      0.50926297D+05
  181  0.00010701      0.50920763D+05
  182  0.00010832      0.50915162D+05
  183  0.00010965      0.50909493D+05
  184  0.00011099      0.50903756D+05
  185  0.00011235      0.50897949D+05
  186  0.00011372      0.50892071D+05
  187  0.00011512      0.50886123D+05
  188  0.00011652      0.50880102D+05
  189  0.00011795      0.50874009D+05
  190  0.00011939      0.50867841D+05
  191  0.00012086      0.50861599D+05
  192  0.00012233      0.50855281D+05
  193  0.00012383      0.50848887D+05
  194  0.00012535      0.50842415D+05
  195  0.00012688      0.50835865D+05
  196  0.00012843      0.50829236D+05
  197  0.00013000      0.50822526D+05
  198  0.00013160      0.50815735D+05
  199  0.00013321      0.50808862D+05
  200  0.00013484      0.50801906D+05
  201  0.00013649      0.50794866D+05
  202  0.00013816      0.50787740D+05
  203  0.00013985      0.50780529D+05
  204  0.00014156      0.50773230D+05
  205  0.00014329      0.50765843D+05
  206  0.00014504      0.50758367D+05
  207  0.00014682      0.50750800D+05
  208  0.00014861      0.50743142D+05
  209  0.00015043      0.50735391D+05
  210  0.00015227      0.50727547D+05
  211  0.00015414      0.50719608D+05
  212  0.00015602      0.50711573D+05
  213  0.00015793      0.50703441D+05
  214  0.00015987      0.50695211D+05
  215  0.00016182      0.50686881D+05
  216  0.00016380      0.50678451D+05
  217  0.00016581      0.50669920D+05
  218  0.00016783      0.50661285D+05
  219  0.00016989      0.50652546D+05
  220  0.00017197      0.50643702D+05
  221  0.00017407      0.50634751D+05
  222  0.00017620      0.50625692D+05
  223  0.00017836      0.50616524D+05
  224  0.00018054      0.50607246D+05
  225  0.00018275      0.50597855D+05
  226  0.00018499      0.50588352D+05
  227  0.00018725      0.50578734D+05
  228  0.00018954      0.50569000D+05
  229  0.00019186      0.50559150D+05
  230  0.00019421      0.50549180D+05
  231  0.00019658      0.50539091D+05
  232  0.00019899      0.50528880D+05
  233  0.00020143      0.50518546D+05
  234  0.00020389      0.50508088D+05
  235  0.00020638      0.50497504D+05
  236  0.00020891      0.50486793D+05
  237  0.00021147      0.50475953D+05
  238  0.00021405      0.50464983D+05
  239  0.00021667      0.50453882D+05
  240  0.00021933      0.50442646D+05
  241  0.00022201      0.50431276D+05
  242  0.00022473      0.50419770D+05
  243  0.00022748      0.50408125D+05
  244  0.00023026      0.50396340D+05
  245  0.00023308      0.50384414D+05
  246  0.00023593      0.50372345D+05
  247  0.00023882      0.50360132D+05
  248  0.00024174      0.50347772D+05
  249  0.00024470      0.50335263D+05
  250  0.00024769      0.50322605D+05
  251  0.00025072      0.50309795D+05
  252  0.00025379      0.50296832D+05
  253  0.00025690      0.50283714D+05
  254  0.00026004      0.50270438D+05
  255  0.00026322      0.50257004D+05
  256  0.00026644      0.50243409D+05
  257  0.00026970      0.50229651D+05
  258  0.00027300      0.50215729D+05
  259  0.00027634      0.50201640D+05
  260  0.00027972      0.50187383D+05
  261  0.00028315      0.50172956D+05
  262  0.00028661      0.50158356D+05
  263  0.00029012      0.50143582D+05
  264  0.00029367      0.50128632D+05
  265  0.00029726      0.50113503D+05
  266  0.00030090      0.50098194D+05
  267  0.00030458      0.50082703D+05
  268  0.00030831      0.50067026D+05
  269  0.00031208      0.50051163D+05
  270  0.00031590      0.50035111D+05
  271  0.00031977      0.50018867D+05
  272  0.00032368      0.50002431D+05
  273  0.00032764      0.49985798D+05
  274  0.00033165      0.49968968D+05
  275  0.00033571      0.49951938D+05
  276  0.00033982      0.49934705D+05
  277  0.00034397      0.49917267D+05
  278  0.00034818      0.49899622D+05
  279  0.00035244      0.49881768D+05
  280  0.00035676      0.49863702D+05
  281  0.00036112      0.49845421D+05
  282  0.00036554      0.49826923D+05
  283  0.00037001      0.49808207D+05
  284  0.00037454      0.49789268D+05
  285  0.00037913      0.49770105D+05
  286  0.00038377      0.49750714D+05
  287  0.00038846      0.49731095D+05
  288  0.00039321      0.49711243D+05
  289  0.00039803      0.49691156D+05
  290  0.00040290      0.49670832D+05
  291  0.00040783      0.49650268D+05
  292  0.00041282      0.49629460D+05
  293  0.00041787      0.49608407D+05
  294  0.00042298      0.49587106D+05
  295  0.00042816      0.49565553D+05
  296  0.00043340      0.49543746D+05
  297  0.00043870      0.49521681D+05
  298  0.00044407      0.49499357D+05
  299  0.00044950      0.49476770D+05
  300  0.00045500      0.49453918D+05
  301  0.00046057      0.49430796D+05
  302  0.00046621      0.49407402D+05
  303  0.00047191      0.49383734D+05
  304  0.00047769      0.49359787D+05
  305  0.00048353      0.49335559D+05
  306  0.00048945      0.49311047D+05
  307  0.00049544      0.49286248D+05
  308  0.00050150      0.49261157D+05
  309  0.00050764      0.49235773D+05
  310  0.00051385      0.49210091D+05
  311  0.00052014      0.49184109D+05
  312  0.00052650      0.49157823D+05
  313  0.00053295      0.49131230D+05
  314  0.00053947      0.49104325D+05
  315  0.00054607      0.49077107D+05
  316  0.00055275      0.49049571D+05
  317  0.00055951      0.49021714D+05
  318  0.00056636      0.48993532D+05
  319  0.00057329      0.48965022D+05
  320  0.00058031      0.48936180D+05
  321  0.00058741      0.48907002D+05
  322  0.00059460      0.48877485D+05
  323  0.00060187      0.48847625D+05
  324  0.00060924      0.48817419D+05
  325  0.00061669      0.48786861D+05
  326  0.00062424      0.48755950D+05
  327  0.00063188      0.48724680D+05
  328  0.00063961      0.48693048D+05
  329  0.00064744      0.48661050D+05
  330  0.00065536      0.48628682D+05
  331  0.00066338      0.48595939D+05
  332  0.00067150      0.48562819D+05
  333  0.00067971      0.48529316D+05
  334  0.00068803      0.48495427D+05
  335  0.00069645      0.48461148D+05
  336  0.00070497      0.48426473D+05
  337  0.00071360      0.48391400D+05
  338  0.00072233      0.48355924D+05
  339  0.00073117      0.48320040D+05
  340  0.00074012      0.48283744D+05
  341  0.00074917      0.48247032D+05
  342  0.00075834      0.48209899D+05
  343  0.00076762      0.48172341D+05
  344  0.00077701      0.48134353D+05
  345  0.00078652      0.48095931D+05
  346  0.00079615      0.48057070D+05
  347  0.00080589      0.48017766D+05
  348  0.00081575      0.47978013D+05
  349  0.00082573      0.47937808D+05
  350  0.00083584      0.47897145D+05
  351  0.00084606      0.47856020D+05
  352  0.00085642      0.47814428D+05
  353  0.00086690      0.47772363D+05
  354  0.00087750      0.47729822D+05
  355  0.00088824      0.47686799D+05
  356  0.00089911      0.47643289D+05
  357  0.00091011      0.47599287D+05
  358  0.00092125      0.47554789D+05
  359  0.00093252      0.47509788D+05
  360  0.00094393      0.47464280D+05
  361  0.00095549      0.47418260D+05
  362  0.00096718      0.47371722D+05
  363  0.00097901      0.47324662D+05
  364  0.00099099      0.47277073D+05
  365  0.00100312      0.47228951D+05
  366  0.00101539      0.47180290D+05
  367  0.00102782      0.47131085D+05
  368  0.00104040      0.47081330D+05
  369  0.00105313      0.47031021D+05
  370  0.00106601      0.46980150D+05
  371  0.00107906      0.46928713D+05
  372  0.00109226      0.46876705D+05
  373  0.00110563      0.46824118D+05
  374  0.00111916      0.46770949D+05
  375  0.00113285      0.46717191D+05
  376  0.00114672      0.46662838D+05
  377  0.00116075      0.46607885D+05
  378  0.00117495      0.46552325D+05
  379  0.00118933      0.46496153D+05
  380  0.00120388      0.46439363D+05
  381  0.00121861      0.46381949D+05
  382  0.00123353      0.46323905D+05
  383  0.00124862      0.46265225D+05
  384  0.00126390      0.46205903D+05
  385  0.00127937      0.46145933D+05
  386  0.00129502      0.46085309D+05
  387  0.00131087      0.46024024D+05
  388  0.00132691      0.45962073D+05
  389  0.00134315      0.45899448D+05
  390  0.00135958      0.45836145D+05
  391  0.00137622      0.45772156D+05
  392  0.00139306      0.45707476D+05
  393  0.00141011      0.45642098D+05
  394  0.00142736      0.45576015D+05
  395  0.00144483      0.45509222D+05
  396  0.00146251      0.45441711D+05
  397  0.00148040      0.45373476D+05
  398  0.00149852      0.45304512D+05
  399  0.00151686      0.45234810D+05
  400  0.00153542      0.45164366D+05
  401  0.00155421      0.45093171D+05
  402  0.00157322      0.45021221D+05
  403  0.00159248      0.44948507D+05
  404  0.00161196      0.44875023D+05
  405  0.00163169      0.44800764D+05
  406  0.00165165      0.44725721D+05
  407  0.00167187      0.44649888D+05
  408  0.00169232      0.44573260D+05
  409  0.00171303      0.44495828D+05
  410  0.00173399      0.44417586D+05
  411  0.00175521      0.44338527D+05
  412  0.00177669      0.44258645D+05
  413  0.00179843      0.44177933D+05
  414  0.00182044      0.44096383D+05
  415  0.00184272      0.44013990D+05
  416  0.00186526      0.43930746D+05
  417  0.00188809      0.43846645D+05
  418  0.00191119      0.43761679D+05
  419  0.00193458      0.43675842D+05
  420  0.00195825      0.43589127D+05
  421  0.00198222      0.43501527D+05
  422  0.00200647      0.43413035D+05
  423  0.00203102      0.43323645D+05
  424  0.00205588      0.43233349D+05
  425  0.00208103      0.43142141D+05
  426  0.00210650      0.43050013D+05
  427  0.00213228      0.42956960D+05
  428  0.00215837      0.42862974D+05
  429  0.00218478      0.42768049D+05
  430  0.00221152      0.42672177D+05
  431  0.00223858      0.42575352D+05
  432  0.00226597      0.42477567D+05
  433  0.00229370      0.42378815D+05
  434  0.00232177      0.42279090D+05
  435  0.00235018      0.42178386D+05
  436  0.00237894      0.42076694D+05
  437  0.00240805      0.41974009D+05
  438  0.00243751      0.41870325D+05
  439  0.00246734      0.41765633D+05
  440  0.00249753      0.41659929D+05
  441  0.00252809      0.41553206D+05
  442  0.00255903      0.41445456D+05
  443  0.00259034      0.41336674D+05
  444  0.00262204      0.41226854D+05
  445  0.00265413      0.41115989D+05
  446  0.00268660      0.41004072D+05
  447  0.00271948      0.40891098D+05
  448  0.00275276      0.40777061D+05
  449  0.00278644      0.40661954D+05
  450  0.00282054      0.40545771D+05
  451  0.00285505      0.40428507D+05
  452  0.00288999      0.40310156D+05
  453  0.00292535      0.40190711D+05
  454  0.00296115      0.40070168D+05
  455  0.00299739      0.39948520D+05
  456  0.00303406      0.39825762D+05
  457  0.00307119      0.39701889D+05
  458  0.00310877      0.39576894D+05
  459  0.00314682      0.39450774D+05
  460  0.00318532      0.39323523D+05
  461  0.00322430      0.39195135D+05
  462  0.00326376      0.39065606D+05
  463  0.00330369      0.38934931D+05
  464  0.00334412      0.38803106D+05
  465  0.00338504      0.38670125D+05
  466  0.00342646      0.38535984D+05
  467  0.00346839      0.38400679D+05
  468  0.00351083      0.38264206D+05
  469  0.00355379      0.38126560D+05
  470  0.00359728      0.37987738D+05
  471  0.00364130      0.37847736D+05
  472  0.00368586      0.37706551D+05
  473  0.00373096      0.37564178D+05
  474  0.00377662      0.37420614D+05
  475  0.00382283      0.37275858D+05
  476  0.00386961      0.37129904D+05
  477  0.00391696      0.36982751D+05
  478  0.00396489      0.36834397D+05
  479  0.00401341      0.36684838D+05
  480  0.00406252      0.36534072D+05
  481  0.00411223      0.36382098D+05
  482  0.00416255      0.36228913D+05
  483  0.00421349      0.36074516D+05
  484  0.00426505      0.35918906D+05
  485  0.00431724      0.35762082D+05
  486  0.00437007      0.35604041D+05
  487  0.00442354      0.35444785D+05
  488  0.00447767      0.35284311D+05
  489  0.00453247      0.35122621D+05
  490  0.00458793      0.34959713D+05
  491  0.00464407      0.34795589D+05
  492  0.00470090      0.34630248D+05
  493  0.00475842      0.34463692D+05
  494  0.00481665      0.34295922D+05
  495  0.00487559      0.34126938D+05
  496  0.00493525      0.33956743D+05
  497  0.00499564      0.33785338D+05
  498  0.00505677      0.33612726D+05
  499  0.00511865      0.33438908D+05
  500  0.00518129      0.33263889D+05
  501  0.00524469      0.33087670D+05
  502  0.00530887      0.32910256D+05
  503  0.00537383      0.32731650D+05
  504  0.00543959      0.32551857D+05
  505  0.00550615      0.32370880D+05
  506  0.00557353      0.32188724D+05
  507  0.00564173      0.32005395D+05
  508  0.00571077      0.31820898D+05
  509  0.00578065      0.31635239D+05
  510  0.00585139      0.31448424D+05
  511  0.00592299      0.31260459D+05
  512  0.00599547      0.31071352D+05
  513  0.00606883      0.30881111D+05
  514  0.00614310      0.30689742D+05
  515  0.00621827      0.30497254D+05
  516  0.00629436      0.30303655D+05
  517  0.00637138      0.30108955D+05
  518  0.00644935      0.29913162D+05
  519  0.00652827      0.29716287D+05
  520  0.00660815      0.29518340D+05
  521  0.00668902      0.29319331D+05
  522  0.00677087      0.29119273D+05
  523  0.00685372      0.28918175D+05
  524  0.00693759      0.28716050D+05
  525  0.00702248      0.28512911D+05
  526  0.00710842      0.28308771D+05
  527  0.00719540      0.28103642D+05
  528  0.00728345      0.27897539D+05
  529  0.00737257      0.27690477D+05
  530  0.00746279      0.27482469D+05
  531  0.00755411      0.27273531D+05
  532  0.00764655      0.27063680D+05
  533  0.00774012      0.26852931D+05
  534  0.00783483      0.26641301D+05
  535  0.00793071      0.26428807D+05
  536  0.00802775      0.26215467D+05
  537  0.00812599      0.26001299D+05
  538  0.00822542      0.25786323D+05
  539  0.00832607      0.25570557D+05
  540  0.00842796      0.25354022D+05
  541  0.00853109      0.25136737D+05
  542  0.00863548      0.24918724D+05
  543  0.00874115      0.24700003D+05
  544  0.00884812      0.24480597D+05
  545  0.00895639      0.24260528D+05
  546  0.00906599      0.24039820D+05
  547  0.00917692      0.23818494D+05
  548  0.00928922      0.23596577D+05
  549  0.00940289      0.23374091D+05
  550  0.00951795      0.23151063D+05
  551  0.00963442      0.22927517D+05
  552  0.00975232      0.22703480D+05
  553  0.00987165      0.22478978D+05
  554  0.00999245      0.22254038D+05
  555  0.01011472      0.22028689D+05
  556  0.01023850      0.21802958D+05
  557  0.01036378      0.21576873D+05
  558  0.01049060      0.21350465D+05
  559  0.01061897      0.21123762D+05
  560  0.01074892      0.20896795D+05
  561  0.01088045      0.20669594D+05
  562  0.01101359      0.20442191D+05
  563  0.01114836      0.20214617D+05
  564  0.01128478      0.19986904D+05
  565  0.01142287      0.19759085D+05
  566  0.01156265      0.19531193D+05
  567  0.01170414      0.19303261D+05
  568  0.01184736      0.19075323D+05
  569  0.01199233      0.18847413D+05
  570  0.01213908      0.18619566D+05
  571  0.01228762      0.18391818D+05
  572  0.01243798      0.18164203D+05
  573  0.01259018      0.17936758D+05
  574  0.01274425      0.17709519D+05
  575  0.01290020      0.17482522D+05
  576  0.01305805      0.17255806D+05
  577  0.01321784      0.17029406D+05
  578  0.01337959      0.16803360D+05
  579  0.01354331      0.16577708D+05
  580  0.01370904      0.16352486D+05
  581  0.01387679      0.16127734D+05
  582  0.01404660      0.15903489D+05
  583  0.01421848      0.15679792D+05
  584  0.01439247      0.15456681D+05
  585  0.01456859      0.15234196D+05
  586  0.01474686      0.15012376D+05
  587  0.01492731      0.14791262D+05
  588  0.01510998      0.14570893D+05
  589  0.01529487      0.14351308D+05
  590  0.01548203      0.14132549D+05
  591  0.01567148      0.13914655D+05
  592  0.01586325      0.13697667D+05
  593  0.01605737      0.13481625D+05
  594  0.01625386      0.13266568D+05
  595  0.01645275      0.13052539D+05
  596  0.01665408      0.12839575D+05
  597  0.01685787      0.12627719D+05
  598  0.01706416      0.12417009D+05
  599  0.01727297      0.12207485D+05
  600  0.01748434      0.11999188D+05
  601  0.01769829      0.11792157D+05
  602  0.01791486      0.11586431D+05
  603  0.01813408      0.11382049D+05
  604  0.01835598      0.11179050D+05
  605  0.01858060      0.10977472D+05
  606  0.01880797      0.10777355D+05
  607  0.01903812      0.10578735D+05
  608  0.01927108      0.10381650D+05
  609  0.01950690      0.10186137D+05
  610  0.01974560      0.99922322D+04
  611  0.01998722      0.97999725D+04
  612  0.02023180      0.96093929D+04
  613  0.02047937      0.94205287D+04
  614  0.02072997      0.92334141D+04
  615  0.02098364      0.90480831D+04
  616  0.02124041      0.88645688D+04
  617  0.02150033      0.86829038D+04
  618  0.02176342      0.85031199D+04
  619  0.02202974      0.83252483D+04
  620  0.02229931      0.81493191D+04
  621  0.02257218      0.79753621D+04
  622  0.02284839      0.78034058D+04
  623  0.02312798      0.76334781D+04
  624  0.02341099      0.74656061D+04
  625  0.02369747      0.72998157D+04
  626  0.02398745      0.71361321D+04
  627  0.02428098      0.69745795D+04
  628  0.02457810      0.68151809D+04
  629  0.02487886      0.66579584D+04
  630  0.02518329      0.65029332D+04
  631  0.02549146      0.63501252D+04
  632  0.02580339      0.61995533D+04
  633  0.02611914      0.60512352D+04
  634  0.02643876      0.59051875D+04
  635  0.02676228      0.57614257D+04
  636  0.02708976      0.56199639D+04
  637  0.02742126      0.54808151D+04
  638  0.02775680      0.53439912D+04
  639  0.02809646      0.52095025D+04
  640  0.02844027      0.50773585D+04
  641  0.02878829      0.49475669D+04
  642  0.02914056      0.48201345D+04
  643  0.02949715      0.46950665D+04
  644  0.02985810      0.45723670D+04
  645  0.03022346      0.44520386D+04
  646  0.03059330      0.43340827D+04
  647  0.03096767      0.42184992D+04
  648  0.03134661      0.41052867D+04
  649  0.03173019      0.39944424D+04
  650  0.03211847      0.38859622D+04
  651  0.03251149      0.37798405D+04
  652  0.03290933      0.36760706D+04
  653  0.03331203      0.35746442D+04
  654  0.03371967      0.34755517D+04
  655  0.03413229      0.33787820D+04
  656  0.03454996      0.32843230D+04
  657  0.03497274      0.31921610D+04
  658  0.03540069      0.31022809D+04
  659  0.03583388      0.30146666D+04
  660  0.03627237      0.29293004D+04
  661  0.03671623      0.28461635D+04
  662  0.03716552      0.27652358D+04
  663  0.03762030      0.26864959D+04
  664  0.03808065      0.26099211D+04
  665  0.03854664      0.25354878D+04
  666  0.03901832      0.24631710D+04
  667  0.03949578      0.23929446D+04
  668  0.03997908      0.23247813D+04
  669  0.04046830      0.22586530D+04
  670  0.04096350      0.21945302D+04
  671  0.04146476      0.21323827D+04
  672  0.04197216      0.20721791D+04
  673  0.04248576      0.20138872D+04
  674  0.04300565      0.19574737D+04
  675  0.04353190      0.19029048D+04
  676  0.04406459      0.18501456D+04
  677  0.04460380      0.17991605D+04
  678  0.04514961      0.17499132D+04
  679  0.04570209      0.17023667D+04
  680  0.04626134      0.16564833D+04
  681  0.04682743      0.16122249D+04
  682  0.04740045      0.15695527D+04
  683  0.04798048      0.15284275D+04
  684  0.04856760      0.14888096D+04
  685  0.04916191      0.14506590D+04
  686  0.04976350      0.14139353D+04
  687  0.05037244      0.13785979D+04
  688  0.05098884      0.13446060D+04
  689  0.05161278      0.13119184D+04
  690  0.05224435      0.12804941D+04
  691  0.05288365      0.12502918D+04
  692  0.05353078      0.12212705D+04
  693  0.05418582      0.11933888D+04
  694  0.05484888      0.11666058D+04
  695  0.05552006      0.11408805D+04
  696  0.05619944      0.11161723D+04
  697  0.05688714      0.10924408D+04
  698  0.05758326      0.10696458D+04
  699  0.05828789      0.10477476D+04
  700  0.05900115      0.10267069D+04
  701  0.05972313      0.10064847D+04
  702  0.06045395      0.98704287D+03
  703  0.06119371      0.96834344D+03
  704  0.06194253      0.95034928D+03
  705  0.06270050      0.93302383D+03
  706  0.06346776      0.91633124D+03
  707  0.06424440      0.90023639D+03
  708  0.06503054      0.88470493D+03
  709  0.06582631      0.86970330D+03
  710  0.06663181      0.85519881D+03
  711  0.06744717      0.84115963D+03
  712  0.06827250      0.82755485D+03
  713  0.06910794      0.81435449D+03
  714  0.06995360      0.80152954D+03
  715  0.07080960      0.78905196D+03
  716  0.07167609      0.77689476D+03
  717  0.07255317      0.76503196D+03
  718  0.07344099      0.75343864D+03
  719  0.07433967      0.74209093D+03
  720  0.07524935      0.73096606D+03
  721  0.07617016      0.72004236D+03
  722  0.07710223      0.70929923D+03
  723  0.07804572      0.69871721D+03
  724  0.07900074      0.68827792D+03
  725  0.07996746      0.67796412D+03
  726  0.08094600      0.66775966D+03
  727  0.08193652      0.65764949D+03
  728  0.08293916      0.64761969D+03
  729  0.08395407      0.63765739D+03
  730  0.08498140      0.62775085D+03
  731  0.08602129      0.61788936D+03
  732  0.08707392      0.60806326D+03
  733  0.08813942      0.59826395D+03
  734  0.08921796      0.58848383D+03
  735  0.09030971      0.57871630D+03
  736  0.09141481      0.56895571D+03
  737  0.09253343      0.55919737D+03
  738  0.09366574      0.54943751D+03
  739  0.09481191      0.53967323D+03
  740  0.09597210      0.52990251D+03
  741  0.09714649      0.52012413D+03
  742  0.09833525      0.51033766D+03
  743  0.09953855      0.50054345D+03
  744  0.10075659      0.49074255D+03
  745  0.10198952      0.48093670D+03
  746  0.10323755      0.47112826D+03
  747  0.10450084      0.46132023D+03
  748  0.10577959      0.45151615D+03
  749  0.10707400      0.44172010D+03
  750  0.10838424      0.43193662D+03
  751  0.10971051      0.42217072D+03
  752  0.11105301      0.41242779D+03
  753  0.11241194      0.40271359D+03
  754  0.11378750      0.39303419D+03
  755  0.11517990      0.38339594D+03
  756  0.11658933      0.37380542D+03
  757  0.11801601      0.36426942D+03
  758  0.11946014      0.35479486D+03
  759  0.12092195      0.34538879D+03
  760  0.12240164      0.33605834D+03
  761  0.12389945      0.32681067D+03
  762  0.12541558      0.31765293D+03
  763  0.12695026      0.30859226D+03
  764  0.12850372      0.29963570D+03
  765  0.13007619      0.29079022D+03
  766  0.13166791      0.28206262D+03
  767  0.13327910      0.27345956D+03
  768  0.13491000      0.26498750D+03
  769  0.13656087      0.25665266D+03
  770  0.13823193      0.24846102D+03
  771  0.13992345      0.24041830D+03
  772  0.14163566      0.23252990D+03
  773  0.14336882      0.22480092D+03
  774  0.14512320      0.21723612D+03
  775  0.14689904      0.20983991D+03
  776  0.14869661      0.20261632D+03
  777  0.15051618      0.19556901D+03
  778  0.15235801      0.18870124D+03
  779  0.15422238      0.18201588D+03
  780  0.15610957      0.17551538D+03
  781  0.15801984      0.16920177D+03
  782  0.15995350      0.16307668D+03
  783  0.16191081      0.15714130D+03
  784  0.16389208      0.15139642D+03
  785  0.16589759      0.14584240D+03
  786  0.16792764      0.14047918D+03
  787  0.16998254      0.13530630D+03
  788  0.17206258      0.13032291D+03
  789  0.17416807      0.12552774D+03
  790  0.17629932      0.12091915D+03
  791  0.17845666      0.11649514D+03
  792  0.18064039      0.11225335D+03
  793  0.18285085      0.10819105D+03
  794  0.18508836      0.10430521D+03
  795  0.18735324      0.10059248D+03
  796  0.18964584      0.97049220D+02
  797  0.19196650      0.93671500D+02
  798  0.19431555      0.90455148D+02
  799  0.19669334      0.87395752D+02
  800  0.19910024      0.84488681D+02
  801  0.20153658      0.81729115D+02
  802  0.20400274      0.79112055D+02
  803  0.20649908      0.76632355D+02
  804  0.20902596      0.74284736D+02
  805  0.21158376      0.72063812D+02
  806  0.21417287      0.69964112D+02
  807  0.21679365      0.67980097D+02
  808  0.21944651      0.66106189D+02
  809  0.22213183      0.64336784D+02
  810  0.22485001      0.62666279D+02
  811  0.22760145      0.61089087D+02
  812  0.23038656      0.59599661D+02
  813  0.23320575      0.58192507D+02
  814  0.23605943      0.56862207D+02
  815  0.23894804      0.55603436D+02
  816  0.24187199      0.54410973D+02
  817  0.24483173      0.53279721D+02
  818  0.24782768      0.52204720D+02
  819  0.25086029      0.51181159D+02
  820  0.25393001      0.50204390D+02
  821  0.25703730      0.49269935D+02
  822  0.26018261      0.48373502D+02
  823  0.26336641      0.47510986D+02
  824  0.26658916      0.46678484D+02
  825  0.26985135      0.45872296D+02
  826  0.27315347      0.45088932D+02
  827  0.27649598      0.44325114D+02
  828  0.27987940      0.43577783D+02
  829  0.28330423      0.42844097D+02
  830  0.28677096      0.42121431D+02
  831  0.29028011      0.41407381D+02
  832  0.29383220      0.40699758D+02
  833  0.29742776      0.39996586D+02
  834  0.30106732      0.39296102D+02
  835  0.30475142      0.38596748D+02
  836  0.30848059      0.37897167D+02
  837  0.31225540      0.37196199D+02
  838  0.31607640      0.36492872D+02
  839  0.31994416      0.35786394D+02
  840  0.32385924      0.35076150D+02
  841  0.32782224      0.34361689D+02
  842  0.33183373      0.33642716D+02
  843  0.33589430      0.32919085D+02
  844  0.34000457      0.32190788D+02
  845  0.34416513      0.31457947D+02
  846  0.34837660      0.30720800D+02
  847  0.35263961      0.29979698D+02
  848  0.35695478      0.29235087D+02
  849  0.36132276      0.28487505D+02
  850  0.36574418      0.27737568D+02
  851  0.37021972      0.26985963D+02
  852  0.37475001      0.26233434D+02
  853  0.37933575      0.25480778D+02
  854  0.38397759      0.24728832D+02
  855  0.38867624      0.23978467D+02
  856  0.39343239      0.23230576D+02
  857  0.39824673      0.22486070D+02
  858  0.40311999      0.21745867D+02
  859  0.40805288      0.21010886D+02
  860  0.41304613      0.20282041D+02
  861  0.41810049      0.19560232D+02
  862  0.42321669      0.18846343D+02
  863  0.42839550      0.18141231D+02
  864  0.43363768      0.17445729D+02
  865  0.43894401      0.16760632D+02
  866  0.44431527      0.16086701D+02
  867  0.44975226      0.15424656D+02
  868  0.45525578      0.14775173D+02
  869  0.46082664      0.14138880D+02
  870  0.46646567      0.13516359D+02
  871  0.47217371      0.12908141D+02
  872  0.47795160      0.12314706D+02
  873  0.48380019      0.11736480D+02
  874  0.48972034      0.11173839D+02
  875  0.49571294      0.10627104D+02
  876  0.50177887      0.10096544D+02
  877  0.50791903      0.95823764D+01
  878  0.51413432      0.90847662D+01
  879  0.52042567      0.86038288D+01
  880  0.52679400      0.81396306D+01
  881  0.53324026      0.76921907D+01
  882  0.53976541      0.72614825D+01
  883  0.54637040      0.68474356D+01
  884  0.55305621      0.64499383D+01
  885  0.55982384      0.60688394D+01
  886  0.56667428      0.57039505D+01
  887  0.57360855      0.53550487D+01
  888  0.58062767      0.50218788D+01
  889  0.58773268      0.47041561D+01
  890  0.59492464      0.44015686D+01
  891  0.60220460      0.41137799D+01
  892  0.60957364      0.38404314D+01
  893  0.61703286      0.35811452D+01
  894  0.62458335      0.33355262D+01
  895  0.63222624      0.31031649D+01
  896  0.63996266      0.28836395D+01
  897  0.64779374      0.26765185D+01
  898  0.65572065      0.24813626D+01
  899  0.66374455      0.22977270D+01
  900  0.67186665      0.21251635D+01
  901  0.68008813      0.19632223D+01
  902  0.68841022      0.18114540D+01
  903  0.69683415      0.16694110D+01
  904  0.70536115      0.15366495D+01
  905  0.71399250      0.14127305D+01
  906  0.72272947      0.12972216D+01
  907  0.73157335      0.11896979D+01
  908  0.74052545      0.10897432D+01
  909  0.74958710      0.99695132D+00
  910  0.75875963      0.91092624D+00
  911  0.76804440      0.83128352D+00
  912  0.77744279      0.75765061D+00
  913  0.78695619      0.68966750D+00
  914  0.79658600      0.62698709D+00
  915  0.80633364      0.56927555D+00
  916  0.81620057      0.51621255D+00
  917  0.82618824      0.46749142D+00
  918  0.83629812      0.42281921D+00
  919  0.84653171      0.38191670D+00
  920  0.85689053      0.34451831D+00
  921  0.86737611      0.31037198D+00
  922  0.87799000      0.27923897D+00
  923  0.88873377      0.25089362D+00
  924  0.89960901      0.22512306D+00
  925  0.91061733      0.20172690D+00
  926  0.92176035      0.18051687D+00
  927  0.93303973      0.16131640D+00
  928  0.94445713      0.14396025D+00
  929  0.95601424      0.12829408D+00
  930  0.96771278      0.11417396D+00
  931  0.97955447      0.10146599D+00
  932  0.99154106      0.90045780D-01
  933  1.00367433      0.79798023D-01
  934  1.01595607      0.70616014D-01
  935  1.02838810      0.62401201D-01
  936  1.04097226      0.55062728D-01
  937  1.05371040      0.48516986D-01
  938  1.06660443      0.42687181D-01
  939  1.07965623      0.37502906D-01
  940  1.09286774      0.32899729D-01
  941  1.10624092      0.28818792D-01
  942  1.11977775      0.25206430D-01
  943  1.13348022      0.22013800D-01
  944  1.14735037      0.19196529D-01
  945  1.16139024      0.16714381D-01
  946  1.17560192      0.14530935D-01
  947  1.18998750      0.12613285D-01
  948  1.20454911      0.10931755D-01
  949  1.21928891      0.94596289D-02
  950  1.23420908      0.81729024D-02
  951  1.24931183      0.70500446D-02
  952  1.26459938      0.60717799D-02
  953  1.28007400      0.52208823D-02
  954  1.29573799      0.44819865D-02
  955  1.31159364      0.38414119D-02
  956  1.32764333      0.32869998D-02
  957  1.34388940      0.28079645D-02
  958  1.36033428      0.23947558D-02
  959  1.37698039      0.20389330D-02
  960  1.39383020      0.17330498D-02
  961  1.41088619      0.14705494D-02
  962  1.42815089      0.12456691D-02
  963  1.44562686      0.10533534D-02
  964  1.46331667      0.88917561D-03
  965  1.48122296      0.74926695D-03
  966  1.49934836      0.63025252D-03
  967  1.51769555      0.52919391D-03
  968  1.53626725      0.44353756D-03
  969  1.55506622      0.37106861D-03
  970  1.57409522      0.30986967D-03
  971  1.59335707      0.25828404D-03
  972  1.61285463      0.21488307D-03
  973  1.63259078      0.17843714D-03
  974  1.65256843      0.14789004D-03
  975  1.67279055      0.12233625D-03
  976  1.69326011      0.10100104D-03
  977  1.71398016      0.83222866D-04
  978  1.73495376      0.68437980D-04
  979  1.75618401      0.56166943D-04
  980  1.77767404      0.46002850D-04
  981  1.79942705      0.37601065D-04
  982  1.82144624      0.30670297D-04
  983  1.84373487      0.24964856D-04
  984  1.86629625      0.20277953D-04
  985  1.88913370      0.16435907D-04
  986  1.91225062      0.13293158D-04
  987  1.93565040      0.10727980D-04
  988  1.95933653      0.86387941D-05
  989  1.98331250      0.69410280D-05
  990  2.00758185      0.55644199D-05
  991  2.03214819      0.44507300D-05
  992  2.05701514      0.35517924D-05
  993  2.08218638      0.28278638D-05
  994  2.10766563      0.22462263D-05
  995  2.13345667      0.17800083D-05
  996  2.15956331      0.14071921D-05
  997  2.18598941      0.11097798D-05
  998  2.21273888      0.87309489D-06
  999  2.23981567      0.68519849D-06
 1000  2.26722380      0.53640234D-06
 1001  2.29496732      0.41886415D-06
 1002  2.32305033      0.32625178D-06
 1003  2.35147698      0.25346534D-06
 1004  2.38025149      0.19640795D-06
 1005  2.40937810      0.15179696D-06
 1006  2.43886112      0.11700899D-06
 1007  2.46870493      0.89953102D-07
 1008  2.49891393      0.68967139D-07
 1009  2.52949258      0.52733391D-07
 1010  2.56044542      0.40210050D-07
 1011  2.59177703      0.30575715D-07
 1012  2.62349203      0.23184560D-07
 1013  2.65559512      0.17530237D-07
 1014  2.68809106      0.13216878D-07
 1015  2.72098463      0.99358744D-08
 1016  2.75428072      0.74473481D-08
 1017  2.78798424      0.55653958D-08
 1018  2.82210019      0.41462709D-08
 1019  2.85663361      0.30794354D-08
 1020  2.89158960      0.22798810D-08
 1021  2.92697334      0.16820309D-08
 1022  2.96279007      0.12369676D-08
 1023  2.99904508      0.00000000D+00
 1024  3.03574373      0.00000000D+00
 1025  3.07289145      0.00000000D+00
 1026  3.11049375      0.00000000D+00
 1027  3.14855617      0.00000000D+00
 1028  3.18708436      0.00000000D+00
 1029  3.22608401      0.00000000D+00
 1030  3.26556088      0.00000000D+00
 1031  3.30552083      0.00000000D+00
 1032  3.34596976      0.00000000D+00
 1033  3.38691365      0.00000000D+00
 1034  3.42835856      0.00000000D+00
 1035  3.47031063      0.00000000D+00
 1036  3.51277605      0.00000000D+00
 1037  3.55576112      0.00000000D+00
 1038  3.59927218      0.00000000D+00
 1039  3.64331568      0.00000000D+00
 1040  3.68789813      0.00000000D+00
 1041  3.73302612      0.00000000D+00
 1042  3.77870634      0.00000000D+00
 1043  3.82494553      0.00000000D+00
 1044  3.87175055      0.00000000D+00
 1045  3.91912830      0.00000000D+00
 1046  3.96708581      0.00000000D+00
 1047  4.01563016      0.00000000D+00
 1048  4.06476854      0.00000000D+00
 1049  4.11450821      0.00000000D+00
 1050  4.16485654      0.00000000D+00
 1051  4.21582097      0.00000000D+00
 1052  4.26740904      0.00000000D+00
 1053  4.31962838      0.00000000D+00
 1054  4.37248672      0.00000000D+00
 1055  4.42599187      0.00000000D+00
 1056  4.48015176      0.00000000D+00
 1057  4.53497439      0.00000000D+00
 1058  4.59046787      0.00000000D+00
 1059  4.64664041      0.00000000D+00
 1060  4.70350032      0.00000000D+00
 1061  4.76105601      0.00000000D+00
 1062  4.81931600      0.00000000D+00
 1063  4.87828891      0.00000000D+00
 1064  4.93798345      0.00000000D+00
 1065  4.99840846      0.00000000D+00
 1066  5.05957288      0.00000000D+00
 1067  5.12148576      0.00000000D+00
 1068  5.18415625      0.00000000D+00
 1069  5.24759362      0.00000000D+00
 1070  5.31180726      0.00000000D+00
 1071  5.37680668      0.00000000D+00
 1072  5.44260147      0.00000000D+00
 1073  5.50920138      0.00000000D+00
 1074  5.57661626      0.00000000D+00
 1075  5.64485608      0.00000000D+00
 1076  5.71393094      0.00000000D+00
 1077  5.78385105      0.00000000D+00
 1078  5.85462676      0.00000000D+00
 1079  5.92626853      0.00000000D+00
 1080  5.99878697      0.00000000D+00
 1081  6.07219280      0.00000000D+00
 1082  6.14649688      0.00000000D+00
 1083  6.22171021      0.00000000D+00
 1084  6.29784390      0.00000000D+00
 1085  6.37490922      0.00000000D+00
 1086  6.45291758      0.00000000D+00
 1087  6.53188050      0.00000000D+00
 1088  6.61180968      0.00000000D+00
 1089  6.69271694      0.00000000D+00
 1090  6.77461423      0.00000000D+00
 1091  6.85751369      0.00000000D+00
 1092  6.94142757      0.00000000D+00
 1093  7.02636829      0.00000000D+00
 1094  7.11234840      0.00000000D+00
 1095  7.19938064      0.00000000D+00
 1096  7.28747787      0.00000000D+00
 1097  7.37665312      0.00000000D+00
 1098  7.46691960      0.00000000D+00
 1099  7.55829064      0.00000000D+00
 1100  7.65077978      0.00000000D+00
 1101  7.74440068      0.00000000D+00
