 ir        r               f(r)
    1  0.00001199      0.51466785D+05
    2  0.00001213      0.51466151D+05
    3  0.00001228      0.51465510D+05
    4  0.00001243      0.51464860D+05
    5  0.00001258      0.51464202D+05
    6  0.00001274      0.51463537D+05
    7  0.00001289      0.51462863D+05
    8  0.00001305      0.51462181D+05
    9  0.00001321      0.51461490D+05
   10  0.00001337      0.51460792D+05
   11  0.00001354      0.51460084D+05
   12  0.00001370      0.51459368D+05
   13  0.00001387      0.51458644D+05
   14  0.00001404      0.51457910D+05
   15  0.00001421      0.51457168D+05
   16  0.00001438      0.51456416D+05
   17  0.00001456      0.51455655D+05
   18  0.00001474      0.51454885D+05
   19  0.00001492      0.51454105D+05
   20  0.00001510      0.51453316D+05
   21  0.00001529      0.51452518D+05
   22  0.00001547      0.51451709D+05
   23  0.00001566      0.51450891D+05
   24  0.00001585      0.51450063D+05
   25  0.00001605      0.51449224D+05
   26  0.00001624      0.51448375D+05
   27  0.00001644      0.51447516D+05
   28  0.00001664      0.51446647D+05
   29  0.00001685      0.51445767D+05
   30  0.00001705      0.51444876D+05
   31  0.00001726      0.51443974D+05
   32  0.00001747      0.51443061D+05
   33  0.00001769      0.51442137D+05
   34  0.00001790      0.51441202D+05
   35  0.00001812      0.51440255D+05
   36  0.00001835      0.51439297D+05
   37  0.00001857      0.51438327D+05
   38  0.00001880      0.51437345D+05
   39  0.00001903      0.51436351D+05
   40  0.00001926      0.51435345D+05
   41  0.00001950      0.51434327D+05
   42  0.00001973      0.51433296D+05
   43  0.00001998      0.51432253D+05
   44  0.00002022      0.51431197D+05
   45  0.00002047      0.51430128D+05
   46  0.00002072      0.51429046D+05
   47  0.00002097      0.51427950D+05
   48  0.00002123      0.51426842D+05
   49  0.00002149      0.51425720D+05
   50  0.00002175      0.51424584D+05
   51  0.00002202      0.51423434D+05
   52  0.00002229      0.51422270D+05
   53  0.00002256      0.51421092D+05
   54  0.00002284      0.51419900D+05
   55  0.00002312      0.51418693D+05
   56  0.00002340      0.51417471D+05
   57  0.00002368      0.51416235D+05
   58  0.00002397      0.51414983D+05
   59  0.00002427      0.51413716D+05
   60  0.00002456      0.51412433D+05
   61  0.00002487      0.51411135D+05
   62  0.00002517      0.51409821D+05
   63  0.00002548      0.51408491D+05
   64  0.00002579      0.51407145D+05
   65  0.00002610      0.51405782D+05
   66  0.00002642      0.51404403D+05
   67  0.00002675      0.51403007D+05
   68  0.00002707      0.51401594D+05
   69  0.00002741      0.51400163D+05
   70  0.00002774      0.51398715D+05
   71  0.00002808      0.51397250D+05
   72  0.00002842      0.51395766D+05
   73  0.00002877      0.51394265D+05
   74  0.00002912      0.51392745D+05
   75  0.00002948      0.51391206D+05
   76  0.00002984      0.51389649D+05
   77  0.00003021      0.51388073D+05
   78  0.00003058      0.51386477D+05
   79  0.00003095      0.51384862D+05
   80  0.00003133      0.51383227D+05
   81  0.00003171      0.51381573D+05
   82  0.00003210      0.51379898D+05
   83  0.00003249      0.51378202D+05
   84  0.00003289      0.51376486D+05
   85  0.00003329      0.51374750D+05
   86  0.00003370      0.51372991D+05
   87  0.00003411      0.51371212D+05
   88  0.00003453      0.51369411D+05
   89  0.00003495      0.51367587D+05
   90  0.00003538      0.51365742D+05
   91  0.00003581      0.51363874D+05
   92  0.00003625      0.51361983D+05
   93  0.00003670      0.51360069D+05
   94  0.00003714      0.51358132D+05
   95  0.00003760      0.51356171D+05
   96  0.00003806      0.51354186D+05
   97  0.00003853      0.51352177D+05
   98  0.00003900      0.51350144D+05
   99  0.00003947      0.51348086D+05
  100  0.00003996      0.51346002D+05
  101  0.00004045      0.51343893D+05
  102  0.00004094      0.51341759D+05
  103  0.00004144      0.51339598D+05
  104  0.00004195      0.51337411D+05
  105  0.00004246      0.51335198D+05
  106  0.00004298      0.51332957D+05
  107  0.00004351      0.51330690D+05
  108  0.00004404      0.51328394D+05
  109  0.00004458      0.51326071D+05
  110  0.00004512      0.51323719D+05
  111  0.00004568      0.51321338D+05
  112  0.00004624      0.51318929D+05
  113  0.00004680      0.51316490D+05
  114  0.00004737      0.51314021D+05
  115  0.00004795      0.51311523D+05
  116  0.00004854      0.51308993D+05
  117  0.00004913      0.51306434D+05
  118  0.00004974      0.51303842D+05
  119  0.00005034      0.51301220D+05
  120  0.00005096      0.51298565D+05
  121  0.00005158      0.51295878D+05
  122  0.00005222      0.51293158D+05
  123  0.00005285      0.51290405D+05
  124  0.00005350      0.51287619D+05
  125  0.00005416      0.51284799D+05
  126  0.00005482      0.51281944D+05
  127  0.00005549      0.51279054D+05
  128  0.00005617      0.51276130D+05
  129  0.00005686      0.51273169D+05
  130  0.00005755      0.51270173D+05
  131  0.00005826      0.51267140D+05
  132  0.00005897      0.51264070D+05
  133  0.00005969      0.51260963D+05
  134  0.00006042      0.51257818D+05
  135  0.00006116      0.51254635D+05
  136  0.00006191      0.51251413D+05
  137  0.00006267      0.51248152D+05
  138  0.00006343      0.51244851D+05
  139  0.00006421      0.51241510D+05
  140  0.00006499      0.51238128D+05
  141  0.00006579      0.51234705D+05
  142  0.00006659      0.51231240D+05
  143  0.00006741      0.51227734D+05
  144  0.00006823      0.51224184D+05
  145  0.00006907      0.51220592D+05
  146  0.00006991      0.51216955D+05
  147  0.00007077      0.51213275D+05
  148  0.00007164      0.51209550D+05
  149  0.00007251      0.51205779D+05
  150  0.00007340      0.51201963D+05
  151  0.00007430      0.51198100D+05
  152  0.00007521      0.51194190D+05
  153  0.00007613      0.51190232D+05
  154  0.00007706      0.51186227D+05
  155  0.00007800      0.51182173D+05
  156  0.00007896      0.51178069D+05
  157  0.00007992      0.51173916D+05
  158  0.00008090      0.51169712D+05
  159  0.00008189      0.51165457D+05
  160  0.00008289      0.51161151D+05
  161  0.00008391      0.51156792D+05
  162  0.00008493      0.51152380D+05
  163  0.00008597      0.51147914D+05
  164  0.00008703      0.51143395D+05
  165  0.00008809      0.51138820D+05
  166  0.00008917      0.51134190D+05
  167  0.00009026      0.51129503D+05
  168  0.00009136      0.51124760D+05
  169  0.00009248      0.51119959D+05
  170  0.00009361      0.51115100D+05
  171  0.00009476      0.51110181D+05
  172  0.00009592      0.51105204D+05
  173  0.00009709      0.51100165D+05
  174  0.00009828      0.51095066D+05
  175  0.00009948      0.51089904D+05
  176  0.00010070      0.51084680D+05
  177  0.00010193      0.51079393D+05
  178  0.00010318      0.51074041D+05
  179  0.00010444      0.51068625D+05
  180  0.00010572      0.51063143D+05
  181  0.00010701      0.51057594D+05
  182  0.00010832      0.51051978D+05
  183  0.00010965      0.51046294D+05
  184  0.00011099      0.51040542D+05
  185  0.00011235      0.51034719D+05
  186  0.00011372      0.51028826D+05
  187  0.00011512      0.51022861D+05
  188  0.00011652      0.51016824D+05
  189  0.00011795      0.51010714D+05
  190  0.00011939      0.51004530D+05
  191  0.00012086      0.50998271D+05
  192  0.00012233      0.50991936D+05
  193  0.00012383      0.50985525D+05
  194  0.00012535      0.50979036D+05
  195  0.00012688      0.50972468D+05
  196  0.00012843      0.50965821D+05
  197  0.00013000      0.50959093D+05
  198  0.00013160      0.50952284D+05
  199  0.00013321      0.50945393D+05
  200  0.00013484      0.50938418D+05
  201  0.00013649      0.50931359D+05
  202  0.00013816      0.50924214D+05
  203  0.00013985      0.50916983D+05
  204  0.00014156      0.50909665D+05
  205  0.00014329      0.50902258D+05
  206  0.00014504      0.50894762D+05
  207  0.00014682      0.50887175D+05
  208  0.00014861      0.50879496D+05
  209  0.00015043      0.50871724D+05
  210  0.00015227      0.50863859D+05
  211  0.00015414      0.50855899D+05
  212  0.00015602      0.50847842D+05
  213  0.00015793      0.50839688D+05
  214  0.00015987      0.50831436D+05
  215  0.00016182      0.50823084D+05
  216  0.00016380      0.50814631D+05
  217  0.00016581      0.50806077D+05
  218  0.00016783      0.50797419D+05
  219  0.00016989      0.50788656D+05
  220  0.00017197      0.50779788D+05
  221  0.00017407      0.50770814D+05
  222  0.00017620      0.50761730D+05
  223  0.00017836      0.50752538D+05
  224  0.00018054      0.50743234D+05
  225  0.00018275      0.50733819D+05
  226  0.00018499      0.50724290D+05
  227  0.00018725      0.50714646D+05
  228  0.00018954      0.50704886D+05
  229  0.00019186      0.50695009D+05
  230  0.00019421      0.50685013D+05
  231  0.00019658      0.50674896D+05
  232  0.00019899      0.50664658D+05
  233  0.00020143      0.50654296D+05
  234  0.00020389      0.50643810D+05
  235  0.00020638      0.50633198D+05
  236  0.00020891      0.50622458D+05
  237  0.00021147      0.50611589D+05
  238  0.00021405      0.50600589D+05
  239  0.00021667      0.50589458D+05
  240  0.00021933      0.50578192D+05
  241  0.00022201      0.50566792D+05
  242  0.00022473      0.50555254D+05
  243  0.00022748      0.50543578D+05
  244  0.00023026      0.50531762D+05
  245  0.00023308      0.50519804D+05
  246  0.00023593      0.50507702D+05
  247  0.00023882      0.50495456D+05
  248  0.00024174      0.50483062D+05
  249  0.00024470      0.50470521D+05
  250  0.00024769      0.50457828D+05
  251  0.00025072      0.50444984D+05
  252  0.00025379      0.50431986D+05
  253  0.00025690      0.50418832D+05
  254  0.00026004      0.50405521D+05
  255  0.00026322      0.50392051D+05
  256  0.00026644      0.50378419D+05
  257  0.00026970      0.50364624D+05
  258  0.00027300      0.50350665D+05
  259  0.00027634      0.50336538D+05
  260  0.00027972      0.50322243D+05
  261  0.00028315      0.50307777D+05
  262  0.00028661      0.50293138D+05
  263  0.00029012      0.50278324D+05
  264  0.00029367      0.50263334D+05
  265  0.00029726      0.50248164D+05
  266  0.00030090      0.50232814D+05
  267  0.00030458      0.50217281D+05
  268  0.00030831      0.50201562D+05
  269  0.00031208      0.50185656D+05
  270  0.00031590      0.50169561D+05
  271  0.00031977      0.50153274D+05
  272  0.00032368      0.50136793D+05
  273  0.00032764      0.50120116D+05
  274  0.00033165      0.50103240D+05
  275  0.00033571      0.50086164D+05
  276  0.00033982      0.50068885D+05
  277  0.00034397      0.50051400D+05
  278  0.00034818      0.50033708D+05
  279  0.00035244      0.50015806D+05
  280  0.00035676      0.49997691D+05
  281  0.00036112      0.49979361D+05
  282  0.00036554      0.49960814D+05
  283  0.00037001      0.49942046D+05
  284  0.00037454      0.49923057D+05
  285  0.00037913      0.49903842D+05
  286  0.00038377      0.49884400D+05
  287  0.00038846      0.49864727D+05
  288  0.00039321      0.49844822D+05
  289  0.00039803      0.49824681D+05
  290  0.00040290      0.49804302D+05
  291  0.00040783      0.49783682D+05
  292  0.00041282      0.49762819D+05
  293  0.00041787      0.49741709D+05
  294  0.00042298      0.49720351D+05
  295  0.00042816      0.49698740D+05
  296  0.00043340      0.49676874D+05
  297  0.00043870      0.49654750D+05
  298  0.00044407      0.49632366D+05
  299  0.00044950      0.49609718D+05
  300  0.00045500      0.49586804D+05
  301  0.00046057      0.49563620D+05
  302  0.00046621      0.49540164D+05
  303  0.00047191      0.49516431D+05
  304  0.00047769      0.49492420D+05
  305  0.00048353      0.49468127D+05
  306  0.00048945      0.49443549D+05
  307  0.00049544      0.49418683D+05
  308  0.00050150      0.49393525D+05
  309  0.00050764      0.49368072D+05
  310  0.00051385      0.49342322D+05
  311  0.00052014      0.49316270D+05
  312  0.00052650      0.49289913D+05
  313  0.00053295      0.49263248D+05
  314  0.00053947      0.49236271D+05
  315  0.00054607      0.49208980D+05
  316  0.00055275      0.49181370D+05
  317  0.00055951      0.49153438D+05
  318  0.00056636      0.49125180D+05
  319  0.00057329      0.49096593D+05
  320  0.00058031      0.49067673D+05
  321  0.00058741      0.49038417D+05
  322  0.00059460      0.49008821D+05
  323  0.00060187      0.48978880D+05
  324  0.00060924      0.48948592D+05
  325  0.00061669      0.48917953D+05
  326  0.00062424      0.48886958D+05
  327  0.00063188      0.48855604D+05
  328  0.00063961      0.48823887D+05
  329  0.00064744      0.48791803D+05
  330  0.00065536      0.48759347D+05
  331  0.00066338      0.48726517D+05
  332  0.00067150      0.48693307D+05
  333  0.00067971      0.48659714D+05
  334  0.00068803      0.48625734D+05
  335  0.00069645      0.48591362D+05
  336  0.00070497      0.48556595D+05
  337  0.00071360      0.48521427D+05
  338  0.00072233      0.48485855D+05
  339  0.00073117      0.48449874D+05
  340  0.00074012      0.48413481D+05
  341  0.00074917      0.48376670D+05
  342  0.00075834      0.48339437D+05
  343  0.00076762      0.48301778D+05
  344  0.00077701      0.48263687D+05
  345  0.00078652      0.48225162D+05
  346  0.00079615      0.48186196D+05
  347  0.00080589      0.48146786D+05
  348  0.00081575      0.48106927D+05
  349  0.00082573      0.48066613D+05
  350  0.00083584      0.48025841D+05
  351  0.00084606      0.47984605D+05
  352  0.00085642      0.47942901D+05
  353  0.00086690      0.47900723D+05
  354  0.00087750      0.47858067D+05
  355  0.00088824      0.47814928D+05
  356  0.00089911      0.47771301D+05
  357  0.00091011      0.47727181D+05
  358  0.00092125      0.47682562D+05
  359  0.00093252      0.47637440D+05
  360  0.00094393      0.47591810D+05
  361  0.00095549      0.47545666D+05
  362  0.00096718      0.47499003D+05
  363  0.00097901      0.47451816D+05
  364  0.00099099      0.47404099D+05
  365  0.00100312      0.47355847D+05
  366  0.00101539      0.47307055D+05
  367  0.00102782      0.47257718D+05
  368  0.00104040      0.47207829D+05
  369  0.00105313      0.47157383D+05
  370  0.00106601      0.47106376D+05
  371  0.00107906      0.47054800D+05
  372  0.00109226      0.47002652D+05
  373  0.00110563      0.46949924D+05
  374  0.00111916      0.46896611D+05
  375  0.00113285      0.46842708D+05
  376  0.00114672      0.46788209D+05
  377  0.00116075      0.46733107D+05
  378  0.00117495      0.46677398D+05
  379  0.00118933      0.46621074D+05
  380  0.00120388      0.46564131D+05
  381  0.00121861      0.46506563D+05
  382  0.00123353      0.46448362D+05
  383  0.00124862      0.46389524D+05
  384  0.00126390      0.46330042D+05
  385  0.00127937      0.46269911D+05
  386  0.00129502      0.46209123D+05
  387  0.00131087      0.46147673D+05
  388  0.00132691      0.46085554D+05
  389  0.00134315      0.46022761D+05
  390  0.00135958      0.45959287D+05
  391  0.00137622      0.45895126D+05
  392  0.00139306      0.45830271D+05
  393  0.00141011      0.45764717D+05
  394  0.00142736      0.45698456D+05
  395  0.00144483      0.45631482D+05
  396  0.00146251      0.45563789D+05
  397  0.00148040      0.45495371D+05
  398  0.00149852      0.45426220D+05
  399  0.00151686      0.45356331D+05
  400  0.00153542      0.45285696D+05
  401  0.00155421      0.45214310D+05
  402  0.00157322      0.45142165D+05
  403  0.00159248      0.45069255D+05
  404  0.00161196      0.44995574D+05
  405  0.00163169      0.44921114D+05
  406  0.00165165      0.44845868D+05
  407  0.00167187      0.44769831D+05
  408  0.00169232      0.44692996D+05
  409  0.00171303      0.44615355D+05
  410  0.00173399      0.44536902D+05
  411  0.00175521      0.44457630D+05
  412  0.00177669      0.44377532D+05
  413  0.00179843      0.44296602D+05
  414  0.00182044      0.44214833D+05
  415  0.00184272      0.44132217D+05
  416  0.00186526      0.44048749D+05
  417  0.00188809      0.43964420D+05
  418  0.00191119      0.43879225D+05
  419  0.00193458      0.43793157D+05
  420  0.00195825      0.43706207D+05
  421  0.00198222      0.43618371D+05
  422  0.00200647      0.43529640D+05
  423  0.00203102      0.43440009D+05
  424  0.00205588      0.43349469D+05
  425  0.00208103      0.43258015D+05
  426  0.00210650      0.43165639D+05
  427  0.00213228      0.43072334D+05
  428  0.00215837      0.42978095D+05
  429  0.00218478      0.42882913D+05
  430  0.00221152      0.42786782D+05
  431  0.00223858      0.42689696D+05
  432  0.00226597      0.42591647D+05
  433  0.00229370      0.42492629D+05
  434  0.00232177      0.42392634D+05
  435  0.00235018      0.42291658D+05
  436  0.00237894      0.42189692D+05
  437  0.00240805      0.42086729D+05
  438  0.00243751      0.41982765D+05
  439  0.00246734      0.41877791D+05
  440  0.00249753      0.41771801D+05
  441  0.00252809      0.41664789D+05
  442  0.00255903      0.41556749D+05
  443  0.00259034      0.41447673D+05
  444  0.00262204      0.41337556D+05
  445  0.00265413      0.41226391D+05
  446  0.00268660      0.41114173D+05
  447  0.00271948      0.41000894D+05
  448  0.00275276      0.40886548D+05
  449  0.00278644      0.40771130D+05
  450  0.00282054      0.40654634D+05
  451  0.00285505      0.40537053D+05
  452  0.00288999      0.40418382D+05
  453  0.00292535      0.40298614D+05
  454  0.00296115      0.40177745D+05
  455  0.00299739      0.40055769D+05
  456  0.00303406      0.39932679D+05
  457  0.00307119      0.39808471D+05
  458  0.00310877      0.39683139D+05
  459  0.00314682      0.39556678D+05
  460  0.00318532      0.39429083D+05
  461  0.00322430      0.39300348D+05
  462  0.00326376      0.39170469D+05
  463  0.00330369      0.39039441D+05
  464  0.00334412      0.38907259D+05
  465  0.00338504      0.38773919D+05
  466  0.00342646      0.38639416D+05
  467  0.00346839      0.38503745D+05
  468  0.00351083      0.38366903D+05
  469  0.00355379      0.38228886D+05
  470  0.00359728      0.38089688D+05
  471  0.00364130      0.37949308D+05
  472  0.00368586      0.37807741D+05
  473  0.00373096      0.37664983D+05
  474  0.00377662      0.37521032D+05
  475  0.00382283      0.37375884D+05
  476  0.00386961      0.37229536D+05
  477  0.00391696      0.37081985D+05
  478  0.00396489      0.36933230D+05
  479  0.00401341      0.36783267D+05
  480  0.00406252      0.36632094D+05
  481  0.00411223      0.36479709D+05
  482  0.00416255      0.36326110D+05
  483  0.00421349      0.36171296D+05
  484  0.00426505      0.36015265D+05
  485  0.00431724      0.35858017D+05
  486  0.00437007      0.35699550D+05
  487  0.00442354      0.35539863D+05
  488  0.00447767      0.35378956D+05
  489  0.00453247      0.35216828D+05
  490  0.00458793      0.35053481D+05
  491  0.00464407      0.34888913D+05
  492  0.00470090      0.34723126D+05
  493  0.00475842      0.34556120D+05
  494  0.00481665      0.34387896D+05
  495  0.00487559      0.34218456D+05
  496  0.00493525      0.34047801D+05
  497  0.00499564      0.33875933D+05
  498  0.00505677      0.33702855D+05
  499  0.00511865      0.33528568D+05
  500  0.00518129      0.33353076D+05
  501  0.00524469      0.33176382D+05
  502  0.00530887      0.32998489D+05
  503  0.00537383      0.32819400D+05
  504  0.00543959      0.32639121D+05
  505  0.00550615      0.32457656D+05
  506  0.00557353      0.32275009D+05
  507  0.00564173      0.32091185D+05
  508  0.00571077      0.31906190D+05
  509  0.00578065      0.31720030D+05
  510  0.00585139      0.31532711D+05
  511  0.00592299      0.31344240D+05
  512  0.00599547      0.31154623D+05
  513  0.00606883      0.30963868D+05
  514  0.00614310      0.30771983D+05
  515  0.00621827      0.30578976D+05
  516  0.00629436      0.30384856D+05
  517  0.00637138      0.30189631D+05
  518  0.00644935      0.29993311D+05
  519  0.00652827      0.29795906D+05
  520  0.00660815      0.29597426D+05
  521  0.00668902      0.29397881D+05
  522  0.00677087      0.29197284D+05
  523  0.00685372      0.28995645D+05
  524  0.00693759      0.28792976D+05
  525  0.00702248      0.28589291D+05
  526  0.00710842      0.28384601D+05
  527  0.00719540      0.28178921D+05
  528  0.00728345      0.27972265D+05
  529  0.00737257      0.27764646D+05
  530  0.00746279      0.27556079D+05
  531  0.00755411      0.27346581D+05
  532  0.00764655      0.27136166D+05
  533  0.00774012      0.26924851D+05
  534  0.00783483      0.26712653D+05
  535  0.00793071      0.26499589D+05
  536  0.00802775      0.26285678D+05
  537  0.00812599      0.26070936D+05
  538  0.00822542      0.25855384D+05
  539  0.00832607      0.25639041D+05
  540  0.00842796      0.25421926D+05
  541  0.00853109      0.25204060D+05
  542  0.00863548      0.24985464D+05
  543  0.00874115      0.24766158D+05
  544  0.00884812      0.24546167D+05
  545  0.00895639      0.24325510D+05
  546  0.00906599      0.24104213D+05
  547  0.00917692      0.23882297D+05
  548  0.00928922      0.23659788D+05
  549  0.00940289      0.23436710D+05
  550  0.00951795      0.23213088D+05
  551  0.00963442      0.22988948D+05
  552  0.00975232      0.22764315D+05
  553  0.00987165      0.22539217D+05
  554  0.00999245      0.22313680D+05
  555  0.01011472      0.22087733D+05
  556  0.01023850      0.21861403D+05
  557  0.01036378      0.21634720D+05
  558  0.01049060      0.21407713D+05
  559  0.01061897      0.21180411D+05
  560  0.01074892      0.20952844D+05
  561  0.01088045      0.20725044D+05
  562  0.01101359      0.20497041D+05
  563  0.01114836      0.20268868D+05
  564  0.01128478      0.20040556D+05
  565  0.01142287      0.19812138D+05
  566  0.01156265      0.19583647D+05
  567  0.01170414      0.19355118D+05
  568  0.01184736      0.19126582D+05
  569  0.01199233      0.18898076D+05
  570  0.01213908      0.18669634D+05
  571  0.01228762      0.18441292D+05
  572  0.01243798      0.18213084D+05
  573  0.01259018      0.17985047D+05
  574  0.01274425      0.17757217D+05
  575  0.01290020      0.17529632D+05
  576  0.01305805      0.17302328D+05
  577  0.01321784      0.17075342D+05
  578  0.01337959      0.16848713D+05
  579  0.01354331      0.16622479D+05
  580  0.01370904      0.16396677D+05
  581  0.01387679      0.16171347D+05
  582  0.01404660      0.15946528D+05
  583  0.01421848      0.15722258D+05
  584  0.01439247      0.15498578D+05
  585  0.01456859      0.15275526D+05
  586  0.01474686      0.15053142D+05
  587  0.01492731      0.14831466D+05
  588  0.01510998      0.14610539D+05
  589  0.01529487      0.14390400D+05
  590  0.01548203      0.14171089D+05
  591  0.01567148      0.13952648D+05
  592  0.01586325      0.13735116D+05
  593  0.01605737      0.13518533D+05
  594  0.01625386      0.13302941D+05
  595  0.01645275      0.13088379D+05
  596  0.01665408      0.12874888D+05
  597  0.01685787      0.12662508D+05
  598  0.01706416      0.12451279D+05
  599  0.01727297      0.12241241D+05
  600  0.01748434      0.12032435D+05
  601  0.01769829      0.11824899D+05
  602  0.01791486      0.11618673D+05
  603  0.01813408      0.11413797D+05
  604  0.01835598      0.11210308D+05
  605  0.01858060      0.11008247D+05
  606  0.01880797      0.10807652D+05
  607  0.01903812      0.10608559D+05
  608  0.01927108      0.10411007D+05
  609  0.01950690      0.10215033D+05
  610  0.01974560      0.10020674D+05
  611  0.01998722      0.98279651D+04
  612  0.02023180      0.96369430D+04
  613  0.02047937      0.94476425D+04
  614  0.02072997      0.92600981D+04
  615  0.02098364      0.90743439D+04
  616  0.02124041      0.88904131D+04
  617  0.02150033      0.87083382D+04
  618  0.02176342      0.85281514D+04
  619  0.02202974      0.83498837D+04
  620  0.02229931      0.81735655D+04
  621  0.02257218      0.79992265D+04
  622  0.02284839      0.78268955D+04
  623  0.02312798      0.76566004D+04
  624  0.02341099      0.74883683D+04
  625  0.02369747      0.73222252D+04
  626  0.02398745      0.71581964D+04
  627  0.02428098      0.69963060D+04
  628  0.02457810      0.68365773D+04
  629  0.02487886      0.66790324D+04
  630  0.02518329      0.65236924D+04
  631  0.02549146      0.63705773D+04
  632  0.02580339      0.62197060D+04
  633  0.02611914      0.60710964D+04
  634  0.02643876      0.59247649D+04
  635  0.02676228      0.57807271D+04
  636  0.02708976      0.56389972D+04
  637  0.02742126      0.54995882D+04
  638  0.02775680      0.53625117D+04
  639  0.02809646      0.52277785D+04
  640  0.02844027      0.50953976D+04
  641  0.02878829      0.49653769D+04
  642  0.02914056      0.48377232D+04
  643  0.02949715      0.47124416D+04
  644  0.02985810      0.45895362D+04
  645  0.03022346      0.44690096D+04
  646  0.03059330      0.43508629D+04
  647  0.03096767      0.42350962D+04
  648  0.03134661      0.41217079D+04
  649  0.03173019      0.40106952D+04
  650  0.03211847      0.39020538D+04
  651  0.03251149      0.37957782D+04
  652  0.03290933      0.36918615D+04
  653  0.03331203      0.35902951D+04
  654  0.03371967      0.34910695D+04
  655  0.03413229      0.33941736D+04
  656  0.03454996      0.32995949D+04
  657  0.03497274      0.32073196D+04
  658  0.03540069      0.31173326D+04
  659  0.03583388      0.30296176D+04
  660  0.03627237      0.29441567D+04
  661  0.03671623      0.28609309D+04
  662  0.03716552      0.27799200D+04
  663  0.03762030      0.27011024D+04
  664  0.03808065      0.26244553D+04
  665  0.03854664      0.25499547D+04
  666  0.03901832      0.24775755D+04
  667  0.03949578      0.24072915D+04
  668  0.03997908      0.23390751D+04
  669  0.04046830      0.22728979D+04
  670  0.04096350      0.22087303D+04
  671  0.04146476      0.21465418D+04
  672  0.04197216      0.20863008D+04
  673  0.04248576      0.20279748D+04
  674  0.04300565      0.19715305D+04
  675  0.04353190      0.19169335D+04
  676  0.04406459      0.18641489D+04
  677  0.04460380      0.18131406D+04
  678  0.04514961      0.17638723D+04
  679  0.04570209      0.17163066D+04
  680  0.04626134      0.16704055D+04
  681  0.04682743      0.16261308D+04
  682  0.04740045      0.15834432D+04
  683  0.04798048      0.15423034D+04
  684  0.04856760      0.15026714D+04
  685  0.04916191      0.14645069D+04
  686  0.04976350      0.14277692D+04
  687  0.05037244      0.13924174D+04
  688  0.05098884      0.13584105D+04
  689  0.05161278      0.13257070D+04
  690  0.05224435      0.12942657D+04
  691  0.05288365      0.12640450D+04
  692  0.05353078      0.12350034D+04
  693  0.05418582      0.12070996D+04
  694  0.05484888      0.11802922D+04
  695  0.05552006      0.11545401D+04
  696  0.05619944      0.11298024D+04
  697  0.05688714      0.11060383D+04
  698  0.05758326      0.10832076D+04
  699  0.05828789      0.10612703D+04
  700  0.05900115      0.10401867D+04
  701  0.05972313      0.10199179D+04
  702  0.06045395      0.10004253D+04
  703  0.06119371      0.98167085D+03
  704  0.06194253      0.96361718D+03
  705  0.06270050      0.94622758D+03
  706  0.06346776      0.92946602D+03
  707  0.06424440      0.91329723D+03
  708  0.06503054      0.89768670D+03
  709  0.06582631      0.88260074D+03
  710  0.06663181      0.86800655D+03
  711  0.06744717      0.85387218D+03
  712  0.06827250      0.84016662D+03
  713  0.06910794      0.82685981D+03
  714  0.06995360      0.81392267D+03
  715  0.07080960      0.80132711D+03
  716  0.07167609      0.78904609D+03
  717  0.07255317      0.77705361D+03
  718  0.07344099      0.76532473D+03
  719  0.07433967      0.75383561D+03
  720  0.07524935      0.74256348D+03
  721  0.07617016      0.73148670D+03
  722  0.07710223      0.72058475D+03
  723  0.07804572      0.70983822D+03
  724  0.07900074      0.69922882D+03
  725  0.07996746      0.68873940D+03
  726  0.08094600      0.67835393D+03
  727  0.08193652      0.66805751D+03
  728  0.08293916      0.65783635D+03
  729  0.08395407      0.64767777D+03
  730  0.08498140      0.63757017D+03
  731  0.08602129      0.62750306D+03
  732  0.08707392      0.61746700D+03
  733  0.08813942      0.60745359D+03
  734  0.08921796      0.59745549D+03
  735  0.09030971      0.58746633D+03
  736  0.09141481      0.57748075D+03
  737  0.09253343      0.56749433D+03
  738  0.09366574      0.55750359D+03
  739  0.09481191      0.54750593D+03
  740  0.09597210      0.53749963D+03
  741  0.09714649      0.52748382D+03
  742  0.09833525      0.51745839D+03
  743  0.09953855      0.50742403D+03
  744  0.10075659      0.49738214D+03
  745  0.10198952      0.48733480D+03
  746  0.10323755      0.47728476D+03
  747  0.10450084      0.46723537D+03
  748  0.10577959      0.45719054D+03
  749  0.10707400      0.44715471D+03
  750  0.10838424      0.43713282D+03
  751  0.10971051      0.42713023D+03
  752  0.11105301      0.41715273D+03
  753  0.11241194      0.40720643D+03
  754  0.11378750      0.39729777D+03
  755  0.11517990      0.38743349D+03
  756  0.11658933      0.37762051D+03
  757  0.11801601      0.36786598D+03
  758  0.11946014      0.35817718D+03
  759  0.12092195      0.34856148D+03
  760  0.12240164      0.33902636D+03
  761  0.12389945      0.32957928D+03
  762  0.12541558      0.32022771D+03
  763  0.12695026      0.31097908D+03
  764  0.12850372      0.30184073D+03
  765  0.13007619      0.29281987D+03
  766  0.13166791      0.28392357D+03
  767  0.13327910      0.27515871D+03
  768  0.13491000      0.26653197D+03
  769  0.13656087      0.25804978D+03
  770  0.13823193      0.24971829D+03
  771  0.13992345      0.24154337D+03
  772  0.14163566      0.23353058D+03
  773  0.14336882      0.22568513D+03
  774  0.14512320      0.21801186D+03
  775  0.14689904      0.21051526D+03
  776  0.14869661      0.20319942D+03
  777  0.15051618      0.19606803D+03
  778  0.15235801      0.18912434D+03
  779  0.15422238      0.18237121D+03
  780  0.15610957      0.17581105D+03
  781  0.15801984      0.16944582D+03
  782  0.15995350      0.16327706D+03
  783  0.16191081      0.15730586D+03
  784  0.16389208      0.15153287D+03
  785  0.16589759      0.14595829D+03
  786  0.16792764      0.14058189D+03
  787  0.16998254      0.13540300D+03
  788  0.17206258      0.13042056D+03
  789  0.17416807      0.12563306D+03
  790  0.17629932      0.12103861D+03
  791  0.17845666      0.11663492D+03
  792  0.18064039      0.11241934D+03
  793  0.18285085      0.10838883D+03
  794  0.18508836      0.10454005D+03
  795  0.18735324      0.10086929D+03
  796  0.18964584      0.97372576D+02
  797  0.19196650      0.94045612D+02
  798  0.19431555      0.90883855D+02
  799  0.19669334      0.87882514D+02
  800  0.19910024      0.85036575D+02
  801  0.20153658      0.82340822D+02
  802  0.20400274      0.79789864D+02
  803  0.20649908      0.77378157D+02
  804  0.20902596      0.75100023D+02
  805  0.21158376      0.72949681D+02
  806  0.21417287      0.70921262D+02
  807  0.21679365      0.69008839D+02
  808  0.21944651      0.67206446D+02
  809  0.22213183      0.65508103D+02
  810  0.22485001      0.63907836D+02
  811  0.22760145      0.62399698D+02
  812  0.23038656      0.60977793D+02
  813  0.23320575      0.59636292D+02
  814  0.23605943      0.58369456D+02
  815  0.23894804      0.57171651D+02
  816  0.24187199      0.56037367D+02
  817  0.24483173      0.54961234D+02
  818  0.24782768      0.53938039D+02
  819  0.25086029      0.52962735D+02
  820  0.25393001      0.52030458D+02
  821  0.25703730      0.51136540D+02
  822  0.26018261      0.50276513D+02
  823  0.26336641      0.49446126D+02
  824  0.26658916      0.48641345D+02
  825  0.26985135      0.47858368D+02
  826  0.27315347      0.47093622D+02
  827  0.27649598      0.46343772D+02
  828  0.27987940      0.45605722D+02
  829  0.28330423      0.44876619D+02
  830  0.28677096      0.44153848D+02
  831  0.29028011      0.43435038D+02
  832  0.29383220      0.42718054D+02
  833  0.29742776      0.42000996D+02
  834  0.30106732      0.41282199D+02
  835  0.30475142      0.40560220D+02
  836  0.30848059      0.39833838D+02
  837  0.31225540      0.39102047D+02
  838  0.31607640      0.38364045D+02
  839  0.31994416      0.37619228D+02
  840  0.32385924      0.36867181D+02
  841  0.32782224      0.36107669D+02
  842  0.33183373      0.35340624D+02
  843  0.33589430      0.34566140D+02
  844  0.34000457      0.33784455D+02
  845  0.34416513      0.32995947D+02
  846  0.34837660      0.32201120D+02
  847  0.35263961      0.31400590D+02
  848  0.35695478      0.30595077D+02
  849  0.36132276      0.29785395D+02
  850  0.36574418      0.28972434D+02
  851  0.37021972      0.28157157D+02
  852  0.37475001      0.27340583D+02
  853  0.37933575      0.26523778D+02
  854  0.38397759      0.25707848D+02
  855  0.38867624      0.24893922D+02
  856  0.39343239      0.24083148D+02
  857  0.39824673      0.23276683D+02
  858  0.40311999      0.22475681D+02
  859  0.40805288      0.21681288D+02
  860  0.41304613      0.20894632D+02
  861  0.41810049      0.20116819D+02
  862  0.42321669      0.19348922D+02
  863  0.42839550      0.18591976D+02
  864  0.43363768      0.17846975D+02
  865  0.43894401      0.17114864D+02
  866  0.44431527      0.16396538D+02
  867  0.44975226      0.15692832D+02
  868  0.45525578      0.15004525D+02
  869  0.46082664      0.14332332D+02
  870  0.46646567      0.13676905D+02
  871  0.47217371      0.13038827D+02
  872  0.47795160      0.12418617D+02
  873  0.48380019      0.11816724D+02
  874  0.48972034      0.11233530D+02
  875  0.49571294      0.10669347D+02
  876  0.50177887      0.10124422D+02
  877  0.50791903      0.95989325D+01
  878  0.51413432      0.90929934D+01
  879  0.52042567      0.86066551D+01
  880  0.52679400      0.81399065D+01
  881  0.53324026      0.76926777D+01
  882  0.53976541      0.72648417D+01
  883  0.54637040      0.68562178D+01
  884  0.55305621      0.64665742D+01
  885  0.55982384      0.60956312D+01
  886  0.56667428      0.57430643D+01
  887  0.57360855      0.54085076D+01
  888  0.58062767      0.50915573D+01
  889  0.58773268      0.47917750D+01
  890  0.59492464      0.45086911D+01
  891  0.60220460      0.42418086D+01
  892  0.60957364      0.39906064D+01
  893  0.61703286      0.37545427D+01
  894  0.62458335      0.35330584D+01
  895  0.63222624      0.33255807D+01
  896  0.63996266      0.31315257D+01
  897  0.64779374      0.29503021D+01
  898  0.65572065      0.27813142D+01
  899  0.66374455      0.26239641D+01
  900  0.67186665      0.24776552D+01
  901  0.68008813      0.23417944D+01
  902  0.68841022      0.22157946D+01
  903  0.69683415      0.20990768D+01
  904  0.70536115      0.19910724D+01
  905  0.71399250      0.18912249D+01
  906  0.72272947      0.17989917D+01
  907  0.73157335      0.17138457D+01
  908  0.74052545      0.16352766D+01
  909  0.74958710      0.15627922D+01
  910  0.75875963      0.14959192D+01
  911  0.76804440      0.14342043D+01
  912  0.77744279      0.13772146D+01
  913  0.78695619      0.13245386D+01
  914  0.79658600      0.12757860D+01
  915  0.80633364      0.12305884D+01
  916  0.81620057      0.11885992D+01
  917  0.82618824      0.11494936D+01
  918  0.83629812      0.11129684D+01
  919  0.84653171      0.10787418D+01
  920  0.85689053      0.10465530D+01
  921  0.86737611      0.10161620D+01
  922  0.87799000      0.98734837D+00
  923  0.88873377      0.95991154D+00
  924  0.89960901      0.93366944D+00
  925  0.91061733      0.90845804D+00
  926  0.92176035      0.88413051D+00
  927  0.93303973      0.86055640D+00
  928  0.94445713      0.83762076D+00
  929  0.95601424      0.81522328D+00
  930  0.96771278      0.79327736D+00
  931  0.97955447      0.77170922D+00
  932  0.99154106      0.75045699D+00
  933  1.00367433      0.72946976D+00
  934  1.01595607      0.70870673D+00
  935  1.02838810      0.68813627D+00
  936  1.04097226      0.66773510D+00
  937  1.05371040      0.64748742D+00
  938  1.06660443      0.62738408D+00
  939  1.07965623      0.60742182D+00
  940  1.09286774      0.58760250D+00
  941  1.10624092      0.56793240D+00
  942  1.11977775      0.54842153D+00
  943  1.13348022      0.52908299D+00
  944  1.14735037      0.50993239D+00
  945  1.16139024      0.49098731D+00
  946  1.17560192      0.47226673D+00
  947  1.18998750      0.45379063D+00
  948  1.20454911      0.43557953D+00
  949  1.21928891      0.41765412D+00
  950  1.23420908      0.40003491D+00
  951  1.24931183      0.38274191D+00
  952  1.26459938      0.36579440D+00
  953  1.28007400      0.34921069D+00
  954  1.29573799      0.33300790D+00
  955  1.31159364      0.31720185D+00
  956  1.32764333      0.30180687D+00
  957  1.34388940      0.28683577D+00
  958  1.36033428      0.27229969D+00
  959  1.37698039      0.25820813D+00
  960  1.39383020      0.24456886D+00
  961  1.41088619      0.23138797D+00
  962  1.42815089      0.21866982D+00
  963  1.44562686      0.20641714D+00
  964  1.46331667      0.19463103D+00
  965  1.48122296      0.18331104D+00
  966  1.49934836      0.17245521D+00
  967  1.51769555      0.16206019D+00
  968  1.53626725      0.15212127D+00
  969  1.55506622      0.14263254D+00
  970  1.57409522      0.13358690D+00
  971  1.59335707      0.12497624D+00
  972  1.61285463      0.11679148D+00
  973  1.63259078      0.10902269D+00
  974  1.65256843      0.10165921D+00
  975  1.67279055      0.94689701D-01
  976  1.69326011      0.88102284D-01
  977  1.71398016      0.81884610D-01
  978  1.73495376      0.76023954D-01
  979  1.75618401      0.70507306D-01
  980  1.77767404      0.65321443D-01
  981  1.79942705      0.60453014D-01
  982  1.82144624      0.55888605D-01
  983  1.84373487      0.51614812D-01
  984  1.86629625      0.47618296D-01
  985  1.88913370      0.43885841D-01
  986  1.91225062      0.40404411D-01
  987  1.93565040      0.37161184D-01
  988  1.95933653      0.34143604D-01
  989  1.98331250      0.31339410D-01
  990  2.00758185      0.28736669D-01
  991  2.03214819      0.26323801D-01
  992  2.05701514      0.24089603D-01
  993  2.08218638      0.22023266D-01
  994  2.10766563      0.20114387D-01
  995  2.13345667      0.18352982D-01
  996  2.15956331      0.16729489D-01
  997  2.18598941      0.15234777D-01
  998  2.21273888      0.13860142D-01
  999  2.23981567      0.12597308D-01
 1000  2.26722380      0.11438422D-01
 1001  2.29496732      0.10376049D-01
 1002  2.32305033      0.94044602D-02
 1003  2.35147698      0.85178230D-02
 1004  2.38025149      0.77092601D-02
 1005  2.40937810      0.69724036D-02
 1006  2.43886112      0.63013616D-02
 1007  2.46870493      0.56906859D-02
 1008  2.49891393      0.51353418D-02
 1009  2.52949258      0.46306798D-02
 1010  2.56044542      0.41724090D-02
 1011  2.59177703      0.37565719D-02
 1012  2.62349203      0.33795212D-02
 1013  2.65559512      0.30378975D-02
 1014  2.68809106      0.27286088D-02
 1015  2.72098463      0.24488116D-02
 1016  2.75428072      0.21958921D-02
 1017  2.78798424      0.19674498D-02
 1018  2.82210019      0.17612816D-02
 1019  2.85663361      0.15753671D-02
 1020  2.89158960      0.14078547D-02
 1021  2.92697334      0.12570488D-02
 1022  2.96279007      0.11213981D-02
 1023  2.99904508      0.00000000D+00
 1024  3.03574373      0.00000000D+00
 1025  3.07289145      0.00000000D+00
 1026  3.11049375      0.00000000D+00
 1027  3.14855617      0.00000000D+00
 1028  3.18708436      0.00000000D+00
 1029  3.22608401      0.00000000D+00
 1030  3.26556088      0.00000000D+00
 1031  3.30552083      0.00000000D+00
 1032  3.34596976      0.00000000D+00
 1033  3.38691365      0.00000000D+00
 1034  3.42835856      0.00000000D+00
 1035  3.47031063      0.00000000D+00
 1036  3.51277605      0.00000000D+00
 1037  3.55576112      0.00000000D+00
 1038  3.59927218      0.00000000D+00
 1039  3.64331568      0.00000000D+00
 1040  3.68789813      0.00000000D+00
 1041  3.73302612      0.00000000D+00
 1042  3.77870634      0.00000000D+00
 1043  3.82494553      0.00000000D+00
 1044  3.87175055      0.00000000D+00
 1045  3.91912830      0.00000000D+00
 1046  3.96708581      0.00000000D+00
 1047  4.01563016      0.00000000D+00
 1048  4.06476854      0.00000000D+00
 1049  4.11450821      0.00000000D+00
 1050  4.16485654      0.00000000D+00
 1051  4.21582097      0.00000000D+00
 1052  4.26740904      0.00000000D+00
 1053  4.31962838      0.00000000D+00
 1054  4.37248672      0.00000000D+00
 1055  4.42599187      0.00000000D+00
 1056  4.48015176      0.00000000D+00
 1057  4.53497439      0.00000000D+00
 1058  4.59046787      0.00000000D+00
 1059  4.64664041      0.00000000D+00
 1060  4.70350032      0.00000000D+00
 1061  4.76105601      0.00000000D+00
 1062  4.81931600      0.00000000D+00
 1063  4.87828891      0.00000000D+00
 1064  4.93798345      0.00000000D+00
 1065  4.99840846      0.00000000D+00
 1066  5.05957288      0.00000000D+00
 1067  5.12148576      0.00000000D+00
 1068  5.18415625      0.00000000D+00
 1069  5.24759362      0.00000000D+00
 1070  5.31180726      0.00000000D+00
 1071  5.37680668      0.00000000D+00
 1072  5.44260147      0.00000000D+00
 1073  5.50920138      0.00000000D+00
 1074  5.57661626      0.00000000D+00
 1075  5.64485608      0.00000000D+00
 1076  5.71393094      0.00000000D+00
 1077  5.78385105      0.00000000D+00
 1078  5.85462676      0.00000000D+00
 1079  5.92626853      0.00000000D+00
 1080  5.99878697      0.00000000D+00
 1081  6.07219280      0.00000000D+00
 1082  6.14649688      0.00000000D+00
 1083  6.22171021      0.00000000D+00
 1084  6.29784390      0.00000000D+00
 1085  6.37490922      0.00000000D+00
 1086  6.45291758      0.00000000D+00
 1087  6.53188050      0.00000000D+00
 1088  6.61180968      0.00000000D+00
 1089  6.69271694      0.00000000D+00
 1090  6.77461423      0.00000000D+00
 1091  6.85751369      0.00000000D+00
 1092  6.94142757      0.00000000D+00
 1093  7.02636829      0.00000000D+00
 1094  7.11234840      0.00000000D+00
 1095  7.19938064      0.00000000D+00
 1096  7.28747787      0.00000000D+00
 1097  7.37665312      0.00000000D+00
 1098  7.46691960      0.00000000D+00
 1099  7.55829064      0.00000000D+00
 1100  7.65077978      0.00000000D+00
 1101  7.74440068      0.00000000D+00
