 ir        r              f(r)*r^2
    1  0.00001465      0.25478282D-14
    2  0.00001483      0.26738238D-14
    3  0.00001501      0.28060498D-14
    4  0.00001519      0.29448144D-14
    5  0.00001538      0.30904410D-14
    6  0.00001556      0.32432687D-14
    7  0.00001575      0.34036537D-14
    8  0.00001594      0.35719696D-14
    9  0.00001614      0.37486087D-14
   10  0.00001633      0.39339824D-14
   11  0.00001653      0.41285227D-14
   12  0.00001673      0.43326828D-14
   13  0.00001693      0.45469384D-14
   14  0.00001714      0.47717887D-14
   15  0.00001735      0.50077575D-14
   16  0.00001756      0.52553946D-14
   17  0.00001777      0.55152769D-14
   18  0.00001799      0.57880099D-14
   19  0.00001821      0.60742290D-14
   20  0.00001843      0.63746011D-14
   21  0.00001865      0.66898259D-14
   22  0.00001888      0.70206377D-14
   23  0.00001911      0.73678074D-14
   24  0.00001934      0.77321436D-14
   25  0.00001957      0.81144953D-14
   26  0.00001981      0.85157530D-14
   27  0.00002005      0.89368517D-14
   28  0.00002030      0.93787723D-14
   29  0.00002054      0.98425443D-14
   30  0.00002079      0.10329248D-13
   31  0.00002104      0.10840018D-13
   32  0.00002130      0.11376043D-13
   33  0.00002156      0.11938572D-13
   34  0.00002182      0.12528915D-13
   35  0.00002208      0.13148449D-13
   36  0.00002235      0.13798616D-13
   37  0.00002262      0.14480930D-13
   38  0.00002290      0.15196981D-13
   39  0.00002318      0.15948437D-13
   40  0.00002346      0.16737049D-13
   41  0.00002374      0.17564653D-13
   42  0.00002403      0.18433177D-13
   43  0.00002432      0.19344644D-13
   44  0.00002462      0.20301178D-13
   45  0.00002492      0.21305006D-13
   46  0.00002522      0.22358467D-13
   47  0.00002553      0.23464015D-13
   48  0.00002584      0.24624224D-13
   49  0.00002615      0.25841797D-13
   50  0.00002647      0.27119570D-13
   51  0.00002679      0.28460520D-13
   52  0.00002711      0.29867768D-13
   53  0.00002744      0.31344594D-13
   54  0.00002778      0.32894437D-13
   55  0.00002811      0.34520906D-13
   56  0.00002846      0.36227790D-13
   57  0.00002880      0.38019064D-13
   58  0.00002915      0.39898900D-13
   59  0.00002950      0.41871676D-13
   60  0.00002986      0.43941987D-13
   61  0.00003023      0.46114654D-13
   62  0.00003059      0.48394738D-13
   63  0.00003096      0.50787549D-13
   64  0.00003134      0.53298658D-13
   65  0.00003172      0.55933915D-13
   66  0.00003211      0.58699455D-13
   67  0.00003250      0.61601720D-13
   68  0.00003289      0.64647469D-13
   69  0.00003329      0.67843793D-13
   70  0.00003369      0.71198137D-13
   71  0.00003410      0.74718312D-13
   72  0.00003452      0.78412514D-13
   73  0.00003494      0.82289347D-13
   74  0.00003536      0.86357838D-13
   75  0.00003579      0.90627461D-13
   76  0.00003622      0.95108157D-13
   77  0.00003666      0.99810361D-13
   78  0.00003711      0.10474502D-12
   79  0.00003756      0.10992363D-12
   80  0.00003802      0.11535824D-12
   81  0.00003848      0.12106151D-12
   82  0.00003894      0.12704671D-12
   83  0.00003942      0.13332779D-12
   84  0.00003990      0.13991937D-12
   85  0.00004038      0.14683679D-12
   86  0.00004087      0.15409616D-12
   87  0.00004137      0.16171439D-12
   88  0.00004187      0.16970919D-12
   89  0.00004238      0.17809921D-12
   90  0.00004289      0.18690395D-12
   91  0.00004341      0.19614392D-12
   92  0.00004394      0.20584064D-12
   93  0.00004447      0.21601667D-12
   94  0.00004501      0.22669571D-12
   95  0.00004556      0.23790262D-12
   96  0.00004611      0.24966347D-12
   97  0.00004667      0.26200566D-12
   98  0.00004724      0.27495791D-12
   99  0.00004781      0.28855037D-12
  100  0.00004839      0.30281469D-12
  101  0.00004898      0.31778405D-12
  102  0.00004958      0.33349331D-12
  103  0.00005018      0.34997904D-12
  104  0.00005079      0.36727959D-12
  105  0.00005140      0.38543525D-12
  106  0.00005203      0.40448827D-12
  107  0.00005266      0.42448299D-12
  108  0.00005330      0.44546594D-12
  109  0.00005395      0.46748597D-12
  110  0.00005460      0.49059432D-12
  111  0.00005526      0.51484477D-12
  112  0.00005594      0.54029375D-12
  113  0.00005661      0.56700050D-12
  114  0.00005730      0.59502715D-12
  115  0.00005800      0.62443893D-12
  116  0.00005870      0.65530429D-12
  117  0.00005941      0.68769504D-12
  118  0.00006014      0.72168655D-12
  119  0.00006087      0.75735792D-12
  120  0.00006161      0.79479216D-12
  121  0.00006235      0.83407636D-12
  122  0.00006311      0.87530192D-12
  123  0.00006388      0.91856477D-12
  124  0.00006465      0.96396557D-12
  125  0.00006544      0.10116099D-11
  126  0.00006623      0.10616087D-11
  127  0.00006704      0.11140782D-11
  128  0.00006785      0.11691405D-11
  129  0.00006867      0.12269237D-11
  130  0.00006951      0.12875623D-11
  131  0.00007035      0.13511972D-11
  132  0.00007121      0.14179765D-11
  133  0.00007207      0.14880555D-11
  134  0.00007295      0.15615973D-11
  135  0.00007383      0.16387729D-11
  136  0.00007473      0.17197619D-11
  137  0.00007563      0.18047525D-11
  138  0.00007655      0.18939424D-11
  139  0.00007748      0.19875392D-11
  140  0.00007842      0.20857604D-11
  141  0.00007938      0.21888345D-11
  142  0.00008034      0.22970013D-11
  143  0.00008132      0.24105121D-11
  144  0.00008230      0.25296311D-11
  145  0.00008330      0.26546352D-11
  146  0.00008431      0.27858150D-11
  147  0.00008534      0.29234757D-11
  148  0.00008637      0.30679372D-11
  149  0.00008742      0.32195355D-11
  150  0.00008848      0.33786230D-11
  151  0.00008956      0.35455697D-11
  152  0.00009065      0.37207635D-11
  153  0.00009175      0.39046119D-11
  154  0.00009286      0.40975422D-11
  155  0.00009399      0.43000029D-11
  156  0.00009513      0.45124647D-11
  157  0.00009628      0.47354213D-11
  158  0.00009745      0.49693912D-11
  159  0.00009864      0.52149180D-11
  160  0.00009983      0.54725724D-11
  161  0.00010105      0.57429533D-11
  162  0.00010227      0.60266891D-11
  163  0.00010351      0.63244391D-11
  164  0.00010477      0.66368954D-11
  165  0.00010604      0.69647839D-11
  166  0.00010733      0.73088667D-11
  167  0.00010863      0.76699433D-11
  168  0.00010995      0.80488526D-11
  169  0.00011129      0.84464750D-11
  170  0.00011264      0.88637344D-11
  171  0.00011401      0.93016002D-11
  172  0.00011539      0.97610896D-11
  173  0.00011679      0.10243270D-10
  174  0.00011821      0.10749262D-10
  175  0.00011965      0.11280240D-10
  176  0.00012110      0.11837438D-10
  177  0.00012257      0.12422150D-10
  178  0.00012406      0.13035735D-10
  179  0.00012556      0.13679616D-10
  180  0.00012709      0.14355291D-10
  181  0.00012863      0.15064327D-10
  182  0.00013019      0.15808371D-10
  183  0.00013177      0.16589151D-10
  184  0.00013337      0.17408480D-10
  185  0.00013499      0.18268260D-10
  186  0.00013663      0.19170488D-10
  187  0.00013829      0.20117258D-10
  188  0.00013997      0.21110769D-10
  189  0.00014167      0.22153325D-10
  190  0.00014339      0.23247349D-10
  191  0.00014513      0.24395378D-10
  192  0.00014689      0.25600078D-10
  193  0.00014868      0.26864245D-10
  194  0.00015048      0.28190812D-10
  195  0.00015231      0.29582859D-10
  196  0.00015416      0.31043615D-10
  197  0.00015603      0.32576470D-10
  198  0.00015793      0.34184981D-10
  199  0.00015984      0.35872880D-10
  200  0.00016178      0.37644083D-10
  201  0.00016375      0.39502700D-10
  202  0.00016574      0.41453040D-10
  203  0.00016775      0.43499630D-10
  204  0.00016979      0.45647215D-10
  205  0.00017185      0.47900778D-10
  206  0.00017393      0.50265544D-10
  207  0.00017605      0.52746997D-10
  208  0.00017818      0.55350893D-10
  209  0.00018035      0.58083268D-10
  210  0.00018254      0.60950459D-10
  211  0.00018475      0.63959113D-10
  212  0.00018700      0.67116206D-10
  213  0.00018927      0.70429055D-10
  214  0.00019156      0.73905340D-10
  215  0.00019389      0.77553120D-10
  216  0.00019624      0.81380847D-10
  217  0.00019863      0.85397395D-10
  218  0.00020104      0.89612070D-10
  219  0.00020348      0.94034639D-10
  220  0.00020595      0.98675350D-10
  221  0.00020845      0.10354495D-09
  222  0.00021098      0.10865473D-09
  223  0.00021354      0.11401653D-09
  224  0.00021614      0.11964275D-09
  225  0.00021876      0.12554644D-09
  226  0.00022142      0.13174126D-09
  227  0.00022411      0.13824157D-09
  228  0.00022683      0.14506242D-09
  229  0.00022958      0.15221959D-09
  230  0.00023237      0.15972966D-09
  231  0.00023519      0.16761002D-09
  232  0.00023805      0.17587891D-09
  233  0.00024094      0.18455547D-09
  234  0.00024386      0.19365979D-09
  235  0.00024682      0.20321292D-09
  236  0.00024982      0.21323698D-09
  237  0.00025285      0.22375517D-09
  238  0.00025592      0.23479181D-09
  239  0.00025903      0.24637245D-09
  240  0.00026218      0.25852387D-09
  241  0.00026536      0.27127418D-09
  242  0.00026858      0.28465287D-09
  243  0.00027184      0.29869088D-09
  244  0.00027514      0.31342067D-09
  245  0.00027848      0.32887629D-09
  246  0.00028187      0.34509349D-09
  247  0.00028529      0.36210975D-09
  248  0.00028875      0.37996440D-09
  249  0.00029226      0.39869871D-09
  250  0.00029581      0.41835597D-09
  251  0.00029940      0.43898162D-09
  252  0.00030303      0.46062330D-09
  253  0.00030671      0.48333101D-09
  254  0.00031044      0.50715721D-09
  255  0.00031421      0.53215694D-09
  256  0.00031802      0.55838792D-09
  257  0.00032188      0.58591073D-09
  258  0.00032579      0.61478892D-09
  259  0.00032975      0.64508917D-09
  260  0.00033375      0.67688142D-09
  261  0.00033780      0.71023906D-09
  262  0.00034191      0.74523906D-09
  263  0.00034606      0.78196219D-09
  264  0.00035026      0.82049320D-09
  265  0.00035451      0.86092097D-09
  266  0.00035882      0.90333875D-09
  267  0.00036317      0.94784439D-09
  268  0.00036758      0.99454052D-09
  269  0.00037205      0.10435348D-08
  270  0.00037656      0.10949402D-08
  271  0.00038114      0.11488753D-08
  272  0.00038576      0.12054643D-08
  273  0.00039045      0.12648376D-08
  274  0.00039519      0.13271322D-08
  275  0.00039999      0.13924914D-08
  276  0.00040484      0.14610659D-08
  277  0.00040976      0.15330136D-08
  278  0.00041473      0.16085002D-08
  279  0.00041977      0.16876996D-08
  280  0.00042487      0.17707940D-08
  281  0.00043003      0.18579747D-08
  282  0.00043525      0.19494425D-08
  283  0.00044053      0.20454078D-08
  284  0.00044588      0.21460913D-08
  285  0.00045129      0.22517248D-08
  286  0.00045677      0.23625512D-08
  287  0.00046232      0.24788254D-08
  288  0.00046793      0.26008147D-08
  289  0.00047362      0.27287996D-08
  290  0.00047937      0.28630742D-08
  291  0.00048519      0.30039473D-08
  292  0.00049108      0.31517424D-08
  293  0.00049704      0.33067991D-08
  294  0.00050308      0.34694736D-08
  295  0.00050918      0.36401396D-08
  296  0.00051537      0.38191888D-08
  297  0.00052162      0.40070323D-08
  298  0.00052796      0.42041014D-08
  299  0.00053437      0.44108482D-08
  300  0.00054086      0.46277471D-08
  301  0.00054742      0.48552958D-08
  302  0.00055407      0.50940161D-08
  303  0.00056080      0.53444554D-08
  304  0.00056761      0.56071879D-08
  305  0.00057450      0.58828159D-08
  306  0.00058147      0.61719710D-08
  307  0.00058853      0.64753157D-08
  308  0.00059568      0.67935450D-08
  309  0.00060291      0.71273877D-08
  310  0.00061023      0.74776082D-08
  311  0.00061764      0.78450083D-08
  312  0.00062514      0.82304289D-08
  313  0.00063273      0.86347520D-08
  314  0.00064042      0.90589024D-08
  315  0.00064819      0.95038505D-08
  316  0.00065606      0.99706136D-08
  317  0.00066403      0.10460259D-07
  318  0.00067209      0.10973906D-07
  319  0.00068025      0.11512727D-07
  320  0.00068851      0.12077955D-07
  321  0.00069687      0.12670879D-07
  322  0.00070533      0.13292855D-07
  323  0.00071390      0.13945301D-07
  324  0.00072257      0.14629707D-07
  325  0.00073134      0.15347634D-07
  326  0.00074022      0.16100720D-07
  327  0.00074921      0.16890683D-07
  328  0.00075830      0.17719322D-07
  329  0.00076751      0.18588528D-07
  330  0.00077683      0.19500280D-07
  331  0.00078626      0.20456656D-07
  332  0.00079581      0.21459833D-07
  333  0.00080547      0.22512095D-07
  334  0.00081525      0.23615838D-07
  335  0.00082515      0.24773572D-07
  336  0.00083517      0.25987932D-07
  337  0.00084531      0.27261677D-07
  338  0.00085557      0.28597705D-07
  339  0.00086596      0.29999052D-07
  340  0.00087648      0.31468900D-07
  341  0.00088712      0.33010588D-07
  342  0.00089789      0.34627618D-07
  343  0.00090879      0.36323658D-07
  344  0.00091983      0.38102557D-07
  345  0.00093100      0.39968350D-07
  346  0.00094230      0.41925267D-07
  347  0.00095374      0.43977745D-07
  348  0.00096532      0.46130434D-07
  349  0.00097704      0.48388210D-07
  350  0.00098891      0.50756186D-07
  351  0.00100091      0.53239720D-07
  352  0.00101307      0.55844434D-07
  353  0.00102537      0.58576218D-07
  354  0.00103782      0.61441250D-07
  355  0.00105042      0.64446003D-07
  356  0.00106317      0.67597268D-07
  357  0.00107608      0.70902162D-07
  358  0.00108915      0.74368145D-07
  359  0.00110237      0.78003038D-07
  360  0.00111576      0.81815043D-07
  361  0.00112931      0.85812753D-07
  362  0.00114302      0.90005181D-07
  363  0.00115690      0.94401772D-07
  364  0.00117094      0.99012426D-07
  365  0.00118516      0.10384752D-06
  366  0.00119955      0.10891795D-06
  367  0.00121412      0.11423509D-06
  368  0.00122886      0.11981092D-06
  369  0.00124378      0.12565797D-06
  370  0.00125888      0.13178935D-06
  371  0.00127417      0.13821885D-06
  372  0.00128964      0.14496089D-06
  373  0.00130530      0.15203059D-06
  374  0.00132115      0.15944380D-06
  375  0.00133719      0.16721714D-06
  376  0.00135342      0.17536802D-06
  377  0.00136986      0.18391468D-06
  378  0.00138649      0.19287624D-06
  379  0.00140332      0.20227276D-06
  380  0.00142036      0.21212524D-06
  381  0.00143761      0.22245568D-06
  382  0.00145507      0.23328716D-06
  383  0.00147273      0.24464385D-06
  384  0.00149061      0.25655108D-06
  385  0.00150871      0.26903540D-06
  386  0.00152703      0.28212463D-06
  387  0.00154557      0.29584791D-06
  388  0.00156434      0.31023580D-06
  389  0.00158333      0.32532029D-06
  390  0.00160256      0.34113492D-06
  391  0.00162202      0.35771482D-06
  392  0.00164171      0.37509683D-06
  393  0.00166165      0.39331950D-06
  394  0.00168182      0.41242325D-06
  395  0.00170224      0.43245043D-06
  396  0.00172291      0.45344540D-06
  397  0.00174383      0.47545463D-06
  398  0.00176501      0.49852681D-06
  399  0.00178644      0.52271296D-06
  400  0.00180813      0.54806651D-06
  401  0.00183008      0.57464344D-06
  402  0.00185230      0.60250239D-06
  403  0.00187479      0.63170478D-06
  404  0.00189756      0.66231497D-06
  405  0.00192060      0.69440034D-06
  406  0.00194392      0.72803151D-06
  407  0.00196752      0.76328241D-06
  408  0.00199141      0.80023049D-06
  409  0.00201559      0.83895688D-06
  410  0.00204006      0.87954654D-06
  411  0.00206483      0.92208845D-06
  412  0.00208991      0.96667579D-06
  413  0.00211528      0.10134062D-05
  414  0.00214096      0.10623818D-05
  415  0.00216696      0.11137097D-05
  416  0.00219327      0.11675019D-05
  417  0.00221990      0.12238759D-05
  418  0.00224686      0.12829545D-05
  419  0.00227414      0.13448664D-05
  420  0.00230175      0.14097464D-05
  421  0.00232970      0.14777355D-05
  422  0.00235799      0.15489815D-05
  423  0.00238662      0.16236390D-05
  424  0.00241560      0.17018700D-05
  425  0.00244493      0.17838439D-05
  426  0.00247461      0.18697382D-05
  427  0.00250466      0.19597388D-05
  428  0.00253507      0.20540400D-05
  429  0.00256585      0.21528455D-05
  430  0.00259701      0.22563683D-05
  431  0.00262854      0.23648316D-05
  432  0.00266046      0.24784688D-05
  433  0.00269276      0.25975242D-05
  434  0.00272545      0.27222536D-05
  435  0.00275855      0.28529247D-05
  436  0.00279204      0.29898177D-05
  437  0.00282594      0.31332256D-05
  438  0.00286026      0.32834552D-05
  439  0.00289498      0.34408276D-05
  440  0.00293014      0.36056788D-05
  441  0.00296571      0.37783602D-05
  442  0.00300172      0.39592395D-05
  443  0.00303817      0.41487017D-05
  444  0.00307506      0.43471493D-05
  445  0.00311240      0.45550035D-05
  446  0.00315019      0.47727050D-05
  447  0.00318844      0.50007147D-05
  448  0.00322715      0.52395149D-05
  449  0.00326634      0.54896100D-05
  450  0.00330600      0.57515276D-05
  451  0.00334614      0.60258195D-05
  452  0.00338677      0.63130630D-05
  453  0.00342789      0.66138617D-05
  454  0.00346951      0.69288469D-05
  455  0.00351164      0.72586789D-05
  456  0.00355428      0.76040481D-05
  457  0.00359743      0.79656765D-05
  458  0.00364111      0.83443189D-05
  459  0.00368532      0.87407646D-05
  460  0.00373007      0.91558389D-05
  461  0.00377536      0.95904045D-05
  462  0.00382120      0.10045364D-04
  463  0.00386760      0.10521659D-04
  464  0.00391456      0.11020276D-04
  465  0.00396209      0.11542245D-04
  466  0.00401020      0.12088643D-04
  467  0.00405889      0.12660596D-04
  468  0.00410818      0.13259280D-04
  469  0.00415806      0.13885924D-04
  470  0.00420854      0.14541813D-04
  471  0.00425964      0.15228289D-04
  472  0.00431137      0.15946755D-04
  473  0.00436371      0.16698676D-04
  474  0.00441670      0.17485584D-04
  475  0.00447033      0.18309077D-04
  476  0.00452461      0.19170828D-04
  477  0.00457954      0.20072582D-04
  478  0.00463515      0.21016162D-04
  479  0.00469143      0.22003472D-04
  480  0.00474839      0.23036502D-04
  481  0.00480605      0.24117328D-04
  482  0.00486440      0.25248120D-04
  483  0.00492347      0.26431142D-04
  484  0.00498325      0.27668760D-04
  485  0.00504375      0.28963443D-04
  486  0.00510500      0.30317769D-04
  487  0.00516698      0.31734428D-04
  488  0.00522972      0.33216230D-04
  489  0.00529322      0.34766107D-04
  490  0.00535749      0.36387120D-04
  491  0.00542254      0.38082462D-04
  492  0.00548838      0.39855466D-04
  493  0.00555502      0.41709611D-04
  494  0.00562247      0.43648525D-04
  495  0.00569074      0.45675995D-04
  496  0.00575984      0.47795971D-04
  497  0.00582977      0.50012574D-04
  498  0.00590056      0.52330101D-04
  499  0.00597220      0.54753036D-04
  500  0.00604472      0.57286054D-04
  501  0.00611811      0.59934031D-04
  502  0.00619240      0.62702052D-04
  503  0.00626759      0.65595418D-04
  504  0.00634369      0.68619656D-04
  505  0.00642071      0.71780527D-04
  506  0.00649867      0.75084038D-04
  507  0.00657758      0.78536450D-04
  508  0.00665745      0.82144285D-04
  509  0.00673828      0.85914345D-04
  510  0.00682010      0.89853714D-04
  511  0.00690291      0.93969774D-04
  512  0.00698672      0.98270215D-04
  513  0.00707156      0.10276305D-03
  514  0.00715742      0.10745662D-03
  515  0.00724433      0.11235963D-03
  516  0.00733229      0.11748111D-03
  517  0.00742132      0.12283051D-03
  518  0.00751143      0.12841762D-03
  519  0.00760263      0.13425267D-03
  520  0.00769494      0.14034630D-03
  521  0.00778838      0.14670956D-03
  522  0.00788294      0.15335400D-03
  523  0.00797866      0.16029158D-03
  524  0.00807553      0.16753479D-03
  525  0.00817359      0.17509661D-03
  526  0.00827283      0.18299054D-03
  527  0.00837328      0.19123062D-03
  528  0.00847495      0.19983146D-03
  529  0.00857785      0.20880824D-03
  530  0.00868201      0.21817676D-03
  531  0.00878742      0.22795343D-03
  532  0.00889412      0.23815532D-03
  533  0.00900211      0.24880017D-03
  534  0.00911142      0.25990640D-03
  535  0.00922205      0.27149319D-03
  536  0.00933402      0.28358041D-03
  537  0.00944736      0.29618874D-03
  538  0.00956207      0.30933966D-03
  539  0.00967817      0.32305546D-03
  540  0.00979568      0.33735929D-03
  541  0.00991462      0.35227519D-03
  542  0.01003501      0.36782810D-03
  543  0.01015685      0.38404392D-03
  544  0.01028018      0.40094952D-03
  545  0.01040500      0.41857278D-03
  546  0.01053134      0.43694262D-03
  547  0.01065921      0.45608904D-03
  548  0.01078864      0.47604314D-03
  549  0.01091963      0.49683719D-03
  550  0.01105222      0.51850461D-03
  551  0.01118642      0.54108007D-03
  552  0.01132224      0.56459948D-03
  553  0.01145972      0.58910006D-03
  554  0.01159886      0.61462036D-03
  555  0.01173970      0.64120030D-03
  556  0.01188224      0.66888124D-03
  557  0.01202652      0.69770597D-03
  558  0.01217254      0.72771881D-03
  559  0.01232034      0.75896563D-03
  560  0.01246994      0.79149386D-03
  561  0.01262135      0.82535260D-03
  562  0.01277460      0.86059261D-03
  563  0.01292971      0.89726638D-03
  564  0.01308670      0.93542820D-03
  565  0.01324560      0.97513414D-03
  566  0.01340643      0.10164422D-02
  567  0.01356921      0.10594122D-02
  568  0.01373397      0.11041060D-02
  569  0.01390072      0.11505875D-02
  570  0.01406951      0.11989226D-02
  571  0.01424034      0.12491793D-02
  572  0.01441325      0.13014278D-02
  573  0.01458825      0.13557406D-02
  574  0.01476539      0.14121924D-02
  575  0.01494467      0.14708600D-02
  576  0.01512613      0.15318229D-02
  577  0.01530979      0.15951629D-02
  578  0.01549568      0.16609640D-02
  579  0.01568383      0.17293131D-02
  580  0.01587426      0.18002994D-02
  581  0.01606701      0.18740148D-02
  582  0.01626210      0.19505537D-02
  583  0.01645955      0.20300135D-02
  584  0.01665941      0.21124939D-02
  585  0.01686169      0.21980977D-02
  586  0.01706642      0.22869303D-02
  587  0.01727364      0.23791002D-02
  588  0.01748338      0.24747185D-02
  589  0.01769566      0.25738994D-02
  590  0.01791053      0.26767599D-02
  591  0.01812800      0.27834201D-02
  592  0.01834811      0.28940030D-02
  593  0.01857089      0.30086347D-02
  594  0.01879638      0.31274442D-02
  595  0.01902461      0.32505637D-02
  596  0.01925560      0.33781283D-02
  597  0.01948941      0.35102763D-02
  598  0.01972605      0.36471489D-02
  599  0.01996556      0.37888905D-02
  600  0.02020799      0.39356484D-02
  601  0.02045335      0.40875731D-02
  602  0.02070170      0.42448179D-02
  603  0.02095306      0.44075392D-02
  604  0.02120747      0.45758962D-02
  605  0.02146497      0.47500511D-02
  606  0.02172560      0.49301689D-02
  607  0.02198940      0.51164174D-02
  608  0.02225639      0.53089669D-02
  609  0.02252663      0.55079905D-02
  610  0.02280015      0.57136638D-02
  611  0.02307699      0.59261648D-02
  612  0.02335719      0.61456737D-02
  613  0.02364080      0.63723730D-02
  614  0.02392785      0.66064472D-02
  615  0.02421838      0.68480828D-02
  616  0.02451244      0.70974677D-02
  617  0.02481007      0.73547918D-02
  618  0.02511132      0.76202460D-02
  619  0.02541622      0.78940226D-02
  620  0.02572483      0.81763146D-02
  621  0.02603718      0.84673159D-02
  622  0.02635332      0.87672208D-02
  623  0.02667331      0.90762237D-02
  624  0.02699717      0.93945188D-02
  625  0.02732498      0.97223000D-02
  626  0.02765676      0.10059760D-01
  627  0.02799257      0.10407092D-01
  628  0.02833245      0.10764485D-01
  629  0.02867647      0.11132129D-01
  630  0.02902466      0.11510209D-01
  631  0.02937708      0.11898910D-01
  632  0.02973378      0.12298411D-01
  633  0.03009481      0.12708890D-01
  634  0.03046022      0.13130518D-01
  635  0.03083007      0.13563465D-01
  636  0.03120441      0.14007892D-01
  637  0.03158329      0.14463957D-01
  638  0.03196678      0.14931810D-01
  639  0.03235492      0.15411594D-01
  640  0.03274778      0.15903445D-01
  641  0.03314540      0.16407491D-01
  642  0.03354786      0.16923849D-01
  643  0.03395520      0.17452629D-01
  644  0.03436748      0.17993927D-01
  645  0.03478477      0.18547830D-01
  646  0.03520713      0.19114414D-01
  647  0.03563462      0.19693739D-01
  648  0.03606730      0.20285852D-01
  649  0.03650523      0.20890787D-01
  650  0.03694848      0.21508561D-01
  651  0.03739711      0.22139174D-01
  652  0.03785119      0.22782610D-01
  653  0.03831078      0.23438833D-01
  654  0.03877595      0.24107790D-01
  655  0.03924677      0.24789404D-01
  656  0.03972330      0.25483579D-01
  657  0.04020563      0.26190197D-01
  658  0.04069381      0.26909114D-01
  659  0.04118791      0.27640163D-01
  660  0.04168802      0.28383153D-01
  661  0.04219420      0.29137863D-01
  662  0.04270652      0.29904045D-01
  663  0.04322507      0.30681425D-01
  664  0.04374991      0.31469695D-01
  665  0.04428112      0.32268520D-01
  666  0.04481878      0.33077529D-01
  667  0.04536298      0.33896320D-01
  668  0.04591378      0.34724457D-01
  669  0.04647126      0.35561469D-01
  670  0.04703552      0.36406848D-01
  671  0.04760663      0.37260050D-01
  672  0.04818467      0.38120491D-01
  673  0.04876973      0.38987551D-01
  674  0.04936190      0.39860568D-01
  675  0.04996125      0.40738840D-01
  676  0.05056788      0.41621625D-01
  677  0.05118188      0.42508138D-01
  678  0.05180333      0.43397552D-01
  679  0.05243233      0.44288997D-01
  680  0.05306897      0.45181560D-01
  681  0.05371334      0.46074283D-01
  682  0.05436553      0.46966165D-01
  683  0.05502564      0.47856161D-01
  684  0.05569376      0.48743182D-01
  685  0.05637000      0.49626094D-01
  686  0.05705444      0.50503720D-01
  687  0.05774720      0.51374839D-01
  688  0.05844837      0.52238187D-01
  689  0.05915806      0.53092459D-01
  690  0.05987636      0.53936306D-01
  691  0.06060338      0.54768340D-01
  692  0.06133923      0.55587134D-01
  693  0.06208401      0.56391221D-01
  694  0.06283784      0.57179099D-01
  695  0.06360082      0.57949232D-01
  696  0.06437306      0.58700047D-01
  697  0.06515469      0.59429944D-01
  698  0.06594580      0.60137294D-01
  699  0.06674652      0.60820440D-01
  700  0.06755696      0.61477704D-01
  701  0.06837724      0.62107386D-01
  702  0.06920748      0.62707771D-01
  703  0.07004780      0.63277129D-01
  704  0.07089832      0.63813723D-01
  705  0.07175917      0.64315806D-01
  706  0.07263048      0.64781634D-01
  707  0.07351236      0.65209465D-01
  708  0.07440495      0.65597565D-01
  709  0.07530838      0.65944211D-01
  710  0.07622278      0.66247702D-01
  711  0.07714828      0.66506359D-01
  712  0.07808502      0.66718533D-01
  713  0.07903313      0.66882609D-01
  714  0.07999275      0.66997018D-01
  715  0.08096403      0.67060237D-01
  716  0.08194710      0.67070797D-01
  717  0.08294211      0.67027293D-01
  718  0.08394919      0.66928390D-01
  719  0.08496851      0.66772828D-01
  720  0.08600020      0.66559432D-01
  721  0.08704442      0.66287117D-01
  722  0.08810132      0.65954898D-01
  723  0.08917105      0.65561900D-01
  724  0.09025377      0.65107358D-01
  725  0.09134964      0.64590635D-01
  726  0.09245881      0.64011221D-01
  727  0.09358145      0.63368749D-01
  728  0.09471772      0.62662995D-01
  729  0.09586779      0.61893893D-01
  730  0.09703182      0.61061539D-01
  731  0.09820999      0.60166198D-01
  732  0.09940246      0.59208317D-01
  733  0.10060941      0.58188524D-01
  734  0.10183101      0.57107642D-01
  735  0.10306745      0.55966694D-01
  736  0.10431890      0.54766905D-01
  737  0.10558555      0.53509718D-01
  738  0.10686757      0.52196787D-01
  739  0.10816516      0.50829995D-01
  740  0.10947851      0.49411448D-01
  741  0.11080781      0.47943487D-01
  742  0.11215324      0.46428686D-01
  743  0.11351501      0.44869859D-01
  744  0.11489332      0.43270059D-01
  745  0.11628836      0.41632582D-01
  746  0.11770034      0.39960968D-01
  747  0.11912946      0.38258996D-01
  748  0.12057594      0.36530689D-01
  749  0.12203998      0.34780309D-01
  750  0.12352179      0.33012355D-01
  751  0.12502160      0.31231556D-01
  752  0.12653962      0.29442873D-01
  753  0.12807607      0.27651484D-01
  754  0.12963118      0.25862784D-01
  755  0.13120517      0.24082374D-01
  756  0.13279827      0.22316050D-01
  757  0.13441071      0.20569794D-01
  758  0.13604273      0.18849765D-01
  759  0.13769457      0.17162278D-01
  760  0.13936647      0.15513798D-01
  761  0.14105866      0.13910920D-01
  762  0.14277140      0.12360355D-01
  763  0.14450494      0.10868908D-01
  764  0.14625953      0.94434643D-02
  765  0.14803542      0.80909649D-02
  766  0.14983287      0.68183877D-02
  767  0.15165215      0.56327244D-02
  768  0.15349352      0.45409571D-02
  769  0.15535725      0.35500344D-02
  770  0.15724361      0.26668459D-02
  771  0.15915287      0.18981963D-02
  772  0.16108531      0.12507787D-02
  773  0.16304122      0.73114732D-03
  774  0.16502087      0.34568939D-03
  775  0.16702456      0.10059689D-03
  776  0.16905258      0.18378238D-05
  777  0.17110523      0.55127271D-04
  778  0.17318280      0.26589838D-03
  779  0.17528559      0.63927334D-03
  780  0.17741392      0.11800346D-02
  781  0.17956809      0.18925962D-02
  782  0.18174842      0.27809760D-02
  783  0.18395522      0.38487678D-02
  784  0.18618881      0.50991150D-02
  785  0.18844953      0.65346847D-02
  786  0.19073769      0.81576425D-02
  787  0.19305364      0.99696299D-02
  788  0.19539771      0.11971741D-01
  789  0.19777024      0.14164504D-01
  790  0.20017157      0.16547859D-01
  791  0.20260207      0.19121143D-01
  792  0.20506207      0.21883076D-01
  793  0.20755195      0.24831746D-01
  794  0.21007205      0.27964598D-01
  795  0.21262276      0.31278427D-01
  796  0.21520444      0.34769374D-01
  797  0.21781746      0.38432917D-01
  798  0.22046221      0.42263878D-01
  799  0.22313908      0.46256419D-01
  800  0.22584844      0.50404052D-01
  801  0.22859071      0.54699645D-01
  802  0.23136627      0.59135433D-01
  803  0.23417553      0.63703034D-01
  804  0.23701890      0.68393463D-01
  805  0.23989680      0.73197159D-01
  806  0.24280964      0.78104002D-01
  807  0.24575785      0.83103341D-01
  808  0.24874185      0.88184028D-01
  809  0.25176209      0.93334445D-01
  810  0.25481900      0.98542540D-01
  811  0.25791303      0.10379587D+00
  812  0.26104462      0.10908163D+00
  813  0.26421424      0.11438672D+00
  814  0.26742234      0.11969775D+00
  815  0.27066940      0.12500113D+00
  816  0.27395588      0.13028309D+00
  817  0.27728227      0.13552975D+00
  818  0.28064905      0.14072716D+00
  819  0.28405670      0.14586134D+00
  820  0.28750573      0.15091836D+00
  821  0.29099664      0.15588440D+00
  822  0.29452994      0.16074577D+00
  823  0.29810614      0.16548899D+00
  824  0.30172576      0.17010083D+00
  825  0.30538933      0.17456838D+00
  826  0.30909739      0.17887911D+00
  827  0.31285046      0.18302088D+00
  828  0.31664911      0.18698205D+00
  829  0.32049388      0.19075145D+00
  830  0.32438534      0.19431853D+00
  831  0.32832404      0.19767331D+00
  832  0.33231057      0.20080647D+00
  833  0.33634550      0.20370937D+00
  834  0.34042943      0.20637412D+00
  835  0.34456294      0.20879355D+00
  836  0.34874664      0.21096131D+00
  837  0.35298114      0.21287184D+00
  838  0.35726706      0.21452042D+00
  839  0.36160502      0.21590317D+00
  840  0.36599565      0.21701711D+00
  841  0.37043958      0.21786008D+00
  842  0.37493748      0.21843085D+00
  843  0.37948999      0.21872903D+00
  844  0.38409778      0.21875515D+00
  845  0.38876152      0.21851057D+00
  846  0.39348188      0.21799754D+00
  847  0.39825956      0.21721913D+00
  848  0.40309525      0.21617928D+00
  849  0.40798966      0.21488268D+00
  850  0.41294349      0.21333483D+00
  851  0.41795747      0.21154197D+00
  852  0.42303233      0.20951106D+00
  853  0.42816882      0.20724974D+00
  854  0.43336766      0.20476627D+00
  855  0.43862964      0.20206953D+00
  856  0.44395550      0.19916894D+00
  857  0.44934604      0.19607445D+00
  858  0.45480202      0.19279645D+00
  859  0.46032425      0.18934575D+00
  860  0.46591353      0.18573352D+00
  861  0.47157068      0.18197123D+00
  862  0.47729652      0.17807063D+00
  863  0.48309188      0.17404364D+00
  864  0.48895761      0.16990237D+00
  865  0.49489456      0.16565900D+00
  866  0.50090359      0.16132577D+00
  867  0.50698559      0.15691491D+00
  868  0.51314144      0.15243862D+00
  869  0.51937203      0.14790895D+00
  870  0.52567828      0.14333783D+00
  871  0.53206109      0.13873700D+00
  872  0.53852141      0.13411795D+00
  873  0.54506016      0.12949187D+00
  874  0.55167831      0.12486966D+00
  875  0.55837682      0.12026185D+00
  876  0.56515666      0.11567857D+00
  877  0.57201883      0.11112953D+00
  878  0.57896431      0.10662401D+00
  879  0.58599413      0.10217080D+00
  880  0.59310930      0.97778182D-01
  881  0.60031086      0.93453941D-01
  882  0.60759987      0.89205322D-01
  883  0.61497738      0.85039031D-01
  884  0.62244447      0.80961218D-01
  885  0.63000223      0.76977480D-01
  886  0.63765175      0.73092849D-01
  887  0.64539415      0.69311800D-01
  888  0.65323056      0.65638253D-01
  889  0.66116212      0.62075573D-01
  890  0.66918999      0.58626590D-01
  891  0.67731533      0.55293601D-01
  892  0.68553933      0.52078388D-01
  893  0.69386319      0.48982236D-01
  894  0.70228811      0.46005947D-01
  895  0.71081534      0.43149864D-01
  896  0.71944609      0.40413892D-01
  897  0.72818165      0.37797519D-01
  898  0.73702327      0.35299843D-01
  899  0.74597225      0.32919596D-01
  900  0.75502988      0.30655171D-01
  901  0.76419750      0.28504648D-01
  902  0.77347643      0.26465821D-01
  903  0.78286802      0.24536227D-01
  904  0.79237364      0.22713170D-01
  905  0.80199469      0.20993750D-01
  906  0.81173255      0.19374890D-01
  907  0.82158865      0.17853360D-01
  908  0.83156443      0.16425801D-01
  909  0.84166133      0.15088754D-01
  910  0.85188083      0.13838680D-01
  911  0.86222441      0.12671980D-01
  912  0.87269359      0.11585024D-01
  913  0.88328988      0.10574160D-01
  914  0.89401484      0.96357424D-02
  915  0.90487001      0.87661434D-02
  916  0.91585699      0.79617711D-02
  917  0.92697738      0.72190841D-02
  918  0.93823279      0.65346039D-02
  919  0.94962486      0.59049275D-02
  920  0.96115526      0.53267377D-02
  921  0.97282566      0.47968118D-02
  922  0.98463776      0.43120305D-02
  923  0.99659329      0.38693834D-02
  924  1.00869398      0.34659753D-02
  925  1.02094160      0.30990301D-02
  926  1.03333793      0.27658942D-02
  927  1.04588477      0.24640382D-02
  928  1.05858396      0.21910591D-02
  929  1.07143735      0.19446794D-02
  930  1.08444680      0.17227477D-02
  931  1.09761421      0.15232370D-02
  932  1.11094150      0.13442425D-02
  933  1.12443062      0.11839800D-02
  934  1.13808352      0.10407821D-02
  935  1.15190219      0.91309491D-03
  936  1.16588865      0.79947455D-03
  937  1.18004493      0.69858265D-03
  938  1.19437310      0.60918205D-03
  939  1.20887525      0.53013221D-03
  940  1.22355348      0.46038439D-03
  941  1.23840993      0.39897688D-03
  942  1.25344677      0.34503007D-03
  943  1.26866619      0.29774154D-03
  944  1.28407041      0.25638128D-03
  945  1.29966166      0.22028687D-03
  946  1.31544222      0.18885878D-03
  947  1.33141439      0.16155590D-03
  948  1.34758050      0.13789109D-03
  949  1.36394290      0.11742697D-03
  950  1.38050397      0.99771901D-04
  951  1.39726612      0.84576099D-04
  952  1.41423180      0.71528031D-04
  953  1.43140348      0.60350960D-04
  954  1.44878366      0.50799720D-04
  955  1.46637487      0.42657706D-04
  956  1.48417968      0.35734065D-04
  957  1.50220067      0.29861090D-04
  958  1.52044047      0.24891819D-04
  959  1.53890175      0.20697823D-04
  960  1.55758718      0.17167178D-04
  961  1.57649948      0.14202619D-04
  962  1.59564143      0.11719853D-04
  963  1.61501579      0.96460351D-05
  964  1.63462540      0.79183943D-05
  965  1.65447312      0.64829927D-05
  966  1.67456182      0.52936161D-05
  967  1.69489444      0.43107822D-05
  968  1.71547394      0.35008586D-05
  969  1.73630332      0.28352794D-05
  970  1.75738561      0.22898539D-05
  971  1.77872388      0.18441575D-05
  972  1.80032125      0.14809968D-05
  973  1.82218085      0.11859421D-05
  974  1.84430587      0.94692025D-06
  975  1.86669953      0.75386046D-06
  976  1.88936510      0.59838837D-06
  977  1.91230587      0.47356192D-06
  978  1.93552520      0.37364444D-06
  979  1.95902645      0.29391037D-06
  980  1.98281306      0.23047951D-06
  981  2.00688848      0.18017600D-06
  982  2.03125623      0.14040896D-06
  983  2.05591986      0.10907165D-06
  984  2.08088295      0.84456629D-07
  985  2.10614914      0.65184750D-07
  986  2.13172212      0.50145731D-07
  987  2.15760561      0.38448799D-07
  988  2.18380338      0.29381729D-07
  989  2.21031924      0.22377025D-07
  990  2.23715705      0.16984087D-07
  991  2.26432074      0.12846387D-07
  992  2.29181424      0.96828344D-08
  993  2.31964158      0.72726053D-08
  994  2.34780679      0.54428487D-08
  995  2.37631399      0.40587607D-08
  996  2.40516733      0.30155959D-08
  997  2.43437100      0.22322465D-08
  998  2.46392927      0.16462125D-08
  999  2.49384643      0.12094447D-08
 1000  2.52412685      0.88504482D-09
 1001  2.55477494      0.64519529D-09
 1002  2.58579516      0.46842564D-09
 1003  2.61719203      0.33878095D-09
 1004  2.64897012      0.24406510D-09
 1005  2.68113406      0.17513786D-09
 1006  2.71368853      0.12517600D-09
 1007  2.74663829      0.89106128D-10
 1008  2.77998812      0.63171043D-10
 1009  2.81374289      0.44599579D-10
 1010  2.84790751      0.31356220D-10
 1011  2.88248696      0.21952026D-10
 1012  2.91748628      0.15302449D-10
 1013  2.95291055      0.10620865D-10
 1014  2.98876496      0.73391944D-11
 1015  3.02505470      0.50489731D-11
 1016  3.06178509      0.34578030D-11
 1017  3.09896145      0.23573064D-11
 1018  3.13658921      0.15996545D-11
 1019  3.17467385      0.10804538D-11
 1020  3.21322091      0.72632550D-12
 1021  3.25223602      0.48593290D-12
 1022  3.29172484      0.32353095D-12
 1023  3.33169315      0.21435032D-12
