System Description            : Fe, SC-2 structure                              
Number of Atoms in Unit Cell  : 4                                               
Number of Atomic Species      : 2                                               
Number of Atoms in Each Type  : 1(Fe), 3(Va)                                    
Energy Offset                 : -2522                                           
=======================================================================================
    Iter     Energy      3PV     Efermi   Rms_rho    Rms_pot   Mix  Alg  Alpha    Mom  
---------------------------------------------------------------------------------------
**       1  -0.290002 -11.49170  0.09490  0.609E-02  0.185E+00  pot  S   0.0100  1.0967
         2   0.305360  17.36215  0.10336  0.109E-01  0.119E+00  pot  S   0.0100  0.5955
         3  -0.431996  -7.74504  0.11336  0.939E-02  0.157E+00  pot  S   0.0100  1.0383
         4   0.229742  16.12519  0.12377  0.893E-02  0.110E+00  pot  S   0.0100  0.6200
         5   0.165359  14.95099  0.13757  0.414E-03  0.104E+00  pot  S   0.0100  0.6320
         6   0.065633  13.14542  0.15481  0.657E-03  0.921E-01  pot  S   0.0100  0.6462
         7   0.082634  13.19456  0.15093  0.250E-03  0.937E-01  pot  S   0.0100  0.6406
         8   0.004931  11.68602  0.16850  0.550E-03  0.839E-01  pot  S   0.0100  0.6559
         9  -0.000399  11.37940  0.16497  0.118E-03  0.833E-01  pot  S   0.0100  0.6511
        10  -0.058737  10.11226  0.17851  0.462E-03  0.749E-01  pot  S   0.0100  0.6627
        11  -0.065730   9.78028  0.17937  0.126E-03  0.738E-01  pot  S   0.0100  0.6624
        12  -0.124016   8.39681  0.18909  0.526E-03  0.648E-01  pot  S   0.0100  0.6706
        13  -0.107337   8.59829  0.18957  0.238E-03  0.668E-01  pot  S   0.0100  0.6702
        14  -0.149712   7.48552  0.19893  0.422E-03  0.633E-01  pot  S   0.0100  0.6782
        15  -0.143686   7.47997  0.19965  0.140E-03  0.623E-01  pot  S   0.0100  0.6783
        16  -0.181967   6.37071  0.20960  0.422E-03  0.620E-01  pot  S   0.0100  0.6873
        17  -0.170014   6.56722  0.20751  0.205E-03  0.611E-01  pot  S   0.0100  0.6847
        18  -0.199500   5.62464  0.21691  0.360E-03  0.607E-01  pot  S   0.0100  0.6935
        19  -0.194256   5.66500  0.21557  0.130E-03  0.599E-01  pot  S   0.0100  0.6918
        20  -0.217594   4.83206  0.22333  0.318E-03  0.595E-01  pot  S   0.0100  0.6994
        21  -0.213840   4.85556  0.22280  0.105E-03  0.587E-01  pot  S   0.0100  0.6986
        22  -0.227763   4.28374  0.22847  0.219E-03  0.582E-01  pot  S   0.0100  0.7042
        23  -0.228581   4.16729  0.22866  0.412E-04  0.575E-01  pot  S   0.0100  0.7042
        24  -0.238339   3.71331  0.23304  0.174E-03  0.570E-01  pot  S   0.0100  0.7087
        25  -0.240657   3.54378  0.23396  0.616E-04  0.564E-01  pot  S   0.0100  0.7095
        26  -0.246834   3.20952  0.23692  0.128E-03  0.558E-01  pot  S   0.0100  0.7126
        27  -0.249953   3.00543  0.23843  0.766E-04  0.553E-01  pot  S   0.0100  0.7141
        28  -0.253844   2.76066  0.24041  0.934E-04  0.547E-01  pot  S   0.0100  0.7163
        29  -0.256843   2.55582  0.24200  0.781E-04  0.542E-01  pot  S   0.0100  0.7180
        30  -0.259649   2.35717  0.24353  0.762E-04  0.536E-01  pot  S   0.0100  0.7197
        31  -0.262095   2.17496  0.24493  0.702E-04  0.531E-01  pot  S   0.0100  0.7212
        32  -0.264272   2.00537  0.24621  0.657E-04  0.525E-01  pot  S   0.0100  0.7227
        33  -0.266202   1.84815  0.24739  0.612E-04  0.520E-01  pot  S   0.0100  0.7241
        34  -0.267919   1.70223  0.24847  0.571E-04  0.515E-01  pot  S   0.0100  0.7254
        35  -0.269449   1.56672  0.24946  0.533E-04  0.510E-01  pot  S   0.0100  0.7266
        36  -0.270816   1.44081  0.25036  0.498E-04  0.505E-01  pot  S   0.0100  0.7278
        37  -0.272038   1.32383  0.25119  0.465E-04  0.500E-01  pot  S   0.0100  0.7288
        38  -0.273133   1.21516  0.25194  0.435E-04  0.495E-01  pot  S   0.0100  0.7298
        39  -0.274116   1.11427  0.25263  0.407E-04  0.490E-01  pot  S   0.0100  0.7308
        40  -0.274999   1.02065  0.25325  0.380E-04  0.485E-01  pot  S   0.0100  0.7317
        41  -0.275794   0.93382  0.25382  0.355E-04  0.480E-01  pot  S   0.0100  0.7325
        42  -0.276512   0.85333  0.25433  0.332E-04  0.476E-01  pot  S   0.0100  0.7333
        43  -0.277161   0.77879  0.25479  0.310E-04  0.471E-01  pot  S   0.0100  0.7340
        44  -0.277749   0.70980  0.25521  0.290E-04  0.466E-01  pot  S   0.0100  0.7347
        45  -0.278282   0.64601  0.25558  0.271E-04  0.462E-01  pot  S   0.0100  0.7354
        46  -0.278767   0.58710  0.25591  0.253E-04  0.457E-01  pot  S   0.0100  0.7360
        47  -0.279209   0.53279  0.25620  0.236E-04  0.453E-01  pot  S   0.0100  0.7366
        48  -0.279613   0.48277  0.25646  0.220E-04  0.448E-01  pot  S   0.0100  0.7371
        49  -0.279982   0.43676  0.25668  0.205E-04  0.444E-01  pot  S   0.0100  0.7376
        50  -0.280322   0.39442  0.25688  0.192E-04  0.440E-01  pot  S   0.0100  0.7381
**      51  -0.280322   0.39442  0.25688  0.487E-13  0.440E-01  pot  S   0.0500  0.7381
        52  -0.281768   0.20091  0.25770  0.891E-04  0.418E-01  pot  S   0.0500  0.7404
        53  -0.282772   0.07785  0.25788  0.636E-04  0.398E-01  pot  S   0.0500  0.7421
        54  -0.283512   0.01096  0.25759  0.436E-04  0.379E-01  pot  S   0.0500  0.7434
        55  -0.284096  -0.01906  0.25701  0.311E-04  0.360E-01  pot  S   0.0500  0.7443
        56  -0.284581  -0.02511  0.25623  0.238E-04  0.343E-01  pot  S   0.0500  0.7450
        57  -0.284996  -0.01573  0.25532  0.202E-04  0.326E-01  pot  S   0.0500  0.7456
        58  -0.285358   0.00336  0.25435  0.182E-04  0.311E-01  pot  S   0.0500  0.7460
        59  -0.285678   0.02832  0.25333  0.166E-04  0.296E-01  pot  S   0.0500  0.7464
        60  -0.285963   0.05656  0.25229  0.154E-04  0.282E-01  pot  S   0.0500  0.7468
        61  -0.286218   0.08636  0.25125  0.146E-04  0.268E-01  pot  S   0.0500  0.7470
        62  -0.286447   0.11658  0.25022  0.139E-04  0.255E-01  pot  S   0.0500  0.7473
        63  -0.286653   0.14644  0.24921  0.131E-04  0.243E-01  pot  S   0.0500  0.7475
        64  -0.286839   0.17547  0.24821  0.124E-04  0.231E-01  pot  S   0.0500  0.7477
        65  -0.287008   0.20334  0.24723  0.117E-04  0.220E-01  pot  S   0.0500  0.7479
        66  -0.287160   0.22988  0.24629  0.110E-04  0.210E-01  pot  S   0.0500  0.7480
        67  -0.287298   0.25498  0.24536  0.103E-04  0.200E-01  pot  S   0.0500  0.7481
        68  -0.287423   0.27859  0.24447  0.965E-05  0.190E-01  pot  S   0.0500  0.7483
        69  -0.287536   0.30070  0.24360  0.901E-05  0.181E-01  pot  S   0.0500  0.7484
        70  -0.287640   0.32133  0.24276  0.840E-05  0.172E-01  pot  S   0.0500  0.7485
        71  -0.287734   0.34053  0.24195  0.782E-05  0.164E-01  pot  S   0.0500  0.7486
        72  -0.287820   0.35834  0.24117  0.727E-05  0.156E-01  pot  S   0.0500  0.7486
        73  -0.287899   0.37483  0.24041  0.675E-05  0.149E-01  pot  S   0.0500  0.7487
        74  -0.287971   0.39006  0.23969  0.627E-05  0.142E-01  pot  S   0.0500  0.7488
        75  -0.288037   0.40408  0.23898  0.586E-05  0.135E-01  pot  S   0.0500  0.7488
        76  -0.288097   0.41700  0.23831  0.551E-05  0.128E-01  pot  S   0.0500  0.7489
        77  -0.288153   0.42886  0.23766  0.518E-05  0.122E-01  pot  S   0.0500  0.7489
        78  -0.288204   0.43974  0.23704  0.488E-05  0.116E-01  pot  S   0.0500  0.7490
        79  -0.288251   0.44971  0.23644  0.459E-05  0.111E-01  pot  S   0.0500  0.7490
        80  -0.288294   0.45884  0.23587  0.433E-05  0.106E-01  pot  S   0.0500  0.7490
        81  -0.288334   0.46720  0.23532  0.408E-05  0.101E-01  pot  S   0.0500  0.7491
        82  -0.288371   0.47483  0.23479  0.385E-05  0.957E-02  pot  S   0.0500  0.7491
        83  -0.288406   0.48181  0.23428  0.364E-05  0.912E-02  pot  S   0.0500  0.7491
        84  -0.288438   0.48818  0.23380  0.343E-05  0.868E-02  pot  S   0.0500  0.7491
        85  -0.288467   0.49400  0.23333  0.324E-05  0.826E-02  pot  S   0.0500  0.7491
        86  -0.288495   0.49930  0.23289  0.306E-05  0.787E-02  pot  S   0.0500  0.7492
        87  -0.288520   0.50414  0.23246  0.289E-05  0.749E-02  pot  S   0.0500  0.7492
        88  -0.288544   0.50855  0.23205  0.274E-05  0.713E-02  pot  S   0.0500  0.7492
        89  -0.288566   0.51256  0.23166  0.259E-05  0.679E-02  pot  S   0.0500  0.7492
        90  -0.288587   0.51621  0.23128  0.245E-05  0.647E-02  pot  S   0.0500  0.7492
        91  -0.288607   0.51954  0.23092  0.232E-05  0.616E-02  pot  S   0.0500  0.7492
        92  -0.288625   0.52256  0.23058  0.219E-05  0.587E-02  pot  S   0.0500  0.7492
        93  -0.288642   0.52530  0.23025  0.208E-05  0.558E-02  pot  S   0.0500  0.7492
        94  -0.288658   0.52779  0.22994  0.197E-05  0.532E-02  pot  S   0.0500  0.7492
        95  -0.288673   0.53005  0.22964  0.186E-05  0.506E-02  pot  S   0.0500  0.7492
        96  -0.288687   0.53209  0.22935  0.176E-05  0.482E-02  pot  S   0.0500  0.7492
        97  -0.288700   0.53394  0.22908  0.167E-05  0.459E-02  pot  S   0.0500  0.7493
        98  -0.288712   0.53562  0.22881  0.159E-05  0.437E-02  pot  S   0.0500  0.7493
        99  -0.288724   0.53713  0.22856  0.150E-05  0.416E-02  pot  S   0.0500  0.7493
       100  -0.288735   0.53849  0.22832  0.143E-05  0.396E-02  pot  S   0.0500  0.7493
       101  -0.288745   0.53972  0.22809  0.135E-05  0.378E-02  pot  S   0.0500  0.7493
       102  -0.288755   0.54083  0.22788  0.129E-05  0.359E-02  pot  S   0.0500  0.7493
       103  -0.288764   0.54182  0.22767  0.122E-05  0.342E-02  pot  S   0.0500  0.7493
       104  -0.288772   0.54271  0.22747  0.116E-05  0.326E-02  pot  S   0.0500  0.7493
       105  -0.288780   0.54351  0.22728  0.110E-05  0.310E-02  pot  S   0.0500  0.7493
       106  -0.288788   0.54423  0.22710  0.105E-05  0.296E-02  pot  S   0.0500  0.7493
       107  -0.288795   0.54486  0.22692  0.995E-06  0.281E-02  pot  S   0.0500  0.7493
       108  -0.288802   0.54543  0.22676  0.947E-06  0.268E-02  pot  S   0.0500  0.7493
       109  -0.288809   0.54594  0.22660  0.900E-06  0.255E-02  pot  S   0.0500  0.7493
       110  -0.288815   0.54638  0.22645  0.857E-06  0.243E-02  pot  S   0.0500  0.7493
       111  -0.288820   0.54678  0.22630  0.815E-06  0.231E-02  pot  S   0.0500  0.7493
       112  -0.288826   0.54713  0.22616  0.776E-06  0.220E-02  pot  S   0.0500  0.7493
       113  -0.288831   0.54743  0.22603  0.739E-06  0.210E-02  pot  S   0.0500  0.7492
       114  -0.288836   0.54770  0.22591  0.704E-06  0.200E-02  pot  S   0.0500  0.7492
       115  -0.288841   0.54794  0.22579  0.671E-06  0.190E-02  pot  S   0.0500  0.7492
       116  -0.288845   0.54814  0.22568  0.639E-06  0.181E-02  pot  S   0.0500  0.7492
       117  -0.288849   0.54831  0.22557  0.609E-06  0.173E-02  pot  S   0.0500  0.7492
       118  -0.288853   0.54846  0.22546  0.581E-06  0.164E-02  pot  S   0.0500  0.7492
       119  -0.288857   0.54859  0.22536  0.554E-06  0.157E-02  pot  S   0.0500  0.7492
       120  -0.288861   0.54869  0.22527  0.529E-06  0.149E-02  pot  S   0.0500  0.7492
       121  -0.288864   0.54878  0.22518  0.504E-06  0.142E-02  pot  S   0.0500  0.7492
       122  -0.288867   0.54885  0.22509  0.481E-06  0.135E-02  pot  S   0.0500  0.7492
       123  -0.288870   0.54891  0.22501  0.459E-06  0.129E-02  pot  S   0.0500  0.7492
       124  -0.288873   0.54895  0.22494  0.439E-06  0.123E-02  pot  S   0.0500  0.7492
       125  -0.288876   0.54899  0.22486  0.419E-06  0.117E-02  pot  S   0.0500  0.7492
       126  -0.288878   0.54901  0.22479  0.400E-06  0.111E-02  pot  S   0.0500  0.7492
       127  -0.288881   0.54902  0.22472  0.382E-06  0.106E-02  pot  S   0.0500  0.7492
       128  -0.288883   0.54903  0.22466  0.365E-06  0.101E-02  pot  S   0.0500  0.7492
       129  -0.288886   0.54903  0.22460  0.349E-06  0.961E-03  pot  S   0.0500  0.7492
       130  -0.288888   0.54902  0.22454  0.334E-06  0.915E-03  pot  S   0.0500  0.7492
       131  -0.288890   0.54901  0.22448  0.319E-06  0.872E-03  pot  S   0.0500  0.7492
       132  -0.288892   0.54900  0.22443  0.305E-06  0.830E-03  pot  S   0.0500  0.7492
       133  -0.288893   0.54898  0.22438  0.292E-06  0.791E-03  pot  S   0.0500  0.7492
       134  -0.288895   0.54896  0.22433  0.279E-06  0.753E-03  pot  S   0.0500  0.7492
       135  -0.288897   0.54893  0.22429  0.267E-06  0.717E-03  pot  S   0.0500  0.7492
       136  -0.288898   0.54890  0.22424  0.256E-06  0.683E-03  pot  S   0.0500  0.7492
       137  -0.288900   0.54887  0.22420  0.245E-06  0.650E-03  pot  S   0.0500  0.7492
       138  -0.288901   0.54884  0.22416  0.234E-06  0.620E-03  pot  S   0.0500  0.7492
       139  -0.288903   0.54881  0.22412  0.224E-06  0.590E-03  pot  S   0.0500  0.7492
       140  -0.288904   0.54878  0.22409  0.215E-06  0.562E-03  pot  S   0.0500  0.7492
       141  -0.288905   0.54875  0.22405  0.205E-06  0.535E-03  pot  S   0.0500  0.7492
       142  -0.288906   0.54871  0.22402  0.197E-06  0.510E-03  pot  S   0.0500  0.7492
       143  -0.288907   0.54868  0.22399  0.188E-06  0.486E-03  pot  S   0.0500  0.7492
       144  -0.288909   0.54865  0.22396  0.181E-06  0.463E-03  pot  S   0.0500  0.7492
       145  -0.288910   0.54861  0.22393  0.173E-06  0.441E-03  pot  S   0.0500  0.7492
       146  -0.288910   0.54858  0.22390  0.166E-06  0.420E-03  pot  S   0.0500  0.7492
       147  -0.288911   0.54855  0.22388  0.159E-06  0.400E-03  pot  S   0.0500  0.7492
       148  -0.288912   0.54852  0.22385  0.152E-06  0.381E-03  pot  S   0.0500  0.7492
       149  -0.288913   0.54848  0.22383  0.146E-06  0.363E-03  pot  S   0.0500  0.7492
       150  -0.288914   0.54845  0.22381  0.140E-06  0.345E-03  pot  S   0.0500  0.7492
       151  -0.288915   0.54842  0.22379  0.134E-06  0.329E-03  pot  S   0.0500  0.7492
       152  -0.288915   0.54839  0.22377  0.129E-06  0.313E-03  pot  S   0.0500  0.7492
       153  -0.288916   0.54837  0.22375  0.123E-06  0.299E-03  pot  S   0.0500  0.7492
       154  -0.288917   0.54834  0.22373  0.118E-06  0.284E-03  pot  S   0.0500  0.7492
       155  -0.288917   0.54831  0.22371  0.113E-06  0.271E-03  pot  S   0.0500  0.7492
       156  -0.288918   0.54829  0.22370  0.109E-06  0.258E-03  pot  S   0.0500  0.7492
       157  -0.288918   0.54826  0.22368  0.104E-06  0.246E-03  pot  S   0.0500  0.7492
       158  -0.288919   0.54824  0.22367  0.100E-06  0.234E-03  pot  S   0.0500  0.7492
       159  -0.288919   0.54821  0.22365  0.961E-07  0.223E-03  pot  S   0.0500  0.7492
       160  -0.288920   0.54819  0.22364  0.922E-07  0.212E-03  pot  S   0.0500  0.7492
       161  -0.288920   0.54817  0.22363  0.885E-07  0.202E-03  pot  S   0.0500  0.7492
       162  -0.288921   0.54815  0.22361  0.849E-07  0.193E-03  pot  S   0.0500  0.7492
       163  -0.288921   0.54813  0.22360  0.815E-07  0.184E-03  pot  S   0.0500  0.7492
       164  -0.288922   0.54811  0.22359  0.782E-07  0.175E-03  pot  S   0.0500  0.7492
       165  -0.288922   0.54809  0.22358  0.751E-07  0.167E-03  pot  S   0.0500  0.7492
       166  -0.288922   0.54807  0.22357  0.721E-07  0.159E-03  pot  S   0.0500  0.7492
       167  -0.288923   0.54805  0.22356  0.692E-07  0.151E-03  pot  S   0.0500  0.7492
       168  -0.288923   0.54804  0.22355  0.664E-07  0.144E-03  pot  S   0.0500  0.7492
       169  -0.288923   0.54802  0.22354  0.638E-07  0.137E-03  pot  S   0.0500  0.7492
       170  -0.288924   0.54801  0.22353  0.612E-07  0.131E-03  pot  S   0.0500  0.7492
       171  -0.288924   0.54799  0.22353  0.588E-07  0.125E-03  pot  S   0.0500  0.7492
       172  -0.288924   0.54798  0.22352  0.565E-07  0.119E-03  pot  S   0.0500  0.7492
       173  -0.288925   0.54797  0.22351  0.542E-07  0.113E-03  pot  S   0.0500  0.7492
       174  -0.288925   0.54795  0.22350  0.521E-07  0.108E-03  pot  S   0.0500  0.7492
       175  -0.288925   0.54794  0.22350  0.500E-07  0.103E-03  pot  S   0.0500  0.7492
       176  -0.288925   0.54793  0.22349  0.480E-07  0.978E-04  pot  S   0.0500  0.7492
       177  -0.288925   0.54792  0.22349  0.461E-07  0.932E-04  pot  S   0.0500  0.7492
       178  -0.288926   0.54791  0.22348  0.443E-07  0.888E-04  pot  S   0.0500  0.7492
       179  -0.288926   0.54790  0.22348  0.426E-07  0.846E-04  pot  S   0.0500  0.7492
       180  -0.288926   0.54789  0.22347  0.409E-07  0.806E-04  pot  S   0.0500  0.7492
       181  -0.288926   0.54788  0.22347  0.393E-07  0.768E-04  pot  S   0.0500  0.7492
       182  -0.288926   0.54787  0.22346  0.377E-07  0.732E-04  pot  S   0.0500  0.7492
       183  -0.288927   0.54787  0.22346  0.362E-07  0.697E-04  pot  S   0.0500  0.7492
       184  -0.288927   0.54786  0.22345  0.348E-07  0.664E-04  pot  S   0.0500  0.7492
       185  -0.288927   0.54785  0.22345  0.334E-07  0.633E-04  pot  S   0.0500  0.7492
       186  -0.288927   0.54784  0.22344  0.321E-07  0.603E-04  pot  S   0.0500  0.7492
       187  -0.288927   0.54784  0.22344  0.309E-07  0.575E-04  pot  S   0.0500  0.7492
       188  -0.288927   0.54783  0.22344  0.297E-07  0.547E-04  pot  S   0.0500  0.7492
       189  -0.288927   0.54783  0.22343  0.285E-07  0.522E-04  pot  S   0.0500  0.7492
       190  -0.288927   0.54782  0.22343  0.274E-07  0.497E-04  pot  S   0.0500  0.7492
       191  -0.288928   0.54781  0.22343  0.263E-07  0.474E-04  pot  S   0.0500  0.7492
       192  -0.288928   0.54781  0.22343  0.253E-07  0.451E-04  pot  S   0.0500  0.7492
       193  -0.288928   0.54781  0.22342  0.243E-07  0.430E-04  pot  S   0.0500  0.7492
       194  -0.288928   0.54780  0.22342  0.234E-07  0.410E-04  pot  S   0.0500  0.7492
       195  -0.288928   0.54780  0.22342  0.224E-07  0.391E-04  pot  S   0.0500  0.7492
       196  -0.288928   0.54779  0.22342  0.216E-07  0.373E-04  pot  S   0.0500  0.7492
       197  -0.288928   0.54779  0.22341  0.207E-07  0.356E-04  pot  S   0.0500  0.7492
       198  -0.288928   0.54779  0.22341  0.199E-07  0.340E-04  pot  S   0.0500  0.7492
       199  -0.288928   0.54778  0.22341  0.191E-07  0.325E-04  pot  S   0.0500  0.7492
       200  -0.288928   0.54778  0.22341  0.184E-07  0.311E-04  pot  S   0.0500  0.7492
       201  -0.288928   0.54778  0.22341  0.177E-07  0.297E-04  pot  S   0.0500  0.7492
       202  -0.288928   0.54777  0.22340  0.170E-07  0.283E-04  pot  S   0.0500  0.7492
       203  -0.288929   0.54777  0.22340  0.163E-07  0.271E-04  pot  S   0.0500  0.7492
       204  -0.288929   0.54777  0.22340  0.157E-07  0.258E-04  pot  S   0.0500  0.7492
       205  -0.288929   0.54777  0.22340  0.151E-07  0.247E-04  pot  S   0.0500  0.7492
       206  -0.288929   0.54776  0.22340  0.145E-07  0.236E-04  pot  S   0.0500  0.7492
       207  -0.288929   0.54776  0.22340  0.139E-07  0.225E-04  pot  S   0.0500  0.7492
       208  -0.288929   0.54776  0.22340  0.134E-07  0.215E-04  pot  S   0.0500  0.7492
       209  -0.288929   0.54776  0.22339  0.129E-07  0.205E-04  pot  S   0.0500  0.7492
       210  -0.288929   0.54775  0.22339  0.124E-07  0.196E-04  pot  S   0.0500  0.7492
       211  -0.288929   0.54775  0.22339  0.119E-07  0.187E-04  pot  S   0.0500  0.7492
       212  -0.288929   0.54775  0.22339  0.114E-07  0.179E-04  pot  S   0.0500  0.7492
       213  -0.288929   0.54775  0.22339  0.110E-07  0.171E-04  pot  S   0.0500  0.7492
       214  -0.288929   0.54775  0.22339  0.106E-07  0.163E-04  pot  S   0.0500  0.7492
       215  -0.288929   0.54775  0.22339  0.102E-07  0.156E-04  pot  S   0.0500  0.7492
       216  -0.288929   0.54775  0.22339  0.977E-08  0.149E-04  pot  S   0.0500  0.7492
       217  -0.288929   0.54774  0.22339  0.939E-08  0.142E-04  pot  S   0.0500  0.7492
       218  -0.288929   0.54774  0.22339  0.903E-08  0.136E-04  pot  S   0.0500  0.7492
       219  -0.288929   0.54774  0.22338  0.868E-08  0.130E-04  pot  S   0.0500  0.7492
       220  -0.288929   0.54774  0.22338  0.834E-08  0.124E-04  pot  S   0.0500  0.7492
       221  -0.288929   0.54774  0.22338  0.802E-08  0.119E-04  pot  S   0.0500  0.7492
       222  -0.288929   0.54774  0.22338  0.771E-08  0.113E-04  pot  S   0.0500  0.7492
       223  -0.288929   0.54774  0.22338  0.741E-08  0.108E-04  pot  S   0.0500  0.7492
       224  -0.288929   0.54774  0.22338  0.712E-08  0.103E-04  pot  S   0.0500  0.7492
       225  -0.288929   0.54774  0.22338  0.685E-08  0.987E-05  pot  S   0.0500  0.7492
       226  -0.288929   0.54774  0.22338  0.658E-08  0.942E-05  pot  S   0.0500  0.7492
       227  -0.288929   0.54774  0.22338  0.633E-08  0.900E-05  pot  S   0.0500  0.7492
       228  -0.288929   0.54774  0.22338  0.608E-08  0.860E-05  pot  S   0.0500  0.7492
       229  -0.288929   0.54773  0.22338  0.585E-08  0.821E-05  pot  S   0.0500  0.7492
       230  -0.288929   0.54773  0.22338  0.562E-08  0.785E-05  pot  S   0.0500  0.7492
       231  -0.288929   0.54773  0.22338  0.540E-08  0.749E-05  pot  S   0.0500  0.7492
       232  -0.288929   0.54773  0.22338  0.520E-08  0.716E-05  pot  S   0.0500  0.7492
       233  -0.288929   0.54773  0.22338  0.500E-08  0.684E-05  pot  S   0.0500  0.7492
       234  -0.288929   0.54773  0.22338  0.480E-08  0.653E-05  pot  S   0.0500  0.7492
       235  -0.288929   0.54773  0.22338  0.462E-08  0.624E-05  pot  S   0.0500  0.7492
       236  -0.288930   0.54773  0.22338  0.444E-08  0.596E-05  pot  S   0.0500  0.7492
       237  -0.288930   0.54773  0.22338  0.427E-08  0.569E-05  pot  S   0.0500  0.7492
       238  -0.288930   0.54773  0.22338  0.410E-08  0.544E-05  pot  S   0.0500  0.7492
       239  -0.288930   0.54773  0.22338  0.394E-08  0.519E-05  pot  S   0.0500  0.7492
       240  -0.288930   0.54773  0.22338  0.379E-08  0.496E-05  pot  S   0.0500  0.7492
       241  -0.288930   0.54773  0.22338  0.365E-08  0.474E-05  pot  S   0.0500  0.7492
       242  -0.288930   0.54773  0.22338  0.350E-08  0.453E-05  pot  S   0.0500  0.7492
       243  -0.288930   0.54773  0.22337  0.337E-08  0.433E-05  pot  S   0.0500  0.7492
       244  -0.288930   0.54773  0.22337  0.324E-08  0.413E-05  pot  S   0.0500  0.7492
       245  -0.288930   0.54773  0.22337  0.311E-08  0.395E-05  pot  S   0.0500  0.7492
       246  -0.288930   0.54773  0.22337  0.299E-08  0.377E-05  pot  S   0.0500  0.7492
       247  -0.288930   0.54773  0.22337  0.288E-08  0.360E-05  pot  S   0.0500  0.7492
       248  -0.288930   0.54773  0.22337  0.277E-08  0.344E-05  pot  S   0.0500  0.7492
       249  -0.288930   0.54773  0.22337  0.266E-08  0.329E-05  pot  S   0.0500  0.7492
       250  -0.288930   0.54773  0.22337  0.256E-08  0.314E-05  pot  S   0.0500  0.7492
       251  -0.288930   0.54773  0.22337  0.246E-08  0.300E-05  pot  S   0.0500  0.7492
       252  -0.288930   0.54773  0.22337  0.236E-08  0.287E-05  pot  S   0.0500  0.7492
       253  -0.288930   0.54773  0.22337  0.227E-08  0.274E-05  pot  S   0.0500  0.7492
       254  -0.288930   0.54773  0.22337  0.219E-08  0.261E-05  pot  S   0.0500  0.7492
       255  -0.288930   0.54773  0.22337  0.210E-08  0.250E-05  pot  S   0.0500  0.7492
       256  -0.288930   0.54773  0.22337  0.202E-08  0.239E-05  pot  S   0.0500  0.7492
       257  -0.288930   0.54773  0.22337  0.194E-08  0.228E-05  pot  S   0.0500  0.7492
       258  -0.288930   0.54773  0.22337  0.187E-08  0.218E-05  pot  S   0.0500  0.7492
       259  -0.288930   0.54773  0.22337  0.179E-08  0.208E-05  pot  S   0.0500  0.7492
       260  -0.288930   0.54773  0.22337  0.173E-08  0.199E-05  pot  S   0.0500  0.7492
       261  -0.288930   0.54773  0.22337  0.166E-08  0.190E-05  pot  S   0.0500  0.7492
       262  -0.288930   0.54773  0.22337  0.159E-08  0.181E-05  pot  S   0.0500  0.7492
       263  -0.288930   0.54773  0.22337  0.153E-08  0.173E-05  pot  S   0.0500  0.7492
       264  -0.288930   0.54773  0.22337  0.147E-08  0.166E-05  pot  S   0.0500  0.7492
       265  -0.288930   0.54773  0.22337  0.142E-08  0.158E-05  pot  S   0.0500  0.7492
       266  -0.288930   0.54773  0.22337  0.136E-08  0.151E-05  pot  S   0.0500  0.7492
       267  -0.288930   0.54773  0.22337  0.131E-08  0.144E-05  pot  S   0.0500  0.7492
       268  -0.288930   0.54773  0.22337  0.126E-08  0.138E-05  pot  S   0.0500  0.7492
       269  -0.288930   0.54773  0.22337  0.121E-08  0.132E-05  pot  S   0.0500  0.7492
       270  -0.288930   0.54773  0.22337  0.116E-08  0.126E-05  pot  S   0.0500  0.7492
       271  -0.288930   0.54773  0.22337  0.112E-08  0.120E-05  pot  S   0.0500  0.7492
       272  -0.288930   0.54773  0.22337  0.108E-08  0.115E-05  pot  S   0.0500  0.7492
       273  -0.288930   0.54773  0.22337  0.103E-08  0.110E-05  pot  S   0.0500  0.7492
       274  -0.288930   0.54773  0.22337  0.994E-09  0.105E-05  pot  S   0.0500  0.7492
       275  -0.288930   0.54773  0.22337  0.956E-09  0.100E-05  pot  S   0.0500  0.7492
       276  -0.288930   0.54773  0.22337  0.919E-09  0.957E-06  pot  S   0.0500  0.7492
       277  -0.288930   0.54773  0.22337  0.884E-09  0.915E-06  pot  S   0.0500  0.7492
       278  -0.288930   0.54773  0.22337  0.849E-09  0.874E-06  pot  S   0.0500  0.7492
       279  -0.288930   0.54773  0.22337  0.817E-09  0.835E-06  pot  S   0.0500  0.7492
       280  -0.288930   0.54773  0.22337  0.785E-09  0.798E-06  pot  S   0.0500  0.7492
       281  -0.288930   0.54773  0.22337  0.755E-09  0.762E-06  pot  S   0.0500  0.7492
       282  -0.288930   0.54773  0.22337  0.726E-09  0.728E-06  pot  S   0.0500  0.7492
       283  -0.288930   0.54773  0.22337  0.698E-09  0.696E-06  pot  S   0.0500  0.7492
       284  -0.288930   0.54773  0.22337  0.671E-09  0.665E-06  pot  S   0.0500  0.7492
       285  -0.288930   0.54773  0.22337  0.645E-09  0.635E-06  pot  S   0.0500  0.7492
       286  -0.288930   0.54773  0.22337  0.620E-09  0.607E-06  pot  S   0.0500  0.7492
       287  -0.288930   0.54773  0.22337  0.596E-09  0.580E-06  pot  S   0.0500  0.7492
       288  -0.288930   0.54773  0.22337  0.573E-09  0.554E-06  pot  S   0.0500  0.7492
       289  -0.288930   0.54773  0.22337  0.551E-09  0.530E-06  pot  S   0.0500  0.7492
       290  -0.288930   0.54773  0.22337  0.530E-09  0.506E-06  pot  S   0.0500  0.7492
       291  -0.288930   0.54773  0.22337  0.509E-09  0.483E-06  pot  S   0.0500  0.7492
       292  -0.288930   0.54773  0.22337  0.489E-09  0.462E-06  pot  S   0.0500  0.7492
       293  -0.288930   0.54773  0.22337  0.471E-09  0.441E-06  pot  S   0.0500  0.7492
       294  -0.288930   0.54773  0.22337  0.452E-09  0.422E-06  pot  S   0.0500  0.7492
       295  -0.288930   0.54773  0.22337  0.435E-09  0.403E-06  pot  S   0.0500  0.7492
       296  -0.288930   0.54773  0.22337  0.418E-09  0.385E-06  pot  S   0.0500  0.7492
       297  -0.288930   0.54773  0.22337  0.402E-09  0.368E-06  pot  S   0.0500  0.7492
       298  -0.288930   0.54773  0.22337  0.386E-09  0.352E-06  pot  S   0.0500  0.7492
       299  -0.288930   0.54773  0.22337  0.372E-09  0.336E-06  pot  S   0.0500  0.7492
       300  -0.288930   0.54773  0.22337  0.357E-09  0.321E-06  pot  S   0.0500  0.7492
**     301  -0.288930   0.54773  0.22337  0.262E-13  0.321E-06  pot  B   0.0500  0.7492
       302  -0.288930   0.54773  0.22337  0.343E-09  0.307E-06  pot  B   0.0500  0.7492
       303  -0.288930   0.54773  0.22337  0.725E-08  0.193E-07  pot  B   0.0500  0.7492
       304  -0.288930   0.54773  0.22337  0.103E-08  0.566E-08  pot  B   0.0500  0.7492
**     305  -0.288930   0.54773  0.22337  0.171E-13  0.566E-08  pot  B   0.0500  0.7492
