System Description            : Cu, fcc structure                               
Number of Atoms in Unit Cell  : 1                                               
Number of Atomic Species      : 1                                               
Number of Atoms in Each Type  : 1(Cu)                                           
Energy Offset                 : -3304                                           
=======================================================================================
    Iter     Energy      3PV     Efermi   Rms_rho    Rms_pot   Mix  Alg  Alpha 
---------------------------------------------------------------------------------------
**       1  -0.780091  72.93842  0.64675  0.427E-01  0.882E-02  pot  B   0.1000
         2   0.924197 -11.69056  0.69675  0.188E-01  0.122E+00  pot  B   0.1000
         3  -0.392855  73.43599  0.64675  0.210E-01  0.274E-01  pot  B   0.1000
         4  -0.753942  65.42324  0.62236  0.175E-02  0.151E-01  pot  B   0.1000
         5  -0.762105  64.80312  0.63808  0.151E-03  0.140E-01  pot  B   0.1000
         6  -1.014383  27.63623  0.68808  0.958E-02  0.545E-01  pot  B   0.1000
         7  -0.789209  63.90182  0.65968  0.906E-02  0.856E-02  pot  B   0.1000
         8  -0.809050  60.32426  0.67681  0.903E-03  0.186E-02  pot  B   0.1000
         9  -0.808392  59.88806  0.69634  0.121E-03  0.980E-03  pot  B   0.1000
        10  -0.807493  60.05294  0.69062  0.445E-04  0.122E-02  pot  B   0.1000
        11  -0.808207  59.56303  0.69626  0.124E-03  0.144E-03  pot  B   0.1000
        12  -0.808090  59.50170  0.70170  0.163E-04  0.159E-04  pot  B   0.1000
        13  -0.807964  59.51923  0.69629  0.604E-05  0.474E-04  pot  B   0.1000
        14  -0.808089  59.50282  0.70172  0.595E-05  0.168E-04  pot  B   0.1000
        15  -0.807966  59.51430  0.69643  0.489E-05  0.336E-04  pot  B   0.1000
        16  -0.808091  59.49475  0.70184  0.652E-05  0.307E-05  pot  B   0.1000
        17  -0.807966  59.51243  0.69637  0.618E-05  0.300E-04  pot  B   0.1000
        18  -0.808093  59.49235  0.70183  0.667E-05  0.799E-05  pot  B   0.1000
        19  -0.807967  59.50945  0.69642  0.604E-05  0.237E-04  pot  B   0.1000
        20  -0.808093  59.49082  0.70186  0.635E-05  0.112E-04  pot  B   0.1000
        21  -0.807967  59.50903  0.69641  0.627E-05  0.228E-04  pot  B   0.1000
        22  -0.808093  59.49067  0.70185  0.630E-05  0.115E-04  pot  B   0.1000
        23  -0.807967  59.50881  0.69641  0.626E-05  0.224E-04  pot  B   0.1000
        24  -0.808093  59.49054  0.70186  0.628E-05  0.118E-04  pot  B   0.1000
        25  -0.807967  59.50872  0.69641  0.626E-05  0.222E-04  pot  B   0.1000
        26  -0.808093  59.49046  0.70186  0.628E-05  0.120E-04  pot  B   0.1000
        27  -0.807967  59.50863  0.69641  0.626E-05  0.220E-04  pot  B   0.1000
        28  -0.808093  59.49040  0.70186  0.628E-05  0.121E-04  pot  B   0.1000
        29  -0.807967  59.50854  0.69642  0.626E-05  0.218E-04  pot  B   0.1000
        30  -0.808093  59.49034  0.70186  0.627E-05  0.122E-04  pot  B   0.1000
        31  -0.807967  59.50846  0.69642  0.625E-05  0.217E-04  pot  B   0.1000
        32  -0.808093  59.49030  0.70186  0.626E-05  0.123E-04  pot  B   0.1000
        33  -0.807967  59.50841  0.69642  0.625E-05  0.215E-04  pot  B   0.1000
        34  -0.808093  59.49026  0.70186  0.626E-05  0.124E-04  pot  B   0.1000
        35  -0.807967  59.50836  0.69642  0.625E-05  0.215E-04  pot  B   0.1000
        36  -0.808093  59.49023  0.70186  0.625E-05  0.124E-04  pot  B   0.1000
        37  -0.807967  59.50833  0.69642  0.625E-05  0.214E-04  pot  B   0.1000
        38  -0.808093  59.49021  0.70186  0.625E-05  0.125E-04  pot  B   0.1000
        39  -0.807967  59.50830  0.69642  0.625E-05  0.213E-04  pot  B   0.1000
        40  -0.808093  59.49019  0.70186  0.625E-05  0.125E-04  pot  B   0.1000
        41  -0.807967  59.50827  0.69642  0.624E-05  0.213E-04  pot  B   0.1000
        42  -0.808093  59.49018  0.70186  0.625E-05  0.126E-04  pot  B   0.1000
        43  -0.807967  59.50825  0.69642  0.624E-05  0.212E-04  pot  B   0.1000
        44  -0.808093  59.49017  0.70186  0.625E-05  0.126E-04  pot  B   0.1000
        45  -0.807967  59.50824  0.69642  0.624E-05  0.212E-04  pot  B   0.1000
**      46  -0.807791  59.46790  0.69662  0.311E-03  0.587E-04  pot  B   0.1000
        47  -0.807781  59.58818  0.69777  0.289E-04  0.153E-03  pot  B   0.1000
        48  -0.807778  59.54756  0.69747  0.957E-05  0.868E-04  pot  B   0.1000
        49  -0.807803  59.48977  0.69833  0.138E-04  0.843E-05  pot  B   0.1000
        50  -0.807787  59.49533  0.69770  0.144E-05  0.157E-05  pot  B   0.1000
        51  -0.807797  59.49350  0.69813  0.543E-06  0.168E-05  pot  B   0.1000
        52  -0.807790  59.49482  0.69782  0.420E-06  0.146E-05  pot  B   0.1000
        53  -0.807795  59.49388  0.69804  0.287E-06  0.362E-06  pot  B   0.1000
        54  -0.807791  59.49425  0.69789  0.137E-06  0.315E-06  pot  B   0.1000
        55  -0.807794  59.49384  0.69800  0.128E-06  0.464E-06  pot  B   0.1000
        56  -0.807792  59.49416  0.69792  0.989E-07  0.160E-06  pot  B   0.1000
        57  -0.807793  59.49400  0.69797  0.542E-07  0.140E-06  pot  B   0.1000
        58  -0.807792  59.49415  0.69793  0.453E-07  0.137E-06  pot  B   0.1000
        59  -0.807793  59.49403  0.69796  0.339E-07  0.754E-07  pot  B   0.1000
        60  -0.807793  59.49410  0.69794  0.214E-07  0.516E-07  pot  B   0.1000
        61  -0.807793  59.49405  0.69796  0.164E-07  0.491E-07  pot  B   0.1000
        62  -0.807793  59.49408  0.69795  0.108E-07  0.155E-07  pot  B   0.1000
        63  -0.807793  59.49406  0.69795  0.794E-08  0.327E-07  pot  B   0.1000
        64  -0.807793  59.49408  0.69795  0.551E-08  0.440E-09  pot  B   0.1000
        65  -0.807793  59.49406  0.69795  0.397E-08  0.237E-07  pot  B   0.1000
        66  -0.807793  59.49407  0.69795  0.280E-08  0.669E-08  pot  B   0.1000
        67  -0.807793  59.49407  0.69795  0.194E-08  0.184E-07  pot  B   0.1000
        68  -0.807793  59.49407  0.69795  0.139E-08  0.989E-08  pot  B   0.1000
        69  -0.807793  59.49407  0.69795  0.976E-09  0.158E-07  pot  B   0.1000
        70  -0.807793  59.49407  0.69795  0.685E-09  0.117E-07  pot  B   0.1000
        71  -0.807793  59.49407  0.69795  0.509E-09  0.148E-07  pot  B   0.1000
        72  -0.807793  59.49407  0.69795  0.340E-09  0.128E-07  pot  B   0.1000
        73  -0.807793  59.49407  0.69795  0.210E-09  0.139E-07  pot  B   0.1000
        74  -0.807793  59.49407  0.69795  0.171E-09  0.129E-07  pot  B   0.1000
        75  -0.807793  59.49407  0.69795  0.116E-09  0.136E-07  pot  B   0.1000
        76  -0.807793  59.49407  0.69795  0.835E-10  0.131E-07  pot  B   0.1000
**      77  -0.807793  59.49407  0.69795  0.312E-03  0.131E-07  pot  B   0.1000
        78  -0.807793  59.49410  0.69795  0.784E-08  0.436E-07  pot  B   0.1000
        79  -0.807793  59.49409  0.69795  0.315E-08  0.217E-07  pot  B   0.1000
        80  -0.807793  59.49408  0.69795  0.261E-08  0.359E-08  pot  B   0.1000
        81  -0.807793  59.49408  0.69795  0.544E-10  0.364E-08  pot  B   0.1000
**      82  -0.807793  59.49407  0.69795  0.312E-03  0.131E-07  pot  B   0.1000
**      83  -0.807793  59.49407  0.69795  0.312E-03  0.131E-07  pot  B   0.1000
