 ir        r               f(r)
    1  0.00001334      0.12059072D-07
    2  0.00001351      0.12355837D-07
    3  0.00001367      0.12659903D-07
    4  0.00001384      0.12971449D-07
    5  0.00001401      0.13290654D-07
    6  0.00001418      0.13617714D-07
    7  0.00001435      0.13952816D-07
    8  0.00001453      0.14296164D-07
    9  0.00001471      0.14647957D-07
   10  0.00001489      0.15008405D-07
   11  0.00001507      0.15377720D-07
   12  0.00001525      0.15756120D-07
   13  0.00001544      0.16143828D-07
   14  0.00001563      0.16541073D-07
   15  0.00001582      0.16948090D-07
   16  0.00001601      0.17365119D-07
   17  0.00001621      0.17792406D-07
   18  0.00001641      0.18230203D-07
   19  0.00001661      0.18678769D-07
   20  0.00001681      0.19138368D-07
   21  0.00001702      0.19609272D-07
   22  0.00001723      0.20091758D-07
   23  0.00001744      0.20586111D-07
   24  0.00001765      0.21092624D-07
   25  0.00001787      0.21611594D-07
   26  0.00001808      0.22143329D-07
   27  0.00001831      0.22688141D-07
   28  0.00001853      0.23246353D-07
   29  0.00001876      0.23818293D-07
   30  0.00001899      0.24404300D-07
   31  0.00001922      0.25004718D-07
   32  0.00001945      0.25619902D-07
   33  0.00001969      0.26250215D-07
   34  0.00001993      0.26896030D-07
   35  0.00002018      0.27557725D-07
   36  0.00002042      0.28235693D-07
   37  0.00002067      0.28930333D-07
   38  0.00002093      0.29642055D-07
   39  0.00002118      0.30371277D-07
   40  0.00002144      0.31118432D-07
   41  0.00002170      0.31883958D-07
   42  0.00002197      0.32668309D-07
   43  0.00002224      0.33471945D-07
   44  0.00002251      0.34295341D-07
   45  0.00002279      0.35138983D-07
   46  0.00002306      0.36003367D-07
   47  0.00002335      0.36889004D-07
   48  0.00002363      0.37796416D-07
   49  0.00002392      0.38726138D-07
   50  0.00002421      0.39678717D-07
   51  0.00002451      0.40654715D-07
   52  0.00002481      0.41654709D-07
   53  0.00002511      0.42679286D-07
   54  0.00002542      0.43729051D-07
   55  0.00002573      0.44804622D-07
   56  0.00002605      0.45906635D-07
   57  0.00002637      0.47035737D-07
   58  0.00002669      0.48192594D-07
   59  0.00002701      0.49377888D-07
   60  0.00002735      0.50592318D-07
   61  0.00002768      0.51836599D-07
   62  0.00002802      0.53111464D-07
   63  0.00002836      0.54417663D-07
   64  0.00002871      0.55755968D-07
   65  0.00002906      0.57127165D-07
   66  0.00002942      0.58532063D-07
   67  0.00002978      0.59971489D-07
   68  0.00003014      0.61446291D-07
   69  0.00003051      0.62957338D-07
   70  0.00003088      0.64505519D-07
   71  0.00003126      0.66091745D-07
   72  0.00003164      0.67716952D-07
   73  0.00003203      0.69382096D-07
   74  0.00003242      0.71088157D-07
   75  0.00003282      0.72836140D-07
   76  0.00003322      0.74627074D-07
   77  0.00003363      0.76462013D-07
   78  0.00003404      0.78342037D-07
   79  0.00003445      0.80268252D-07
   80  0.00003488      0.82241793D-07
   81  0.00003530      0.84263821D-07
   82  0.00003573      0.86335525D-07
   83  0.00003617      0.88458124D-07
   84  0.00003661      0.90632869D-07
   85  0.00003706      0.92861037D-07
   86  0.00003752      0.95143940D-07
   87  0.00003798      0.97482921D-07
   88  0.00003844      0.99879356D-07
   89  0.00003891      0.10233465D-06
   90  0.00003939      0.10485026D-06
   91  0.00003987      0.10742765D-06
   92  0.00004036      0.11006834D-06
   93  0.00004085      0.11277389D-06
   94  0.00004135      0.11554588D-06
   95  0.00004186      0.11838595D-06
   96  0.00004237      0.12129577D-06
   97  0.00004289      0.12427704D-06
   98  0.00004341      0.12733151D-06
   99  0.00004394      0.13046099D-06
  100  0.00004448      0.13366731D-06
  101  0.00004502      0.13695236D-06
  102  0.00004558      0.14031806D-06
  103  0.00004613      0.14376640D-06
  104  0.00004670      0.14729939D-06
  105  0.00004727      0.15091912D-06
  106  0.00004785      0.15462771D-06
  107  0.00004843      0.15842734D-06
  108  0.00004903      0.16232024D-06
  109  0.00004963      0.16630869D-06
  110  0.00005023      0.17039504D-06
  111  0.00005085      0.17458169D-06
  112  0.00005147      0.17887109D-06
  113  0.00005210      0.18326576D-06
  114  0.00005274      0.18776828D-06
  115  0.00005338      0.19238130D-06
  116  0.00005404      0.19710752D-06
  117  0.00005470      0.20194971D-06
  118  0.00005537      0.20691071D-06
  119  0.00005604      0.21199344D-06
  120  0.00005673      0.21720087D-06
  121  0.00005742      0.22253607D-06
  122  0.00005813      0.22800215D-06
  123  0.00005884      0.23360232D-06
  124  0.00005956      0.23933987D-06
  125  0.00006029      0.24521816D-06
  126  0.00006102      0.25124064D-06
  127  0.00006177      0.25741082D-06
  128  0.00006253      0.26373234D-06
  129  0.00006329      0.27020890D-06
  130  0.00006407      0.27684428D-06
  131  0.00006485      0.28364238D-06
  132  0.00006564      0.29060718D-06
  133  0.00006645      0.29774275D-06
  134  0.00006726      0.30505328D-06
  135  0.00006808      0.31254305D-06
  136  0.00006892      0.32021643D-06
  137  0.00006976      0.32807793D-06
  138  0.00007061      0.33613214D-06
  139  0.00007148      0.34438377D-06
  140  0.00007235      0.35283766D-06
  141  0.00007324      0.36149875D-06
  142  0.00007413      0.37037210D-06
  143  0.00007504      0.37946291D-06
  144  0.00007596      0.38877650D-06
  145  0.00007689      0.39831830D-06
  146  0.00007783      0.40809389D-06
  147  0.00007878      0.41810900D-06
  148  0.00007975      0.42836947D-06
  149  0.00008072      0.43888129D-06
  150  0.00008171      0.44965062D-06
  151  0.00008271      0.46068374D-06
  152  0.00008372      0.47198709D-06
  153  0.00008475      0.48356728D-06
  154  0.00008578      0.49543106D-06
  155  0.00008683      0.50758537D-06
  156  0.00008790      0.52003730D-06
  157  0.00008897      0.53279411D-06
  158  0.00009006      0.54586325D-06
  159  0.00009116      0.55925234D-06
  160  0.00009228      0.57296919D-06
  161  0.00009341      0.58702180D-06
  162  0.00009455      0.60141837D-06
  163  0.00009571      0.61616728D-06
  164  0.00009688      0.63127714D-06
  165  0.00009806      0.64675675D-06
  166  0.00009926      0.66261513D-06
  167  0.00010048      0.67886151D-06
  168  0.00010171      0.69550536D-06
  169  0.00010295      0.71255637D-06
  170  0.00010421      0.73002447D-06
  171  0.00010549      0.74791982D-06
  172  0.00010678      0.76625284D-06
  173  0.00010808      0.78503420D-06
  174  0.00010941      0.80427482D-06
  175  0.00011075      0.82398589D-06
  176  0.00011210      0.84417887D-06
  177  0.00011347      0.86486551D-06
  178  0.00011486      0.88605782D-06
  179  0.00011627      0.90776812D-06
  180  0.00011769      0.93000902D-06
  181  0.00011913      0.95279344D-06
  182  0.00012059      0.97613461D-06
  183  0.00012206      0.10000461D-05
  184  0.00012356      0.10245417D-05
  185  0.00012507      0.10496358D-05
  186  0.00012660      0.10753428D-05
  187  0.00012815      0.11016776D-05
  188  0.00012972      0.11286556D-05
  189  0.00013130      0.11562924D-05
  190  0.00013291      0.11846039D-05
  191  0.00013454      0.12136067D-05
  192  0.00013618      0.12433174D-05
  193  0.00013785      0.12737534D-05
  194  0.00013954      0.13049321D-05
  195  0.00014124      0.13368717D-05
  196  0.00014297      0.13695907D-05
  197  0.00014472      0.14031079D-05
  198  0.00014649      0.14374428D-05
  199  0.00014829      0.14726152D-05
  200  0.00015010      0.15086455D-05
  201  0.00015194      0.15455543D-05
  202  0.00015380      0.15833632D-05
  203  0.00015568      0.16220939D-05
  204  0.00015758      0.16617687D-05
  205  0.00015951      0.17024106D-05
  206  0.00016146      0.17440430D-05
  207  0.00016344      0.17866900D-05
  208  0.00016544      0.18303760D-05
  209  0.00016746      0.18751264D-05
  210  0.00016951      0.19209668D-05
  211  0.00017159      0.19679237D-05
  212  0.00017369      0.20160241D-05
  213  0.00017581      0.20652957D-05
  214  0.00017796      0.21157669D-05
  215  0.00018014      0.21674667D-05
  216  0.00018235      0.22204248D-05
  217  0.00018458      0.22746716D-05
  218  0.00018683      0.23302384D-05
  219  0.00018912      0.23871571D-05
  220  0.00019144      0.24454602D-05
  221  0.00019378      0.25051814D-05
  222  0.00019615      0.25663548D-05
  223  0.00019855      0.26290156D-05
  224  0.00020098      0.26931996D-05
  225  0.00020344      0.27589437D-05
  226  0.00020593      0.28262855D-05
  227  0.00020845      0.28952636D-05
  228  0.00021100      0.29659174D-05
  229  0.00021358      0.30382874D-05
  230  0.00021619      0.31124150D-05
  231  0.00021884      0.31883425D-05
  232  0.00022152      0.32661134D-05
  233  0.00022423      0.33457720D-05
  234  0.00022697      0.34273638D-05
  235  0.00022975      0.35109355D-05
  236  0.00023256      0.35965346D-05
  237  0.00023541      0.36842099D-05
  238  0.00023829      0.37740115D-05
  239  0.00024120      0.38659905D-05
  240  0.00024415      0.39601992D-05
  241  0.00024714      0.40566913D-05
  242  0.00025017      0.41555217D-05
  243  0.00025323      0.42567464D-05
  244  0.00025633      0.43604231D-05
  245  0.00025946      0.44666107D-05
  246  0.00026264      0.45753693D-05
  247  0.00026585      0.46867608D-05
  248  0.00026910      0.48008482D-05
  249  0.00027240      0.49176963D-05
  250  0.00027573      0.50373712D-05
  251  0.00027911      0.51599406D-05
  252  0.00028252      0.52854740D-05
  253  0.00028598      0.54140423D-05
  254  0.00028948      0.55457181D-05
  255  0.00029302      0.56805759D-05
  256  0.00029660      0.58186918D-05
  257  0.00030023      0.59601437D-05
  258  0.00030391      0.61050113D-05
  259  0.00030763      0.62533763D-05
  260  0.00031139      0.64053223D-05
  261  0.00031520      0.65609347D-05
  262  0.00031906      0.67203011D-05
  263  0.00032296      0.68835111D-05
  264  0.00032692      0.70506563D-05
  265  0.00033092      0.72218305D-05
  266  0.00033497      0.73971299D-05
  267  0.00033906      0.75766526D-05
  268  0.00034321      0.77604993D-05
  269  0.00034741      0.79487728D-05
  270  0.00035166      0.81415785D-05
  271  0.00035597      0.83390242D-05
  272  0.00036032      0.85412202D-05
  273  0.00036473      0.87482794D-05
  274  0.00036920      0.89603172D-05
  275  0.00037371      0.91774518D-05
  276  0.00037829      0.93998043D-05
  277  0.00038292      0.96274983D-05
  278  0.00038760      0.98606604D-05
  279  0.00039234      0.10099420D-04
  280  0.00039715      0.10343911D-04
  281  0.00040200      0.10594267D-04
  282  0.00040692      0.10850628D-04
  283  0.00041190      0.11113135D-04
  284  0.00041694      0.11381935D-04
  285  0.00042205      0.11657176D-04
  286  0.00042721      0.11939009D-04
  287  0.00043244      0.12227590D-04
  288  0.00043773      0.12523079D-04
  289  0.00044309      0.12825638D-04
  290  0.00044851      0.13135434D-04
  291  0.00045400      0.13452637D-04
  292  0.00045955      0.13777422D-04
  293  0.00046518      0.14109966D-04
  294  0.00047087      0.14450453D-04
  295  0.00047663      0.14799069D-04
  296  0.00048246      0.15156004D-04
  297  0.00048837      0.15521454D-04
  298  0.00049434      0.15895618D-04
  299  0.00050039      0.16278701D-04
  300  0.00050651      0.16670911D-04
  301  0.00051271      0.17072463D-04
  302  0.00051899      0.17483574D-04
  303  0.00052534      0.17904468D-04
  304  0.00053177      0.18335373D-04
  305  0.00053827      0.18776523D-04
  306  0.00054486      0.19228157D-04
  307  0.00055153      0.19690519D-04
  308  0.00055828      0.20163860D-04
  309  0.00056511      0.20648434D-04
  310  0.00057202      0.21144503D-04
  311  0.00057902      0.21652334D-04
  312  0.00058611      0.22172200D-04
  313  0.00059328      0.22704381D-04
  314  0.00060054      0.23249161D-04
  315  0.00060789      0.23806833D-04
  316  0.00061533      0.24377695D-04
  317  0.00062286      0.24962052D-04
  318  0.00063048      0.25560216D-04
  319  0.00063819      0.26172506D-04
  320  0.00064600      0.26799248D-04
  321  0.00065391      0.27440774D-04
  322  0.00066191      0.28097426D-04
  323  0.00067001      0.28769552D-04
  324  0.00067821      0.29457506D-04
  325  0.00068651      0.30161654D-04
  326  0.00069491      0.30882365D-04
  327  0.00070341      0.31620021D-04
  328  0.00071202      0.32375009D-04
  329  0.00072073      0.33147725D-04
  330  0.00072955      0.33938576D-04
  331  0.00073848      0.34747975D-04
  332  0.00074751      0.35576346D-04
  333  0.00075666      0.36424120D-04
  334  0.00076592      0.37291740D-04
  335  0.00077529      0.38179657D-04
  336  0.00078478      0.39088332D-04
  337  0.00079438      0.40018237D-04
  338  0.00080410      0.40969852D-04
  339  0.00081394      0.41943669D-04
  340  0.00082390      0.42940191D-04
  341  0.00083398      0.43959931D-04
  342  0.00084419      0.45003412D-04
  343  0.00085452      0.46071170D-04
  344  0.00086498      0.47163751D-04
  345  0.00087556      0.48281714D-04
  346  0.00088628      0.49425628D-04
  347  0.00089712      0.50596077D-04
  348  0.00090810      0.51793653D-04
  349  0.00091921      0.53018965D-04
  350  0.00093046      0.54272632D-04
  351  0.00094184      0.55555287D-04
  352  0.00095337      0.56867577D-04
  353  0.00096504      0.58210159D-04
  354  0.00097684      0.59583709D-04
  355  0.00098880      0.60988912D-04
  356  0.00100090      0.62426472D-04
  357  0.00101315      0.63897103D-04
  358  0.00102554      0.65401537D-04
  359  0.00103809      0.66940519D-04
  360  0.00105080      0.68514811D-04
  361  0.00106365      0.70125189D-04
  362  0.00107667      0.71772446D-04
  363  0.00108984      0.73457391D-04
  364  0.00110318      0.75180849D-04
  365  0.00111668      0.76943662D-04
  366  0.00113034      0.78746687D-04
  367  0.00114418      0.80590803D-04
  368  0.00115818      0.82476901D-04
  369  0.00117235      0.84405893D-04
  370  0.00118670      0.86378710D-04
  371  0.00120122      0.88396298D-04
  372  0.00121592      0.90459625D-04
  373  0.00123079      0.92569676D-04
  374  0.00124586      0.94727457D-04
  375  0.00126110      0.96933992D-04
  376  0.00127653      0.99190326D-04
  377  0.00129215      0.10149752D-03
  378  0.00130797      0.10385667D-03
  379  0.00132397      0.10626887D-03
  380  0.00134017      0.10873526D-03
  381  0.00135657      0.11125698D-03
  382  0.00137317      0.11383520D-03
  383  0.00138997      0.11647112D-03
  384  0.00140698      0.11916595D-03
  385  0.00142420      0.12192094D-03
  386  0.00144163      0.12473733D-03
  387  0.00145927      0.12761642D-03
  388  0.00147713      0.13055952D-03
  389  0.00149520      0.13356796D-03
  390  0.00151350      0.13664310D-03
  391  0.00153202      0.13978631D-03
  392  0.00155076      0.14299901D-03
  393  0.00156974      0.14628263D-03
  394  0.00158895      0.14963862D-03
  395  0.00160839      0.15306847D-03
  396  0.00162807      0.15657369D-03
  397  0.00164800      0.16015582D-03
  398  0.00166816      0.16381642D-03
  399  0.00168858      0.16755708D-03
  400  0.00170924      0.17137942D-03
  401  0.00173015      0.17528509D-03
  402  0.00175133      0.17927575D-03
  403  0.00177276      0.18335312D-03
  404  0.00179445      0.18751892D-03
  405  0.00181641      0.19177491D-03
  406  0.00183863      0.19612289D-03
  407  0.00186113      0.20056467D-03
  408  0.00188391      0.20510209D-03
  409  0.00190696      0.20973705D-03
  410  0.00193030      0.21447143D-03
  411  0.00195392      0.21930719D-03
  412  0.00197783      0.22424629D-03
  413  0.00200203      0.22929073D-03
  414  0.00202653      0.23444254D-03
  415  0.00205132      0.23970378D-03
  416  0.00207643      0.24507654D-03
  417  0.00210183      0.25056295D-03
  418  0.00212755      0.25616517D-03
  419  0.00215359      0.26188537D-03
  420  0.00217994      0.26772577D-03
  421  0.00220662      0.27368864D-03
  422  0.00223362      0.27977624D-03
  423  0.00226095      0.28599089D-03
  424  0.00228862      0.29233493D-03
  425  0.00231662      0.29881075D-03
  426  0.00234497      0.30542075D-03
  427  0.00237367      0.31216736D-03
  428  0.00240271      0.31905307D-03
  429  0.00243211      0.32608037D-03
  430  0.00246188      0.33325180D-03
  431  0.00249200      0.34056993D-03
  432  0.00252249      0.34803734D-03
  433  0.00255336      0.35565667D-03
  434  0.00258461      0.36343057D-03
  435  0.00261623      0.37136174D-03
  436  0.00264825      0.37945288D-03
  437  0.00268065      0.38770674D-03
  438  0.00271346      0.39612611D-03
  439  0.00274666      0.40471377D-03
  440  0.00278027      0.41347257D-03
  441  0.00281429      0.42240536D-03
  442  0.00284873      0.43151503D-03
  443  0.00288359      0.44080449D-03
  444  0.00291888      0.45027667D-03
  445  0.00295459      0.45993455D-03
  446  0.00299075      0.46978109D-03
  447  0.00302735      0.47981932D-03
  448  0.00306439      0.49005226D-03
  449  0.00310189      0.50048297D-03
  450  0.00313985      0.51111451D-03
  451  0.00317827      0.52194998D-03
  452  0.00321716      0.53299248D-03
  453  0.00325653      0.54424514D-03
  454  0.00329638      0.55571110D-03
  455  0.00333671      0.56739352D-03
  456  0.00337754      0.57929555D-03
  457  0.00341887      0.59142037D-03
  458  0.00346071      0.60377117D-03
  459  0.00350306      0.61635115D-03
  460  0.00354592      0.62916350D-03
  461  0.00358932      0.64221141D-03
  462  0.00363324      0.65549811D-03
  463  0.00367770      0.66902678D-03
  464  0.00372270      0.68280062D-03
  465  0.00376825      0.69682284D-03
  466  0.00381436      0.71109662D-03
  467  0.00386104      0.72562514D-03
  468  0.00390829      0.74041156D-03
  469  0.00395611      0.75545903D-03
  470  0.00400452      0.77077068D-03
  471  0.00405352      0.78634963D-03
  472  0.00410313      0.80219896D-03
  473  0.00415333      0.81832173D-03
  474  0.00420416      0.83472097D-03
  475  0.00425560      0.85139967D-03
  476  0.00430768      0.86836078D-03
  477  0.00436039      0.88560723D-03
  478  0.00441375      0.90314187D-03
  479  0.00446776      0.92096754D-03
  480  0.00452243      0.93908699D-03
  481  0.00457777      0.95750293D-03
  482  0.00463379      0.97621801D-03
  483  0.00469049      0.99523480D-03
  484  0.00474788      0.10145558D-02
  485  0.00480598      0.10341835D-02
  486  0.00486479      0.10541201D-02
  487  0.00492432      0.10743680D-02
  488  0.00498458      0.10949294D-02
  489  0.00504558      0.11158062D-02
  490  0.00510732      0.11370004D-02
  491  0.00516981      0.11585140D-02
  492  0.00523308      0.11803486D-02
  493  0.00529711      0.12025058D-02
  494  0.00536193      0.12249872D-02
  495  0.00542754      0.12477941D-02
  496  0.00549396      0.12709276D-02
  497  0.00556119      0.12943889D-02
  498  0.00562924      0.13181788D-02
  499  0.00569812      0.13422980D-02
  500  0.00576785      0.13667472D-02
  501  0.00583843      0.13915267D-02
  502  0.00590987      0.14166366D-02
  503  0.00598219      0.14420771D-02
  504  0.00605539      0.14678477D-02
  505  0.00612949      0.14939482D-02
  506  0.00620450      0.15203779D-02
  507  0.00628042      0.15471358D-02
  508  0.00635727      0.15742210D-02
  509  0.00643507      0.16016318D-02
  510  0.00651381      0.16293669D-02
  511  0.00659352      0.16574241D-02
  512  0.00667420      0.16858014D-02
  513  0.00675587      0.17144962D-02
  514  0.00683854      0.17435058D-02
  515  0.00692222      0.17728271D-02
  516  0.00700693      0.18024567D-02
  517  0.00709267      0.18323907D-02
  518  0.00717946      0.18626252D-02
  519  0.00726732      0.18931556D-02
  520  0.00735625      0.19239771D-02
  521  0.00744626      0.19550846D-02
  522  0.00753738      0.19864725D-02
  523  0.00762961      0.20181347D-02
  524  0.00772298      0.20500649D-02
  525  0.00781748      0.20822563D-02
  526  0.00791314      0.21147015D-02
  527  0.00800997      0.21473929D-02
  528  0.00810799      0.21803223D-02
  529  0.00820720      0.22134811D-02
  530  0.00830763      0.22468601D-02
  531  0.00840929      0.22804496D-02
  532  0.00851220      0.23142396D-02
  533  0.00861636      0.23482194D-02
  534  0.00872179      0.23823778D-02
  535  0.00882852      0.24167031D-02
  536  0.00893655      0.24511829D-02
  537  0.00904591      0.24858044D-02
  538  0.00915660      0.25205542D-02
  539  0.00926865      0.25554181D-02
  540  0.00938207      0.25903817D-02
  541  0.00949687      0.26254296D-02
  542  0.00961308      0.26605460D-02
  543  0.00973072      0.26957143D-02
  544  0.00984979      0.27309174D-02
  545  0.00997032      0.27661374D-02
  546  0.01009232      0.28013560D-02
  547  0.01021582      0.28365540D-02
  548  0.01034083      0.28717116D-02
  549  0.01046737      0.29068082D-02
  550  0.01059546      0.29418227D-02
  551  0.01072511      0.29767331D-02
  552  0.01085635      0.30115169D-02
  553  0.01098920      0.30461507D-02
  554  0.01112367      0.30806106D-02
  555  0.01125979      0.31148717D-02
  556  0.01139757      0.31489086D-02
  557  0.01153704      0.31826952D-02
  558  0.01167822      0.32162044D-02
  559  0.01182112      0.32494087D-02
  560  0.01196577      0.32822798D-02
  561  0.01211220      0.33147885D-02
  562  0.01226041      0.33469050D-02
  563  0.01241044      0.33785990D-02
  564  0.01256230      0.34098392D-02
  565  0.01271602      0.34405936D-02
  566  0.01287163      0.34708299D-02
  567  0.01302913      0.35005147D-02
  568  0.01318857      0.35296141D-02
  569  0.01334995      0.35580937D-02
  570  0.01351332      0.35859183D-02
  571  0.01367867      0.36130521D-02
  572  0.01384606      0.36394587D-02
  573  0.01401549      0.36651014D-02
  574  0.01418699      0.36899426D-02
  575  0.01436060      0.37139443D-02
  576  0.01453632      0.37370683D-02
  577  0.01471420      0.37592756D-02
  578  0.01489426      0.37805268D-02
  579  0.01507651      0.38007824D-02
  580  0.01526100      0.38200024D-02
  581  0.01544775      0.38381464D-02
  582  0.01563678      0.38551739D-02
  583  0.01582812      0.38710443D-02
  584  0.01602181      0.38857164D-02
  585  0.01621786      0.38991495D-02
  586  0.01641632      0.39113025D-02
  587  0.01661720      0.39221343D-02
  588  0.01682054      0.39316041D-02
  589  0.01702637      0.39396710D-02
  590  0.01723472      0.39462947D-02
  591  0.01744561      0.39514347D-02
  592  0.01765909      0.39550513D-02
  593  0.01787518      0.39571051D-02
  594  0.01809392      0.39575570D-02
  595  0.01831533      0.39563690D-02
  596  0.01853945      0.39535035D-02
  597  0.01876631      0.39489238D-02
  598  0.01899595      0.39425940D-02
  599  0.01922840      0.39344794D-02
  600  0.01946370      0.39245462D-02
  601  0.01970187      0.39127621D-02
  602  0.01994296      0.38990960D-02
  603  0.02018699      0.38835181D-02
  604  0.02043402      0.38660005D-02
  605  0.02068406      0.38465167D-02
  606  0.02093717      0.38250422D-02
  607  0.02119337      0.38015545D-02
  608  0.02145271      0.37760330D-02
  609  0.02171522      0.37484595D-02
  610  0.02198095      0.37188180D-02
  611  0.02224992      0.36870953D-02
  612  0.02252219      0.36532804D-02
  613  0.02279779      0.36173655D-02
  614  0.02307676      0.35793457D-02
  615  0.02335915      0.35392189D-02
  616  0.02364499      0.34969865D-02
  617  0.02393433      0.34526533D-02
  618  0.02422721      0.34062276D-02
  619  0.02452367      0.33577214D-02
  620  0.02482376      0.33071506D-02
  621  0.02512752      0.32545352D-02
  622  0.02543500      0.31998991D-02
  623  0.02574625      0.31432709D-02
  624  0.02606130      0.30846835D-02
  625  0.02638020      0.30241745D-02
  626  0.02670301      0.29617862D-02
  627  0.02702977      0.28975659D-02
  628  0.02736053      0.28315661D-02
  629  0.02769533      0.27638443D-02
  630  0.02803423      0.26944636D-02
  631  0.02837728      0.26234923D-02
  632  0.02872453      0.25510047D-02
  633  0.02907602      0.24770805D-02
  634  0.02943182      0.24018055D-02
  635  0.02979197      0.23252713D-02
  636  0.03015653      0.22475755D-02
  637  0.03052555      0.21688221D-02
  638  0.03089908      0.20891210D-02
  639  0.03127719      0.20085887D-02
  640  0.03165992      0.19273477D-02
  641  0.03204734      0.18455272D-02
  642  0.03243949      0.17632625D-02
  643  0.03283645      0.16806956D-02
  644  0.03323826      0.15979747D-02
  645  0.03364499      0.15152545D-02
  646  0.03405670      0.14326960D-02
  647  0.03447344      0.13504666D-02
  648  0.03489528      0.12687397D-02
  649  0.03532229      0.11876952D-02
  650  0.03575452      0.11075187D-02
  651  0.03619204      0.10284018D-02
  652  0.03663491      0.95054189D-03
  653  0.03708321      0.87414172D-03
  654  0.03753699      0.79940950D-03
  655  0.03799632      0.72655850D-03
  656  0.03846127      0.65580681D-03
  657  0.03893191      0.58737706D-03
  658  0.03940831      0.52149611D-03
  659  0.03989055      0.45839468D-03
  660  0.04037868      0.39830698D-03
  661  0.04087278      0.34147032D-03
  662  0.04137293      0.28812466D-03
  663  0.04187920      0.23851215D-03
  664  0.04239167      0.19287658D-03
  665  0.04291041      0.15146294D-03
  666  0.04343549      0.11451677D-03
  667  0.04396700      0.82283587D-04
  668  0.04450502      0.55008278D-04
  669  0.04504962      0.32934408D-04
  670  0.04560088      0.16303541D-04
  671  0.04615889      0.53545057D-05
  672  0.04672372      0.32264049D-06
  673  0.04729547      0.14390049D-05
  674  0.04787422      0.89295610D-05
  675  0.04846004      0.23014327D-04
  676  0.04905304      0.43906502D-04
  677  0.04965329      0.71811566D-04
  678  0.05026088      0.10692636D-03
  679  0.05087592      0.14943812D-03
  680  0.05149847      0.19952353D-03
  681  0.05212865      0.25734773D-03
  682  0.05276653      0.32306330D-03
  683  0.05341223      0.39680926D-03
  684  0.05406582      0.47871001D-03
  685  0.05472741      0.56887434D-03
  686  0.05539710      0.66739436D-03
  687  0.05607498      0.77434444D-03
  688  0.05676116      0.88978024D-03
  689  0.05745573      0.10137376D-02
  690  0.05815881      0.11462316D-02
  691  0.05887048      0.12872554D-02
  692  0.05959087      0.14367794D-02
  693  0.06032007      0.15947505D-02
  694  0.06105819      0.17610904D-02
  695  0.06180535      0.19356958D-02
  696  0.06256164      0.21184367D-02
  697  0.06332720      0.23091557D-02
  698  0.06410212      0.25076677D-02
  699  0.06488652      0.27137589D-02
  700  0.06568052      0.29271862D-02
  701  0.06648424      0.31476765D-02
  702  0.06729780      0.33749267D-02
  703  0.06812130      0.36086027D-02
  704  0.06895489      0.38483397D-02
  705  0.06979867      0.40937415D-02
  706  0.07065279      0.43443806D-02
  707  0.07151735      0.45997986D-02
  708  0.07239249      0.48595055D-02
  709  0.07327834      0.51229809D-02
  710  0.07417503      0.53896737D-02
  711  0.07508270      0.56590030D-02
  712  0.07600147      0.59303585D-02
  713  0.07693148      0.62031018D-02
  714  0.07787287      0.64765669D-02
  715  0.07882579      0.67500614D-02
  716  0.07979036      0.70228681D-02
  717  0.08076674      0.72942462D-02
  718  0.08175506      0.75634330D-02
  719  0.08275548      0.78296458D-02
  720  0.08376814      0.80920839D-02
  721  0.08479319      0.83499303D-02
  722  0.08583079      0.86023548D-02
  723  0.08688108      0.88485160D-02
  724  0.08794422      0.90875641D-02
  725  0.08902038      0.93186436D-02
  726  0.09010970      0.95408967D-02
  727  0.09121235      0.97534663D-02
  728  0.09232850      0.99554991D-02
  729  0.09345830      0.10146150D-01
  730  0.09460193      0.10324583D-01
  731  0.09575955      0.10489981D-01
  732  0.09693134      0.10641542D-01
  733  0.09811747      0.10778488D-01
  734  0.09931811      0.10900070D-01
  735  0.10053345      0.11005567D-01
  736  0.10176365      0.11094297D-01
  737  0.10300891      0.11165615D-01
  738  0.10426941      0.11218922D-01
  739  0.10554533      0.11253667D-01
  740  0.10683686      0.11269353D-01
  741  0.10814420      0.11265540D-01
  742  0.10946754      0.11241849D-01
  743  0.11080707      0.11197970D-01
  744  0.11216299      0.11133659D-01
  745  0.11353551      0.11048751D-01
  746  0.11492481      0.10943157D-01
  747  0.11633112      0.10816870D-01
  748  0.11775464      0.10669969D-01
  749  0.11919558      0.10502622D-01
  750  0.12065415      0.10315090D-01
  751  0.12213057      0.10107727D-01
  752  0.12362505      0.98809868D-02
  753  0.12513783      0.96354197D-02
  754  0.12666911      0.93716789D-02
  755  0.12821913      0.90905197D-02
  756  0.12978812      0.87928005D-02
  757  0.13137631      0.84794835D-02
  758  0.13298393      0.81516344D-02
  759  0.13461123      0.78104223D-02
  760  0.13625843      0.74571177D-02
  761  0.13792580      0.70930918D-02
  762  0.13961357      0.67198132D-02
  763  0.14132199      0.63388461D-02
  764  0.14305131      0.59518457D-02
  765  0.14480180      0.55605552D-02
  766  0.14657371      0.51668000D-02
  767  0.14836730      0.47724829D-02
  768  0.15018284      0.43795782D-02
  769  0.15202059      0.39901243D-02
  770  0.15388083      0.36062171D-02
  771  0.15576384      0.32300016D-02
  772  0.15766989      0.28636635D-02
  773  0.15959926      0.25094201D-02
  774  0.16155224      0.21695102D-02
  775  0.16352912      0.18461840D-02
  776  0.16553019      0.15416926D-02
  777  0.16755574      0.12582762D-02
  778  0.16960608      0.99815249D-03
  779  0.17168152      0.76350471D-03
  780  0.17378235      0.55646903D-03
  781  0.17590888      0.37912186D-03
  782  0.17806144      0.23346686D-03
  783  0.18024034      0.12142182D-03
  784  0.18244590      0.44805460D-04
  785  0.18467845      0.53242356D-05
  786  0.18693832      0.45591712D-05
  787  0.18922584      0.43952879D-04
  788  0.19154136      0.12479680D-03
  789  0.19388521      0.24821876D-03
  790  0.19625774      0.41517097D-03
  791  0.19865930      0.62641849D-03
  792  0.20109025      0.88252829D-03
  793  0.20355095      0.11838591D-02
  794  0.20604175      0.15305517D-02
  795  0.20856304      0.19225208D-02
  796  0.21111518      0.23594470D-02
  797  0.21369855      0.28407703D-02
  798  0.21631353      0.33656850D-02
  799  0.21896051      0.39331349D-02
  800  0.22163989      0.45418112D-02
  801  0.22435204      0.51901502D-02
  802  0.22709739      0.58763335D-02
  803  0.22987633      0.65982898D-02
  804  0.23268928      0.73536972D-02
  805  0.23553664      0.81399881D-02
  806  0.23841885      0.89543558D-02
  807  0.24133633      0.97937615D-02
  808  0.24428951      0.10654945D-01
  809  0.24727883      0.11534434D-01
  810  0.25030473      0.12428560D-01
  811  0.25336765      0.13333469D-01
  812  0.25646805      0.14245144D-01
  813  0.25960640      0.15159414D-01
  814  0.26278314      0.16071981D-01
  815  0.26599876      0.16978438D-01
  816  0.26925373      0.17874290D-01
  817  0.27254853      0.18754980D-01
  818  0.27588364      0.19615911D-01
  819  0.27925957      0.20452477D-01
  820  0.28267681      0.21260081D-01
  821  0.28613586      0.22034173D-01
  822  0.28963724      0.22770269D-01
  823  0.29318147      0.23463986D-01
  824  0.29676907      0.24111068D-01
  825  0.30040056      0.24707416D-01
  826  0.30407650      0.25249119D-01
  827  0.30779742      0.25732477D-01
  828  0.31156387      0.26154038D-01
  829  0.31537640      0.26510618D-01
  830  0.31923560      0.26799335D-01
  831  0.32314201      0.27017628D-01
  832  0.32709623      0.27163287D-01
  833  0.33109883      0.27234476D-01
  834  0.33515042      0.27229751D-01
  835  0.33925158      0.27148082D-01
  836  0.34340292      0.26988874D-01
  837  0.34760507      0.26751978D-01
  838  0.35185864      0.26437705D-01
  839  0.35616425      0.26046843D-01
  840  0.36052256      0.25580655D-01
  841  0.36493419      0.25040895D-01
  842  0.36939981      0.24429802D-01
  843  0.37392007      0.23750109D-01
  844  0.37849565      0.23005029D-01
  845  0.38312722      0.22198259D-01
  846  0.38781546      0.21333964D-01
  847  0.39256107      0.20416768D-01
  848  0.39736476      0.19451735D-01
  849  0.40222722      0.18444356D-01
  850  0.40714919      0.17400519D-01
  851  0.41213138      0.16326494D-01
  852  0.41717454      0.15228897D-01
  853  0.42227941      0.14114665D-01
  854  0.42744675      0.12991020D-01
  855  0.43267733      0.11865434D-01
  856  0.43797190      0.10745593D-01
  857  0.44333127      0.96393534D-02
  858  0.44875622      0.85547041D-02
  859  0.45424755      0.74997195D-02
  860  0.45980607      0.64825156D-02
  861  0.46543262      0.55112035D-02
  862  0.47112801      0.45938419D-02
  863  0.47689310      0.37383890D-02
  864  0.48272874      0.29526543D-02
  865  0.48863578      0.22442498D-02
  866  0.49461511      0.16205421D-02
  867  0.50066761      0.10886044D-02
  868  0.50679417      0.65517008D-03
  869  0.51299569      0.32658706D-03
  870  0.51927311      0.10877368D-03
  871  0.52562734      0.71767328D-05
  872  0.53205933      0.26731449D-04
  873  0.53857002      0.17182407D-03
  874  0.54516038      0.44625716D-03
  875  0.55183139      0.85321798D-03
  876  0.55858403      0.13952502D-02
  877  0.56541930      0.20742291D-02
  878  0.57233821      0.28913406D-02
  879  0.57934178      0.38470646D-02
  880  0.58643106      0.49411615D-02
  881  0.59360709      0.61726644D-02
  882  0.60087093      0.75398744D-02
  883  0.60822365      0.90403611D-02
  884  0.61566635      0.10670968D-01
  885  0.62320012      0.12427820D-01
  886  0.63082608      0.14306341D-01
  887  0.63854536      0.16301269D-01
  888  0.64635910      0.18406678D-01
  889  0.65426846      0.20616009D-01
  890  0.66227459      0.22922098D-01
  891  0.67037870      0.25317212D-01
  892  0.67858198      0.27793088D-01
  893  0.68688564      0.30340971D-01
  894  0.69529090      0.32951668D-01
  895  0.70379902      0.35615585D-01
  896  0.71241126      0.38322787D-01
  897  0.72112888      0.41063046D-01
  898  0.72995317      0.43825896D-01
  899  0.73888545      0.46600691D-01
  900  0.74792703      0.49376663D-01
  901  0.75707924      0.52142978D-01
  902  0.76634345      0.54888797D-01
  903  0.77572103      0.57603334D-01
  904  0.78521336      0.60275914D-01
  905  0.79482184      0.62896035D-01
  906  0.80454790      0.65453418D-01
  907  0.81439297      0.67938072D-01
  908  0.82435852      0.70340337D-01
  909  0.83444601      0.72650946D-01
  910  0.84465694      0.74861068D-01
  911  0.85499282      0.76962354D-01
  912  0.86545518      0.78946983D-01
  913  0.87604557      0.80807703D-01
  914  0.88676554      0.82537860D-01
  915  0.89761670      0.84131438D-01
  916  0.90860063      0.85583080D-01
  917  0.91971898      0.86888118D-01
  918  0.93097338      0.88042584D-01
  919  0.94236549      0.89043229D-01
  920  0.95389701      0.89887534D-01
  921  0.96556964      0.90573707D-01
  922  0.97738510      0.91100690D-01
  923  0.98934515      0.91468153D-01
  924  1.00145154      0.91676479D-01
  925  1.01370608      0.91726756D-01
  926  1.02611058      0.91620756D-01
  927  1.03866687      0.91360913D-01
  928  1.05137681      0.90950296D-01
  929  1.06424227      0.90392579D-01
  930  1.07726517      0.89692008D-01
  931  1.09044743      0.88853367D-01
  932  1.10379099      0.87881934D-01
  933  1.11729784      0.86783445D-01
  934  1.13096996      0.85564047D-01
  935  1.14480939      0.84230257D-01
  936  1.15881817      0.82788913D-01
  937  1.17299837      0.81247128D-01
  938  1.18735210      0.79612246D-01
  939  1.20188146      0.77891789D-01
  940  1.21658862      0.76093417D-01
  941  1.23147575      0.74224878D-01
  942  1.24654504      0.72293963D-01
  943  1.26179874      0.70308465D-01
  944  1.27723909      0.68276133D-01
  945  1.29286838      0.66204633D-01
  946  1.30868893      0.64101513D-01
  947  1.32470306      0.61974162D-01
  948  1.34091316      0.59829779D-01
  949  1.35732162      0.57675343D-01
  950  1.37393087      0.55517581D-01
  951  1.39074335      0.53362948D-01
  952  1.40776157      0.51217601D-01
  953  1.42498804      0.49087378D-01
  954  1.44242530      0.46977786D-01
  955  1.46007594      0.44893984D-01
  956  1.47794257      0.42840772D-01
  957  1.49602783      0.40822586D-01
  958  1.51433439      0.38843489D-01
  959  1.53286496      0.36907171D-01
  960  1.55162229      0.35016949D-01
  961  1.57060915      0.33175766D-01
  962  1.58982835      0.31386202D-01
  963  1.60928273      0.29650473D-01
  964  1.62897517      0.27970447D-01
  965  1.64890858      0.26347649D-01
  966  1.66908591      0.24783276D-01
  967  1.68951014      0.23278209D-01
  968  1.71018430      0.21833028D-01
  969  1.73111145      0.20448029D-01
  970  1.75229468      0.19123239D-01
  971  1.77373712      0.17858434D-01
  972  1.79544195      0.16653155D-01
  973  1.81741238      0.15506730D-01
  974  1.83965165      0.14418288D-01
  975  1.86216306      0.13386781D-01
  976  1.88494994      0.12411000D-01
  977  1.90801565      0.11489592D-01
  978  1.93136362      0.10621081D-01
  979  1.95499729      0.98038850D-02
  980  1.97892016      0.90363278D-02
  981  2.00313577      0.83166604D-02
  982  2.02764770      0.76430736D-02
  983  2.05245958      0.70137135D-02
  984  2.07757507      0.64266944D-02
  985  2.10299790      0.58801121D-02
  986  2.12873182      0.53720556D-02
  987  2.15478064      0.49006178D-02
  988  2.18114821      0.44639060D-02
  989  2.20783844      0.40600502D-02
  990  2.23485527      0.36872121D-02
  991  2.26220270      0.33435914D-02
  992  2.28988478      0.30274326D-02
  993  2.31790559      0.27370306D-02
  994  2.34626929      0.24707346D-02
  995  2.37498007      0.22269525D-02
  996  2.40404217      0.20041538D-02
  997  2.43345991      0.18008718D-02
  998  2.46323762      0.16157054D-02
  999  2.49337971      0.14473204D-02
 1000  2.52389065      0.12944494D-02
 1001  2.55477494      0.11558926D-02
 1002  2.58603716      0.10305169D-02
 1003  2.61768192      0.91728880D-03
 1004  2.64971392      0.81521424D-03
 1005  2.68213788      0.72336544D-03
 1006  2.71495861      0.64086649D-03
 1007  2.74818096      0.56689658D-03
 1008  2.78180984      0.50068942D-03
 1009  2.81585023      0.44153215D-03
 1010  2.85030717      0.38876376D-03
 1011  2.88518575      0.34177324D-03
 1012  2.92049113      0.29999754D-03
 1013  2.95622854      0.26291918D-03
 1014  2.99240325      0.23006365D-03
 1015  3.02902063      0.20099605D-03
 1016  3.06608608      0.17532028D-03
 1017  3.10360510      0.15267594D-03
 1018  3.14158323      0.13273628D-03
 1019  3.18002609      0.11520588D-03
 1020  3.21893937      0.99818926D-04
 1021  3.25832882      0.86335988D-04
 1022  3.29820027      0.74541896D-04
 1023  3.33855961      0.64243390D-04
 1024  3.37941283      0.55267059D-04
 1025  3.42076596      0.47457460D-04
 1026  3.46262512      0.40675515D-04
 1027  3.50499649      0.34797030D-04
 1028  3.54788636      0.29711311D-04
 1029  3.59130106      0.25319892D-04
 1030  3.63524702      0.21535352D-04
 1031  3.67973074      0.18280238D-04
 1032  3.72475879      0.15486060D-04
