 ir        r              f(r)*r^2
    1  0.00001334      0.40824567D-05
    2  0.00001351      0.41829229D-05
    3  0.00001367      0.42858608D-05
    4  0.00001384      0.43913311D-05
    5  0.00001401      0.44993961D-05
    6  0.00001418      0.46101197D-05
    7  0.00001435      0.47235672D-05
    8  0.00001453      0.48398056D-05
    9  0.00001471      0.49589035D-05
   10  0.00001489      0.50809313D-05
   11  0.00001507      0.52059609D-05
   12  0.00001525      0.53340662D-05
   13  0.00001544      0.54653228D-05
   14  0.00001563      0.55998082D-05
   15  0.00001582      0.57376018D-05
   16  0.00001601      0.58787849D-05
   17  0.00001621      0.60234408D-05
   18  0.00001641      0.61716549D-05
   19  0.00001661      0.63235148D-05
   20  0.00001681      0.64791099D-05
   21  0.00001702      0.66385323D-05
   22  0.00001723      0.68018759D-05
   23  0.00001744      0.69692371D-05
   24  0.00001765      0.71407147D-05
   25  0.00001787      0.73164099D-05
   26  0.00001808      0.74964264D-05
   27  0.00001831      0.76808703D-05
   28  0.00001853      0.78698506D-05
   29  0.00001876      0.80634787D-05
   30  0.00001899      0.82618688D-05
   31  0.00001922      0.84651381D-05
   32  0.00001945      0.86734063D-05
   33  0.00001969      0.88867965D-05
   34  0.00001993      0.91054344D-05
   35  0.00002018      0.93294491D-05
   36  0.00002042      0.95589727D-05
   37  0.00002067      0.97941405D-05
   38  0.00002093      0.10035091D-04
   39  0.00002118      0.10281967D-04
   40  0.00002144      0.10534914D-04
   41  0.00002170      0.10794080D-04
   42  0.00002197      0.11059619D-04
   43  0.00002224      0.11331688D-04
   44  0.00002251      0.11610446D-04
   45  0.00002279      0.11896058D-04
   46  0.00002306      0.12188693D-04
   47  0.00002335      0.12488522D-04
   48  0.00002363      0.12795724D-04
   49  0.00002392      0.13110478D-04
   50  0.00002421      0.13432971D-04
   51  0.00002451      0.13763393D-04
   52  0.00002481      0.14101938D-04
   53  0.00002511      0.14448805D-04
   54  0.00002542      0.14804200D-04
   55  0.00002573      0.15168332D-04
   56  0.00002605      0.15541415D-04
   57  0.00002637      0.15923670D-04
   58  0.00002669      0.16315321D-04
   59  0.00002701      0.16716600D-04
   60  0.00002735      0.17127742D-04
   61  0.00002768      0.17548990D-04
   62  0.00002802      0.17980592D-04
   63  0.00002836      0.18422803D-04
   64  0.00002871      0.18875883D-04
   65  0.00002906      0.19340099D-04
   66  0.00002942      0.19815724D-04
   67  0.00002978      0.20303038D-04
   68  0.00003014      0.20802329D-04
   69  0.00003051      0.21313891D-04
   70  0.00003088      0.21838025D-04
   71  0.00003126      0.22375038D-04
   72  0.00003164      0.22925249D-04
   73  0.00003203      0.23488980D-04
   74  0.00003242      0.24066564D-04
   75  0.00003282      0.24658340D-04
   76  0.00003322      0.25264658D-04
   77  0.00003363      0.25885873D-04
   78  0.00003404      0.26522352D-04
   79  0.00003445      0.27174469D-04
   80  0.00003488      0.27842608D-04
   81  0.00003530      0.28527162D-04
   82  0.00003573      0.29228534D-04
   83  0.00003617      0.29947137D-04
   84  0.00003661      0.30683393D-04
   85  0.00003706      0.31437736D-04
   86  0.00003752      0.32210610D-04
   87  0.00003798      0.33002469D-04
   88  0.00003844      0.33813778D-04
   89  0.00003891      0.34645016D-04
   90  0.00003939      0.35496671D-04
   91  0.00003987      0.36369244D-04
   92  0.00004036      0.37263247D-04
   93  0.00004085      0.38179207D-04
   94  0.00004135      0.39117663D-04
   95  0.00004186      0.40079165D-04
   96  0.00004237      0.41064280D-04
   97  0.00004289      0.42073585D-04
   98  0.00004341      0.43107675D-04
   99  0.00004394      0.44167157D-04
  100  0.00004448      0.45252654D-04
  101  0.00004502      0.46364804D-04
  102  0.00004558      0.47504260D-04
  103  0.00004613      0.48671691D-04
  104  0.00004670      0.49867784D-04
  105  0.00004727      0.51093241D-04
  106  0.00004785      0.52348781D-04
  107  0.00004843      0.53635143D-04
  108  0.00004903      0.54953081D-04
  109  0.00004963      0.56303370D-04
  110  0.00005023      0.57686802D-04
  111  0.00005085      0.59104189D-04
  112  0.00005147      0.60556364D-04
  113  0.00005210      0.62044179D-04
  114  0.00005274      0.63568507D-04
  115  0.00005338      0.65130242D-04
  116  0.00005404      0.66730302D-04
  117  0.00005470      0.68369625D-04
  118  0.00005537      0.70049172D-04
  119  0.00005604      0.71769929D-04
  120  0.00005673      0.73532905D-04
  121  0.00005742      0.75339134D-04
  122  0.00005813      0.77189676D-04
  123  0.00005884      0.79085615D-04
  124  0.00005956      0.81028063D-04
  125  0.00006029      0.83018159D-04
  126  0.00006102      0.85057068D-04
  127  0.00006177      0.87145987D-04
  128  0.00006253      0.89286140D-04
  129  0.00006329      0.91478779D-04
  130  0.00006407      0.93725191D-04
  131  0.00006485      0.96026690D-04
  132  0.00006564      0.98384626D-04
  133  0.00006645      0.10080038D-03
  134  0.00006726      0.10327536D-03
  135  0.00006808      0.10581103D-03
  136  0.00006892      0.10840886D-03
  137  0.00006976      0.11107037D-03
  138  0.00007061      0.11379713D-03
  139  0.00007148      0.11659073D-03
  140  0.00007235      0.11945280D-03
  141  0.00007324      0.12238502D-03
  142  0.00007413      0.12538910D-03
  143  0.00007504      0.12846680D-03
  144  0.00007596      0.13161993D-03
  145  0.00007689      0.13485032D-03
  146  0.00007783      0.13815986D-03
  147  0.00007878      0.14155048D-03
  148  0.00007975      0.14502418D-03
  149  0.00008072      0.14858297D-03
  150  0.00008171      0.15222894D-03
  151  0.00008271      0.15596422D-03
  152  0.00008372      0.15979099D-03
  153  0.00008475      0.16371148D-03
  154  0.00008578      0.16772799D-03
  155  0.00008683      0.17184285D-03
  156  0.00008790      0.17605847D-03
  157  0.00008897      0.18037732D-03
  158  0.00009006      0.18480190D-03
  159  0.00009116      0.18933481D-03
  160  0.00009228      0.19397868D-03
  161  0.00009341      0.19873622D-03
  162  0.00009455      0.20361021D-03
  163  0.00009571      0.20860349D-03
  164  0.00009688      0.21371897D-03
  165  0.00009806      0.21895963D-03
  166  0.00009926      0.22432853D-03
  167  0.00010048      0.22982879D-03
  168  0.00010171      0.23546361D-03
  169  0.00010295      0.24123628D-03
  170  0.00010421      0.24715016D-03
  171  0.00010549      0.25320868D-03
  172  0.00010678      0.25941539D-03
  173  0.00010808      0.26577388D-03
  174  0.00010941      0.27228786D-03
  175  0.00011075      0.27896111D-03
  176  0.00011210      0.28579752D-03
  177  0.00011347      0.29280105D-03
  178  0.00011486      0.29997579D-03
  179  0.00011627      0.30732590D-03
  180  0.00011769      0.31485565D-03
  181  0.00011913      0.32256941D-03
  182  0.00012059      0.33047166D-03
  183  0.00012206      0.33856700D-03
  184  0.00012356      0.34686011D-03
  185  0.00012507      0.35535582D-03
  186  0.00012660      0.36405905D-03
  187  0.00012815      0.37297484D-03
  188  0.00012972      0.38210838D-03
  189  0.00013130      0.39146495D-03
  190  0.00013291      0.40104998D-03
  191  0.00013454      0.41086902D-03
  192  0.00013618      0.42092775D-03
  193  0.00013785      0.43123202D-03
  194  0.00013954      0.44178777D-03
  195  0.00014124      0.45260112D-03
  196  0.00014297      0.46367833D-03
  197  0.00014472      0.47502581D-03
  198  0.00014649      0.48665012D-03
  199  0.00014829      0.49855797D-03
  200  0.00015010      0.51075626D-03
  201  0.00015194      0.52325203D-03
  202  0.00015380      0.53605250D-03
  203  0.00015568      0.54916506D-03
  204  0.00015758      0.56259728D-03
  205  0.00015951      0.57635692D-03
  206  0.00016146      0.59045192D-03
  207  0.00016344      0.60489039D-03
  208  0.00016544      0.61968068D-03
  209  0.00016746      0.63483130D-03
  210  0.00016951      0.65035099D-03
  211  0.00017159      0.66624868D-03
  212  0.00017369      0.68253354D-03
  213  0.00017581      0.69921493D-03
  214  0.00017796      0.71630245D-03
  215  0.00018014      0.73380594D-03
  216  0.00018235      0.75173546D-03
  217  0.00018458      0.77010132D-03
  218  0.00018683      0.78891407D-03
  219  0.00018912      0.80818452D-03
  220  0.00019144      0.82792373D-03
  221  0.00019378      0.84814304D-03
  222  0.00019615      0.86885405D-03
  223  0.00019855      0.89006864D-03
  224  0.00020098      0.91179897D-03
  225  0.00020344      0.93405749D-03
  226  0.00020593      0.95685697D-03
  227  0.00020845      0.98021045D-03
  228  0.00021100      0.10041313D-02
  229  0.00021358      0.10286332D-02
  230  0.00021619      0.10537302D-02
  231  0.00021884      0.10794366D-02
  232  0.00022152      0.11057672D-02
  233  0.00022423      0.11327369D-02
  234  0.00022697      0.11603611D-02
  235  0.00022975      0.11886557D-02
  236  0.00023256      0.12176368D-02
  237  0.00023541      0.12473208D-02
  238  0.00023829      0.12777248D-02
  239  0.00024120      0.13088660D-02
  240  0.00024415      0.13407621D-02
  241  0.00024714      0.13734314D-02
  242  0.00025017      0.14068924D-02
  243  0.00025323      0.14411641D-02
  244  0.00025633      0.14762660D-02
  245  0.00025946      0.15122181D-02
  246  0.00026264      0.15490408D-02
  247  0.00026585      0.15867549D-02
  248  0.00026910      0.16253818D-02
  249  0.00027240      0.16649435D-02
  250  0.00027573      0.17054623D-02
  251  0.00027911      0.17469613D-02
  252  0.00028252      0.17894638D-02
  253  0.00028598      0.18329940D-02
  254  0.00028948      0.18775764D-02
  255  0.00029302      0.19232362D-02
  256  0.00029660      0.19699992D-02
  257  0.00030023      0.20178918D-02
  258  0.00030391      0.20669411D-02
  259  0.00030763      0.21171745D-02
  260  0.00031139      0.21686206D-02
  261  0.00031520      0.22213081D-02
  262  0.00031906      0.22752668D-02
  263  0.00032296      0.23305270D-02
  264  0.00032692      0.23871197D-02
  265  0.00033092      0.24450768D-02
  266  0.00033497      0.25044307D-02
  267  0.00033906      0.25652148D-02
  268  0.00034321      0.26274630D-02
  269  0.00034741      0.26912103D-02
  270  0.00035166      0.27564923D-02
  271  0.00035597      0.28233456D-02
  272  0.00036032      0.28918075D-02
  273  0.00036473      0.29619162D-02
  274  0.00036920      0.30337109D-02
  275  0.00037371      0.31072316D-02
  276  0.00037829      0.31825192D-02
  277  0.00038292      0.32596158D-02
  278  0.00038760      0.33385641D-02
  279  0.00039234      0.34194081D-02
  280  0.00039715      0.35021926D-02
  281  0.00040200      0.35869637D-02
  282  0.00040692      0.36737684D-02
  283  0.00041190      0.37626547D-02
  284  0.00041694      0.38536719D-02
  285  0.00042205      0.39468703D-02
  286  0.00042721      0.40423014D-02
  287  0.00043244      0.41400181D-02
  288  0.00043773      0.42400740D-02
  289  0.00044309      0.43425245D-02
  290  0.00044851      0.44474260D-02
  291  0.00045400      0.45548362D-02
  292  0.00045955      0.46648142D-02
  293  0.00046518      0.47774203D-02
  294  0.00047087      0.48927165D-02
  295  0.00047663      0.50107658D-02
  296  0.00048246      0.51316329D-02
  297  0.00048837      0.52553841D-02
  298  0.00049434      0.53820869D-02
  299  0.00050039      0.55118106D-02
  300  0.00050651      0.56446259D-02
  301  0.00051271      0.57806052D-02
  302  0.00051899      0.59198225D-02
  303  0.00052534      0.60623536D-02
  304  0.00053177      0.62082759D-02
  305  0.00053827      0.63576686D-02
  306  0.00054486      0.65106126D-02
  307  0.00055153      0.66671909D-02
  308  0.00055828      0.68274880D-02
  309  0.00056511      0.69915906D-02
  310  0.00057202      0.71595872D-02
  311  0.00057902      0.73315685D-02
  312  0.00058611      0.75076269D-02
  313  0.00059328      0.76878572D-02
  314  0.00060054      0.78723561D-02
  315  0.00060789      0.80612226D-02
  316  0.00061533      0.82545579D-02
  317  0.00062286      0.84524654D-02
  318  0.00063048      0.86550509D-02
  319  0.00063819      0.88624225D-02
  320  0.00064600      0.90746907D-02
  321  0.00065391      0.92919685D-02
  322  0.00066191      0.95143713D-02
  323  0.00067001      0.97420172D-02
  324  0.00067821      0.99750269D-02
  325  0.00068651      0.10213524D-01
  326  0.00069491      0.10457634D-01
  327  0.00070341      0.10707485D-01
  328  0.00071202      0.10963211D-01
  329  0.00072073      0.11224945D-01
  330  0.00072955      0.11492824D-01
  331  0.00073848      0.11766990D-01
  332  0.00074751      0.12047585D-01
  333  0.00075666      0.12334757D-01
  334  0.00076592      0.12628655D-01
  335  0.00077529      0.12929433D-01
  336  0.00078478      0.13237248D-01
  337  0.00079438      0.13552258D-01
  338  0.00080410      0.13874628D-01
  339  0.00081394      0.14204524D-01
  340  0.00082390      0.14542118D-01
  341  0.00083398      0.14887582D-01
  342  0.00084419      0.15241095D-01
  343  0.00085452      0.15602839D-01
  344  0.00086498      0.15973000D-01
  345  0.00087556      0.16351766D-01
  346  0.00088628      0.16739332D-01
  347  0.00089712      0.17135896D-01
  348  0.00090810      0.17541658D-01
  349  0.00091921      0.17956827D-01
  350  0.00093046      0.18381611D-01
  351  0.00094184      0.18816227D-01
  352  0.00095337      0.19260894D-01
  353  0.00096504      0.19715835D-01
  354  0.00097684      0.20181280D-01
  355  0.00098880      0.20657463D-01
  356  0.00100090      0.21144622D-01
  357  0.00101315      0.21643000D-01
  358  0.00102554      0.22152846D-01
  359  0.00103809      0.22674414D-01
  360  0.00105080      0.23207963D-01
  361  0.00106365      0.23753756D-01
  362  0.00107667      0.24312065D-01
  363  0.00108984      0.24883162D-01
  364  0.00110318      0.25467331D-01
  365  0.00111668      0.26064856D-01
  366  0.00113034      0.26676031D-01
  367  0.00114418      0.27301154D-01
  368  0.00115818      0.27940529D-01
  369  0.00117235      0.28594466D-01
  370  0.00118670      0.29263283D-01
  371  0.00120122      0.29947301D-01
  372  0.00121592      0.30646851D-01
  373  0.00123079      0.31362269D-01
  374  0.00124586      0.32093896D-01
  375  0.00126110      0.32842084D-01
  376  0.00127653      0.33607187D-01
  377  0.00129215      0.34389569D-01
  378  0.00130797      0.35189600D-01
  379  0.00132397      0.36007659D-01
  380  0.00134017      0.36844129D-01
  381  0.00135657      0.37699404D-01
  382  0.00137317      0.38573882D-01
  383  0.00138997      0.39467972D-01
  384  0.00140698      0.40382089D-01
  385  0.00142420      0.41316656D-01
  386  0.00144163      0.42272104D-01
  387  0.00145927      0.43248873D-01
  388  0.00147713      0.44247411D-01
  389  0.00149520      0.45268172D-01
  390  0.00151350      0.46311622D-01
  391  0.00153202      0.47378234D-01
  392  0.00155076      0.48468489D-01
  393  0.00156974      0.49582878D-01
  394  0.00158895      0.50721901D-01
  395  0.00160839      0.51886066D-01
  396  0.00162807      0.53075891D-01
  397  0.00164800      0.54291903D-01
  398  0.00166816      0.55534639D-01
  399  0.00168858      0.56804644D-01
  400  0.00170924      0.58102475D-01
  401  0.00173015      0.59428697D-01
  402  0.00175133      0.60783885D-01
  403  0.00177276      0.62168625D-01
  404  0.00179445      0.63583512D-01
  405  0.00181641      0.65029152D-01
  406  0.00183863      0.66506160D-01
  407  0.00186113      0.68015163D-01
  408  0.00188391      0.69556799D-01
  409  0.00190696      0.71131713D-01
  410  0.00193030      0.72740566D-01
  411  0.00195392      0.74384025D-01
  412  0.00197783      0.76062771D-01
  413  0.00200203      0.77777495D-01
  414  0.00202653      0.79528898D-01
  415  0.00205132      0.81317694D-01
  416  0.00207643      0.83144608D-01
  417  0.00210183      0.85010376D-01
  418  0.00212755      0.86915744D-01
  419  0.00215359      0.88861472D-01
  420  0.00217994      0.90848329D-01
  421  0.00220662      0.92877098D-01
  422  0.00223362      0.94948572D-01
  423  0.00226095      0.97063556D-01
  424  0.00228862      0.99222869D-01
  425  0.00231662      0.10142734D+00
  426  0.00234497      0.10367780D+00
  427  0.00237367      0.10597512D+00
  428  0.00240271      0.10832015D+00
  429  0.00243211      0.11071377D+00
  430  0.00246188      0.11315686D+00
  431  0.00249200      0.11565034D+00
  432  0.00252249      0.11819511D+00
  433  0.00255336      0.12079209D+00
  434  0.00258461      0.12344222D+00
  435  0.00261623      0.12614645D+00
  436  0.00264825      0.12890574D+00
  437  0.00268065      0.13172106D+00
  438  0.00271346      0.13459339D+00
  439  0.00274666      0.13752372D+00
  440  0.00278027      0.14051306D+00
  441  0.00281429      0.14356243D+00
  442  0.00284873      0.14667286D+00
  443  0.00288359      0.14984538D+00
  444  0.00291888      0.15308105D+00
  445  0.00295459      0.15638093D+00
  446  0.00299075      0.15974608D+00
  447  0.00302735      0.16317760D+00
  448  0.00306439      0.16667657D+00
  449  0.00310189      0.17024410D+00
  450  0.00313985      0.17388130D+00
  451  0.00317827      0.17758929D+00
  452  0.00321716      0.18136920D+00
  453  0.00325653      0.18522218D+00
  454  0.00329638      0.18914938D+00
  455  0.00333671      0.19315194D+00
  456  0.00337754      0.19723104D+00
  457  0.00341887      0.20138786D+00
  458  0.00346071      0.20562356D+00
  459  0.00350306      0.20993935D+00
  460  0.00354592      0.21433641D+00
  461  0.00358932      0.21881594D+00
  462  0.00363324      0.22337915D+00
  463  0.00367770      0.22802726D+00
  464  0.00372270      0.23276147D+00
  465  0.00376825      0.23758301D+00
  466  0.00381436      0.24249310D+00
  467  0.00386104      0.24749296D+00
  468  0.00390829      0.25258382D+00
  469  0.00395611      0.25776692D+00
  470  0.00400452      0.26304347D+00
  471  0.00405352      0.26841472D+00
  472  0.00410313      0.27388189D+00
  473  0.00415333      0.27944621D+00
  474  0.00420416      0.28510889D+00
  475  0.00425560      0.29087118D+00
  476  0.00430768      0.29673428D+00
  477  0.00436039      0.30269940D+00
  478  0.00441375      0.30876776D+00
  479  0.00446776      0.31494055D+00
  480  0.00452243      0.32121897D+00
  481  0.00457777      0.32760419D+00
  482  0.00463379      0.33409739D+00
  483  0.00469049      0.34069974D+00
  484  0.00474788      0.34741237D+00
  485  0.00480598      0.35423643D+00
  486  0.00486479      0.36117303D+00
  487  0.00492432      0.36822328D+00
  488  0.00498458      0.37538826D+00
  489  0.00504558      0.38266903D+00
  490  0.00510732      0.39006665D+00
  491  0.00516981      0.39758213D+00
  492  0.00523308      0.40521647D+00
  493  0.00529711      0.41297065D+00
  494  0.00536193      0.42084562D+00
  495  0.00542754      0.42884228D+00
  496  0.00549396      0.43696154D+00
  497  0.00556119      0.44520424D+00
  498  0.00562924      0.45357120D+00
  499  0.00569812      0.46206322D+00
  500  0.00576785      0.47068104D+00
  501  0.00583843      0.47942536D+00
  502  0.00590987      0.48829685D+00
  503  0.00598219      0.49729614D+00
  504  0.00605539      0.50642380D+00
  505  0.00612949      0.51568036D+00
  506  0.00620450      0.52506629D+00
  507  0.00628042      0.53458203D+00
  508  0.00635727      0.54422794D+00
  509  0.00643507      0.55400433D+00
  510  0.00651381      0.56391146D+00
  511  0.00659352      0.57394951D+00
  512  0.00667420      0.58411862D+00
  513  0.00675587      0.59441885D+00
  514  0.00683854      0.60485018D+00
  515  0.00692222      0.61541253D+00
  516  0.00700693      0.62610574D+00
  517  0.00709267      0.63692958D+00
  518  0.00717946      0.64788373D+00
  519  0.00726732      0.65896780D+00
  520  0.00735625      0.67018129D+00
  521  0.00744626      0.68152364D+00
  522  0.00753738      0.69299419D+00
  523  0.00762961      0.70459216D+00
  524  0.00772298      0.71631671D+00
  525  0.00781748      0.72816688D+00
  526  0.00791314      0.74014161D+00
  527  0.00800997      0.75223973D+00
  528  0.00810799      0.76445996D+00
  529  0.00820720      0.77680093D+00
  530  0.00830763      0.78926112D+00
  531  0.00840929      0.80183892D+00
  532  0.00851220      0.81453258D+00
  533  0.00861636      0.82734025D+00
  534  0.00872179      0.84025992D+00
  535  0.00882852      0.85328947D+00
  536  0.00893655      0.86642665D+00
  537  0.00904591      0.87966906D+00
  538  0.00915660      0.89301418D+00
  539  0.00926865      0.90645934D+00
  540  0.00938207      0.92000171D+00
  541  0.00949687      0.93363834D+00
  542  0.00961308      0.94736610D+00
  543  0.00973072      0.96118175D+00
  544  0.00984979      0.97508184D+00
  545  0.00997032      0.98906281D+00
  546  0.01009232      0.10031209D+01
  547  0.01021582      0.10172523D+01
  548  0.01034083      0.10314528D+01
  549  0.01046737      0.10457182D+01
  550  0.01059546      0.10600442D+01
  551  0.01072511      0.10744262D+01
  552  0.01085635      0.10888593D+01
  553  0.01098920      0.11033388D+01
  554  0.01112367      0.11178595D+01
  555  0.01125979      0.11324161D+01
  556  0.01139757      0.11470032D+01
  557  0.01153704      0.11616151D+01
  558  0.01167822      0.11762461D+01
  559  0.01182112      0.11908901D+01
  560  0.01196577      0.12055410D+01
  561  0.01211220      0.12201924D+01
  562  0.01226041      0.12348378D+01
  563  0.01241044      0.12494705D+01
  564  0.01256230      0.12640835D+01
  565  0.01271602      0.12786698D+01
  566  0.01287163      0.12932221D+01
  567  0.01302913      0.13077330D+01
  568  0.01318857      0.13221949D+01
  569  0.01334995      0.13365999D+01
  570  0.01351332      0.13509401D+01
  571  0.01367867      0.13652075D+01
  572  0.01384606      0.13793935D+01
  573  0.01401549      0.13934899D+01
  574  0.01418699      0.14074879D+01
  575  0.01436060      0.14213788D+01
  576  0.01453632      0.14351536D+01
  577  0.01471420      0.14488032D+01
  578  0.01489426      0.14623185D+01
  579  0.01507651      0.14756899D+01
  580  0.01526100      0.14889080D+01
  581  0.01544775      0.15019631D+01
  582  0.01563678      0.15148455D+01
  583  0.01582812      0.15275453D+01
  584  0.01602181      0.15400525D+01
  585  0.01621786      0.15523570D+01
  586  0.01641632      0.15644486D+01
  587  0.01661720      0.15763170D+01
  588  0.01682054      0.15879520D+01
  589  0.01702637      0.15993430D+01
  590  0.01723472      0.16104797D+01
  591  0.01744561      0.16213514D+01
  592  0.01765909      0.16319477D+01
  593  0.01787518      0.16422579D+01
  594  0.01809392      0.16522715D+01
  595  0.01831533      0.16619779D+01
  596  0.01853945      0.16713665D+01
  597  0.01876631      0.16804267D+01
  598  0.01899595      0.16891480D+01
  599  0.01922840      0.16975200D+01
  600  0.01946370      0.17055322D+01
  601  0.01970187      0.17131742D+01
  602  0.01994296      0.17204359D+01
  603  0.02018699      0.17273072D+01
  604  0.02043402      0.17337779D+01
  605  0.02068406      0.17398383D+01
  606  0.02093717      0.17454785D+01
  607  0.02119337      0.17506892D+01
  608  0.02145271      0.17554608D+01
  609  0.02171522      0.17597843D+01
  610  0.02198095      0.17636507D+01
  611  0.02224992      0.17670513D+01
  612  0.02252219      0.17699777D+01
  613  0.02279779      0.17724217D+01
  614  0.02307676      0.17743755D+01
  615  0.02335915      0.17758313D+01
  616  0.02364499      0.17767821D+01
  617  0.02393433      0.17772209D+01
  618  0.02422721      0.17771412D+01
  619  0.02452367      0.17765367D+01
  620  0.02482376      0.17754018D+01
  621  0.02512752      0.17737311D+01
  622  0.02543500      0.17715196D+01
  623  0.02574625      0.17687628D+01
  624  0.02606130      0.17654569D+01
  625  0.02638020      0.17615981D+01
  626  0.02670301      0.17571834D+01
  627  0.02702977      0.17522104D+01
  628  0.02736053      0.17466770D+01
  629  0.02769533      0.17405818D+01
  630  0.02803423      0.17339237D+01
  631  0.02837728      0.17267026D+01
  632  0.02872453      0.17189185D+01
  633  0.02907602      0.17105723D+01
  634  0.02943182      0.17016654D+01
  635  0.02979197      0.16921998D+01
  636  0.03015653      0.16821782D+01
  637  0.03052555      0.16716038D+01
  638  0.03089908      0.16604805D+01
  639  0.03127719      0.16488129D+01
  640  0.03165992      0.16366061D+01
  641  0.03204734      0.16238660D+01
  642  0.03243949      0.16105991D+01
  643  0.03283645      0.15968124D+01
  644  0.03323826      0.15825138D+01
  645  0.03364499      0.15677117D+01
  646  0.03405670      0.15524151D+01
  647  0.03447344      0.15366338D+01
  648  0.03489528      0.15203783D+01
  649  0.03532229      0.15036593D+01
  650  0.03575452      0.14864886D+01
  651  0.03619204      0.14688785D+01
  652  0.03663491      0.14508416D+01
  653  0.03708321      0.14323915D+01
  654  0.03753699      0.14135422D+01
  655  0.03799632      0.13943082D+01
  656  0.03846127      0.13747046D+01
  657  0.03893191      0.13547470D+01
  658  0.03940831      0.13344515D+01
  659  0.03989055      0.13138349D+01
  660  0.04037868      0.12929140D+01
  661  0.04087278      0.12717065D+01
  662  0.04137293      0.12502302D+01
  663  0.04187920      0.12285035D+01
  664  0.04239167      0.12065449D+01
  665  0.04291041      0.11843735D+01
  666  0.04343549      0.11620084D+01
  667  0.04396700      0.11394693D+01
  668  0.04450502      0.11167758D+01
  669  0.04504962      0.10939479D+01
  670  0.04560088      0.10710058D+01
  671  0.04615889      0.10479695D+01
  672  0.04672372      0.10248595D+01
  673  0.04729547      0.10016960D+01
  674  0.04787422      0.97849954D+00
  675  0.04846004      0.95529035D+00
  676  0.04905304      0.93208875D+00
  677  0.04965329      0.90891492D+00
  678  0.05026088      0.88578889D+00
  679  0.05087592      0.86273053D+00
  680  0.05149847      0.83975950D+00
  681  0.05212865      0.81689517D+00
  682  0.05276653      0.79415666D+00
  683  0.05341223      0.77156272D+00
  684  0.05406582      0.74913178D+00
  685  0.05472741      0.72688183D+00
  686  0.05539710      0.70483045D+00
  687  0.05607498      0.68299473D+00
  688  0.05676116      0.66139128D+00
  689  0.05745573      0.64003617D+00
  690  0.05815881      0.61894490D+00
  691  0.05887048      0.59813238D+00
  692  0.05959087      0.57761292D+00
  693  0.06032007      0.55740015D+00
  694  0.06105819      0.53750708D+00
  695  0.06180535      0.51794599D+00
  696  0.06256164      0.49872849D+00
  697  0.06332720      0.47986542D+00
  698  0.06410212      0.46136691D+00
  699  0.06488652      0.44324234D+00
  700  0.06568052      0.42550031D+00
  701  0.06648424      0.40814864D+00
  702  0.06729780      0.39119438D+00
  703  0.06812130      0.37464379D+00
  704  0.06895489      0.35850234D+00
  705  0.06979867      0.34277471D+00
  706  0.07065279      0.32746481D+00
  707  0.07151735      0.31257574D+00
  708  0.07239249      0.29810985D+00
  709  0.07327834      0.28406871D+00
  710  0.07417503      0.27045316D+00
  711  0.07508270      0.25726326D+00
  712  0.07600147      0.24449837D+00
  713  0.07693148      0.23215715D+00
  714  0.07787287      0.22023755D+00
  715  0.07882579      0.20873688D+00
  716  0.07979036      0.19765177D+00
  717  0.08076674      0.18697825D+00
  718  0.08175506      0.17671177D+00
  719  0.08275548      0.16684719D+00
  720  0.08376814      0.15737884D+00
  721  0.08479319      0.14830055D+00
  722  0.08583079      0.13960565D+00
  723  0.08688108      0.13128705D+00
  724  0.08794422      0.12333722D+00
  725  0.08902038      0.11574828D+00
  726  0.09010970      0.10851196D+00
  727  0.09121235      0.10161971D+00
  728  0.09232850      0.95062690D-01
  729  0.09345830      0.88831797D-01
  730  0.09460193      0.82917724D-01
  731  0.09575955      0.77310981D-01
  732  0.09693134      0.72001927D-01
  733  0.09811747      0.66980802D-01
  734  0.09931811      0.62237760D-01
  735  0.10053345      0.57762900D-01
  736  0.10176365      0.53546292D-01
  737  0.10300891      0.49578008D-01
  738  0.10426941      0.45848152D-01
  739  0.10554533      0.42346880D-01
  740  0.10683686      0.39064431D-01
  741  0.10814420      0.35991146D-01
  742  0.10946754      0.33117493D-01
  743  0.11080707      0.30434087D-01
  744  0.11216299      0.27931710D-01
  745  0.11353551      0.25601326D-01
  746  0.11492481      0.23434101D-01
  747  0.11633112      0.21421416D-01
  748  0.11775464      0.19554879D-01
  749  0.11919558      0.17826337D-01
  750  0.12065415      0.16227888D-01
  751  0.12213057      0.14751888D-01
  752  0.12362505      0.13390957D-01
  753  0.12513783      0.12137987D-01
  754  0.12666911      0.10986143D-01
  755  0.12821913      0.99288711D-02
  756  0.12978812      0.89598935D-02
  757  0.13137631      0.80732136D-02
  758  0.13298393      0.72631135D-02
  759  0.13461123      0.65241523D-02
  760  0.13625843      0.58511630D-02
  761  0.13792580      0.52392491D-02
  762  0.13961357      0.46837793D-02
  763  0.14132199      0.41803824D-02
  764  0.14305131      0.37249412D-02
  765  0.14480180      0.33135851D-02
  766  0.14657371      0.29426833D-02
  767  0.14836730      0.26088368D-02
  768  0.15018284      0.23088699D-02
  769  0.15202059      0.20398220D-02
  770  0.15388083      0.17989384D-02
  771  0.15576384      0.15836616D-02
  772  0.15766989      0.13916221D-02
  773  0.15959926      0.12206292D-02
  774  0.16155224      0.10686616D-02
  775  0.16352912      0.93385857D-03
  776  0.16553019      0.81451064D-03
  777  0.16755574      0.70905082D-03
  778  0.16960608      0.61604578D-03
  779  0.17168152      0.53418734D-03
  780  0.17378235      0.46228417D-03
  781  0.17590888      0.39925374D-03
  782  0.17806144      0.34411460D-03
  783  0.18024034      0.29597895D-03
  784  0.18244590      0.25404551D-03
  785  0.18467845      0.21759273D-03
  786  0.18693832      0.18597241D-03
  787  0.18922584      0.15860356D-03
  788  0.19154136      0.13496662D-03
  789  0.19388521      0.11459815D-03
  790  0.19625774      0.97085686D-04
  791  0.19865930      0.82063032D-04
  792  0.20109025      0.69205877D-04
  793  0.20355095      0.58227696D-04
  794  0.20604175      0.48875979D-04
  795  0.20856304      0.40928745D-04
  796  0.21111518      0.34191347D-04
  797  0.21369855      0.28493538D-04
  798  0.21631353      0.23686800D-04
  799  0.21896051      0.19641900D-04
  800  0.22163989      0.16246687D-04
  801  0.22435204      0.13404090D-04
  802  0.22709739      0.11030314D-04
  803  0.22987633      0.90532206D-05
  804  0.23268928      0.74108749D-05
  805  0.23553664      0.60502506D-05
  806  0.23841885      0.49260738D-05
  807  0.24133633      0.39997988D-05
  808  0.24428951      0.32387012D-05
  809  0.24727883      0.26150790D-05
  810  0.25030473      0.21055493D-05
  811  0.25336765      0.16904332D-05
  812  0.25646805      0.13532180D-05
  813  0.25960640      0.10800892D-05
  814  0.26278314      0.85952470D-06
  815  0.26599876      0.68194386D-06
  816  0.26925373      0.53940482D-06
  817  0.27254853      0.42534486D-06
  818  0.27588364      0.33435804D-06
  819  0.27925957      0.26200552D-06
  820  0.28267681      0.20465429D-06
  821  0.28613586      0.15934061D-06
  822  0.28963724      0.12365470D-06
  823  0.29318147      0.95643689D-07
  824  0.29676907      0.73730381D-07
  825  0.30040056      0.56645285D-07
  826  0.30407650      0.43370122D-07
  827  0.30779742      0.33090961D-07
  828  0.31156387      0.25159501D-07
  829  0.31537640      0.19061207D-07
  830  0.31923560      0.14389183D-07
  831  0.32314201      0.10822825D-07
  832  0.32709623      0.81104528D-08
  833  0.33109883      0.60552273D-08
  834  0.33515042      0.45037827D-08
  835  0.33925158      0.33370794D-08
  836  0.34340292      0.24630773D-08
  837  0.34760507      0.18108896D-08
  838  0.35185864      0.13261362D-08
  839  0.35616425      0.96726631D-09
  840  0.36052256      0.70265972D-09
  841  0.36493419      0.50835159D-09
  842  0.36939981      0.36625390D-09
  843  0.37392007      0.26277122D-09
  844  0.37849565      0.18772803D-09
  845  0.38312722      0.13354088D-09
  846  0.38781546      0.94582527D-10
  847  0.39256107      0.66695516D-10
  848  0.39736476      0.46821856D-10
  849  0.40222722      0.32722300D-10
  850  0.40714919      0.22764540D-10
  851  0.41213138      0.15764136D-10
  852  0.41717454      0.10865602D-10
  853  0.42227941      0.74539338D-11
  854  0.42744675      0.50890986D-11
  855  0.43267733      0.34577612D-11
  856  0.43797190      0.23378833D-11
  857  0.44333127      0.15728920D-11
  858  0.44875622      0.10529253D-11
  859  0.45424755      0.70128195D-12
  860  0.45980607      0.46468419D-12
  861  0.46543262      0.30631380D-12
  862  0.47112801      0.20085916D-12
  863  0.47689310      0.13101041D-12
  864  0.48272874      0.84992651D-13
  865  0.48863578      0.54839111D-13
  866  0.49461511      0.35188811D-13
  867  0.50066761      0.22454086D-13
  868  0.50679417      0.14247347D-13
  869  0.51299569      0.89885876D-14
  870  0.51927311      0.56381776D-14
  871  0.52562734      0.35159853D-14
  872  0.53205933      0.21796562D-14
  873  0.53857002      0.13431807D-14
  874  0.54516038      0.82273758D-15
  875  0.55183139      0.50089600D-15
  876  0.55858403      0.30309495D-15
  877  0.56541930      0.18228668D-15
  878  0.57233821      0.10896725D-15
  879  0.57934178      0.64749806D-16
  880  0.58643106      0.38266814D-16
  881  0.59360709      0.22497816D-16
  882  0.60087093      0.13151235D-16
  883  0.60822365      0.77209119D-17
  884  0.61566635      0.44440984D-17
  885  0.62320012      0.25201469D-17
  886  0.63082608      0.14192321D-17
  887  0.63854536      0.79365086D-18
  888  0.64635910      0.44067325D-18
  889  0.65426846      0.00000000D+00
  890  0.66227459      0.00000000D+00
  891  0.67037870      0.00000000D+00
  892  0.67858198      0.00000000D+00
  893  0.68688564      0.00000000D+00
  894  0.69529090      0.00000000D+00
  895  0.70379902      0.00000000D+00
  896  0.71241126      0.00000000D+00
  897  0.72112888      0.00000000D+00
  898  0.72995317      0.00000000D+00
  899  0.73888545      0.00000000D+00
  900  0.74792703      0.00000000D+00
  901  0.75707924      0.00000000D+00
  902  0.76634345      0.00000000D+00
  903  0.77572103      0.00000000D+00
  904  0.78521336      0.00000000D+00
  905  0.79482184      0.00000000D+00
  906  0.80454790      0.00000000D+00
  907  0.81439297      0.00000000D+00
  908  0.82435852      0.00000000D+00
  909  0.83444601      0.00000000D+00
  910  0.84465694      0.00000000D+00
  911  0.85499282      0.00000000D+00
  912  0.86545518      0.00000000D+00
  913  0.87604557      0.00000000D+00
  914  0.88676554      0.00000000D+00
  915  0.89761670      0.00000000D+00
  916  0.90860063      0.00000000D+00
  917  0.91971898      0.00000000D+00
  918  0.93097338      0.00000000D+00
  919  0.94236549      0.00000000D+00
  920  0.95389701      0.00000000D+00
  921  0.96556964      0.00000000D+00
  922  0.97738510      0.00000000D+00
  923  0.98934515      0.00000000D+00
  924  1.00145154      0.00000000D+00
  925  1.01370608      0.00000000D+00
  926  1.02611058      0.00000000D+00
  927  1.03866687      0.00000000D+00
  928  1.05137681      0.00000000D+00
  929  1.06424227      0.00000000D+00
  930  1.07726517      0.00000000D+00
  931  1.09044743      0.00000000D+00
  932  1.10379099      0.00000000D+00
  933  1.11729784      0.00000000D+00
  934  1.13096996      0.00000000D+00
  935  1.14480939      0.00000000D+00
  936  1.15881817      0.00000000D+00
  937  1.17299837      0.00000000D+00
  938  1.18735210      0.00000000D+00
  939  1.20188146      0.00000000D+00
  940  1.21658862      0.00000000D+00
  941  1.23147575      0.00000000D+00
  942  1.24654504      0.00000000D+00
  943  1.26179874      0.00000000D+00
  944  1.27723909      0.00000000D+00
  945  1.29286838      0.00000000D+00
  946  1.30868893      0.00000000D+00
  947  1.32470306      0.00000000D+00
  948  1.34091316      0.00000000D+00
  949  1.35732162      0.00000000D+00
  950  1.37393087      0.00000000D+00
  951  1.39074335      0.00000000D+00
  952  1.40776157      0.00000000D+00
  953  1.42498804      0.00000000D+00
  954  1.44242530      0.00000000D+00
  955  1.46007594      0.00000000D+00
  956  1.47794257      0.00000000D+00
  957  1.49602783      0.00000000D+00
  958  1.51433439      0.00000000D+00
  959  1.53286496      0.00000000D+00
  960  1.55162229      0.00000000D+00
  961  1.57060915      0.00000000D+00
  962  1.58982835      0.00000000D+00
  963  1.60928273      0.00000000D+00
  964  1.62897517      0.00000000D+00
  965  1.64890858      0.00000000D+00
  966  1.66908591      0.00000000D+00
  967  1.68951014      0.00000000D+00
  968  1.71018430      0.00000000D+00
  969  1.73111145      0.00000000D+00
  970  1.75229468      0.00000000D+00
  971  1.77373712      0.00000000D+00
  972  1.79544195      0.00000000D+00
  973  1.81741238      0.00000000D+00
  974  1.83965165      0.00000000D+00
  975  1.86216306      0.00000000D+00
  976  1.88494994      0.00000000D+00
  977  1.90801565      0.00000000D+00
  978  1.93136362      0.00000000D+00
  979  1.95499729      0.00000000D+00
  980  1.97892016      0.00000000D+00
  981  2.00313577      0.00000000D+00
  982  2.02764770      0.00000000D+00
  983  2.05245958      0.00000000D+00
  984  2.07757507      0.00000000D+00
  985  2.10299790      0.00000000D+00
  986  2.12873182      0.00000000D+00
  987  2.15478064      0.00000000D+00
  988  2.18114821      0.00000000D+00
  989  2.20783844      0.00000000D+00
  990  2.23485527      0.00000000D+00
  991  2.26220270      0.00000000D+00
  992  2.28988478      0.00000000D+00
  993  2.31790559      0.00000000D+00
  994  2.34626929      0.00000000D+00
  995  2.37498007      0.00000000D+00
  996  2.40404217      0.00000000D+00
  997  2.43345991      0.00000000D+00
  998  2.46323762      0.00000000D+00
  999  2.49337971      0.00000000D+00
 1000  2.52389065      0.00000000D+00
 1001  2.55477494      0.00000000D+00
 1002  2.58603716      0.00000000D+00
 1003  2.61768192      0.00000000D+00
 1004  2.64971392      0.00000000D+00
 1005  2.68213788      0.00000000D+00
 1006  2.71495861      0.00000000D+00
 1007  2.74818096      0.00000000D+00
 1008  2.78180984      0.00000000D+00
 1009  2.81585023      0.00000000D+00
 1010  2.85030717      0.00000000D+00
 1011  2.88518575      0.00000000D+00
 1012  2.92049113      0.00000000D+00
 1013  2.95622854      0.00000000D+00
 1014  2.99240325      0.00000000D+00
 1015  3.02902063      0.00000000D+00
 1016  3.06608608      0.00000000D+00
 1017  3.10360510      0.00000000D+00
 1018  3.14158323      0.00000000D+00
 1019  3.18002609      0.00000000D+00
 1020  3.21893937      0.00000000D+00
 1021  3.25832882      0.00000000D+00
 1022  3.29820027      0.00000000D+00
