 ir        r              f(r)*r^2
    1  0.00001334      0.94135191D-14
    2  0.00001351      0.98827425D-14
    3  0.00001367      0.10375354D-13
    4  0.00001384      0.10892519D-13
    5  0.00001401      0.11435461D-13
    6  0.00001418      0.12005466D-13
    7  0.00001435      0.12603881D-13
    8  0.00001453      0.13232124D-13
    9  0.00001471      0.13891680D-13
   10  0.00001489      0.14584110D-13
   11  0.00001507      0.15311053D-13
   12  0.00001525      0.16074229D-13
   13  0.00001544      0.16875443D-13
   14  0.00001563      0.17716593D-13
   15  0.00001582      0.18599667D-13
   16  0.00001601      0.19526755D-13
   17  0.00001621      0.20500052D-13
   18  0.00001641      0.21521860D-13
   19  0.00001661      0.22594596D-13
   20  0.00001681      0.23720800D-13
   21  0.00001702      0.24903136D-13
   22  0.00001723      0.26144400D-13
   23  0.00001744      0.27447532D-13
   24  0.00001765      0.28815613D-13
   25  0.00001787      0.30251880D-13
   26  0.00001808      0.31759732D-13
   27  0.00001831      0.33342737D-13
   28  0.00001853      0.35004640D-13
   29  0.00001876      0.36749373D-13
   30  0.00001899      0.38581064D-13
   31  0.00001922      0.40504047D-13
   32  0.00001945      0.42522871D-13
   33  0.00001969      0.44642313D-13
   34  0.00001993      0.46867387D-13
   35  0.00002018      0.49203359D-13
   36  0.00002042      0.51655753D-13
   37  0.00002067      0.54230373D-13
   38  0.00002093      0.56933309D-13
   39  0.00002118      0.59770957D-13
   40  0.00002144      0.62750030D-13
   41  0.00002170      0.65877575D-13
   42  0.00002197      0.69160991D-13
   43  0.00002224      0.72608048D-13
   44  0.00002251      0.76226898D-13
   45  0.00002279      0.80026104D-13
   46  0.00002306      0.84014654D-13
   47  0.00002335      0.88201983D-13
   48  0.00002363      0.92597996D-13
   49  0.00002392      0.97213094D-13
   50  0.00002421      0.10205819D-12
   51  0.00002451      0.10714476D-12
   52  0.00002481      0.11248482D-12
   53  0.00002511      0.11809101D-12
   54  0.00002542      0.12397659D-12
   55  0.00002573      0.13015548D-12
   56  0.00002605      0.13664230D-12
   57  0.00002637      0.14345239D-12
   58  0.00002669      0.15060187D-12
   59  0.00002701      0.15810764D-12
   60  0.00002735      0.16598746D-12
   61  0.00002768      0.17425997D-12
   62  0.00002802      0.18294473D-12
   63  0.00002836      0.19206229D-12
   64  0.00002871      0.20163421D-12
   65  0.00002906      0.21168314D-12
   66  0.00002942      0.22223284D-12
   67  0.00002978      0.23330827D-12
   68  0.00003014      0.24493561D-12
   69  0.00003051      0.25714238D-12
   70  0.00003088      0.26995744D-12
   71  0.00003126      0.28341110D-12
   72  0.00003164      0.29753519D-12
   73  0.00003203      0.31236310D-12
   74  0.00003242      0.32792991D-12
   75  0.00003282      0.34427243D-12
   76  0.00003322      0.36142931D-12
   77  0.00003363      0.37944113D-12
   78  0.00003404      0.39835049D-12
   79  0.00003445      0.41820210D-12
   80  0.00003488      0.43904292D-12
   81  0.00003530      0.46092222D-12
   82  0.00003573      0.48389175D-12
   83  0.00003617      0.50800583D-12
   84  0.00003661      0.53332148D-12
   85  0.00003706      0.55989856D-12
   86  0.00003752      0.58779993D-12
   87  0.00003798      0.61709157D-12
   88  0.00003844      0.64784273D-12
   89  0.00003891      0.68012613D-12
   90  0.00003939      0.71401811D-12
   91  0.00003987      0.74959881D-12
   92  0.00004036      0.78695236D-12
   93  0.00004085      0.82616709D-12
   94  0.00004135      0.86733570D-12
   95  0.00004186      0.91055555D-12
   96  0.00004237      0.95592883D-12
   97  0.00004289      0.10035628D-11
   98  0.00004341      0.10535701D-11
   99  0.00004394      0.11060689D-11
  100  0.00004448      0.11611835D-11
  101  0.00004502      0.12190440D-11
  102  0.00004558      0.12797872D-11
  103  0.00004613      0.13435569D-11
  104  0.00004670      0.14105036D-11
  105  0.00004727      0.14807858D-11
  106  0.00004785      0.15545695D-11
  107  0.00004843      0.16320291D-11
  108  0.00004903      0.17133479D-11
  109  0.00004963      0.17987179D-11
  110  0.00005023      0.18883411D-11
  111  0.00005085      0.19824292D-11
  112  0.00005147      0.20812046D-11
  113  0.00005210      0.21849009D-11
  114  0.00005274      0.22937632D-11
  115  0.00005338      0.24080486D-11
  116  0.00005404      0.25280275D-11
  117  0.00005470      0.26539833D-11
  118  0.00005537      0.27862137D-11
  119  0.00005604      0.29250313D-11
  120  0.00005673      0.30707642D-11
  121  0.00005742      0.32237567D-11
  122  0.00005813      0.33843705D-11
  123  0.00005884      0.35529850D-11
  124  0.00005956      0.37299988D-11
  125  0.00006029      0.39158302D-11
  126  0.00006102      0.41109184D-11
  127  0.00006177      0.43157242D-11
  128  0.00006253      0.45307318D-11
  129  0.00006329      0.47564490D-11
  130  0.00006407      0.49934094D-11
  131  0.00006485      0.52421727D-11
  132  0.00006564      0.55033268D-11
  133  0.00006645      0.57774887D-11
  134  0.00006726      0.60653062D-11
  135  0.00006808      0.63674592D-11
  136  0.00006892      0.66846616D-11
  137  0.00006976      0.70176628D-11
  138  0.00007061      0.73672495D-11
  139  0.00007148      0.77342476D-11
  140  0.00007235      0.81195240D-11
  141  0.00007324      0.85239889D-11
  142  0.00007413      0.89485977D-11
  143  0.00007504      0.93943533D-11
  144  0.00007596      0.98623088D-11
  145  0.00007689      0.10353569D-10
  146  0.00007783      0.10869295D-10
  147  0.00007878      0.11410705D-10
  148  0.00007975      0.11979076D-10
  149  0.00008072      0.12575753D-10
  150  0.00008171      0.13202143D-10
  151  0.00008271      0.13859726D-10
  152  0.00008372      0.14550055D-10
  153  0.00008475      0.15274760D-10
  154  0.00008578      0.16035553D-10
  155  0.00008683      0.16834230D-10
  156  0.00008790      0.17672676D-10
  157  0.00008897      0.18552872D-10
  158  0.00009006      0.19476896D-10
  159  0.00009116      0.20446930D-10
  160  0.00009228      0.21465263D-10
  161  0.00009341      0.22534300D-10
  162  0.00009455      0.23656565D-10
  163  0.00009571      0.24834706D-10
  164  0.00009688      0.26071506D-10
  165  0.00009806      0.27369884D-10
  166  0.00009926      0.28732904D-10
  167  0.00010048      0.30163784D-10
  168  0.00010171      0.31665901D-10
  169  0.00010295      0.33242800D-10
  170  0.00010421      0.34898204D-10
  171  0.00010549      0.36636019D-10
  172  0.00010678      0.38460345D-10
  173  0.00010808      0.40375490D-10
  174  0.00010941      0.42385971D-10
  175  0.00011075      0.44496532D-10
  176  0.00011210      0.46712155D-10
  177  0.00011347      0.49038067D-10
  178  0.00011486      0.51479754D-10
  179  0.00011627      0.54042980D-10
  180  0.00011769      0.56733789D-10
  181  0.00011913      0.59558531D-10
  182  0.00012059      0.62523869D-10
  183  0.00012206      0.65636798D-10
  184  0.00012356      0.68904660D-10
  185  0.00012507      0.72335164D-10
  186  0.00012660      0.75936402D-10
  187  0.00012815      0.79716865D-10
  188  0.00012972      0.83685471D-10
  189  0.00013130      0.87851578D-10
  190  0.00013291      0.92225012D-10
  191  0.00013454      0.96816083D-10
  192  0.00013618      0.10163562D-09
  193  0.00013785      0.10669498D-09
  194  0.00013954      0.11200610D-09
  195  0.00014124      0.11758150D-09
  196  0.00014297      0.12343432D-09
  197  0.00014472      0.12957836D-09
  198  0.00014649      0.13602810D-09
  199  0.00014829      0.14279874D-09
  200  0.00015010      0.14990625D-09
  201  0.00015194      0.15736738D-09
  202  0.00015380      0.16519970D-09
  203  0.00015568      0.17342168D-09
  204  0.00015758      0.18205269D-09
  205  0.00015951      0.19111307D-09
  206  0.00016146      0.20062416D-09
  207  0.00016344      0.21060838D-09
  208  0.00016544      0.22108925D-09
  209  0.00016746      0.23209146D-09
  210  0.00016951      0.24364093D-09
  211  0.00017159      0.25576486D-09
  212  0.00017369      0.26849180D-09
  213  0.00017581      0.28185174D-09
  214  0.00017796      0.29587614D-09
  215  0.00018014      0.31059802D-09
  216  0.00018235      0.32605205D-09
  217  0.00018458      0.34227462D-09
  218  0.00018683      0.35930392D-09
  219  0.00018912      0.37718005D-09
  220  0.00019144      0.39594509D-09
  221  0.00019378      0.41564322D-09
  222  0.00019615      0.43632079D-09
  223  0.00019855      0.45802648D-09
  224  0.00020098      0.48081138D-09
  225  0.00020344      0.50472909D-09
  226  0.00020593      0.52983591D-09
  227  0.00020845      0.55619092D-09
  228  0.00021100      0.58385611D-09
  229  0.00021358      0.61289658D-09
  230  0.00021619      0.64338064D-09
  231  0.00021884      0.67538000D-09
  232  0.00022152      0.70896993D-09
  233  0.00022423      0.74422943D-09
  234  0.00022697      0.78124141D-09
  235  0.00022975      0.82009291D-09
  236  0.00023256      0.86087529D-09
  237  0.00023541      0.90368443D-09
  238  0.00023829      0.94862098D-09
  239  0.00024120      0.99579056D-09
  240  0.00024415      0.10453041D-08
  241  0.00024714      0.10972778D-08
  242  0.00025017      0.11518340D-08
  243  0.00025323      0.12091009D-08
  244  0.00025633      0.12692129D-08
  245  0.00025946      0.13323114D-08
  246  0.00026264      0.13985445D-08
  247  0.00026585      0.14680679D-08
  248  0.00026910      0.15410449D-08
  249  0.00027240      0.16176467D-08
  250  0.00027573      0.16980534D-08
  251  0.00027911      0.17824538D-08
  252  0.00028252      0.18710460D-08
  253  0.00028598      0.19640379D-08
  254  0.00028948      0.20616480D-08
  255  0.00029302      0.21641052D-08
  256  0.00029660      0.22716501D-08
  257  0.00030023      0.23845351D-08
  258  0.00030391      0.25030250D-08
  259  0.00030763      0.26273977D-08
  260  0.00031139      0.27579452D-08
  261  0.00031520      0.28949736D-08
  262  0.00031906      0.30388043D-08
  263  0.00032296      0.31897746D-08
  264  0.00032692      0.33482385D-08
  265  0.00033092      0.35145676D-08
  266  0.00033497      0.36891517D-08
  267  0.00033906      0.38724002D-08
  268  0.00034321      0.40647424D-08
  269  0.00034741      0.42666293D-08
  270  0.00035166      0.44785337D-08
  271  0.00035597      0.47009522D-08
  272  0.00036032      0.49344059D-08
  273  0.00036473      0.51794415D-08
  274  0.00036920      0.54366329D-08
  275  0.00037371      0.57065823D-08
  276  0.00037829      0.59899219D-08
  277  0.00038292      0.62873149D-08
  278  0.00038760      0.65994575D-08
  279  0.00039234      0.69270802D-08
  280  0.00039715      0.72709496D-08
  281  0.00040200      0.76318703D-08
  282  0.00040692      0.80106867D-08
  283  0.00041190      0.84082848D-08
  284  0.00041694      0.88255945D-08
  285  0.00042205      0.92635917D-08
  286  0.00042721      0.97233003D-08
  287  0.00043244      0.10205795D-07
  288  0.00043773      0.10712204D-07
  289  0.00044309      0.11243710D-07
  290  0.00044851      0.11801555D-07
  291  0.00045400      0.12387042D-07
  292  0.00045955      0.13001540D-07
  293  0.00046518      0.13646482D-07
  294  0.00047087      0.14323376D-07
  295  0.00047663      0.15033801D-07
  296  0.00048246      0.15779416D-07
  297  0.00048837      0.16561961D-07
  298  0.00049434      0.17383262D-07
  299  0.00050039      0.18245234D-07
  300  0.00050651      0.19149889D-07
  301  0.00051271      0.20099337D-07
  302  0.00051899      0.21095791D-07
  303  0.00052534      0.22141574D-07
  304  0.00053177      0.23239124D-07
  305  0.00053827      0.24390999D-07
  306  0.00054486      0.25599883D-07
  307  0.00055153      0.26868591D-07
  308  0.00055828      0.28200078D-07
  309  0.00056511      0.29597446D-07
  310  0.00057202      0.31063947D-07
  311  0.00057902      0.32602995D-07
  312  0.00058611      0.34218171D-07
  313  0.00059328      0.35913234D-07
  314  0.00060054      0.37692126D-07
  315  0.00060789      0.39558985D-07
  316  0.00061533      0.41518151D-07
  317  0.00062286      0.43574178D-07
  318  0.00063048      0.45731846D-07
  319  0.00063819      0.47996168D-07
  320  0.00064600      0.50372403D-07
  321  0.00065391      0.52866072D-07
  322  0.00066191      0.55482963D-07
  323  0.00067001      0.58229153D-07
  324  0.00067821      0.61111014D-07
  325  0.00068651      0.64135234D-07
  326  0.00069491      0.67308828D-07
  327  0.00070341      0.70639155D-07
  328  0.00071202      0.74133938D-07
  329  0.00072073      0.77801278D-07
  330  0.00072955      0.81649672D-07
  331  0.00073848      0.85688037D-07
  332  0.00074751      0.89925727D-07
  333  0.00075666      0.94372553D-07
  334  0.00076592      0.99038810D-07
  335  0.00077529      0.10393530D-06
  336  0.00078478      0.10907334D-06
  337  0.00079438      0.11446483D-06
  338  0.00080410      0.12012222D-06
  339  0.00081394      0.12605861D-06
  340  0.00082390      0.13228770D-06
  341  0.00083398      0.13882388D-06
  342  0.00084419      0.14568226D-06
  343  0.00085452      0.15287866D-06
  344  0.00086498      0.16042970D-06
  345  0.00087556      0.16835281D-06
  346  0.00088628      0.17666625D-06
  347  0.00089712      0.18538919D-06
  348  0.00090810      0.19454176D-06
  349  0.00091921      0.20414503D-06
  350  0.00093046      0.21422113D-06
  351  0.00094184      0.22479327D-06
  352  0.00095337      0.23588578D-06
  353  0.00096504      0.24752419D-06
  354  0.00097684      0.25973528D-06
  355  0.00098880      0.27254712D-06
  356  0.00100090      0.28598918D-06
  357  0.00101315      0.30009234D-06
  358  0.00102554      0.31488900D-06
  359  0.00103809      0.33041313D-06
  360  0.00105080      0.34670039D-06
  361  0.00106365      0.36378813D-06
  362  0.00107667      0.38171555D-06
  363  0.00108984      0.40052376D-06
  364  0.00110318      0.42025587D-06
  365  0.00111668      0.44095708D-06
  366  0.00113034      0.46267480D-06
  367  0.00114418      0.48545875D-06
  368  0.00115818      0.50936105D-06
  369  0.00117235      0.53443639D-06
  370  0.00118670      0.56074209D-06
  371  0.00120122      0.58833827D-06
  372  0.00121592      0.61728796D-06
  373  0.00123079      0.64765727D-06
  374  0.00124586      0.67951551D-06
  375  0.00126110      0.71293534D-06
  376  0.00127653      0.74799299D-06
  377  0.00129215      0.78476834D-06
  378  0.00130797      0.82334517D-06
  379  0.00132397      0.86381133D-06
  380  0.00134017      0.90625890D-06
  381  0.00135657      0.95078445D-06
  382  0.00137317      0.99748921D-06
  383  0.00138997      0.10464793D-05
  384  0.00140698      0.10978661D-05
  385  0.00142420      0.11517661D-05
  386  0.00144163      0.12083016D-05
  387  0.00145927      0.12676010D-05
  388  0.00147713      0.13297986D-05
  389  0.00149520      0.13950353D-05
  390  0.00151350      0.14634588D-05
  391  0.00153202      0.15352239D-05
  392  0.00155076      0.16104929D-05
  393  0.00156974      0.16894361D-05
  394  0.00158895      0.17722316D-05
  395  0.00160839      0.18590665D-05
  396  0.00162807      0.19501367D-05
  397  0.00164800      0.20456476D-05
  398  0.00166816      0.21458143D-05
  399  0.00168858      0.22508625D-05
  400  0.00170924      0.23610287D-05
  401  0.00173015      0.24765607D-05
  402  0.00175133      0.25977181D-05
  403  0.00177276      0.27247733D-05
  404  0.00179445      0.28580114D-05
  405  0.00181641      0.29977314D-05
  406  0.00183863      0.31442466D-05
  407  0.00186113      0.32978853D-05
  408  0.00188391      0.34589915D-05
  409  0.00190696      0.36279256D-05
  410  0.00193030      0.38050655D-05
  411  0.00195392      0.39908069D-05
  412  0.00197783      0.41855646D-05
  413  0.00200203      0.43897730D-05
  414  0.00202653      0.46038875D-05
  415  0.00205132      0.48283851D-05
  416  0.00207643      0.50637656D-05
  417  0.00210183      0.53105525D-05
  418  0.00212755      0.55692944D-05
  419  0.00215359      0.58405660D-05
  420  0.00217994      0.61249693D-05
  421  0.00220662      0.64231349D-05
  422  0.00223362      0.67357235D-05
  423  0.00226095      0.70634269D-05
  424  0.00228862      0.74069702D-05
  425  0.00231662      0.77671126D-05
  426  0.00234497      0.81446492D-05
  427  0.00237367      0.85404130D-05
  428  0.00240271      0.89552765D-05
  429  0.00243211      0.93901531D-05
  430  0.00246188      0.98459999D-05
  431  0.00249200      0.10323819D-04
  432  0.00252249      0.10824659D-04
  433  0.00255336      0.11349620D-04
  434  0.00258461      0.11899853D-04
  435  0.00261623      0.12476562D-04
  436  0.00264825      0.13081008D-04
  437  0.00268065      0.13714514D-04
  438  0.00271346      0.14378462D-04
  439  0.00274666      0.15074301D-04
  440  0.00278027      0.15803547D-04
  441  0.00281429      0.16567787D-04
  442  0.00284873      0.17368683D-04
  443  0.00288359      0.18207975D-04
  444  0.00291888      0.19087483D-04
  445  0.00295459      0.20009115D-04
  446  0.00299075      0.20974865D-04
  447  0.00302735      0.21986821D-04
  448  0.00306439      0.23047171D-04
  449  0.00310189      0.24158200D-04
  450  0.00313985      0.25322305D-04
  451  0.00317827      0.26541990D-04
  452  0.00321716      0.27819878D-04
  453  0.00325653      0.29158713D-04
  454  0.00329638      0.30561365D-04
  455  0.00333671      0.32030841D-04
  456  0.00337754      0.33570282D-04
  457  0.00341887      0.35182979D-04
  458  0.00346071      0.36872371D-04
  459  0.00350306      0.38642060D-04
  460  0.00354592      0.40495812D-04
  461  0.00358932      0.42437565D-04
  462  0.00363324      0.44471442D-04
  463  0.00367770      0.46601752D-04
  464  0.00372270      0.48833004D-04
  465  0.00376825      0.51169913D-04
  466  0.00381436      0.53617412D-04
  467  0.00386104      0.56180658D-04
  468  0.00390829      0.58865045D-04
  469  0.00395611      0.61676211D-04
  470  0.00400452      0.64620055D-04
  471  0.00405352      0.67702742D-04
  472  0.00410313      0.70930720D-04
  473  0.00415333      0.74310728D-04
  474  0.00420416      0.77849813D-04
  475  0.00425560      0.81555340D-04
  476  0.00430768      0.85435009D-04
  477  0.00436039      0.89496868D-04
  478  0.00441375      0.93749328D-04
  479  0.00446776      0.98201181D-04
  480  0.00452243      0.10286161D-03
  481  0.00457777      0.10774023D-03
  482  0.00463379      0.11284706D-03
  483  0.00469049      0.11819258D-03
  484  0.00474788      0.12378776D-03
  485  0.00480598      0.12964403D-03
  486  0.00486479      0.13577334D-03
  487  0.00492432      0.14218820D-03
  488  0.00498458      0.14890163D-03
  489  0.00504558      0.15592727D-03
  490  0.00510732      0.16327935D-03
  491  0.00516981      0.17097272D-03
  492  0.00523308      0.17902292D-03
  493  0.00529711      0.18744614D-03
  494  0.00536193      0.19625930D-03
  495  0.00542754      0.20548009D-03
  496  0.00549396      0.21512693D-03
  497  0.00556119      0.22521909D-03
  498  0.00562924      0.23577666D-03
  499  0.00569812      0.24682063D-03
  500  0.00576785      0.25837289D-03
  501  0.00583843      0.27045629D-03
  502  0.00590987      0.28309468D-03
  503  0.00598219      0.29631294D-03
  504  0.00605539      0.31013704D-03
  505  0.00612949      0.32459405D-03
  506  0.00620450      0.33971224D-03
  507  0.00628042      0.35552107D-03
  508  0.00635727      0.37205130D-03
  509  0.00643507      0.38933497D-03
  510  0.00651381      0.40740554D-03
  511  0.00659352      0.42629786D-03
  512  0.00667420      0.44604829D-03
  513  0.00675587      0.46669473D-03
  514  0.00683854      0.48827670D-03
  515  0.00692222      0.51083537D-03
  516  0.00700693      0.53441369D-03
  517  0.00709267      0.55905639D-03
  518  0.00717946      0.58481010D-03
  519  0.00726732      0.61172339D-03
  520  0.00735625      0.63984688D-03
  521  0.00744626      0.66923331D-03
  522  0.00753738      0.69993760D-03
  523  0.00762961      0.73201698D-03
  524  0.00772298      0.76553102D-03
  525  0.00781748      0.80054177D-03
  526  0.00791314      0.83711385D-03
  527  0.00800997      0.87531451D-03
  528  0.00810799      0.91521380D-03
  529  0.00820720      0.95688459D-03
  530  0.00830763      0.10004027D-02
  531  0.00840929      0.10458472D-02
  532  0.00851220      0.10933002D-02
  533  0.00861636      0.11428470D-02
  534  0.00872179      0.11945767D-02
  535  0.00882852      0.12485818D-02
  536  0.00893655      0.13049583D-02
  537  0.00904591      0.13638064D-02
  538  0.00915660      0.14252300D-02
  539  0.00926865      0.14893373D-02
  540  0.00938207      0.15562406D-02
  541  0.00949687      0.16260568D-02
  542  0.00961308      0.16989073D-02
  543  0.00973072      0.17749182D-02
  544  0.00984979      0.18542206D-02
  545  0.00997032      0.19369506D-02
  546  0.01009232      0.20232496D-02
  547  0.01021582      0.21132644D-02
  548  0.01034083      0.22071476D-02
  549  0.01046737      0.23050575D-02
  550  0.01059546      0.24071582D-02
  551  0.01072511      0.25136204D-02
  552  0.01085635      0.26246210D-02
  553  0.01098920      0.27403436D-02
  554  0.01112367      0.28609787D-02
  555  0.01125979      0.29867238D-02
  556  0.01139757      0.31177837D-02
  557  0.01153704      0.32543709D-02
  558  0.01167822      0.33967055D-02
  559  0.01182112      0.35450157D-02
  560  0.01196577      0.36995380D-02
  561  0.01211220      0.38605174D-02
  562  0.01226041      0.40282078D-02
  563  0.01241044      0.42028720D-02
  564  0.01256230      0.43847822D-02
  565  0.01271602      0.45742203D-02
  566  0.01287163      0.47714780D-02
  567  0.01302913      0.49768572D-02
  568  0.01318857      0.51906701D-02
  569  0.01334995      0.54132401D-02
  570  0.01351332      0.56449012D-02
  571  0.01367867      0.58859990D-02
  572  0.01384606      0.61368908D-02
  573  0.01401549      0.63979458D-02
  574  0.01418699      0.66695454D-02
  575  0.01436060      0.69520840D-02
  576  0.01453632      0.72459685D-02
  577  0.01471420      0.75516193D-02
  578  0.01489426      0.78694704D-02
  579  0.01507651      0.81999696D-02
  580  0.01526100      0.85435791D-02
  581  0.01544775      0.89007757D-02
  582  0.01563678      0.92720508D-02
  583  0.01582812      0.96579113D-02
  584  0.01602181      0.10058880D-01
  585  0.01621786      0.10475494D-01
  586  0.01641632      0.10908309D-01
  587  0.01661720      0.11357896D-01
  588  0.01682054      0.11824843D-01
  589  0.01702637      0.12309755D-01
  590  0.01723472      0.12813253D-01
  591  0.01744561      0.13335980D-01
  592  0.01765909      0.13878592D-01
  593  0.01787518      0.14441767D-01
  594  0.01809392      0.15026201D-01
  595  0.01831533      0.15632607D-01
  596  0.01853945      0.16261719D-01
  597  0.01876631      0.16914290D-01
  598  0.01899595      0.17591093D-01
  599  0.01922840      0.18292919D-01
  600  0.01946370      0.19020581D-01
  601  0.01970187      0.19774912D-01
  602  0.01994296      0.20556764D-01
  603  0.02018699      0.21367010D-01
  604  0.02043402      0.22206546D-01
  605  0.02068406      0.23076285D-01
  606  0.02093717      0.23977162D-01
  607  0.02119337      0.24910134D-01
  608  0.02145271      0.25876178D-01
  609  0.02171522      0.26876291D-01
  610  0.02198095      0.27911491D-01
  611  0.02224992      0.28982817D-01
  612  0.02252219      0.30091329D-01
  613  0.02279779      0.31238105D-01
  614  0.02307676      0.32424244D-01
  615  0.02335915      0.33650866D-01
  616  0.02364499      0.34919108D-01
  617  0.02393433      0.36230128D-01
  618  0.02422721      0.37585101D-01
  619  0.02452367      0.38985221D-01
  620  0.02482376      0.40431698D-01
  621  0.02512752      0.41925760D-01
  622  0.02543500      0.43468652D-01
  623  0.02574625      0.45061632D-01
  624  0.02606130      0.46705973D-01
  625  0.02638020      0.48402964D-01
  626  0.02670301      0.50153903D-01
  627  0.02702977      0.51960102D-01
  628  0.02736053      0.53822884D-01
  629  0.02769533      0.55743578D-01
  630  0.02803423      0.57723524D-01
  631  0.02837728      0.59764067D-01
  632  0.02872453      0.61866556D-01
  633  0.02907602      0.64032345D-01
  634  0.02943182      0.66262790D-01
  635  0.02979197      0.68559243D-01
  636  0.03015653      0.70923059D-01
  637  0.03052555      0.73355585D-01
  638  0.03089908      0.75858163D-01
  639  0.03127719      0.78432127D-01
  640  0.03165992      0.81078798D-01
  641  0.03204734      0.83799486D-01
  642  0.03243949      0.86595484D-01
  643  0.03283645      0.89468065D-01
  644  0.03323826      0.92418481D-01
  645  0.03364499      0.95447961D-01
  646  0.03405670      0.98557704D-01
  647  0.03447344      0.10174888D+00
  648  0.03489528      0.10502262D+00
  649  0.03532229      0.10838003D+00
  650  0.03575452      0.11182216D+00
  651  0.03619204      0.11535001D+00
  652  0.03663491      0.11896456D+00
  653  0.03708321      0.12266671D+00
  654  0.03753699      0.12645731D+00
  655  0.03799632      0.13033716D+00
  656  0.03846127      0.13430697D+00
  657  0.03893191      0.13836740D+00
  658  0.03940831      0.14251904D+00
  659  0.03989055      0.14676239D+00
  660  0.04037868      0.15109785D+00
  661  0.04087278      0.15552577D+00
  662  0.04137293      0.16004638D+00
  663  0.04187920      0.16465982D+00
  664  0.04239167      0.16936611D+00
  665  0.04291041      0.17416519D+00
  666  0.04343549      0.17905686D+00
  667  0.04396700      0.18404083D+00
  668  0.04450502      0.18911665D+00
  669  0.04504962      0.19428377D+00
  670  0.04560088      0.19954149D+00
  671  0.04615889      0.20488898D+00
  672  0.04672372      0.21032525D+00
  673  0.04729547      0.21584918D+00
  674  0.04787422      0.22145947D+00
  675  0.04846004      0.22715469D+00
  676  0.04905304      0.23293322D+00
  677  0.04965329      0.23879328D+00
  678  0.05026088      0.24473291D+00
  679  0.05087592      0.25074997D+00
  680  0.05149847      0.25684215D+00
  681  0.05212865      0.26300694D+00
  682  0.05276653      0.26924163D+00
  683  0.05341223      0.27554333D+00
  684  0.05406582      0.28190895D+00
  685  0.05472741      0.28833517D+00
  686  0.05539710      0.29481851D+00
  687  0.05607498      0.30135523D+00
  688  0.05676116      0.30794143D+00
  689  0.05745573      0.31457295D+00
  690  0.05815881      0.32124545D+00
  691  0.05887048      0.32795437D+00
  692  0.05959087      0.33469491D+00
  693  0.06032007      0.34146209D+00
  694  0.06105819      0.34825067D+00
  695  0.06180535      0.35505524D+00
  696  0.06256164      0.36187015D+00
  697  0.06332720      0.36868953D+00
  698  0.06410212      0.37550734D+00
  699  0.06488652      0.38231730D+00
  700  0.06568052      0.38911292D+00
  701  0.06648424      0.39588756D+00
  702  0.06729780      0.40263433D+00
  703  0.06812130      0.40934620D+00
  704  0.06895489      0.41601594D+00
  705  0.06979867      0.42263614D+00
  706  0.07065279      0.42919924D+00
  707  0.07151735      0.43569752D+00
  708  0.07239249      0.44212312D+00
  709  0.07327834      0.44846803D+00
  710  0.07417503      0.45472413D+00
  711  0.07508270      0.46088319D+00
  712  0.07600147      0.46693686D+00
  713  0.07693148      0.47287674D+00
  714  0.07787287      0.47869432D+00
  715  0.07882579      0.48438106D+00
  716  0.07979036      0.48992836D+00
  717  0.08076674      0.49532762D+00
  718  0.08175506      0.50057021D+00
  719  0.08275548      0.50564753D+00
  720  0.08376814      0.51055099D+00
  721  0.08479319      0.51527207D+00
  722  0.08583079      0.51980230D+00
  723  0.08688108      0.52413331D+00
  724  0.08794422      0.52825683D+00
  725  0.08902038      0.53216473D+00
  726  0.09010970      0.53584903D+00
  727  0.09121235      0.53930191D+00
  728  0.09232850      0.54251576D+00
  729  0.09345830      0.54548319D+00
  730  0.09460193      0.54819703D+00
  731  0.09575955      0.55065040D+00
  732  0.09693134      0.55283668D+00
  733  0.09811747      0.55474957D+00
  734  0.09931811      0.55638310D+00
  735  0.10053345      0.55773164D+00
  736  0.10176365      0.55878995D+00
  737  0.10300891      0.55955316D+00
  738  0.10426941      0.56001682D+00
  739  0.10554533      0.56017694D+00
  740  0.10683686      0.56002994D+00
  741  0.10814420      0.55957275D+00
  742  0.10946754      0.55880275D+00
  743  0.11080707      0.55771785D+00
  744  0.11216299      0.55631647D+00
  745  0.11353551      0.55459758D+00
  746  0.11492481      0.55256066D+00
  747  0.11633112      0.55020579D+00
  748  0.11775464      0.54753358D+00
  749  0.11919558      0.54454524D+00
  750  0.12065415      0.54124255D+00
  751  0.12213057      0.53762790D+00
  752  0.12362505      0.53370424D+00
  753  0.12513783      0.52947513D+00
  754  0.12666911      0.52494472D+00
  755  0.12821913      0.52011776D+00
  756  0.12978812      0.51499958D+00
  757  0.13137631      0.50959609D+00
  758  0.13298393      0.50391377D+00
  759  0.13461123      0.49795967D+00
  760  0.13625843      0.49174139D+00
  761  0.13792580      0.48526706D+00
  762  0.13961357      0.47854536D+00
  763  0.14132199      0.47158543D+00
  764  0.14305131      0.46439693D+00
  765  0.14480180      0.45698996D+00
  766  0.14657371      0.44937507D+00
  767  0.14836730      0.44156323D+00
  768  0.15018284      0.43356578D+00
  769  0.15202059      0.42539444D+00
  770  0.15388083      0.41706122D+00
  771  0.15576384      0.40857847D+00
  772  0.15766989      0.39995877D+00
  773  0.15959926      0.39121494D+00
  774  0.16155224      0.38236002D+00
  775  0.16352912      0.37340715D+00
  776  0.16553019      0.36436965D+00
  777  0.16755574      0.35526089D+00
  778  0.16960608      0.34609428D+00
  779  0.17168152      0.33688327D+00
  780  0.17378235      0.32764124D+00
  781  0.17590888      0.31838153D+00
  782  0.17806144      0.30911736D+00
  783  0.18024034      0.29986179D+00
  784  0.18244590      0.29062773D+00
  785  0.18467845      0.28142783D+00
  786  0.18693832      0.27227452D+00
  787  0.18922584      0.26317991D+00
  788  0.19154136      0.25415582D+00
  789  0.19388521      0.24521368D+00
  790  0.19625774      0.23636455D+00
  791  0.19865930      0.22761907D+00
  792  0.20109025      0.21898746D+00
  793  0.20355095      0.21047944D+00
  794  0.20604175      0.20210427D+00
  795  0.20856304      0.19387067D+00
  796  0.21111518      0.18578685D+00
  797  0.21369855      0.17786049D+00
  798  0.21631353      0.17009867D+00
  799  0.21896051      0.16250794D+00
  800  0.22163989      0.15509426D+00
  801  0.22435204      0.14786299D+00
  802  0.22709739      0.14081891D+00
  803  0.22987633      0.13396622D+00
  804  0.23268928      0.12730852D+00
  805  0.23553664      0.12084883D+00
  806  0.23841885      0.11458959D+00
  807  0.24133633      0.10853267D+00
  808  0.24428951      0.10267937D+00
  809  0.24727883      0.97030449D-01
  810  0.25030473      0.91586141D-01
  811  0.25336765      0.86346152D-01
  812  0.25646805      0.81309690D-01
  813  0.25960640      0.76475488D-01
  814  0.26278314      0.71841819D-01
  815  0.26599876      0.67406522D-01
  816  0.26925373      0.63167025D-01
  817  0.27254853      0.59120370D-01
  818  0.27588364      0.55263239D-01
  819  0.27925957      0.51591981D-01
  820  0.28267681      0.48102636D-01
  821  0.28613586      0.44790967D-01
  822  0.28963724      0.41652485D-01
  823  0.29318147      0.38682477D-01
  824  0.29676907      0.35876033D-01
  825  0.30040056      0.33228075D-01
  826  0.30407650      0.30733383D-01
  827  0.30779742      0.28386619D-01
  828  0.31156387      0.26182359D-01
  829  0.31537640      0.24115111D-01
  830  0.31923560      0.22179342D-01
  831  0.32314201      0.20369503D-01
  832  0.32709623      0.18680048D-01
  833  0.33109883      0.17105456D-01
  834  0.33515042      0.15640249D-01
  835  0.33925158      0.14279015D-01
  836  0.34340292      0.13016418D-01
  837  0.34760507      0.11847220D-01
  838  0.35185864      0.10766291D-01
  839  0.35616425      0.97686228D-02
  840  0.36052256      0.88493416D-02
  841  0.36493419      0.80037167D-02
  842  0.36939981      0.72271693D-02
  843  0.37392007      0.65152802D-02
  844  0.37849565      0.58637952D-02
  845  0.38312722      0.52686302D-02
  846  0.38781546      0.47258743D-02
  847  0.39256107      0.42317925D-02
  848  0.39736476      0.37828265D-02
  849  0.40222722      0.33755952D-02
  850  0.40714919      0.30068940D-02
  851  0.41213138      0.26736929D-02
  852  0.41717454      0.23731341D-02
  853  0.42227941      0.21025291D-02
  854  0.42744675      0.18593548D-02
  855  0.43267733      0.16412488D-02
  856  0.43797190      0.14460049D-02
  857  0.44333127      0.12715677D-02
  858  0.44875622      0.11160269D-02
  859  0.45424755      0.97761134D-03
  860  0.45980607      0.85468294D-03
  861  0.46543262      0.74573028D-03
  862  0.47112801      0.64936228D-03
  863  0.47689310      0.56430167D-03
  864  0.48272874      0.48937857D-03
  865  0.48863578      0.42352408D-03
  866  0.49461511      0.36576395D-03
  867  0.50066761      0.31521239D-03
  868  0.50679417      0.27106601D-03
  869  0.51299569      0.23259798D-03
  870  0.51927311      0.19915237D-03
  871  0.52562734      0.17013868D-03
  872  0.53205933      0.14502671D-03
  873  0.53857002      0.12334155D-03
  874  0.54516038      0.10465893D-03
  875  0.55183139      0.88600781D-04
  876  0.55858403      0.74831056D-04
  877  0.56541930      0.63051852D-04
  878  0.57233821      0.52999761D-04
  879  0.57934178      0.44442488D-04
  880  0.58643106      0.37175716D-04
  881  0.59360709      0.31020218D-04
  882  0.60087093      0.25819198D-04
  883  0.60822365      0.21435852D-04
  884  0.61566635      0.17751146D-04
  885  0.62320012      0.14661794D-04
  886  0.63082608      0.12078421D-04
  887  0.63854536      0.99239056D-05
  888  0.64635910      0.81318893D-05
  889  0.65426846      0.66454355D-05
  890  0.66227459      0.54158325D-05
  891  0.67037870      0.44015258D-05
  892  0.67858198      0.35671702D-05
  893  0.68688564      0.28827905D-05
  894  0.69529090      0.23230416D-05
  895  0.70379902      0.18665572D-05
  896  0.71241126      0.14953803D-05
  897  0.72112888      0.11944651D-05
  898  0.72995317      0.95124412D-06
  899  0.73888545      0.75525262D-06
  900  0.74792703      0.59780440D-06
  901  0.75707924      0.47171235D-06
  902  0.76634345      0.37104888D-06
  903  0.77572103      0.29094105D-06
  904  0.78521336      0.22739606D-06
  905  0.79482184      0.17715311D-06
  906  0.80454790      0.13755810D-06
  907  0.81439297      0.10645806D-06
  908  0.82435852      0.82112474D-07
  909  0.83444601      0.63119115D-07
  910  0.84465694      0.48352245D-07
  911  0.85499282      0.36911263D-07
  912  0.86545518      0.28078249D-07
  913  0.87604557      0.21282964D-07
  914  0.88676554      0.16074115D-07
  915  0.89761670      0.12095854D-07
  916  0.90860063      0.90686358D-08
  917  0.91971898      0.67736777D-08
  918  0.93097338      0.50404024D-08
  919  0.94236549      0.37363258D-08
  920  0.95389701      0.27589487D-08
  921  0.96556964      0.20292807D-08
  922  0.97738510      0.14866895D-08
  923  0.98934515      0.10848204D-08
  924  1.00145154      0.78837780D-09
  925  1.01370608      0.57059661D-09
  926  1.02611058      0.41126458D-09
  927  1.03866687      0.29518178D-09
  928  1.05137681      0.21096599D-09
  929  1.06424227      0.15013028D-09
  930  1.07726517      0.10637392D-09
  931  1.09044743      0.75039643D-10
  932  1.10379099      0.52700245D-10
  933  1.11729784      0.36844954D-10
  934  1.13096996      0.25642708D-10
  935  1.14480939      0.17764252D-10
  936  1.15881817      0.12249083D-10
  937  1.17299837      0.84063975D-11
  938  1.18735210      0.57417179D-11
  939  1.20188146      0.39027875D-11
  940  1.21658862      0.26398811D-11
  941  1.23147575      0.17768271D-11
  942  1.24654504      0.11899590D-11
  943  1.26179874      0.79290145D-12
  944  1.27723909      0.52563084D-12
  945  1.29286838      0.34664951D-12
  946  1.30868893      0.22741645D-12
  947  1.32470306      0.14840473D-12
  948  1.34091316      0.96325422D-13
  949  1.35732162      0.62183293D-13
  950  1.37393087      0.39922534D-13
  951  1.39074335      0.25488575D-13
  952  1.40776157      0.16181811D-13
  953  1.42498804      0.10214878D-13
  954  1.44242530      0.64111123D-14
  955  1.46007594      0.40003345D-14
  956  1.47794257      0.24813554D-14
  957  1.49602783      0.15299460D-14
  958  1.51433439      0.93760242D-15
  959  1.53286496      0.57104680D-15
  960  1.55162229      0.34560489D-15
  961  1.57060915      0.20781232D-15
  962  1.58982835      0.12412015D-15
  963  1.60928273      0.73611253D-16
  964  1.62897517      0.43317680D-16
  965  1.64890858      0.25284065D-16
  966  1.66908591      0.14616612D-16
  967  1.68951014      0.83020242D-17
  968  1.71018430      0.47255023D-17
  969  1.73111145      0.26929880D-17
  970  1.75229468      0.15241667D-17
  971  1.77373712      0.85665426D-18
  972  1.79544195      0.47809776D-18
  973  1.81741238      0.00000000D+00
  974  1.83965165      0.00000000D+00
  975  1.86216306      0.00000000D+00
  976  1.88494994      0.00000000D+00
  977  1.90801565      0.00000000D+00
  978  1.93136362      0.00000000D+00
  979  1.95499729      0.00000000D+00
  980  1.97892016      0.00000000D+00
  981  2.00313577      0.00000000D+00
  982  2.02764770      0.00000000D+00
  983  2.05245958      0.00000000D+00
  984  2.07757507      0.00000000D+00
  985  2.10299790      0.00000000D+00
  986  2.12873182      0.00000000D+00
  987  2.15478064      0.00000000D+00
  988  2.18114821      0.00000000D+00
  989  2.20783844      0.00000000D+00
  990  2.23485527      0.00000000D+00
  991  2.26220270      0.00000000D+00
  992  2.28988478      0.00000000D+00
  993  2.31790559      0.00000000D+00
  994  2.34626929      0.00000000D+00
  995  2.37498007      0.00000000D+00
  996  2.40404217      0.00000000D+00
  997  2.43345991      0.00000000D+00
  998  2.46323762      0.00000000D+00
  999  2.49337971      0.00000000D+00
 1000  2.52389065      0.00000000D+00
 1001  2.55477494      0.00000000D+00
 1002  2.58603716      0.00000000D+00
 1003  2.61768192      0.00000000D+00
 1004  2.64971392      0.00000000D+00
 1005  2.68213788      0.00000000D+00
 1006  2.71495861      0.00000000D+00
 1007  2.74818096      0.00000000D+00
 1008  2.78180984      0.00000000D+00
 1009  2.81585023      0.00000000D+00
 1010  2.85030717      0.00000000D+00
 1011  2.88518575      0.00000000D+00
 1012  2.92049113      0.00000000D+00
 1013  2.95622854      0.00000000D+00
 1014  2.99240325      0.00000000D+00
 1015  3.02902063      0.00000000D+00
 1016  3.06608608      0.00000000D+00
 1017  3.10360510      0.00000000D+00
 1018  3.14158323      0.00000000D+00
 1019  3.18002609      0.00000000D+00
 1020  3.21893937      0.00000000D+00
 1021  3.25832882      0.00000000D+00
 1022  3.29820027      0.00000000D+00
