 ir        r               f(r)
    1  0.00001334      0.51323281D+05
    2  0.00001351      0.51322577D+05
    3  0.00001367      0.51321864D+05
    4  0.00001384      0.51321143D+05
    5  0.00001401      0.51320413D+05
    6  0.00001418      0.51319674D+05
    7  0.00001435      0.51318926D+05
    8  0.00001453      0.51318169D+05
    9  0.00001471      0.51317403D+05
   10  0.00001489      0.51316627D+05
   11  0.00001507      0.51315842D+05
   12  0.00001525      0.51315047D+05
   13  0.00001544      0.51314243D+05
   14  0.00001563      0.51313428D+05
   15  0.00001582      0.51312604D+05
   16  0.00001601      0.51311770D+05
   17  0.00001621      0.51310925D+05
   18  0.00001641      0.51310070D+05
   19  0.00001661      0.51309205D+05
   20  0.00001681      0.51308329D+05
   21  0.00001702      0.51307442D+05
   22  0.00001723      0.51306545D+05
   23  0.00001744      0.51305637D+05
   24  0.00001765      0.51304717D+05
   25  0.00001787      0.51303786D+05
   26  0.00001808      0.51302844D+05
   27  0.00001831      0.51301891D+05
   28  0.00001853      0.51300925D+05
   29  0.00001876      0.51299948D+05
   30  0.00001899      0.51298959D+05
   31  0.00001922      0.51297958D+05
   32  0.00001945      0.51296945D+05
   33  0.00001969      0.51295919D+05
   34  0.00001993      0.51294881D+05
   35  0.00002018      0.51293830D+05
   36  0.00002042      0.51292766D+05
   37  0.00002067      0.51291690D+05
   38  0.00002093      0.51290600D+05
   39  0.00002118      0.51289496D+05
   40  0.00002144      0.51288380D+05
   41  0.00002170      0.51287250D+05
   42  0.00002197      0.51286105D+05
   43  0.00002224      0.51284947D+05
   44  0.00002251      0.51283775D+05
   45  0.00002279      0.51282588D+05
   46  0.00002306      0.51281387D+05
   47  0.00002335      0.51280172D+05
   48  0.00002363      0.51278941D+05
   49  0.00002392      0.51277696D+05
   50  0.00002421      0.51276435D+05
   51  0.00002451      0.51275159D+05
   52  0.00002481      0.51273867D+05
   53  0.00002511      0.51272559D+05
   54  0.00002542      0.51271236D+05
   55  0.00002573      0.51269896D+05
   56  0.00002605      0.51268540D+05
   57  0.00002637      0.51267167D+05
   58  0.00002669      0.51265778D+05
   59  0.00002701      0.51264372D+05
   60  0.00002735      0.51262948D+05
   61  0.00002768      0.51261507D+05
   62  0.00002802      0.51260049D+05
   63  0.00002836      0.51258573D+05
   64  0.00002871      0.51257078D+05
   65  0.00002906      0.51255566D+05
   66  0.00002942      0.51254035D+05
   67  0.00002978      0.51252485D+05
   68  0.00003014      0.51250916D+05
   69  0.00003051      0.51249329D+05
   70  0.00003088      0.51247722D+05
   71  0.00003126      0.51246095D+05
   72  0.00003164      0.51244448D+05
   73  0.00003203      0.51242782D+05
   74  0.00003242      0.51241095D+05
   75  0.00003282      0.51239387D+05
   76  0.00003322      0.51237658D+05
   77  0.00003363      0.51235909D+05
   78  0.00003404      0.51234138D+05
   79  0.00003445      0.51232346D+05
   80  0.00003488      0.51230531D+05
   81  0.00003530      0.51228695D+05
   82  0.00003573      0.51226836D+05
   83  0.00003617      0.51224954D+05
   84  0.00003661      0.51223050D+05
   85  0.00003706      0.51221122D+05
   86  0.00003752      0.51219171D+05
   87  0.00003798      0.51217196D+05
   88  0.00003844      0.51215196D+05
   89  0.00003891      0.51213173D+05
   90  0.00003939      0.51211125D+05
   91  0.00003987      0.51209051D+05
   92  0.00004036      0.51206953D+05
   93  0.00004085      0.51204829D+05
   94  0.00004135      0.51202679D+05
   95  0.00004186      0.51200502D+05
   96  0.00004237      0.51198300D+05
   97  0.00004289      0.51196070D+05
   98  0.00004341      0.51193813D+05
   99  0.00004394      0.51191529D+05
  100  0.00004448      0.51189217D+05
  101  0.00004502      0.51186876D+05
  102  0.00004558      0.51184508D+05
  103  0.00004613      0.51182110D+05
  104  0.00004670      0.51179683D+05
  105  0.00004727      0.51177226D+05
  106  0.00004785      0.51174740D+05
  107  0.00004843      0.51172223D+05
  108  0.00004903      0.51169676D+05
  109  0.00004963      0.51167097D+05
  110  0.00005023      0.51164487D+05
  111  0.00005085      0.51161845D+05
  112  0.00005147      0.51159171D+05
  113  0.00005210      0.51156465D+05
  114  0.00005274      0.51153725D+05
  115  0.00005338      0.51150953D+05
  116  0.00005404      0.51148146D+05
  117  0.00005470      0.51145305D+05
  118  0.00005537      0.51142430D+05
  119  0.00005604      0.51139519D+05
  120  0.00005673      0.51136573D+05
  121  0.00005742      0.51133592D+05
  122  0.00005813      0.51130574D+05
  123  0.00005884      0.51127519D+05
  124  0.00005956      0.51124427D+05
  125  0.00006029      0.51121297D+05
  126  0.00006102      0.51118129D+05
  127  0.00006177      0.51114923D+05
  128  0.00006253      0.51111678D+05
  129  0.00006329      0.51108393D+05
  130  0.00006407      0.51105068D+05
  131  0.00006485      0.51101703D+05
  132  0.00006564      0.51098296D+05
  133  0.00006645      0.51094849D+05
  134  0.00006726      0.51091359D+05
  135  0.00006808      0.51087827D+05
  136  0.00006892      0.51084252D+05
  137  0.00006976      0.51080633D+05
  138  0.00007061      0.51076971D+05
  139  0.00007148      0.51073264D+05
  140  0.00007235      0.51069511D+05
  141  0.00007324      0.51065714D+05
  142  0.00007413      0.51061870D+05
  143  0.00007504      0.51057979D+05
  144  0.00007596      0.51054041D+05
  145  0.00007689      0.51050055D+05
  146  0.00007783      0.51046020D+05
  147  0.00007878      0.51041937D+05
  148  0.00007975      0.51037804D+05
  149  0.00008072      0.51033620D+05
  150  0.00008171      0.51029386D+05
  151  0.00008271      0.51025100D+05
  152  0.00008372      0.51020763D+05
  153  0.00008475      0.51016372D+05
  154  0.00008578      0.51011928D+05
  155  0.00008683      0.51007431D+05
  156  0.00008790      0.51002878D+05
  157  0.00008897      0.50998271D+05
  158  0.00009006      0.50993607D+05
  159  0.00009116      0.50988887D+05
  160  0.00009228      0.50984109D+05
  161  0.00009341      0.50979274D+05
  162  0.00009455      0.50974379D+05
  163  0.00009571      0.50969426D+05
  164  0.00009688      0.50964412D+05
  165  0.00009806      0.50959337D+05
  166  0.00009926      0.50954201D+05
  167  0.00010048      0.50949002D+05
  168  0.00010171      0.50943741D+05
  169  0.00010295      0.50938415D+05
  170  0.00010421      0.50933025D+05
  171  0.00010549      0.50927570D+05
  172  0.00010678      0.50922048D+05
  173  0.00010808      0.50916459D+05
  174  0.00010941      0.50910803D+05
  175  0.00011075      0.50905078D+05
  176  0.00011210      0.50899284D+05
  177  0.00011347      0.50893419D+05
  178  0.00011486      0.50887484D+05
  179  0.00011627      0.50881476D+05
  180  0.00011769      0.50875396D+05
  181  0.00011913      0.50869242D+05
  182  0.00012059      0.50863013D+05
  183  0.00012206      0.50856709D+05
  184  0.00012356      0.50850329D+05
  185  0.00012507      0.50843872D+05
  186  0.00012660      0.50837336D+05
  187  0.00012815      0.50830721D+05
  188  0.00012972      0.50824026D+05
  189  0.00013130      0.50817250D+05
  190  0.00013291      0.50810392D+05
  191  0.00013454      0.50803451D+05
  192  0.00013618      0.50796426D+05
  193  0.00013785      0.50789316D+05
  194  0.00013954      0.50782121D+05
  195  0.00014124      0.50774838D+05
  196  0.00014297      0.50767467D+05
  197  0.00014472      0.50760007D+05
  198  0.00014649      0.50752457D+05
  199  0.00014829      0.50744815D+05
  200  0.00015010      0.50737081D+05
  201  0.00015194      0.50729254D+05
  202  0.00015380      0.50721333D+05
  203  0.00015568      0.50713315D+05
  204  0.00015758      0.50705201D+05
  205  0.00015951      0.50696989D+05
  206  0.00016146      0.50688677D+05
  207  0.00016344      0.50680266D+05
  208  0.00016544      0.50671753D+05
  209  0.00016746      0.50663137D+05
  210  0.00016951      0.50654417D+05
  211  0.00017159      0.50645592D+05
  212  0.00017369      0.50636661D+05
  213  0.00017581      0.50627621D+05
  214  0.00017796      0.50618473D+05
  215  0.00018014      0.50609215D+05
  216  0.00018235      0.50599845D+05
  217  0.00018458      0.50590363D+05
  218  0.00018683      0.50580766D+05
  219  0.00018912      0.50571053D+05
  220  0.00019144      0.50561224D+05
  221  0.00019378      0.50551276D+05
  222  0.00019615      0.50541208D+05
  223  0.00019855      0.50531020D+05
  224  0.00020098      0.50520708D+05
  225  0.00020344      0.50510273D+05
  226  0.00020593      0.50499712D+05
  227  0.00020845      0.50489024D+05
  228  0.00021100      0.50478208D+05
  229  0.00021358      0.50467262D+05
  230  0.00021619      0.50456184D+05
  231  0.00021884      0.50444973D+05
  232  0.00022152      0.50433628D+05
  233  0.00022423      0.50422146D+05
  234  0.00022697      0.50410527D+05
  235  0.00022975      0.50398768D+05
  236  0.00023256      0.50386868D+05
  237  0.00023541      0.50374825D+05
  238  0.00023829      0.50362637D+05
  239  0.00024120      0.50350304D+05
  240  0.00024415      0.50337823D+05
  241  0.00024714      0.50325192D+05
  242  0.00025017      0.50312410D+05
  243  0.00025323      0.50299475D+05
  244  0.00025633      0.50286385D+05
  245  0.00025946      0.50273138D+05
  246  0.00026264      0.50259732D+05
  247  0.00026585      0.50246167D+05
  248  0.00026910      0.50232439D+05
  249  0.00027240      0.50218547D+05
  250  0.00027573      0.50204488D+05
  251  0.00027911      0.50190262D+05
  252  0.00028252      0.50175866D+05
  253  0.00028598      0.50161298D+05
  254  0.00028948      0.50146556D+05
  255  0.00029302      0.50131638D+05
  256  0.00029660      0.50116542D+05
  257  0.00030023      0.50101265D+05
  258  0.00030391      0.50085807D+05
  259  0.00030763      0.50070164D+05
  260  0.00031139      0.50054335D+05
  261  0.00031520      0.50038318D+05
  262  0.00031906      0.50022109D+05
  263  0.00032296      0.50005708D+05
  264  0.00032692      0.49989111D+05
  265  0.00033092      0.49972317D+05
  266  0.00033497      0.49955323D+05
  267  0.00033906      0.49938128D+05
  268  0.00034321      0.49920727D+05
  269  0.00034741      0.49903120D+05
  270  0.00035166      0.49885304D+05
  271  0.00035597      0.49867277D+05
  272  0.00036032      0.49849035D+05
  273  0.00036473      0.49830577D+05
  274  0.00036920      0.49811900D+05
  275  0.00037371      0.49793002D+05
  276  0.00037829      0.49773880D+05
  277  0.00038292      0.49754531D+05
  278  0.00038760      0.49734954D+05
  279  0.00039234      0.49715144D+05
  280  0.00039715      0.49695100D+05
  281  0.00040200      0.49674819D+05
  282  0.00040692      0.49654299D+05
  283  0.00041190      0.49633536D+05
  284  0.00041694      0.49612528D+05
  285  0.00042205      0.49591272D+05
  286  0.00042721      0.49569765D+05
  287  0.00043244      0.49548004D+05
  288  0.00043773      0.49525987D+05
  289  0.00044309      0.49503710D+05
  290  0.00044851      0.49481171D+05
  291  0.00045400      0.49458367D+05
  292  0.00045955      0.49435294D+05
  293  0.00046518      0.49411950D+05
  294  0.00047087      0.49388332D+05
  295  0.00047663      0.49364436D+05
  296  0.00048246      0.49340260D+05
  297  0.00048837      0.49315800D+05
  298  0.00049434      0.49291053D+05
  299  0.00050039      0.49266015D+05
  300  0.00050651      0.49240685D+05
  301  0.00051271      0.49215057D+05
  302  0.00051899      0.49189130D+05
  303  0.00052534      0.49162899D+05
  304  0.00053177      0.49136362D+05
  305  0.00053827      0.49109515D+05
  306  0.00054486      0.49082354D+05
  307  0.00055153      0.49054876D+05
  308  0.00055828      0.49027078D+05
  309  0.00056511      0.48998955D+05
  310  0.00057202      0.48970505D+05
  311  0.00057902      0.48941723D+05
  312  0.00058611      0.48912607D+05
  313  0.00059328      0.48883152D+05
  314  0.00060054      0.48853355D+05
  315  0.00060789      0.48823211D+05
  316  0.00061533      0.48792718D+05
  317  0.00062286      0.48761871D+05
  318  0.00063048      0.48730667D+05
  319  0.00063819      0.48699101D+05
  320  0.00064600      0.48667170D+05
  321  0.00065391      0.48634869D+05
  322  0.00066191      0.48602195D+05
  323  0.00067001      0.48569144D+05
  324  0.00067821      0.48535711D+05
  325  0.00068651      0.48501892D+05
  326  0.00069491      0.48467684D+05
  327  0.00070341      0.48433082D+05
  328  0.00071202      0.48398081D+05
  329  0.00072073      0.48362679D+05
  330  0.00072955      0.48326869D+05
  331  0.00073848      0.48290648D+05
  332  0.00074751      0.48254012D+05
  333  0.00075666      0.48216956D+05
  334  0.00076592      0.48179476D+05
  335  0.00077529      0.48141566D+05
  336  0.00078478      0.48103224D+05
  337  0.00079438      0.48064443D+05
  338  0.00080410      0.48025220D+05
  339  0.00081394      0.47985549D+05
  340  0.00082390      0.47945426D+05
  341  0.00083398      0.47904847D+05
  342  0.00084419      0.47863806D+05
  343  0.00085452      0.47822299D+05
  344  0.00086498      0.47780321D+05
  345  0.00087556      0.47737867D+05
  346  0.00088628      0.47694932D+05
  347  0.00089712      0.47651511D+05
  348  0.00090810      0.47607599D+05
  349  0.00091921      0.47563191D+05
  350  0.00093046      0.47518282D+05
  351  0.00094184      0.47472867D+05
  352  0.00095337      0.47426940D+05
  353  0.00096504      0.47380497D+05
  354  0.00097684      0.47333532D+05
  355  0.00098880      0.47286040D+05
  356  0.00100090      0.47238015D+05
  357  0.00101315      0.47189452D+05
  358  0.00102554      0.47140347D+05
  359  0.00103809      0.47090692D+05
  360  0.00105080      0.47040484D+05
  361  0.00106365      0.46989716D+05
  362  0.00107667      0.46938382D+05
  363  0.00108984      0.46886478D+05
  364  0.00110318      0.46833997D+05
  365  0.00111668      0.46780934D+05
  366  0.00113034      0.46727284D+05
  367  0.00114418      0.46673039D+05
  368  0.00115818      0.46618195D+05
  369  0.00117235      0.46562746D+05
  370  0.00118670      0.46506686D+05
  371  0.00120122      0.46450009D+05
  372  0.00121592      0.46392709D+05
  373  0.00123079      0.46334780D+05
  374  0.00124586      0.46276216D+05
  375  0.00126110      0.46217012D+05
  376  0.00127653      0.46157160D+05
  377  0.00129215      0.46096655D+05
  378  0.00130797      0.46035491D+05
  379  0.00132397      0.45973661D+05
  380  0.00134017      0.45911159D+05
  381  0.00135657      0.45847980D+05
  382  0.00137317      0.45784116D+05
  383  0.00138997      0.45719562D+05
  384  0.00140698      0.45654311D+05
  385  0.00142420      0.45588357D+05
  386  0.00144163      0.45521693D+05
  387  0.00145927      0.45454313D+05
  388  0.00147713      0.45386211D+05
  389  0.00149520      0.45317380D+05
  390  0.00151350      0.45247813D+05
  391  0.00153202      0.45177504D+05
  392  0.00155076      0.45106446D+05
  393  0.00156974      0.45034633D+05
  394  0.00158895      0.44962059D+05
  395  0.00160839      0.44888716D+05
  396  0.00162807      0.44814597D+05
  397  0.00164800      0.44739698D+05
  398  0.00166816      0.44664009D+05
  399  0.00168858      0.44587526D+05
  400  0.00170924      0.44510240D+05
  401  0.00173015      0.44432146D+05
  402  0.00175133      0.44353236D+05
  403  0.00177276      0.44273504D+05
  404  0.00179445      0.44192943D+05
  405  0.00181641      0.44111547D+05
  406  0.00183863      0.44029307D+05
  407  0.00186113      0.43946219D+05
  408  0.00188391      0.43862274D+05
  409  0.00190696      0.43777465D+05
  410  0.00193030      0.43691787D+05
  411  0.00195392      0.43605232D+05
  412  0.00197783      0.43517794D+05
  413  0.00200203      0.43429464D+05
  414  0.00202653      0.43340238D+05
  415  0.00205132      0.43250107D+05
  416  0.00207643      0.43159065D+05
  417  0.00210183      0.43067106D+05
  418  0.00212755      0.42974221D+05
  419  0.00215359      0.42880405D+05
  420  0.00217994      0.42785651D+05
  421  0.00220662      0.42689952D+05
  422  0.00223362      0.42593300D+05
  423  0.00226095      0.42495690D+05
  424  0.00228862      0.42397115D+05
  425  0.00231662      0.42297568D+05
  426  0.00234497      0.42197041D+05
  427  0.00237367      0.42095530D+05
  428  0.00240271      0.41993026D+05
  429  0.00243211      0.41889523D+05
  430  0.00246188      0.41785016D+05
  431  0.00249200      0.41679496D+05
  432  0.00252249      0.41572958D+05
  433  0.00255336      0.41465396D+05
  434  0.00258461      0.41356802D+05
  435  0.00261623      0.41247171D+05
  436  0.00264825      0.41136496D+05
  437  0.00268065      0.41024771D+05
  438  0.00271346      0.40911989D+05
  439  0.00274666      0.40798146D+05
  440  0.00278027      0.40683234D+05
  441  0.00281429      0.40567247D+05
  442  0.00284873      0.40450180D+05
  443  0.00288359      0.40332026D+05
  444  0.00291888      0.40212781D+05
  445  0.00295459      0.40092437D+05
  446  0.00299075      0.39970991D+05
  447  0.00302735      0.39848435D+05
  448  0.00306439      0.39724765D+05
  449  0.00310189      0.39599975D+05
  450  0.00313985      0.39474059D+05
  451  0.00317827      0.39347014D+05
  452  0.00321716      0.39218833D+05
  453  0.00325653      0.39089512D+05
  454  0.00329638      0.38959045D+05
  455  0.00333671      0.38827429D+05
  456  0.00337754      0.38694658D+05
  457  0.00341887      0.38560729D+05
  458  0.00346071      0.38425636D+05
  459  0.00350306      0.38289375D+05
  460  0.00354592      0.38151943D+05
  461  0.00358932      0.38013335D+05
  462  0.00363324      0.37873547D+05
  463  0.00367770      0.37732577D+05
  464  0.00372270      0.37590420D+05
  465  0.00376825      0.37447073D+05
  466  0.00381436      0.37302533D+05
  467  0.00386104      0.37156797D+05
  468  0.00390829      0.37009863D+05
  469  0.00395611      0.36861727D+05
  470  0.00400452      0.36712386D+05
  471  0.00405352      0.36561840D+05
  472  0.00410313      0.36410085D+05
  473  0.00415333      0.36257121D+05
  474  0.00420416      0.36102944D+05
  475  0.00425560      0.35947555D+05
  476  0.00430768      0.35790951D+05
  477  0.00436039      0.35633131D+05
  478  0.00441375      0.35474095D+05
  479  0.00446776      0.35313843D+05
  480  0.00452243      0.35152374D+05
  481  0.00457777      0.34989687D+05
  482  0.00463379      0.34825784D+05
  483  0.00469049      0.34660664D+05
  484  0.00474788      0.34494328D+05
  485  0.00480598      0.34326778D+05
  486  0.00486479      0.34158015D+05
  487  0.00492432      0.33988039D+05
  488  0.00498458      0.33816854D+05
  489  0.00504558      0.33644461D+05
  490  0.00510732      0.33470862D+05
  491  0.00516981      0.33296060D+05
  492  0.00523308      0.33120059D+05
  493  0.00529711      0.32942862D+05
  494  0.00536193      0.32764472D+05
  495  0.00542754      0.32584894D+05
  496  0.00549396      0.32404131D+05
  497  0.00556119      0.32222189D+05
  498  0.00562924      0.32039072D+05
  499  0.00569812      0.31854787D+05
  500  0.00576785      0.31669338D+05
  501  0.00583843      0.31482732D+05
  502  0.00590987      0.31294976D+05
  503  0.00598219      0.31106076D+05
  504  0.00605539      0.30916039D+05
  505  0.00612949      0.30724874D+05
  506  0.00620450      0.30532588D+05
  507  0.00628042      0.30339190D+05
  508  0.00635727      0.30144689D+05
  509  0.00643507      0.29949094D+05
  510  0.00651381      0.29752415D+05
  511  0.00659352      0.29554661D+05
  512  0.00667420      0.29355844D+05
  513  0.00675587      0.29155975D+05
  514  0.00683854      0.28955065D+05
  515  0.00692222      0.28753125D+05
  516  0.00700693      0.28550169D+05
  517  0.00709267      0.28346209D+05
  518  0.00717946      0.28141259D+05
  519  0.00726732      0.27935331D+05
  520  0.00735625      0.27728442D+05
  521  0.00744626      0.27520604D+05
  522  0.00753738      0.27311834D+05
  523  0.00762961      0.27102146D+05
  524  0.00772298      0.26891559D+05
  525  0.00781748      0.26680087D+05
  526  0.00791314      0.26467748D+05
  527  0.00800997      0.26254560D+05
  528  0.00810799      0.26040541D+05
  529  0.00820720      0.25825709D+05
  530  0.00830763      0.25610085D+05
  531  0.00840929      0.25393687D+05
  532  0.00851220      0.25176536D+05
  533  0.00861636      0.24958653D+05
  534  0.00872179      0.24740058D+05
  535  0.00882852      0.24520775D+05
  536  0.00893655      0.24300824D+05
  537  0.00904591      0.24080229D+05
  538  0.00915660      0.23859013D+05
  539  0.00926865      0.23637201D+05
  540  0.00938207      0.23414816D+05
  541  0.00949687      0.23191883D+05
  542  0.00961308      0.22968429D+05
  543  0.00973072      0.22744478D+05
  544  0.00984979      0.22520057D+05
  545  0.00997032      0.22295195D+05
  546  0.01009232      0.22069917D+05
  547  0.01021582      0.21844252D+05
  548  0.01034083      0.21618228D+05
  549  0.01046737      0.21391876D+05
  550  0.01059546      0.21165223D+05
  551  0.01072511      0.20938301D+05
  552  0.01085635      0.20711139D+05
  553  0.01098920      0.20483769D+05
  554  0.01112367      0.20256223D+05
  555  0.01125979      0.20028532D+05
  556  0.01139757      0.19800729D+05
  557  0.01153704      0.19572846D+05
  558  0.01167822      0.19344918D+05
  559  0.01182112      0.19116977D+05
  560  0.01196577      0.18889058D+05
  561  0.01211220      0.18661196D+05
  562  0.01226041      0.18433426D+05
  563  0.01241044      0.18205783D+05
  564  0.01256230      0.17978304D+05
  565  0.01271602      0.17751023D+05
  566  0.01287163      0.17523979D+05
  567  0.01302913      0.17297207D+05
  568  0.01318857      0.17070746D+05
  569  0.01334995      0.16844632D+05
  570  0.01351332      0.16618904D+05
  571  0.01367867      0.16393599D+05
  572  0.01384606      0.16168757D+05
  573  0.01401549      0.15944416D+05
  574  0.01418699      0.15720616D+05
  575  0.01436060      0.15497394D+05
  576  0.01453632      0.15274791D+05
  577  0.01471420      0.15052846D+05
  578  0.01489426      0.14831599D+05
  579  0.01507651      0.14611089D+05
  580  0.01526100      0.14391358D+05
  581  0.01544775      0.14172444D+05
  582  0.01563678      0.13954389D+05
  583  0.01582812      0.13737231D+05
  584  0.01602181      0.13521013D+05
  585  0.01621786      0.13305773D+05
  586  0.01641632      0.13091552D+05
  587  0.01661720      0.12878390D+05
  588  0.01682054      0.12666328D+05
  589  0.01702637      0.12455405D+05
  590  0.01723472      0.12245661D+05
  591  0.01744561      0.12037137D+05
  592  0.01765909      0.11829871D+05
  593  0.01787518      0.11623903D+05
  594  0.01809392      0.11419272D+05
  595  0.01831533      0.11216017D+05
  596  0.01853945      0.11014177D+05
  597  0.01876631      0.10813790D+05
  598  0.01899595      0.10614893D+05
  599  0.01922840      0.10417525D+05
  600  0.01946370      0.10221721D+05
  601  0.01970187      0.10027520D+05
  602  0.01994296      0.98349571D+04
  603  0.02018699      0.96440679D+04
  604  0.02043402      0.94548876D+04
  605  0.02068406      0.92674508D+04
  606  0.02093717      0.90817914D+04
  607  0.02119337      0.88979428D+04
  608  0.02145271      0.87159376D+04
  609  0.02171522      0.85358078D+04
  610  0.02198095      0.83575846D+04
  611  0.02224992      0.81812984D+04
  612  0.02252219      0.80069791D+04
  613  0.02279779      0.78346553D+04
  614  0.02307676      0.76643552D+04
  615  0.02335915      0.74961059D+04
  616  0.02364499      0.73299336D+04
  617  0.02393433      0.71658635D+04
  618  0.02422721      0.70039201D+04
  619  0.02452367      0.68441266D+04
  620  0.02482376      0.66865053D+04
  621  0.02512752      0.65310775D+04
  622  0.02543500      0.63778634D+04
  623  0.02574625      0.62268820D+04
  624  0.02606130      0.60781514D+04
  625  0.02638020      0.59316882D+04
  626  0.02670301      0.57875081D+04
  627  0.02702977      0.56456256D+04
  628  0.02736053      0.55060539D+04
  629  0.02769533      0.53688049D+04
  630  0.02803423      0.52338895D+04
  631  0.02837728      0.51013171D+04
  632  0.02872453      0.49710958D+04
  633  0.02907602      0.48432325D+04
  634  0.02943182      0.47177329D+04
  635  0.02979197      0.45946011D+04
  636  0.03015653      0.44738401D+04
  637  0.03052555      0.43554514D+04
  638  0.03089908      0.42394352D+04
  639  0.03127719      0.41257904D+04
  640  0.03165992      0.40145145D+04
  641  0.03204734      0.39056035D+04
  642  0.03243949      0.37990522D+04
  643  0.03283645      0.36948540D+04
  644  0.03323826      0.35930009D+04
  645  0.03364499      0.34934835D+04
  646  0.03405670      0.33962911D+04
  647  0.03447344      0.33014118D+04
  648  0.03489528      0.32088320D+04
  649  0.03532229      0.31185370D+04
  650  0.03575452      0.30305108D+04
  651  0.03619204      0.29447361D+04
  652  0.03663491      0.28611943D+04
  653  0.03708321      0.27798653D+04
  654  0.03753699      0.27007282D+04
  655  0.03799632      0.26237605D+04
  656  0.03846127      0.25489386D+04
  657  0.03893191      0.24762378D+04
  658  0.03940831      0.24056323D+04
  659  0.03989055      0.23370951D+04
  660  0.04037868      0.22705979D+04
  661  0.04087278      0.22061118D+04
  662  0.04137293      0.21436065D+04
  663  0.04187920      0.20830510D+04
  664  0.04239167      0.20244130D+04
  665  0.04291041      0.19676597D+04
  666  0.04343549      0.19127572D+04
  667  0.04396700      0.18596707D+04
  668  0.04450502      0.18083650D+04
  669  0.04504962      0.17588036D+04
  670  0.04560088      0.17109499D+04
  671  0.04615889      0.16647662D+04
  672  0.04672372      0.16202145D+04
  673  0.04729547      0.15772562D+04
  674  0.04787422      0.15358519D+04
  675  0.04846004      0.14959623D+04
  676  0.04905304      0.14575473D+04
  677  0.04965329      0.14205665D+04
  678  0.05026088      0.13849795D+04
  679  0.05087592      0.13507454D+04
  680  0.05149847      0.13178232D+04
  681  0.05212865      0.12861717D+04
  682  0.05276653      0.12557498D+04
  683  0.05341223      0.12265162D+04
  684  0.05406582      0.11984299D+04
  685  0.05472741      0.11714497D+04
  686  0.05539710      0.11455346D+04
  687  0.05607498      0.11206441D+04
  688  0.05676116      0.10967375D+04
  689  0.05745573      0.10737748D+04
  690  0.05815881      0.10517160D+04
  691  0.05887048      0.10305219D+04
  692  0.05959087      0.10101534D+04
  693  0.06032007      0.99057205D+03
  694  0.06105819      0.97174003D+03
  695  0.06180535      0.95361999D+03
  696  0.06256164      0.93617526D+03
  697  0.06332720      0.91936987D+03
  698  0.06410212      0.90316854D+03
  699  0.06488652      0.88753680D+03
  700  0.06568052      0.87244094D+03
  701  0.06648424      0.85784810D+03
  702  0.06729780      0.84372629D+03
  703  0.06812130      0.83004444D+03
  704  0.06895489      0.81677239D+03
  705  0.06979867      0.80388095D+03
  706  0.07065279      0.79134191D+03
  707  0.07151735      0.77912808D+03
  708  0.07239249      0.76721330D+03
  709  0.07327834      0.75557244D+03
  710  0.07417503      0.74418145D+03
  711  0.07508270      0.73301737D+03
  712  0.07600147      0.72205831D+03
  713  0.07693148      0.71128349D+03
  714  0.07787287      0.70067322D+03
  715  0.07882579      0.69020895D+03
  716  0.07979036      0.67987321D+03
  717  0.08076674      0.66964966D+03
  718  0.08175506      0.65952305D+03
  719  0.08275548      0.64947926D+03
  720  0.08376814      0.63950523D+03
  721  0.08479319      0.62958901D+03
  722  0.08583079      0.61971970D+03
  723  0.08688108      0.60988746D+03
  724  0.08794422      0.60008349D+03
  725  0.08902038      0.59030002D+03
  726  0.09010970      0.58053025D+03
  727  0.09121235      0.57076838D+03
  728  0.09232850      0.56100955D+03
  729  0.09345830      0.55124981D+03
  730  0.09460193      0.54148611D+03
  731  0.09575955      0.53171626D+03
  732  0.09693134      0.52193892D+03
  733  0.09811747      0.51215351D+03
  734  0.09931811      0.50236024D+03
  735  0.10053345      0.49256003D+03
  736  0.10176365      0.48275450D+03
  737  0.10300891      0.47294592D+03
  738  0.10426941      0.46313715D+03
  739  0.10554533      0.45333165D+03
  740  0.10683686      0.44353340D+03
  741  0.10814420      0.43374686D+03
  742  0.10946754      0.42397696D+03
  743  0.11080707      0.41422903D+03
  744  0.11216299      0.40450875D+03
  745  0.11353551      0.39482216D+03
  746  0.11492481      0.38517554D+03
  747  0.11633112      0.37557545D+03
  748  0.11775464      0.36602863D+03
  749  0.11919558      0.35654200D+03
  750  0.12065415      0.34712257D+03
  751  0.12213057      0.33777747D+03
  752  0.12362505      0.32851384D+03
  753  0.12513783      0.31933886D+03
  754  0.12666911      0.31025966D+03
  755  0.12821913      0.30128331D+03
  756  0.12978812      0.29241679D+03
  757  0.13137631      0.28366693D+03
  758  0.13298393      0.27504043D+03
  759  0.13461123      0.26654377D+03
  760  0.13625843      0.25818323D+03
  761  0.13792580      0.24996484D+03
  762  0.13961357      0.24189436D+03
  763  0.14132199      0.23397725D+03
  764  0.14305131      0.22621867D+03
  765  0.14480180      0.21862345D+03
  766  0.14657371      0.21119604D+03
  767  0.14836730      0.20394057D+03
  768  0.15018284      0.19686075D+03
  769  0.15202059      0.18995992D+03
  770  0.15388083      0.18324102D+03
  771  0.15576384      0.17670657D+03
  772  0.15766989      0.17035869D+03
  773  0.15959926      0.16419907D+03
  774  0.16155224      0.15822899D+03
  775  0.16352912      0.15244931D+03
  776  0.16553019      0.14686045D+03
  777  0.16755574      0.14146246D+03
  778  0.16960608      0.13625492D+03
  779  0.17168152      0.13123707D+03
  780  0.17378235      0.12640770D+03
  781  0.17590888      0.12176525D+03
  782  0.17806144      0.11730778D+03
  783  0.18024034      0.11303298D+03
  784  0.18244590      0.10893821D+03
  785  0.18467845      0.10502047D+03
  786  0.18693832      0.10127648D+03
  787  0.18922584      0.97702636D+02
  788  0.19154136      0.94295073D+02
  789  0.19388521      0.91049657D+02
  790  0.19625774      0.87962015D+02
  791  0.19865930      0.85027555D+02
  792  0.20109025      0.82241488D+02
  793  0.20355095      0.79598847D+02
  794  0.20604175      0.77094507D+02
  795  0.20856304      0.74723213D+02
  796  0.21111518      0.72479595D+02
  797  0.21369855      0.70358196D+02
  798  0.21631353      0.68353486D+02
  799  0.21896051      0.66459892D+02
  800  0.22163989      0.64671813D+02
  801  0.22435204      0.62983642D+02
  802  0.22709739      0.61389789D+02
  803  0.22987633      0.59884696D+02
  804  0.23268928      0.58462858D+02
  805  0.23553664      0.57118842D+02
  806  0.23841885      0.55847304D+02
  807  0.24133633      0.54643002D+02
  808  0.24428951      0.53500815D+02
  809  0.24727883      0.52415757D+02
  810  0.25030473      0.51382989D+02
  811  0.25336765      0.50397832D+02
  812  0.25646805      0.49455776D+02
  813  0.25960640      0.48552495D+02
  814  0.26278314      0.47683849D+02
  815  0.26599876      0.46845897D+02
  816  0.26925373      0.46034903D+02
  817  0.27254853      0.45247338D+02
  818  0.27588364      0.44479886D+02
  819  0.27925957      0.43729448D+02
  820  0.28267681      0.42993143D+02
  821  0.28613586      0.42268307D+02
  822  0.28963724      0.41552495D+02
  823  0.29318147      0.40843482D+02
  824  0.29676907      0.40139252D+02
  825  0.30040056      0.39438005D+02
  826  0.30407650      0.38738148D+02
  827  0.30779742      0.38038287D+02
  828  0.31156387      0.37337228D+02
  829  0.31537640      0.36633965D+02
  830  0.31923560      0.35927676D+02
  831  0.32314201      0.35217716D+02
  832  0.32709623      0.34503603D+02
  833  0.33109883      0.33785018D+02
  834  0.33515042      0.33061787D+02
  835  0.33925158      0.32333881D+02
  836  0.34340292      0.31601399D+02
  837  0.34760507      0.30864559D+02
  838  0.35185864      0.30123693D+02
  839  0.35616425      0.29379233D+02
  840  0.36052256      0.28631700D+02
  841  0.36493419      0.27881699D+02
  842  0.36939981      0.27129904D+02
  843  0.37392007      0.26377052D+02
  844  0.37849565      0.25623931D+02
  845  0.38312722      0.24871372D+02
  846  0.38781546      0.24120241D+02
  847  0.39256107      0.23371430D+02
  848  0.39736476      0.22625845D+02
  849  0.40222722      0.21884407D+02
  850  0.40714919      0.21148033D+02
  851  0.41213138      0.20417641D+02
  852  0.41717454      0.19694134D+02
  853  0.42227941      0.18978400D+02
  854  0.42744675      0.18271301D+02
  855  0.43267733      0.17573675D+02
  856  0.43797190      0.16886326D+02
  857  0.44333127      0.16210020D+02
  858  0.44875622      0.15545485D+02
  859  0.45424755      0.14893406D+02
  860  0.45980607      0.14254420D+02
  861  0.46543262      0.13629117D+02
  862  0.47112801      0.13018038D+02
  863  0.47689310      0.12421672D+02
  864  0.48272874      0.11840455D+02
  865  0.48863578      0.11274771D+02
  866  0.49461511      0.10724952D+02
  867  0.50066761      0.10191276D+02
  868  0.50679417      0.96739686D+01
  869  0.51299569      0.91732047D+01
  870  0.51927311      0.86891084D+01
  871  0.52562734      0.82217543D+01
  872  0.53205933      0.77711697D+01
  873  0.53857002      0.73373357D+01
  874  0.54516038      0.69201895D+01
  875  0.55183139      0.65196261D+01
  876  0.55858403      0.61355010D+01
  877  0.56541930      0.57676319D+01
  878  0.57233821      0.54158016D+01
  879  0.57934178      0.50797601D+01
  880  0.58643106      0.47592273D+01
  881  0.59360709      0.44538958D+01
  882  0.60087093      0.41634326D+01
  883  0.60822365      0.38874828D+01
  884  0.61566635      0.36256712D+01
  885  0.62320012      0.33776053D+01
  886  0.63082608      0.31428776D+01
  887  0.63854536      0.29210678D+01
  888  0.64635910      0.27117457D+01
  889  0.65426846      0.25144728D+01
  890  0.66227459      0.23288048D+01
  891  0.67037870      0.21542935D+01
  892  0.67858198      0.19904890D+01
  893  0.68688564      0.18369413D+01
  894  0.69529090      0.16932020D+01
  895  0.70379902      0.15588261D+01
  896  0.71241126      0.14333735D+01
  897  0.72112888      0.13164101D+01
  898  0.72995317      0.12075094D+01
  899  0.73888545      0.11062533D+01
  900  0.74792703      0.10122332D+01
  901  0.75707924      0.92505134D+00
  902  0.76634345      0.84432072D+00
  903  0.77572103      0.76966647D+00
  904  0.78521336      0.70072609D+00
  905  0.79482184      0.63714994D+00
  906  0.80454790      0.57860164D+00
  907  0.81439297      0.52475828D+00
  908  0.82435852      0.47531058D+00
  909  0.83444601      0.42996300D+00
  910  0.84465694      0.38843376D+00
  911  0.85499282      0.35045474D+00
  912  0.86545518      0.31577137D+00
  913  0.87604557      0.28414247D+00
  914  0.88676554      0.25533998D+00
  915  0.89761670      0.22914871D+00
  916  0.90860063      0.20536602D+00
  917  0.91971898      0.18380144D+00
  918  0.93097338      0.16427631D+00
  919  0.94236549      0.14662338D+00
  920  0.95389701      0.13068635D+00
  921  0.96556964      0.11631948D+00
  922  0.97738510      0.10338708D+00
  923  0.98934515      0.91763106D-01
  924  1.00145154      0.81330661D-01
  925  1.01370608      0.71981547D-01
  926  1.02611058      0.63615801D-01
  927  1.03866687      0.56141241D-01
  928  1.05137681      0.49473016D-01
  929  1.06424227      0.43533169D-01
  930  1.07726517      0.38250205D-01
  931  1.09044743      0.33558682D-01
  932  1.10379099      0.29398801D-01
  933  1.11729784      0.25716026D-01
  934  1.13096996      0.22460710D-01
  935  1.14480939      0.19587735D-01
  936  1.15881817      0.17056181D-01
  937  1.17299837      0.14828998D-01
  938  1.18735210      0.12872705D-01
  939  1.20188146      0.11157098D-01
  940  1.21658862      0.96549807D-02
  941  1.23147575      0.83419118D-02
  942  1.24654504      0.71959628D-02
  943  1.26179874      0.61974978D-02
  944  1.27723909      0.53289657D-02
  945  1.29286838      0.45747073D-02
  946  1.30868893      0.39207775D-02
  947  1.32470306      0.33547806D-02
  948  1.34091316      0.28657180D-02
  949  1.35732162      0.24438494D-02
  950  1.37393087      0.20805645D-02
  951  1.39074335      0.17682662D-02
  952  1.40776157      0.15002637D-02
  953  1.42498804      0.12706756D-02
  954  1.44242530      0.10743416D-02
  955  1.46007594      0.90674258D-03
  956  1.47794257      0.76392846D-03
  957  1.49602783      0.64245306D-03
  958  1.51433439      0.53931555D-03
  959  1.53286496      0.45190792D-03
  960  1.55162229      0.37796786D-03
  961  1.57060915      0.31553677D-03
  962  1.58982835      0.26292226D-03
  963  1.60928273      0.21866483D-03
  964  1.62897517      0.18150829D-03
  965  1.64890858      0.15037357D-03
  966  1.66908591      0.12433558D-03
  967  1.68951014      0.10260286D-03
  968  1.71018430      0.84499593D-04
  969  1.73111145      0.69449925D-04
  970  1.75229468      0.56964151D-04
  971  1.77373712      0.46626700D-04
  972  1.79544195      0.38085641D-04
  973  1.81741238      0.31043566D-04
  974  1.83965165      0.25249668D-04
  975  1.86216306      0.20492896D-04
  976  1.88494994      0.16596033D-04
  977  1.90801565      0.13410596D-04
  978  1.93136362      0.10812449D-04
  979  1.95499729      0.86980415D-05
  980  1.97892016      0.69811888D-05
  981  2.00313577      0.55903207D-05
  982  2.02764770      0.44661393D-05
  983  2.05245958      0.35596284D-05
  984  2.07757507      0.28303647D-05
  985  2.10299790      0.22450904D-05
  986  2.12873182      0.17765081D-05
  987  2.15478064      0.14022666D-05
  988  2.18114821      0.11041091D-05
  989  2.20783844      0.86715991D-06
  990  2.23485527      0.67932869D-06
  991  2.26220270      0.53081340D-06
  992  2.28988478      0.41368754D-06
  993  2.31790559      0.32155779D-06
  994  2.34626929      0.24928086D-06
  995  2.37498007      0.19272999D-06
  996  2.40404217      0.14860288D-06
  997  2.43345991      0.11426408D-06
  998  2.46323762      0.87616049D-07
  999  2.49337971      0.66994000D-07
 1000  2.52389065      0.51080273D-07
 1001  2.55477494      0.38834908D-07
 1002  2.58603716      0.29439454D-07
 1003  2.61768192      0.22251651D-07
 1004  2.64971392      0.16768966D-07
 1005  2.68213788      0.12599357D-07
 1006  2.71495861      0.94378919D-08
 1007  2.74818096      0.70481065D-08
 1008  2.78180984      0.52471931D-08
 1009  2.81585023      0.38942595D-08
 1010  2.85030717      0.28810573D-08
 1011  2.88518575      0.21246809D-08
 1012  2.92049113      0.15618364D-08
 1013  2.95622854      0.11443582D-08
 1014  2.99240325      0.83571234D-09
 1015  3.02902063      0.60827833D-09
 1016  3.06608608      0.44124465D-09
 1017  3.10360510      0.31898260D-09
 1018  3.14158323      0.22979091D-09
 1019  3.18002609      0.16495255D-09
 1020  3.21893937      0.11798328D-09
 1021  3.25832882      0.84055807D-10
 1022  3.29820027      0.59665016D-10
 1023  3.33855961      0.00000000D+00
 1024  3.37941283      0.00000000D+00
 1025  3.42076596      0.00000000D+00
 1026  3.46262512      0.00000000D+00
 1027  3.50499649      0.00000000D+00
 1028  3.54788636      0.00000000D+00
 1029  3.59130106      0.00000000D+00
 1030  3.63524702      0.00000000D+00
 1031  3.67973074      0.00000000D+00
 1032  3.72475879      0.00000000D+00
 1033  3.77033784      0.00000000D+00
 1034  3.81647463      0.00000000D+00
 1035  3.86317598      0.00000000D+00
 1036  3.91044882      0.00000000D+00
 1037  3.95830011      0.00000000D+00
 1038  4.00673696      0.00000000D+00
 1039  4.05576651      0.00000000D+00
 1040  4.10539603      0.00000000D+00
 1041  4.15563285      0.00000000D+00
 1042  4.20648442      0.00000000D+00
 1043  4.25795824      0.00000000D+00
 1044  4.31006193      0.00000000D+00
 1045  4.36280320      0.00000000D+00
 1046  4.41618986      0.00000000D+00
 1047  4.47022980      0.00000000D+00
 1048  4.52493102      0.00000000D+00
 1049  4.58030160      0.00000000D+00
 1050  4.63634974      0.00000000D+00
 1051  4.69308372      0.00000000D+00
 1052  4.75051195      0.00000000D+00
 1053  4.80864292      0.00000000D+00
 1054  4.86748522      0.00000000D+00
 1055  4.92704756      0.00000000D+00
 1056  4.98733875      0.00000000D+00
 1057  5.04836771      0.00000000D+00
 1058  5.11014347      0.00000000D+00
 1059  5.17267517      0.00000000D+00
 1060  5.23597205      0.00000000D+00
 1061  5.30004348      0.00000000D+00
 1062  5.36489895      0.00000000D+00
 1063  5.43054803      0.00000000D+00
 1064  5.49700044      0.00000000D+00
 1065  5.56426602      0.00000000D+00
 1066  5.63235472      0.00000000D+00
 1067  5.70127660      0.00000000D+00
 1068  5.77104186      0.00000000D+00
 1069  5.84166082      0.00000000D+00
 1070  5.91314394      0.00000000D+00
 1071  5.98550177      0.00000000D+00
 1072  6.05874503      0.00000000D+00
 1073  6.13288456      0.00000000D+00
 1074  6.20793131      0.00000000D+00
 1075  6.28389639      0.00000000D+00
 1076  6.36079105      0.00000000D+00
 1077  6.43862664      0.00000000D+00
 1078  6.51741469      0.00000000D+00
 1079  6.59716686      0.00000000D+00
 1080  6.67789493      0.00000000D+00
 1081  6.75961085      0.00000000D+00
 1082  6.84232672      0.00000000D+00
 1083  6.92605476      0.00000000D+00
 1084  7.01080736      0.00000000D+00
 1085  7.09659706      0.00000000D+00
 1086  7.18343655      0.00000000D+00
 1087  7.27133867      0.00000000D+00
 1088  7.36031644      0.00000000D+00
 1089  7.45038300      0.00000000D+00
 1090  7.54155169      0.00000000D+00
 1091  7.63383600      0.00000000D+00
 1092  7.72724956      0.00000000D+00
 1093  7.82180621      0.00000000D+00
 1094  7.91751992      0.00000000D+00
 1095  8.01440486      0.00000000D+00
 1096  8.11247536      0.00000000D+00
 1097  8.21174593      0.00000000D+00
 1098  8.31223125      0.00000000D+00
 1099  8.41394619      0.00000000D+00
 1100  8.51690579      0.00000000D+00
 1101  8.62112528      0.00000000D+00
