System Description            : Mo, BCC structure                               
Number of Atoms in Unit Cell  : 2                                               
Number of Atomic Species      : 1                                               
Number of Atoms in Each Type  : 2(Mo)                                           
Energy Offset                 : -7946                                           
=======================================================================================
    Iter     Energy      3PV     Efermi   Rms_rho    Rms_pot   Mix  Alg  Alpha 
---------------------------------------------------------------------------------------
**       1  -0.621645  -0.34831  0.80788  0.558E-03  0.447E-02  pot  B   0.1000
         2  -0.622144   0.56326  0.77288  0.127E-03  0.942E-03  pot  B   0.1000
         3  -0.620220   0.51269  0.79589  0.548E-04  0.103E-02  pot  B   0.1000
         4  -0.619770  -1.44382  0.80118  0.213E-03  0.209E-02  pot  B   0.1000
         5  -0.620328   0.03993  0.78612  0.159E-03  0.171E-03  pot  B   0.1000
         6  -0.619925   0.06138  0.79175  0.205E-04  0.300E-03  pot  B   0.1000
         7  -0.619682   0.06274  0.79245  0.895E-05  0.288E-03  pot  B   0.1000
         8  -0.619711   0.03619  0.79336  0.607E-05  0.155E-03  pot  B   0.1000
         9  -0.619723   0.00475  0.79378  0.405E-05  0.809E-04  pot  B   0.1000
        10  -0.619731  -0.00889  0.79398  0.203E-05  0.425E-04  pot  B   0.1000
        11  -0.619740  -0.03142  0.79439  0.317E-05  0.198E-04  pot  B   0.1000
        12  -0.619743  -0.03137  0.79428  0.275E-06  0.189E-04  pot  B   0.1000
        13  -0.619743  -0.02922  0.79421  0.513E-06  0.790E-05  pot  B   0.1000
        14  -0.619742  -0.02824  0.79418  0.219E-06  0.353E-05  pot  B   0.1000
        15  -0.619742  -0.02819  0.79419  0.304E-07  0.315E-05  pot  B   0.1000
        16  -0.619742  -0.02818  0.79419  0.298E-08  0.306E-05  pot  B   0.1000
        17  -0.619742  -0.02833  0.79419  0.247E-07  0.312E-05  pot  B   0.1000
        18  -0.619742  -0.02782  0.79416  0.125E-06  0.706E-07  pot  B   0.1000
        19  -0.619742  -0.02779  0.79416  0.242E-07  0.772E-07  pot  B   0.1000
        20  -0.619742  -0.02779  0.79416  0.458E-08  0.468E-07  pot  B   0.1000
        21  -0.619742  -0.02779  0.79416  0.998E-09  0.551E-07  pot  B   0.1000
        22  -0.619742  -0.02779  0.79416  0.679E-09  0.762E-07  pot  B   0.1000
        23  -0.619742  -0.02779  0.79416  0.270E-09  0.729E-07  pot  B   0.1000
        24  -0.619742  -0.02780  0.79416  0.230E-09  0.418E-07  pot  B   0.1000
        25  -0.619742  -0.02780  0.79416  0.151E-09  0.315E-07  pot  B   0.1000
        26  -0.619742  -0.02780  0.79416  0.703E-10  0.372E-07  pot  B   0.1000
        27  -0.619742  -0.02779  0.79416  0.466E-09  0.449E-07  pot  B   0.1000
        28  -0.619742  -0.02779  0.79416  0.160E-09  0.729E-07  pot  B   0.1000
        29  -0.619742  -0.02779  0.79416  0.121E-10  0.431E-07  pot  B   0.1000
        30  -0.619742  -0.02779  0.79416  0.108E-10  0.416E-07  pot  B   0.1000
        31  -0.619742  -0.02780  0.79416  0.162E-08  0.267E-07  pot  B   0.1000
        32  -0.619742  -0.02780  0.79416  0.275E-09  0.359E-07  pot  B   0.1000
        33  -0.619742  -0.02780  0.79416  0.408E-09  0.570E-07  pot  B   0.1000
        34  -0.619742  -0.02780  0.79416  0.224E-09  0.622E-07  pot  B   0.1000
        35  -0.619742  -0.02780  0.79416  0.619E-10  0.562E-07  pot  B   0.1000
        36  -0.619742  -0.02780  0.79416  0.584E-10  0.620E-07  pot  B   0.1000
        37  -0.619742  -0.02780  0.79416  0.670E-10  0.586E-07  pot  B   0.1000
        38  -0.619742  -0.02780  0.79416  0.178E-09  0.675E-07  pot  B   0.1000
        39  -0.619742  -0.02780  0.79416  0.231E-09  0.304E-07  pot  B   0.1000
        40  -0.619742  -0.02780  0.79416  0.126E-09  0.169E-07  pot  B   0.1000
        41  -0.619742  -0.02780  0.79416  0.601E-10  0.692E-07  pot  B   0.1000
        42  -0.619742  -0.02780  0.79416  0.534E-10  0.245E-07  pot  B   0.1000
        43  -0.619742  -0.02780  0.79416  0.259E-09  0.276E-07  pot  B   0.1000
        44  -0.619742  -0.02780  0.79416  0.103E-09  0.182E-06  pot  B   0.1000
        45  -0.619742  -0.02780  0.79416  0.286E-10  0.185E-07  pot  B   0.1000
        46  -0.619742  -0.02780  0.79416  0.848E-11  0.636E-07  pot  B   0.1000
        47  -0.619742  -0.02780  0.79416  0.377E-10  0.237E-07  pot  B   0.1000
        48  -0.619742  -0.02780  0.79416  0.485E-10  0.632E-07  pot  B   0.1000
        49  -0.619742  -0.02780  0.79416  0.242E-10  0.291E-07  pot  B   0.1000
        50  -0.619742  -0.02780  0.79416  0.368E-10  0.314E-07  pot  B   0.1000
