 ir        r               f(r)
    1  0.00001334      0.51463239D+05
    2  0.00001351      0.51462533D+05
    3  0.00001367      0.51461819D+05
    4  0.00001384      0.51461096D+05
    5  0.00001401      0.51460364D+05
    6  0.00001418      0.51459623D+05
    7  0.00001435      0.51458873D+05
    8  0.00001453      0.51458114D+05
    9  0.00001471      0.51457345D+05
   10  0.00001489      0.51456567D+05
   11  0.00001507      0.51455780D+05
   12  0.00001525      0.51454983D+05
   13  0.00001544      0.51454176D+05
   14  0.00001563      0.51453360D+05
   15  0.00001582      0.51452533D+05
   16  0.00001601      0.51451697D+05
   17  0.00001621      0.51450850D+05
   18  0.00001641      0.51449993D+05
   19  0.00001661      0.51449125D+05
   20  0.00001681      0.51448247D+05
   21  0.00001702      0.51447358D+05
   22  0.00001723      0.51446458D+05
   23  0.00001744      0.51445547D+05
   24  0.00001765      0.51444625D+05
   25  0.00001787      0.51443692D+05
   26  0.00001808      0.51442747D+05
   27  0.00001831      0.51441791D+05
   28  0.00001853      0.51440823D+05
   29  0.00001876      0.51439843D+05
   30  0.00001899      0.51438851D+05
   31  0.00001922      0.51437848D+05
   32  0.00001945      0.51436832D+05
   33  0.00001969      0.51435803D+05
   34  0.00001993      0.51434762D+05
   35  0.00002018      0.51433708D+05
   36  0.00002042      0.51432642D+05
   37  0.00002067      0.51431562D+05
   38  0.00002093      0.51430469D+05
   39  0.00002118      0.51429363D+05
   40  0.00002144      0.51428243D+05
   41  0.00002170      0.51427110D+05
   42  0.00002197      0.51425962D+05
   43  0.00002224      0.51424801D+05
   44  0.00002251      0.51423626D+05
   45  0.00002279      0.51422436D+05
   46  0.00002306      0.51421232D+05
   47  0.00002335      0.51420013D+05
   48  0.00002363      0.51418779D+05
   49  0.00002392      0.51417530D+05
   50  0.00002421      0.51416265D+05
   51  0.00002451      0.51414986D+05
   52  0.00002481      0.51413690D+05
   53  0.00002511      0.51412379D+05
   54  0.00002542      0.51411052D+05
   55  0.00002573      0.51409709D+05
   56  0.00002605      0.51408349D+05
   57  0.00002637      0.51406973D+05
   58  0.00002669      0.51405580D+05
   59  0.00002701      0.51404169D+05
   60  0.00002735      0.51402742D+05
   61  0.00002768      0.51401297D+05
   62  0.00002802      0.51399835D+05
   63  0.00002836      0.51398354D+05
   64  0.00002871      0.51396856D+05
   65  0.00002906      0.51395339D+05
   66  0.00002942      0.51393804D+05
   67  0.00002978      0.51392250D+05
   68  0.00003014      0.51390678D+05
   69  0.00003051      0.51389085D+05
   70  0.00003088      0.51387474D+05
   71  0.00003126      0.51385843D+05
   72  0.00003164      0.51384192D+05
   73  0.00003203      0.51382520D+05
   74  0.00003242      0.51380829D+05
   75  0.00003282      0.51379117D+05
   76  0.00003322      0.51377383D+05
   77  0.00003363      0.51375629D+05
   78  0.00003404      0.51373853D+05
   79  0.00003445      0.51372056D+05
   80  0.00003488      0.51370237D+05
   81  0.00003530      0.51368395D+05
   82  0.00003573      0.51366531D+05
   83  0.00003617      0.51364644D+05
   84  0.00003661      0.51362735D+05
   85  0.00003706      0.51360802D+05
   86  0.00003752      0.51358845D+05
   87  0.00003798      0.51356865D+05
   88  0.00003844      0.51354860D+05
   89  0.00003891      0.51352831D+05
   90  0.00003939      0.51350777D+05
   91  0.00003987      0.51348698D+05
   92  0.00004036      0.51346594D+05
   93  0.00004085      0.51344464D+05
   94  0.00004135      0.51342308D+05
   95  0.00004186      0.51340126D+05
   96  0.00004237      0.51337917D+05
   97  0.00004289      0.51335682D+05
   98  0.00004341      0.51333419D+05
   99  0.00004394      0.51331128D+05
  100  0.00004448      0.51328810D+05
  101  0.00004502      0.51326463D+05
  102  0.00004558      0.51324088D+05
  103  0.00004613      0.51321683D+05
  104  0.00004670      0.51319250D+05
  105  0.00004727      0.51316786D+05
  106  0.00004785      0.51314293D+05
  107  0.00004843      0.51311769D+05
  108  0.00004903      0.51309215D+05
  109  0.00004963      0.51306630D+05
  110  0.00005023      0.51304012D+05
  111  0.00005085      0.51301364D+05
  112  0.00005147      0.51298682D+05
  113  0.00005210      0.51295968D+05
  114  0.00005274      0.51293221D+05
  115  0.00005338      0.51290441D+05
  116  0.00005404      0.51287627D+05
  117  0.00005470      0.51284778D+05
  118  0.00005537      0.51281895D+05
  119  0.00005604      0.51278977D+05
  120  0.00005673      0.51276023D+05
  121  0.00005742      0.51273033D+05
  122  0.00005813      0.51270006D+05
  123  0.00005884      0.51266943D+05
  124  0.00005956      0.51263843D+05
  125  0.00006029      0.51260705D+05
  126  0.00006102      0.51257528D+05
  127  0.00006177      0.51254313D+05
  128  0.00006253      0.51251059D+05
  129  0.00006329      0.51247765D+05
  130  0.00006407      0.51244431D+05
  131  0.00006485      0.51241057D+05
  132  0.00006564      0.51237641D+05
  133  0.00006645      0.51234184D+05
  134  0.00006726      0.51230685D+05
  135  0.00006808      0.51227143D+05
  136  0.00006892      0.51223558D+05
  137  0.00006976      0.51219930D+05
  138  0.00007061      0.51216257D+05
  139  0.00007148      0.51212540D+05
  140  0.00007235      0.51208778D+05
  141  0.00007324      0.51204970D+05
  142  0.00007413      0.51201115D+05
  143  0.00007504      0.51197214D+05
  144  0.00007596      0.51193265D+05
  145  0.00007689      0.51189268D+05
  146  0.00007783      0.51185222D+05
  147  0.00007878      0.51181128D+05
  148  0.00007975      0.51176983D+05
  149  0.00008072      0.51172789D+05
  150  0.00008171      0.51168543D+05
  151  0.00008271      0.51164246D+05
  152  0.00008372      0.51159896D+05
  153  0.00008475      0.51155494D+05
  154  0.00008578      0.51151038D+05
  155  0.00008683      0.51146528D+05
  156  0.00008790      0.51141963D+05
  157  0.00008897      0.51137343D+05
  158  0.00009006      0.51132666D+05
  159  0.00009116      0.51127933D+05
  160  0.00009228      0.51123143D+05
  161  0.00009341      0.51118294D+05
  162  0.00009455      0.51113386D+05
  163  0.00009571      0.51108419D+05
  164  0.00009688      0.51103391D+05
  165  0.00009806      0.51098303D+05
  166  0.00009926      0.51093153D+05
  167  0.00010048      0.51087940D+05
  168  0.00010171      0.51082664D+05
  169  0.00010295      0.51077324D+05
  170  0.00010421      0.51071919D+05
  171  0.00010549      0.51066449D+05
  172  0.00010678      0.51060912D+05
  173  0.00010808      0.51055308D+05
  174  0.00010941      0.51049637D+05
  175  0.00011075      0.51043896D+05
  176  0.00011210      0.51038086D+05
  177  0.00011347      0.51032205D+05
  178  0.00011486      0.51026254D+05
  179  0.00011627      0.51020230D+05
  180  0.00011769      0.51014133D+05
  181  0.00011913      0.51007962D+05
  182  0.00012059      0.51001717D+05
  183  0.00012206      0.50995395D+05
  184  0.00012356      0.50988998D+05
  185  0.00012507      0.50982522D+05
  186  0.00012660      0.50975969D+05
  187  0.00012815      0.50969336D+05
  188  0.00012972      0.50962623D+05
  189  0.00013130      0.50955828D+05
  190  0.00013291      0.50948952D+05
  191  0.00013454      0.50941992D+05
  192  0.00013618      0.50934948D+05
  193  0.00013785      0.50927818D+05
  194  0.00013954      0.50920603D+05
  195  0.00014124      0.50913300D+05
  196  0.00014297      0.50905909D+05
  197  0.00014472      0.50898429D+05
  198  0.00014649      0.50890858D+05
  199  0.00014829      0.50883196D+05
  200  0.00015010      0.50875441D+05
  201  0.00015194      0.50867592D+05
  202  0.00015380      0.50859649D+05
  203  0.00015568      0.50851610D+05
  204  0.00015758      0.50843473D+05
  205  0.00015951      0.50835239D+05
  206  0.00016146      0.50826905D+05
  207  0.00016344      0.50818470D+05
  208  0.00016544      0.50809934D+05
  209  0.00016746      0.50801294D+05
  210  0.00016951      0.50792551D+05
  211  0.00017159      0.50783702D+05
  212  0.00017369      0.50774746D+05
  213  0.00017581      0.50765682D+05
  214  0.00017796      0.50756509D+05
  215  0.00018014      0.50747226D+05
  216  0.00018235      0.50737830D+05
  217  0.00018458      0.50728322D+05
  218  0.00018683      0.50718699D+05
  219  0.00018912      0.50708960D+05
  220  0.00019144      0.50699103D+05
  221  0.00019378      0.50689128D+05
  222  0.00019615      0.50679033D+05
  223  0.00019855      0.50668817D+05
  224  0.00020098      0.50658477D+05
  225  0.00020344      0.50648014D+05
  226  0.00020593      0.50637424D+05
  227  0.00020845      0.50626707D+05
  228  0.00021100      0.50615861D+05
  229  0.00021358      0.50604885D+05
  230  0.00021619      0.50593777D+05
  231  0.00021884      0.50582536D+05
  232  0.00022152      0.50571159D+05
  233  0.00022423      0.50559646D+05
  234  0.00022697      0.50547995D+05
  235  0.00022975      0.50536204D+05
  236  0.00023256      0.50524271D+05
  237  0.00023541      0.50512196D+05
  238  0.00023829      0.50499975D+05
  239  0.00024120      0.50487608D+05
  240  0.00024415      0.50475093D+05
  241  0.00024714      0.50462428D+05
  242  0.00025017      0.50449611D+05
  243  0.00025323      0.50436640D+05
  244  0.00025633      0.50423514D+05
  245  0.00025946      0.50410231D+05
  246  0.00026264      0.50396790D+05
  247  0.00026585      0.50383187D+05
  248  0.00026910      0.50369421D+05
  249  0.00027240      0.50355491D+05
  250  0.00027573      0.50341395D+05
  251  0.00027911      0.50327130D+05
  252  0.00028252      0.50312694D+05
  253  0.00028598      0.50298086D+05
  254  0.00028948      0.50283304D+05
  255  0.00029302      0.50268345D+05
  256  0.00029660      0.50253208D+05
  257  0.00030023      0.50237890D+05
  258  0.00030391      0.50222389D+05
  259  0.00030763      0.50206704D+05
  260  0.00031139      0.50190832D+05
  261  0.00031520      0.50174771D+05
  262  0.00031906      0.50158518D+05
  263  0.00032296      0.50142072D+05
  264  0.00032692      0.50125430D+05
  265  0.00033092      0.50108590D+05
  266  0.00033497      0.50091550D+05
  267  0.00033906      0.50074307D+05
  268  0.00034321      0.50056859D+05
  269  0.00034741      0.50039204D+05
  270  0.00035166      0.50021339D+05
  271  0.00035597      0.50003263D+05
  272  0.00036032      0.49984971D+05
  273  0.00036473      0.49966463D+05
  274  0.00036920      0.49947735D+05
  275  0.00037371      0.49928785D+05
  276  0.00037829      0.49909611D+05
  277  0.00038292      0.49890209D+05
  278  0.00038760      0.49870578D+05
  279  0.00039234      0.49850715D+05
  280  0.00039715      0.49830616D+05
  281  0.00040200      0.49810280D+05
  282  0.00040692      0.49789703D+05
  283  0.00041190      0.49768884D+05
  284  0.00041694      0.49747818D+05
  285  0.00042205      0.49726504D+05
  286  0.00042721      0.49704938D+05
  287  0.00043244      0.49683118D+05
  288  0.00043773      0.49661041D+05
  289  0.00044309      0.49638704D+05
  290  0.00044851      0.49616103D+05
  291  0.00045400      0.49593237D+05
  292  0.00045955      0.49570101D+05
  293  0.00046518      0.49546693D+05
  294  0.00047087      0.49523010D+05
  295  0.00047663      0.49499049D+05
  296  0.00048246      0.49474807D+05
  297  0.00048837      0.49450280D+05
  298  0.00049434      0.49425465D+05
  299  0.00050039      0.49400360D+05
  300  0.00050651      0.49374960D+05
  301  0.00051271      0.49349263D+05
  302  0.00051899      0.49323264D+05
  303  0.00052534      0.49296962D+05
  304  0.00053177      0.49270353D+05
  305  0.00053827      0.49243432D+05
  306  0.00054486      0.49216197D+05
  307  0.00055153      0.49188644D+05
  308  0.00055828      0.49160769D+05
  309  0.00056511      0.49132570D+05
  310  0.00057202      0.49104042D+05
  311  0.00057902      0.49075182D+05
  312  0.00058611      0.49045986D+05
  313  0.00059328      0.49016451D+05
  314  0.00060054      0.48986572D+05
  315  0.00060789      0.48956346D+05
  316  0.00061533      0.48925770D+05
  317  0.00062286      0.48894839D+05
  318  0.00063048      0.48863549D+05
  319  0.00063819      0.48831897D+05
  320  0.00064600      0.48799878D+05
  321  0.00065391      0.48767489D+05
  322  0.00066191      0.48734726D+05
  323  0.00067001      0.48701585D+05
  324  0.00067821      0.48668060D+05
  325  0.00068651      0.48634150D+05
  326  0.00069491      0.48599848D+05
  327  0.00070341      0.48565151D+05
  328  0.00071202      0.48530055D+05
  329  0.00072073      0.48494556D+05
  330  0.00072955      0.48458648D+05
  331  0.00073848      0.48422329D+05
  332  0.00074751      0.48385592D+05
  333  0.00075666      0.48348435D+05
  334  0.00076592      0.48310852D+05
  335  0.00077529      0.48272839D+05
  336  0.00078478      0.48234392D+05
  337  0.00079438      0.48195505D+05
  338  0.00080410      0.48156174D+05
  339  0.00081394      0.48116395D+05
  340  0.00082390      0.48076163D+05
  341  0.00083398      0.48035473D+05
  342  0.00084419      0.47994320D+05
  343  0.00085452      0.47952700D+05
  344  0.00086498      0.47910607D+05
  345  0.00087556      0.47868037D+05
  346  0.00088628      0.47824984D+05
  347  0.00089712      0.47781445D+05
  348  0.00090810      0.47737413D+05
  349  0.00091921      0.47692883D+05
  350  0.00093046      0.47647851D+05
  351  0.00094184      0.47602312D+05
  352  0.00095337      0.47556260D+05
  353  0.00096504      0.47509690D+05
  354  0.00097684      0.47462596D+05
  355  0.00098880      0.47414974D+05
  356  0.00100090      0.47366818D+05
  357  0.00101315      0.47318123D+05
  358  0.00102554      0.47268883D+05
  359  0.00103809      0.47219093D+05
  360  0.00105080      0.47168747D+05
  361  0.00106365      0.47117840D+05
  362  0.00107667      0.47066366D+05
  363  0.00108984      0.47014320D+05
  364  0.00110318      0.46961696D+05
  365  0.00111668      0.46908488D+05
  366  0.00113034      0.46854691D+05
  367  0.00114418      0.46800298D+05
  368  0.00115818      0.46745304D+05
  369  0.00117235      0.46689703D+05
  370  0.00118670      0.46633490D+05
  371  0.00120122      0.46576658D+05
  372  0.00121592      0.46519201D+05
  373  0.00123079      0.46461114D+05
  374  0.00124586      0.46402390D+05
  375  0.00126110      0.46343023D+05
  376  0.00127653      0.46283007D+05
  377  0.00129215      0.46222337D+05
  378  0.00130797      0.46161005D+05
  379  0.00132397      0.46099006D+05
  380  0.00134017      0.46036334D+05
  381  0.00135657      0.45972982D+05
  382  0.00137317      0.45908944D+05
  383  0.00138997      0.45844213D+05
  384  0.00140698      0.45778783D+05
  385  0.00142420      0.45712649D+05
  386  0.00144163      0.45645802D+05
  387  0.00145927      0.45578238D+05
  388  0.00147713      0.45509949D+05
  389  0.00149520      0.45440930D+05
  390  0.00151350      0.45371172D+05
  391  0.00153202      0.45300671D+05
  392  0.00155076      0.45229419D+05
  393  0.00156974      0.45157410D+05
  394  0.00158895      0.45084636D+05
  395  0.00160839      0.45011093D+05
  396  0.00162807      0.44936772D+05
  397  0.00164800      0.44861667D+05
  398  0.00166816      0.44785771D+05
  399  0.00168858      0.44709078D+05
  400  0.00170924      0.44631581D+05
  401  0.00173015      0.44553273D+05
  402  0.00175133      0.44474147D+05
  403  0.00177276      0.44394197D+05
  404  0.00179445      0.44313416D+05
  405  0.00181641      0.44231796D+05
  406  0.00183863      0.44149332D+05
  407  0.00186113      0.44066016D+05
  408  0.00188391      0.43981841D+05
  409  0.00190696      0.43896800D+05
  410  0.00193030      0.43810888D+05
  411  0.00195392      0.43724096D+05
  412  0.00197783      0.43636417D+05
  413  0.00200203      0.43547846D+05
  414  0.00202653      0.43458376D+05
  415  0.00205132      0.43367998D+05
  416  0.00207643      0.43276707D+05
  417  0.00210183      0.43184495D+05
  418  0.00212755      0.43091356D+05
  419  0.00215359      0.42997284D+05
  420  0.00217994      0.42902270D+05
  421  0.00220662      0.42806308D+05
  422  0.00223362      0.42709392D+05
  423  0.00226095      0.42611515D+05
  424  0.00228862      0.42512669D+05
  425  0.00231662      0.42412849D+05
  426  0.00234497      0.42312048D+05
  427  0.00237367      0.42210258D+05
  428  0.00240271      0.42107473D+05
  429  0.00243211      0.42003687D+05
  430  0.00246188      0.41898893D+05
  431  0.00249200      0.41793084D+05
  432  0.00252249      0.41686255D+05
  433  0.00255336      0.41578397D+05
  434  0.00258461      0.41469506D+05
  435  0.00261623      0.41359574D+05
  436  0.00264825      0.41248596D+05
  437  0.00268065      0.41136565D+05
  438  0.00271346      0.41023475D+05
  439  0.00274666      0.40909319D+05
  440  0.00278027      0.40794092D+05
  441  0.00281429      0.40677787D+05
  442  0.00284873      0.40560399D+05
  443  0.00288359      0.40441922D+05
  444  0.00291888      0.40322350D+05
  445  0.00295459      0.40201676D+05
  446  0.00299075      0.40079897D+05
  447  0.00302735      0.39957005D+05
  448  0.00306439      0.39832996D+05
  449  0.00310189      0.39707864D+05
  450  0.00313985      0.39581603D+05
  451  0.00317827      0.39454209D+05
  452  0.00321716      0.39325677D+05
  453  0.00325653      0.39196002D+05
  454  0.00329638      0.39065178D+05
  455  0.00333671      0.38933201D+05
  456  0.00337754      0.38800066D+05
  457  0.00341887      0.38665769D+05
  458  0.00346071      0.38530306D+05
  459  0.00350306      0.38393671D+05
  460  0.00354592      0.38255862D+05
  461  0.00358932      0.38116874D+05
  462  0.00363324      0.37976704D+05
  463  0.00367770      0.37835347D+05
  464  0.00372270      0.37692800D+05
  465  0.00376825      0.37549060D+05
  466  0.00381436      0.37404124D+05
  467  0.00386104      0.37257989D+05
  468  0.00390829      0.37110651D+05
  469  0.00395611      0.36962109D+05
  470  0.00400452      0.36812360D+05
  471  0.00405352      0.36661401D+05
  472  0.00410313      0.36509230D+05
  473  0.00415333      0.36355846D+05
  474  0.00420416      0.36201247D+05
  475  0.00425560      0.36045431D+05
  476  0.00430768      0.35888398D+05
  477  0.00436039      0.35730146D+05
  478  0.00441375      0.35570674D+05
  479  0.00446776      0.35409983D+05
  480  0.00452243      0.35248071D+05
  481  0.00457777      0.35084939D+05
  482  0.00463379      0.34920586D+05
  483  0.00469049      0.34755014D+05
  484  0.00474788      0.34588223D+05
  485  0.00480598      0.34420213D+05
  486  0.00486479      0.34250988D+05
  487  0.00492432      0.34080547D+05
  488  0.00498458      0.33908892D+05
  489  0.00504558      0.33736027D+05
  490  0.00510732      0.33561953D+05
  491  0.00516981      0.33386672D+05
  492  0.00523308      0.33210189D+05
  493  0.00529711      0.33032507D+05
  494  0.00536193      0.32853629D+05
  495  0.00542754      0.32673558D+05
  496  0.00549396      0.32492301D+05
  497  0.00556119      0.32309861D+05
  498  0.00562924      0.32126243D+05
  499  0.00569812      0.31941454D+05
  500  0.00576785      0.31755497D+05
  501  0.00583843      0.31568381D+05
  502  0.00590987      0.31380111D+05
  503  0.00598219      0.31190695D+05
  504  0.00605539      0.31000138D+05
  505  0.00612949      0.30808451D+05
  506  0.00620450      0.30615639D+05
  507  0.00628042      0.30421713D+05
  508  0.00635727      0.30226680D+05
  509  0.00643507      0.30030551D+05
  510  0.00651381      0.29833334D+05
  511  0.00659352      0.29635041D+05
  512  0.00667420      0.29435681D+05
  513  0.00675587      0.29235266D+05
  514  0.00683854      0.29033807D+05
  515  0.00692222      0.28831317D+05
  516  0.00700693      0.28627807D+05
  517  0.00709267      0.28423291D+05
  518  0.00717946      0.28217782D+05
  519  0.00726732      0.28011294D+05
  520  0.00735625      0.27803840D+05
  521  0.00744626      0.27595436D+05
  522  0.00753738      0.27386098D+05
  523  0.00762961      0.27175840D+05
  524  0.00772298      0.26964679D+05
  525  0.00781748      0.26752632D+05
  526  0.00791314      0.26539716D+05
  527  0.00800997      0.26325948D+05
  528  0.00810799      0.26111348D+05
  529  0.00820720      0.25895933D+05
  530  0.00830763      0.25679724D+05
  531  0.00840929      0.25462739D+05
  532  0.00851220      0.25244999D+05
  533  0.00861636      0.25026525D+05
  534  0.00872179      0.24807338D+05
  535  0.00882852      0.24587461D+05
  536  0.00893655      0.24366915D+05
  537  0.00904591      0.24145723D+05
  538  0.00915660      0.23923910D+05
  539  0.00926865      0.23701498D+05
  540  0.00938207      0.23478513D+05
  541  0.00949687      0.23254979D+05
  542  0.00961308      0.23030921D+05
  543  0.00973072      0.22806367D+05
  544  0.00984979      0.22581343D+05
  545  0.00997032      0.22355875D+05
  546  0.01009232      0.22129991D+05
  547  0.01021582      0.21903720D+05
  548  0.01034083      0.21677090D+05
  549  0.01046737      0.21450130D+05
  550  0.01059546      0.21222871D+05
  551  0.01072511      0.20995341D+05
  552  0.01085635      0.20767572D+05
  553  0.01098920      0.20539595D+05
  554  0.01112367      0.20311441D+05
  555  0.01125979      0.20083143D+05
  556  0.01139757      0.19854733D+05
  557  0.01153704      0.19626244D+05
  558  0.01167822      0.19397710D+05
  559  0.01182112      0.19169164D+05
  560  0.01196577      0.18940641D+05
  561  0.01211220      0.18712176D+05
  562  0.01226041      0.18483803D+05
  563  0.01241044      0.18255559D+05
  564  0.01256230      0.18027480D+05
  565  0.01271602      0.17799601D+05
  566  0.01287163      0.17571959D+05
  567  0.01302913      0.17344592D+05
  568  0.01318857      0.17117537D+05
  569  0.01334995      0.16890832D+05
  570  0.01351332      0.16664514D+05
  571  0.01367867      0.16438623D+05
  572  0.01384606      0.16213195D+05
  573  0.01401549      0.15988272D+05
  574  0.01418699      0.15763891D+05
  575  0.01436060      0.15540091D+05
  576  0.01453632      0.15316914D+05
  577  0.01471420      0.15094397D+05
  578  0.01489426      0.14872581D+05
  579  0.01507651      0.14651506D+05
  580  0.01526100      0.14431213D+05
  581  0.01544775      0.14211740D+05
  582  0.01563678      0.13993130D+05
  583  0.01582812      0.13775421D+05
  584  0.01602181      0.13558655D+05
  585  0.01621786      0.13342871D+05
  586  0.01641632      0.13128111D+05
  587  0.01661720      0.12914414D+05
  588  0.01682054      0.12701822D+05
  589  0.01702637      0.12490373D+05
  590  0.01723472      0.12280108D+05
  591  0.01744561      0.12071067D+05
  592  0.01765909      0.11863289D+05
  593  0.01787518      0.11656815D+05
  594  0.01809392      0.11451683D+05
  595  0.01831533      0.11247932D+05
  596  0.01853945      0.11045602D+05
  597  0.01876631      0.10844729D+05
  598  0.01899595      0.10645353D+05
  599  0.01922840      0.10447512D+05
  600  0.01946370      0.10251241D+05
  601  0.01970187      0.10056579D+05
  602  0.01994296      0.98635609D+04
  603  0.02018699      0.96722229D+04
  604  0.02043402      0.94826003D+04
  605  0.02068406      0.92947278D+04
  606  0.02093717      0.91086393D+04
  607  0.02119337      0.89243683D+04
  608  0.02145271      0.87419475D+04
  609  0.02171522      0.85614091D+04
  610  0.02198095      0.83827843D+04
  611  0.02224992      0.82061037D+04
  612  0.02252219      0.80313970D+04
  613  0.02279779      0.78586933D+04
  614  0.02307676      0.76880206D+04
  615  0.02335915      0.75194061D+04
  616  0.02364499      0.73528761D+04
  617  0.02393433      0.71884560D+04
  618  0.02422721      0.70261700D+04
  619  0.02452367      0.68660418D+04
  620  0.02482376      0.67080934D+04
  621  0.02512752      0.65523464D+04
  622  0.02543500      0.63988208D+04
  623  0.02574625      0.62475358D+04
  624  0.02606130      0.60985094D+04
  625  0.02638020      0.59517584D+04
  626  0.02670301      0.58072984D+04
  627  0.02702977      0.56651439D+04
  628  0.02736053      0.55253082D+04
  629  0.02769533      0.53878031D+04
  630  0.02803423      0.52526395D+04
  631  0.02837728      0.51198268D+04
  632  0.02872453      0.49893731D+04
  633  0.02907602      0.48612853D+04
  634  0.02943182      0.47355690D+04
  635  0.02979197      0.46122283D+04
  636  0.03015653      0.44912660D+04
  637  0.03052555      0.43726838D+04
  638  0.03089908      0.42564817D+04
  639  0.03127719      0.41426585D+04
  640  0.03165992      0.40312116D+04
  641  0.03204734      0.39221371D+04
  642  0.03243949      0.38154295D+04
  643  0.03283645      0.37110822D+04
  644  0.03323826      0.36090870D+04
  645  0.03364499      0.35094345D+04
  646  0.03405670      0.34121139D+04
  647  0.03447344      0.33171130D+04
  648  0.03489528      0.32244182D+04
  649  0.03532229      0.31340146D+04
  650  0.03575452      0.30458861D+04
  651  0.03619204      0.29600151D+04
  652  0.03663491      0.28763829D+04
  653  0.03708321      0.27949694D+04
  654  0.03753699      0.27157533D+04
  655  0.03799632      0.26387119D+04
  656  0.03846127      0.25638216D+04
  657  0.03893191      0.24910574D+04
  658  0.03940831      0.24203932D+04
  659  0.03989055      0.23518017D+04
  660  0.04037868      0.22852548D+04
  661  0.04087278      0.22207230D+04
  662  0.04137293      0.21581758D+04
  663  0.04187920      0.20975821D+04
  664  0.04239167      0.20389093D+04
  665  0.04291041      0.19821243D+04
  666  0.04343549      0.19271930D+04
  667  0.04396700      0.18740804D+04
  668  0.04450502      0.18227508D+04
  669  0.04504962      0.17731678D+04
  670  0.04560088      0.17252942D+04
  671  0.04615889      0.16790923D+04
  672  0.04672372      0.16345236D+04
  673  0.04729547      0.15915492D+04
  674  0.04787422      0.15501298D+04
  675  0.04846004      0.15102253D+04
  676  0.04905304      0.14717957D+04
  677  0.04965329      0.14348003D+04
  678  0.05026088      0.13991982D+04
  679  0.05087592      0.13649484D+04
  680  0.05149847      0.13320095D+04
  681  0.05212865      0.13003401D+04
  682  0.05276653      0.12698989D+04
  683  0.05341223      0.12406442D+04
  684  0.05406582      0.12125348D+04
  685  0.05472741      0.11855292D+04
  686  0.05539710      0.11595862D+04
  687  0.05607498      0.11346649D+04
  688  0.05676116      0.11107246D+04
  689  0.05745573      0.10877248D+04
  690  0.05815881      0.10656255D+04
  691  0.05887048      0.10443871D+04
  692  0.05959087      0.10239704D+04
  693  0.06032007      0.10043366D+04
  694  0.06105819      0.98544780D+03
  695  0.06180535      0.96726639D+03
  696  0.06256164      0.94975554D+03
  697  0.06332720      0.93287910D+03
  698  0.06410212      0.91660165D+03
  699  0.06488652      0.90088853D+03
  700  0.06568052      0.88570592D+03
  701  0.06648424      0.87102083D+03
  702  0.06729780      0.85680116D+03
  703  0.06812130      0.84301573D+03
  704  0.06895489      0.82963430D+03
  705  0.06979867      0.81662761D+03
  706  0.07065279      0.80396740D+03
  707  0.07151735      0.79162643D+03
  708  0.07239249      0.77957850D+03
  709  0.07327834      0.76779850D+03
  710  0.07417503      0.75626237D+03
  711  0.07508270      0.74494716D+03
  712  0.07600147      0.73383103D+03
  713  0.07693148      0.72289325D+03
  714  0.07787287      0.71211420D+03
  715  0.07882579      0.70147540D+03
  716  0.07979036      0.69095951D+03
  717  0.08076674      0.68055028D+03
  718  0.08175506      0.67023263D+03
  719  0.08275548      0.65999256D+03
  720  0.08376814      0.64981719D+03
  721  0.08479319      0.63969475D+03
  722  0.08583079      0.62961453D+03
  723  0.08688108      0.61956692D+03
  724  0.08794422      0.60954335D+03
  725  0.08902038      0.59953628D+03
  726  0.09010970      0.58953918D+03
  727  0.09121235      0.57954651D+03
  728  0.09232850      0.56955369D+03
  729  0.09345830      0.55955707D+03
  730  0.09460193      0.54955393D+03
  731  0.09575955      0.53954238D+03
  732  0.09693134      0.52952140D+03
  733  0.09811747      0.51949076D+03
  734  0.09931811      0.50945103D+03
  735  0.10053345      0.49940347D+03
  736  0.10176365      0.48935007D+03
  737  0.10300891      0.47929345D+03
  738  0.10426941      0.46923687D+03
  739  0.10554533      0.45918416D+03
  740  0.10683686      0.44913967D+03
  741  0.10814420      0.43910826D+03
  742  0.10946754      0.42909523D+03
  743  0.11080707      0.41910629D+03
  744  0.11216299      0.40914752D+03
  745  0.11353551      0.39922531D+03
  746  0.11492481      0.38934635D+03
  747  0.11633112      0.37951755D+03
  748  0.11775464      0.36974601D+03
  749  0.11919558      0.36003902D+03
  750  0.12065415      0.35040393D+03
  751  0.12213057      0.34084821D+03
  752  0.12362505      0.33137934D+03
  753  0.12513783      0.32200481D+03
  754  0.12666911      0.31273204D+03
  755  0.12821913      0.30356841D+03
  756  0.12978812      0.29452115D+03
  757  0.13137631      0.28559738D+03
  758  0.13298393      0.27680402D+03
  759  0.13461123      0.26814778D+03
  760  0.13625843      0.25963514D+03
  761  0.13792580      0.25127232D+03
  762  0.13961357      0.24306525D+03
  763  0.14132199      0.23501953D+03
  764  0.14305131      0.22714044D+03
  765  0.14480180      0.21943290D+03
  766  0.14657371      0.21190146D+03
  767  0.14836730      0.20455029D+03
  768  0.15018284      0.19738314D+03
  769  0.15202059      0.19040335D+03
  770  0.15388083      0.18361385D+03
  771  0.15576384      0.17701712D+03
  772  0.15766989      0.17061520D+03
  773  0.15959926      0.16440972D+03
  774  0.16155224      0.15840184D+03
  775  0.16352912      0.15259227D+03
  776  0.16553019      0.14698129D+03
  777  0.16755574      0.14156876D+03
  778  0.16960608      0.13635407D+03
  779  0.17168152      0.13133622D+03
  780  0.17378235      0.12651379D+03
  781  0.17590888      0.12188493D+03
  782  0.17806144      0.11744743D+03
  783  0.18024034      0.11319867D+03
  784  0.18244590      0.10913571D+03
  785  0.18467845      0.10525522D+03
  786  0.18693832      0.10155357D+03
  787  0.18922584      0.98026806D+02
  788  0.19154136      0.94670685D+02
  789  0.19388521      0.91480698D+02
  790  0.19625774      0.88452087D+02
  791  0.19865930      0.85579864D+02
  792  0.20109025      0.82858839D+02
  793  0.20355095      0.80283641D+02
  794  0.20604175      0.77848740D+02
  795  0.20856304      0.75548472D+02
  796  0.21111518      0.73377060D+02
  797  0.21369855      0.71328640D+02
  798  0.21631353      0.69397284D+02
  799  0.21896051      0.67577022D+02
  800  0.22163989      0.65861863D+02
  801  0.22435204      0.64245823D+02
  802  0.22709739      0.62722938D+02
  803  0.22987633      0.61287292D+02
  804  0.23268928      0.59933036D+02
  805  0.23553664      0.58654404D+02
  806  0.23841885      0.57445734D+02
  807  0.24133633      0.56301485D+02
  808  0.24428951      0.55216256D+02
  809  0.24727883      0.54184795D+02
  810  0.25030473      0.53202021D+02
  811  0.25336765      0.52263030D+02
  812  0.25646805      0.51363114D+02
  813  0.25960640      0.50497764D+02
  814  0.26278314      0.49662685D+02
  815  0.26599876      0.48853802D+02
  816  0.26925373      0.48067268D+02
  817  0.27254853      0.47299467D+02
  818  0.27588364      0.46547019D+02
  819  0.27925957      0.45806787D+02
  820  0.28267681      0.45075872D+02
  821  0.28613586      0.44351619D+02
  822  0.28963724      0.43631613D+02
  823  0.29318147      0.42913680D+02
  824  0.29676907      0.42195881D+02
  825  0.30040056      0.41476511D+02
  826  0.30407650      0.40754092D+02
  827  0.30779742      0.40027369D+02
  828  0.31156387      0.39295300D+02
  829  0.31537640      0.38557053D+02
  830  0.31923560      0.37811996D+02
  831  0.32314201      0.37059685D+02
  832  0.32709623      0.36299861D+02
  833  0.33109883      0.35532432D+02
  834  0.33515042      0.34757470D+02
  835  0.33925158      0.33975198D+02
  836  0.34340292      0.33185975D+02
  837  0.34760507      0.32390290D+02
  838  0.35185864      0.31588748D+02
  839  0.35616425      0.30782060D+02
  840  0.36052256      0.29971029D+02
  841  0.36493419      0.29156543D+02
  842  0.36939981      0.28339557D+02
  843  0.37392007      0.27521091D+02
  844  0.37849565      0.26702211D+02
  845  0.38312722      0.25884021D+02
  846  0.38781546      0.25067656D+02
  847  0.39256107      0.24254268D+02
  848  0.39736476      0.23445019D+02
  849  0.40222722      0.22641071D+02
  850  0.40714919      0.21843578D+02
  851  0.41213138      0.21053678D+02
  852  0.41717454      0.20272485D+02
  853  0.42227941      0.19501085D+02
  854  0.42744675      0.18740525D+02
  855  0.43267733      0.17991810D+02
  856  0.43797190      0.17255898D+02
  857  0.44333127      0.16533697D+02
  858  0.44875622      0.15826056D+02
  859  0.45424755      0.15133766D+02
  860  0.45980607      0.14457556D+02
  861  0.46543262      0.13798090D+02
  862  0.47112801      0.13155967D+02
  863  0.47689310      0.12531715D+02
  864  0.48272874      0.11925798D+02
  865  0.48863578      0.11338608D+02
  866  0.49461511      0.10770470D+02
  867  0.50066761      0.10221640D+02
  868  0.50679417      0.96923078D+01
  869  0.51299569      0.91825968D+01
  870  0.51927311      0.86925665D+01
  871  0.52562734      0.82222140D+01
  872  0.53205933      0.77714767D+01
  873  0.53857002      0.73402344D+01
  874  0.54516038      0.69283122D+01
  875  0.55183139      0.65354833D+01
  876  0.55858403      0.61614723D+01
  877  0.56541930      0.58059582D+01
  878  0.57233821      0.54685779D+01
  879  0.57934178      0.51489295D+01
  880  0.58643106      0.48465757D+01
  881  0.59360709      0.45610476D+01
  882  0.60087093      0.42918480D+01
  883  0.60822365      0.40384548D+01
  884  0.61566635      0.38003248D+01
  885  0.62320012      0.35768969D+01
  886  0.63082608      0.33675955D+01
  887  0.63854536      0.31718338D+01
  888  0.64635910      0.29890170D+01
  889  0.65426846      0.28185452D+01
  890  0.66227459      0.26598163D+01
  891  0.67037870      0.25122290D+01
  892  0.67858198      0.23751852D+01
  893  0.68688564      0.22480927D+01
  894  0.69529090      0.21303672D+01
  895  0.70379902      0.20214344D+01
  896  0.71241126      0.19207323D+01
  897  0.72112888      0.18277128D+01
  898  0.72995317      0.17418430D+01
  899  0.73888545      0.16626070D+01
  900  0.74792703      0.15895070D+01
  901  0.75707924      0.15220642D+01
  902  0.76634345      0.14598200D+01
  903  0.77572103      0.14023364D+01
  904  0.78521336      0.13491967D+01
  905  0.79482184      0.13000061D+01
  906  0.80454790      0.12543914D+01
  907  0.81439297      0.12120017D+01
  908  0.82435852      0.11725083D+01
  909  0.83444601      0.11356041D+01
  910  0.84465694      0.11010039D+01
  911  0.85499282      0.10684438D+01
  912  0.86545518      0.10376807D+01
  913  0.87604557      0.10084919D+01
  914  0.88676554      0.98067443D+00
  915  0.89761670      0.95404424D+00
  916  0.90860063      0.92843567D+00
  917  0.91971898      0.90370055D+00
  918  0.93097338      0.87970734D+00
  919  0.94236549      0.85634030D+00
  920  0.95389701      0.83349857D+00
  921  0.96556964      0.81109528D+00
  922  0.97738510      0.78905662D+00
  923  0.98934515      0.76732086D+00
  924  1.00145154      0.74583751D+00
  925  1.01370608      0.72456632D+00
  926  1.02611058      0.70347643D+00
  927  1.03866687      0.68254545D+00
  928  1.05137681      0.66175860D+00
  929  1.06424227      0.64110791D+00
  930  1.07726517      0.62059138D+00
  931  1.09044743      0.60021220D+00
  932  1.10379099      0.57997807D+00
  933  1.11729784      0.55990046D+00
  934  1.13096996      0.53999397D+00
  935  1.14480939      0.52027571D+00
  936  1.15881817      0.50076479D+00
  937  1.17299837      0.48148169D+00
  938  1.18735210      0.46244787D+00
  939  1.20188146      0.44368532D+00
  940  1.21658862      0.42521612D+00
  941  1.23147575      0.40706211D+00
  942  1.24654504      0.38924462D+00
  943  1.26179874      0.37178412D+00
  944  1.27723909      0.35470005D+00
  945  1.29286838      0.33801060D+00
  946  1.30868893      0.32173252D+00
  947  1.32470306      0.30588104D+00
  948  1.34091316      0.29046970D+00
  949  1.35732162      0.27551035D+00
  950  1.37393087      0.26101304D+00
  951  1.39074335      0.24698604D+00
  952  1.40776157      0.23343580D+00
  953  1.42498804      0.22036698D+00
  954  1.44242530      0.20778250D+00
  955  1.46007594      0.19568356D+00
  956  1.47794257      0.18406971D+00
  957  1.49602783      0.17293895D+00
  958  1.51433439      0.16228776D+00
  959  1.53286496      0.15211122D+00
  960  1.55162229      0.14240312D+00
  961  1.57060915      0.13315601D+00
  962  1.58982835      0.12436136D+00
  963  1.60928273      0.11600963D+00
  964  1.62897517      0.10809036D+00
  965  1.64890858      0.10059234D+00
  966  1.66908591      0.93503623D-01
  967  1.68951014      0.86811712D-01
  968  1.71018430      0.80503597D-01
  969  1.73111145      0.74565879D-01
  970  1.75229468      0.68984851D-01
  971  1.77373712      0.63746588D-01
  972  1.79544195      0.58837025D-01
  973  1.81741238      0.54242035D-01
  974  1.83965165      0.49947499D-01
  975  1.86216306      0.45939370D-01
  976  1.88494994      0.42203734D-01
  977  1.90801565      0.38726866D-01
  978  1.93136362      0.35495274D-01
  979  1.95499729      0.32495745D-01
  980  1.97892016      0.29715384D-01
  981  2.00313577      0.27141645D-01
  982  2.02764770      0.24762359D-01
  983  2.05245958      0.22565761D-01
  984  2.07757507      0.20540503D-01
  985  2.10299790      0.18675675D-01
  986  2.12873182      0.16960809D-01
  987  2.15478064      0.15385895D-01
  988  2.18114821      0.13941376D-01
  989  2.20783844      0.12618156D-01
  990  2.23485527      0.11407594D-01
  991  2.26220270      0.10301502D-01
  992  2.28988478      0.92921368D-02
  993  2.31790559      0.83721915D-02
  994  2.34626929      0.75347870D-02
  995  2.37498007      0.67734592D-02
  996  2.40404217      0.60821463D-02
  997  2.43345991      0.54551750D-02
  998  2.46323762      0.48872457D-02
  999  2.49337971      0.43734176D-02
 1000  2.52389065      0.39090928D-02
 1001  2.55477494      0.34900001D-02
 1002  2.58603716      0.31125918D-02
 1003  2.61768192      0.27734398D-02
 1004  2.64971392      0.24689388D-02
 1005  2.68213788      0.21957960D-02
 1006  2.71495861      0.19510066D-02
 1007  2.74818096      0.17318309D-02
 1008  2.78180984      0.15357731D-02
 1009  2.81585023      0.13605616D-02
 1010  2.85030717      0.12041306D-02
 1011  2.88518575      0.10646033D-02
 1012  2.92049113      0.94027579D-03
 1013  2.95622854      0.82960310D-03
 1014  2.99240325      0.73118524D-03
 1015  3.02902063      0.64375496D-03
 1016  3.06608608      0.56616627D-03
 1017  3.10360510      0.49738376D-03
 1018  3.14158323      0.43647294D-03
 1019  3.18002609      0.38259116D-03
 1020  3.21893937      0.33497942D-03
 1021  3.25832882      0.29295471D-03
 1022  3.29820027      0.25590307D-03
 1023  3.33855961      0.00000000D+00
 1024  3.37941283      0.00000000D+00
 1025  3.42076596      0.00000000D+00
 1026  3.46262512      0.00000000D+00
 1027  3.50499649      0.00000000D+00
 1028  3.54788636      0.00000000D+00
 1029  3.59130106      0.00000000D+00
 1030  3.63524702      0.00000000D+00
 1031  3.67973074      0.00000000D+00
 1032  3.72475879      0.00000000D+00
 1033  3.77033784      0.00000000D+00
 1034  3.81647463      0.00000000D+00
 1035  3.86317598      0.00000000D+00
 1036  3.91044882      0.00000000D+00
 1037  3.95830011      0.00000000D+00
 1038  4.00673696      0.00000000D+00
 1039  4.05576651      0.00000000D+00
 1040  4.10539603      0.00000000D+00
 1041  4.15563285      0.00000000D+00
 1042  4.20648442      0.00000000D+00
 1043  4.25795824      0.00000000D+00
 1044  4.31006193      0.00000000D+00
 1045  4.36280320      0.00000000D+00
 1046  4.41618986      0.00000000D+00
 1047  4.47022980      0.00000000D+00
 1048  4.52493102      0.00000000D+00
 1049  4.58030160      0.00000000D+00
 1050  4.63634974      0.00000000D+00
 1051  4.69308372      0.00000000D+00
 1052  4.75051195      0.00000000D+00
 1053  4.80864292      0.00000000D+00
 1054  4.86748522      0.00000000D+00
 1055  4.92704756      0.00000000D+00
 1056  4.98733875      0.00000000D+00
 1057  5.04836771      0.00000000D+00
 1058  5.11014347      0.00000000D+00
 1059  5.17267517      0.00000000D+00
 1060  5.23597205      0.00000000D+00
 1061  5.30004348      0.00000000D+00
 1062  5.36489895      0.00000000D+00
 1063  5.43054803      0.00000000D+00
 1064  5.49700044      0.00000000D+00
 1065  5.56426602      0.00000000D+00
 1066  5.63235472      0.00000000D+00
 1067  5.70127660      0.00000000D+00
 1068  5.77104186      0.00000000D+00
 1069  5.84166082      0.00000000D+00
 1070  5.91314394      0.00000000D+00
 1071  5.98550177      0.00000000D+00
 1072  6.05874503      0.00000000D+00
 1073  6.13288456      0.00000000D+00
 1074  6.20793131      0.00000000D+00
 1075  6.28389639      0.00000000D+00
 1076  6.36079105      0.00000000D+00
 1077  6.43862664      0.00000000D+00
 1078  6.51741469      0.00000000D+00
 1079  6.59716686      0.00000000D+00
 1080  6.67789493      0.00000000D+00
 1081  6.75961085      0.00000000D+00
 1082  6.84232672      0.00000000D+00
 1083  6.92605476      0.00000000D+00
 1084  7.01080736      0.00000000D+00
 1085  7.09659706      0.00000000D+00
 1086  7.18343655      0.00000000D+00
 1087  7.27133867      0.00000000D+00
 1088  7.36031644      0.00000000D+00
 1089  7.45038300      0.00000000D+00
 1090  7.54155169      0.00000000D+00
 1091  7.63383600      0.00000000D+00
 1092  7.72724956      0.00000000D+00
 1093  7.82180621      0.00000000D+00
 1094  7.91751992      0.00000000D+00
 1095  8.01440486      0.00000000D+00
 1096  8.11247536      0.00000000D+00
 1097  8.21174593      0.00000000D+00
 1098  8.31223125      0.00000000D+00
 1099  8.41394619      0.00000000D+00
 1100  8.51690579      0.00000000D+00
 1101  8.62112528      0.00000000D+00
