 ir        r              f(r)*r^2
    1  0.00001465      0.87882369D-07
    2  0.00001483      0.90028125D-07
    3  0.00001501      0.92226256D-07
    4  0.00001519      0.94478039D-07
    5  0.00001538      0.96784783D-07
    6  0.00001556      0.99147829D-07
    7  0.00001575      0.10156855D-06
    8  0.00001594      0.10404835D-06
    9  0.00001614      0.10658868D-06
   10  0.00001633      0.10919101D-06
   11  0.00001653      0.11185685D-06
   12  0.00001673      0.11458775D-06
   13  0.00001693      0.11738531D-06
   14  0.00001714      0.12025113D-06
   15  0.00001735      0.12318690D-06
   16  0.00001756      0.12619431D-06
   17  0.00001777      0.12927512D-06
   18  0.00001799      0.13243111D-06
   19  0.00001821      0.13566411D-06
   20  0.00001843      0.13897601D-06
   21  0.00001865      0.14236873D-06
   22  0.00001888      0.14584425D-06
   23  0.00001911      0.14940457D-06
   24  0.00001934      0.15305177D-06
   25  0.00001957      0.15678797D-06
   26  0.00001981      0.16061533D-06
   27  0.00002005      0.16453609D-06
   28  0.00002030      0.16855251D-06
   29  0.00002054      0.17266693D-06
   30  0.00002079      0.17688174D-06
   31  0.00002104      0.18119939D-06
   32  0.00002130      0.18562239D-06
   33  0.00002156      0.19015330D-06
   34  0.00002182      0.19479475D-06
   35  0.00002208      0.19954944D-06
   36  0.00002235      0.20442014D-06
   37  0.00002262      0.20940966D-06
   38  0.00002290      0.21452091D-06
   39  0.00002318      0.21975685D-06
   40  0.00002346      0.22512053D-06
   41  0.00002374      0.23061505D-06
   42  0.00002403      0.23624361D-06
   43  0.00002432      0.24200947D-06
   44  0.00002462      0.24791598D-06
   45  0.00002492      0.25396657D-06
   46  0.00002522      0.26016475D-06
   47  0.00002553      0.26651412D-06
   48  0.00002584      0.27301836D-06
   49  0.00002615      0.27968124D-06
   50  0.00002647      0.28650664D-06
   51  0.00002679      0.29349852D-06
   52  0.00002711      0.30066092D-06
   53  0.00002744      0.30799801D-06
   54  0.00002778      0.31551404D-06
   55  0.00002811      0.32321338D-06
   56  0.00002846      0.33110048D-06
   57  0.00002880      0.33917993D-06
   58  0.00002915      0.34745640D-06
   59  0.00002950      0.35593471D-06
   60  0.00002986      0.36461977D-06
   61  0.00003023      0.37351661D-06
   62  0.00003059      0.38263040D-06
   63  0.00003096      0.39196641D-06
   64  0.00003134      0.40153007D-06
   65  0.00003172      0.41132692D-06
   66  0.00003211      0.42136263D-06
   67  0.00003250      0.43164303D-06
   68  0.00003289      0.44217407D-06
   69  0.00003329      0.45296186D-06
   70  0.00003369      0.46401266D-06
   71  0.00003410      0.47533286D-06
   72  0.00003452      0.48692903D-06
   73  0.00003494      0.49880789D-06
   74  0.00003536      0.51097632D-06
   75  0.00003579      0.52344137D-06
   76  0.00003622      0.53621027D-06
   77  0.00003666      0.54929041D-06
   78  0.00003711      0.56268937D-06
   79  0.00003756      0.57641491D-06
   80  0.00003802      0.59047499D-06
   81  0.00003848      0.60487774D-06
   82  0.00003894      0.61963150D-06
   83  0.00003942      0.63474483D-06
   84  0.00003990      0.65022647D-06
   85  0.00004038      0.66608539D-06
   86  0.00004087      0.68233077D-06
   87  0.00004137      0.69897201D-06
   88  0.00004187      0.71601875D-06
   89  0.00004238      0.73348085D-06
   90  0.00004289      0.75136843D-06
   91  0.00004341      0.76969183D-06
   92  0.00004394      0.78846165D-06
   93  0.00004447      0.80768877D-06
   94  0.00004501      0.82738430D-06
   95  0.00004556      0.84755964D-06
   96  0.00004611      0.86822646D-06
   97  0.00004667      0.88939672D-06
   98  0.00004724      0.91108266D-06
   99  0.00004781      0.93329682D-06
  100  0.00004839      0.95605205D-06
  101  0.00004898      0.97936151D-06
  102  0.00004958      0.10032387D-05
  103  0.00005018      0.10276973D-05
  104  0.00005079      0.10527517D-05
  105  0.00005140      0.10784161D-05
  106  0.00005203      0.11047055D-05
  107  0.00005266      0.11316351D-05
  108  0.00005330      0.11592204D-05
  109  0.00005395      0.11874773D-05
  110  0.00005460      0.12164223D-05
  111  0.00005526      0.12460719D-05
  112  0.00005594      0.12764434D-05
  113  0.00005661      0.13075542D-05
  114  0.00005730      0.13394224D-05
  115  0.00005800      0.13720663D-05
  116  0.00005870      0.14055048D-05
  117  0.00005941      0.14397571D-05
  118  0.00006014      0.14748432D-05
  119  0.00006087      0.15107832D-05
  120  0.00006161      0.15475978D-05
  121  0.00006235      0.15853083D-05
  122  0.00006311      0.16239365D-05
  123  0.00006388      0.16635046D-05
  124  0.00006465      0.17040355D-05
  125  0.00006544      0.17455525D-05
  126  0.00006623      0.17880796D-05
  127  0.00006704      0.18316413D-05
  128  0.00006785      0.18762627D-05
  129  0.00006867      0.19219696D-05
  130  0.00006951      0.19687883D-05
  131  0.00007035      0.20167457D-05
  132  0.00007121      0.20658696D-05
  133  0.00007207      0.21161881D-05
  134  0.00007295      0.21677304D-05
  135  0.00007383      0.22205261D-05
  136  0.00007473      0.22746055D-05
  137  0.00007563      0.23299999D-05
  138  0.00007655      0.23867411D-05
  139  0.00007748      0.24448618D-05
  140  0.00007842      0.25043954D-05
  141  0.00007938      0.25653763D-05
  142  0.00008034      0.26278394D-05
  143  0.00008132      0.26918208D-05
  144  0.00008230      0.27573573D-05
  145  0.00008330      0.28244864D-05
  146  0.00008431      0.28932469D-05
  147  0.00008534      0.29636783D-05
  148  0.00008637      0.30358210D-05
  149  0.00008742      0.31097166D-05
  150  0.00008848      0.31854075D-05
  151  0.00008956      0.32629371D-05
  152  0.00009065      0.33423501D-05
  153  0.00009175      0.34236920D-05
  154  0.00009286      0.35070095D-05
  155  0.00009399      0.35923506D-05
  156  0.00009513      0.36797641D-05
  157  0.00009628      0.37693003D-05
  158  0.00009745      0.38610106D-05
  159  0.00009864      0.39549474D-05
  160  0.00009983      0.40511649D-05
  161  0.00010105      0.41497181D-05
  162  0.00010227      0.42506635D-05
  163  0.00010351      0.43540590D-05
  164  0.00010477      0.44599640D-05
  165  0.00010604      0.45684390D-05
  166  0.00010733      0.46795463D-05
  167  0.00010863      0.47933494D-05
  168  0.00010995      0.49099136D-05
  169  0.00011129      0.50293057D-05
  170  0.00011264      0.51515939D-05
  171  0.00011401      0.52768482D-05
  172  0.00011539      0.54051405D-05
  173  0.00011679      0.55365439D-05
  174  0.00011821      0.56711337D-05
  175  0.00011965      0.58089870D-05
  176  0.00012110      0.59501824D-05
  177  0.00012257      0.60948007D-05
  178  0.00012406      0.62429245D-05
  179  0.00012556      0.63946385D-05
  180  0.00012709      0.65500293D-05
  181  0.00012863      0.67091857D-05
  182  0.00013019      0.68721985D-05
  183  0.00013177      0.70391608D-05
  184  0.00013337      0.72101679D-05
  185  0.00013499      0.73853172D-05
  186  0.00013663      0.75647087D-05
  187  0.00013829      0.77484447D-05
  188  0.00013997      0.79366300D-05
  189  0.00014167      0.81293717D-05
  190  0.00014339      0.83267796D-05
  191  0.00014513      0.85289663D-05
  192  0.00014689      0.87360468D-05
  193  0.00014868      0.89481390D-05
  194  0.00015048      0.91653636D-05
  195  0.00015231      0.93878442D-05
  196  0.00015416      0.96157074D-05
  197  0.00015603      0.98490826D-05
  198  0.00015793      0.10088103D-04
  199  0.00015984      0.10332903D-04
  200  0.00016178      0.10583623D-04
  201  0.00016375      0.10840405D-04
  202  0.00016574      0.11103395D-04
  203  0.00016775      0.11372742D-04
  204  0.00016979      0.11648599D-04
  205  0.00017185      0.11931122D-04
  206  0.00017393      0.12220472D-04
  207  0.00017605      0.12516812D-04
  208  0.00017818      0.12820310D-04
  209  0.00018035      0.13131139D-04
  210  0.00018254      0.13449474D-04
  211  0.00018475      0.13775495D-04
  212  0.00018700      0.14109388D-04
  213  0.00018927      0.14451340D-04
  214  0.00019156      0.14801545D-04
  215  0.00019389      0.15160201D-04
  216  0.00019624      0.15527510D-04
  217  0.00019863      0.15903681D-04
  218  0.00020104      0.16288925D-04
  219  0.00020348      0.16683460D-04
  220  0.00020595      0.17087508D-04
  221  0.00020845      0.17501297D-04
  222  0.00021098      0.17925061D-04
  223  0.00021354      0.18359038D-04
  224  0.00021614      0.18803472D-04
  225  0.00021876      0.19258614D-04
  226  0.00022142      0.19724719D-04
  227  0.00022411      0.20202051D-04
  228  0.00022683      0.20690877D-04
  229  0.00022958      0.21191471D-04
  230  0.00023237      0.21704116D-04
  231  0.00023519      0.22229099D-04
  232  0.00023805      0.22766714D-04
  233  0.00024094      0.23317263D-04
  234  0.00024386      0.23881055D-04
  235  0.00024682      0.24458406D-04
  236  0.00024982      0.25049639D-04
  237  0.00025285      0.25655085D-04
  238  0.00025592      0.26275082D-04
  239  0.00025903      0.26909978D-04
  240  0.00026218      0.27560128D-04
  241  0.00026536      0.28225894D-04
  242  0.00026858      0.28907649D-04
  243  0.00027184      0.29605772D-04
  244  0.00027514      0.30320654D-04
  245  0.00027848      0.31052693D-04
  246  0.00028187      0.31802296D-04
  247  0.00028529      0.32569882D-04
  248  0.00028875      0.33355877D-04
  249  0.00029226      0.34160719D-04
  250  0.00029581      0.34984854D-04
  251  0.00029940      0.35828742D-04
  252  0.00030303      0.36692851D-04
  253  0.00030671      0.37577659D-04
  254  0.00031044      0.38483658D-04
  255  0.00031421      0.39411351D-04
  256  0.00031802      0.40361250D-04
  257  0.00032188      0.41333881D-04
  258  0.00032579      0.42329784D-04
  259  0.00032975      0.43349508D-04
  260  0.00033375      0.44393617D-04
  261  0.00033780      0.45462686D-04
  262  0.00034191      0.46557307D-04
  263  0.00034606      0.47678083D-04
  264  0.00035026      0.48825631D-04
  265  0.00035451      0.50000583D-04
  266  0.00035882      0.51203585D-04
  267  0.00036317      0.52435299D-04
  268  0.00036758      0.53696402D-04
  269  0.00037205      0.54987586D-04
  270  0.00037656      0.56309559D-04
  271  0.00038114      0.57663047D-04
  272  0.00038576      0.59048790D-04
  273  0.00039045      0.60467547D-04
  274  0.00039519      0.61920094D-04
  275  0.00039999      0.63407225D-04
  276  0.00040484      0.64929751D-04
  277  0.00040976      0.66488504D-04
  278  0.00041473      0.68084334D-04
  279  0.00041977      0.69718108D-04
  280  0.00042487      0.71390718D-04
  281  0.00043003      0.73103071D-04
  282  0.00043525      0.74856099D-04
  283  0.00044053      0.76650752D-04
  284  0.00044588      0.78488005D-04
  285  0.00045129      0.80368853D-04
  286  0.00045677      0.82294313D-04
  287  0.00046232      0.84265428D-04
  288  0.00046793      0.86283261D-04
  289  0.00047362      0.88348903D-04
  290  0.00047937      0.90463467D-04
  291  0.00048519      0.92628093D-04
  292  0.00049108      0.94843946D-04
  293  0.00049704      0.97112216D-04
  294  0.00050308      0.99434123D-04
  295  0.00050918      0.10181091D-03
  296  0.00051537      0.10424386D-03
  297  0.00052162      0.10673426D-03
  298  0.00052796      0.10928345D-03
  299  0.00053437      0.11189280D-03
  300  0.00054086      0.11456369D-03
  301  0.00054742      0.11729755D-03
  302  0.00055407      0.12009584D-03
  303  0.00056080      0.12296004D-03
  304  0.00056761      0.12589167D-03
  305  0.00057450      0.12889230D-03
  306  0.00058147      0.13196350D-03
  307  0.00058853      0.13510691D-03
  308  0.00059568      0.13832419D-03
  309  0.00060291      0.14161704D-03
  310  0.00061023      0.14498719D-03
  311  0.00061764      0.14843641D-03
  312  0.00062514      0.15196653D-03
  313  0.00063273      0.15557940D-03
  314  0.00064042      0.15927691D-03
  315  0.00064819      0.16306100D-03
  316  0.00065606      0.16693365D-03
  317  0.00066403      0.17089688D-03
  318  0.00067209      0.17495277D-03
  319  0.00068025      0.17910341D-03
  320  0.00068851      0.18335098D-03
  321  0.00069687      0.18769768D-03
  322  0.00070533      0.19214576D-03
  323  0.00071390      0.19669752D-03
  324  0.00072257      0.20135533D-03
  325  0.00073134      0.20612159D-03
  326  0.00074022      0.21099875D-03
  327  0.00074921      0.21598932D-03
  328  0.00075830      0.22109587D-03
  329  0.00076751      0.22632101D-03
  330  0.00077683      0.23166743D-03
  331  0.00078626      0.23713786D-03
  332  0.00079581      0.24273508D-03
  333  0.00080547      0.24846196D-03
  334  0.00081525      0.25432140D-03
  335  0.00082515      0.26031638D-03
  336  0.00083517      0.26644994D-03
  337  0.00084531      0.27272517D-03
  338  0.00085557      0.27914526D-03
  339  0.00086596      0.28571343D-03
  340  0.00087648      0.29243299D-03
  341  0.00088712      0.29930731D-03
  342  0.00089789      0.30633984D-03
  343  0.00090879      0.31353409D-03
  344  0.00091983      0.32089365D-03
  345  0.00093100      0.32842220D-03
  346  0.00094230      0.33612346D-03
  347  0.00095374      0.34400127D-03
  348  0.00096532      0.35205951D-03
  349  0.00097704      0.36030217D-03
  350  0.00098891      0.36873332D-03
  351  0.00100091      0.37735708D-03
  352  0.00101307      0.38617770D-03
  353  0.00102537      0.39519950D-03
  354  0.00103782      0.40442686D-03
  355  0.00105042      0.41386430D-03
  356  0.00106317      0.42351640D-03
  357  0.00107608      0.43338782D-03
  358  0.00108915      0.44348336D-03
  359  0.00110237      0.45380787D-03
  360  0.00111576      0.46436632D-03
  361  0.00112931      0.47516379D-03
  362  0.00114302      0.48620543D-03
  363  0.00115690      0.49749651D-03
  364  0.00117094      0.50904241D-03
  365  0.00118516      0.52084862D-03
  366  0.00119955      0.53292071D-03
  367  0.00121412      0.54526440D-03
  368  0.00122886      0.55788547D-03
  369  0.00124378      0.57078987D-03
  370  0.00125888      0.58398362D-03
  371  0.00127417      0.59747289D-03
  372  0.00128964      0.61126393D-03
  373  0.00130530      0.62536316D-03
  374  0.00132115      0.63977707D-03
  375  0.00133719      0.65451232D-03
  376  0.00135342      0.66957567D-03
  377  0.00136986      0.68497400D-03
  378  0.00138649      0.70071435D-03
  379  0.00140332      0.71680386D-03
  380  0.00142036      0.73324983D-03
  381  0.00143761      0.75005968D-03
  382  0.00145507      0.76724096D-03
  383  0.00147273      0.78480137D-03
  384  0.00149061      0.80274876D-03
  385  0.00150871      0.82109111D-03
  386  0.00152703      0.83983654D-03
  387  0.00154557      0.85899332D-03
  388  0.00156434      0.87856988D-03
  389  0.00158333      0.89857479D-03
  390  0.00160256      0.91901676D-03
  391  0.00162202      0.93990468D-03
  392  0.00164171      0.96124757D-03
  393  0.00166165      0.98305463D-03
  394  0.00168182      0.10053352D-02
  395  0.00170224      0.10280988D-02
  396  0.00172291      0.10513551D-02
  397  0.00174383      0.10751139D-02
  398  0.00176501      0.10993852D-02
  399  0.00178644      0.11241792D-02
  400  0.00180813      0.11495062D-02
  401  0.00183008      0.11753768D-02
  402  0.00185230      0.12018016D-02
  403  0.00187479      0.12287914D-02
  404  0.00189756      0.12563573D-02
  405  0.00192060      0.12845105D-02
  406  0.00194392      0.13132624D-02
  407  0.00196752      0.13426245D-02
  408  0.00199141      0.13726085D-02
  409  0.00201559      0.14032264D-02
  410  0.00204006      0.14344903D-02
  411  0.00206483      0.14664124D-02
  412  0.00208991      0.14990052D-02
  413  0.00211528      0.15322814D-02
  414  0.00214096      0.15662537D-02
  415  0.00216696      0.16009353D-02
  416  0.00219327      0.16363392D-02
  417  0.00221990      0.16724790D-02
  418  0.00224686      0.17093681D-02
  419  0.00227414      0.17470204D-02
  420  0.00230175      0.17854497D-02
  421  0.00232970      0.18246703D-02
  422  0.00235799      0.18646964D-02
  423  0.00238662      0.19055425D-02
  424  0.00241560      0.19472234D-02
  425  0.00244493      0.19897538D-02
  426  0.00247461      0.20331490D-02
  427  0.00250466      0.20774240D-02
  428  0.00253507      0.21225944D-02
  429  0.00256585      0.21686756D-02
  430  0.00259701      0.22156836D-02
  431  0.00262854      0.22636342D-02
  432  0.00266046      0.23125436D-02
  433  0.00269276      0.23624281D-02
  434  0.00272545      0.24133042D-02
  435  0.00275855      0.24651884D-02
  436  0.00279204      0.25180976D-02
  437  0.00282594      0.25720488D-02
  438  0.00286026      0.26270590D-02
  439  0.00289498      0.26831456D-02
  440  0.00293014      0.27403259D-02
  441  0.00296571      0.27986175D-02
  442  0.00300172      0.28580380D-02
  443  0.00303817      0.29186054D-02
  444  0.00307506      0.29803376D-02
  445  0.00311240      0.30432527D-02
  446  0.00315019      0.31073688D-02
  447  0.00318844      0.31727043D-02
  448  0.00322715      0.32392776D-02
  449  0.00326634      0.33071072D-02
  450  0.00330600      0.33762117D-02
  451  0.00334614      0.34466098D-02
  452  0.00338677      0.35183202D-02
  453  0.00342789      0.35913617D-02
  454  0.00346951      0.36657532D-02
  455  0.00351164      0.37415136D-02
  456  0.00355428      0.38186617D-02
  457  0.00359743      0.38972167D-02
  458  0.00364111      0.39771974D-02
  459  0.00368532      0.40586228D-02
  460  0.00373007      0.41415118D-02
  461  0.00377536      0.42258833D-02
  462  0.00382120      0.43117563D-02
  463  0.00386760      0.43991495D-02
  464  0.00391456      0.44880817D-02
  465  0.00396209      0.45785715D-02
  466  0.00401020      0.46706374D-02
  467  0.00405889      0.47642979D-02
  468  0.00410818      0.48595712D-02
  469  0.00415806      0.49564755D-02
  470  0.00420854      0.50550286D-02
  471  0.00425964      0.51552484D-02
  472  0.00431137      0.52571524D-02
  473  0.00436371      0.53607577D-02
  474  0.00441670      0.54660815D-02
  475  0.00447033      0.55731405D-02
  476  0.00452461      0.56819509D-02
  477  0.00457954      0.57925290D-02
  478  0.00463515      0.59048904D-02
  479  0.00469143      0.60190505D-02
  480  0.00474839      0.61350241D-02
  481  0.00480605      0.62528256D-02
  482  0.00486440      0.63724691D-02
  483  0.00492347      0.64939680D-02
  484  0.00498325      0.66173352D-02
  485  0.00504375      0.67425831D-02
  486  0.00510500      0.68697234D-02
  487  0.00516698      0.69987672D-02
  488  0.00522972      0.71297250D-02
  489  0.00529322      0.72626063D-02
  490  0.00535749      0.73974203D-02
  491  0.00542254      0.75341751D-02
  492  0.00548838      0.76728779D-02
  493  0.00555502      0.78135354D-02
  494  0.00562247      0.79561529D-02
  495  0.00569074      0.81007351D-02
  496  0.00575984      0.82472857D-02
  497  0.00582977      0.83958071D-02
  498  0.00590056      0.85463008D-02
  499  0.00597220      0.86987670D-02
  500  0.00604472      0.88532050D-02
  501  0.00611811      0.90096126D-02
  502  0.00619240      0.91679863D-02
  503  0.00626759      0.93283214D-02
  504  0.00634369      0.94906118D-02
  505  0.00642071      0.96548497D-02
  506  0.00649867      0.98210261D-02
  507  0.00657758      0.99891304D-02
  508  0.00665745      0.10159150D-01
  509  0.00673828      0.10331071D-01
  510  0.00682010      0.10504878D-01
  511  0.00690291      0.10680553D-01
  512  0.00698672      0.10858077D-01
  513  0.00707156      0.11037428D-01
  514  0.00715742      0.11218584D-01
  515  0.00724433      0.11401518D-01
  516  0.00733229      0.11586203D-01
  517  0.00742132      0.11772610D-01
  518  0.00751143      0.11960706D-01
  519  0.00760263      0.12150458D-01
  520  0.00769494      0.12341829D-01
  521  0.00778838      0.12534779D-01
  522  0.00788294      0.12729266D-01
  523  0.00797866      0.12925248D-01
  524  0.00807553      0.13122676D-01
  525  0.00817359      0.13321501D-01
  526  0.00827283      0.13521671D-01
  527  0.00837328      0.13723131D-01
  528  0.00847495      0.13925821D-01
  529  0.00857785      0.14129681D-01
  530  0.00868201      0.14334647D-01
  531  0.00878742      0.14540650D-01
  532  0.00889412      0.14747621D-01
  533  0.00900211      0.14955485D-01
  534  0.00911142      0.15164165D-01
  535  0.00922205      0.15373579D-01
  536  0.00933402      0.15583644D-01
  537  0.00944736      0.15794272D-01
  538  0.00956207      0.16005372D-01
  539  0.00967817      0.16216847D-01
  540  0.00979568      0.16428600D-01
  541  0.00991462      0.16640528D-01
  542  0.01003501      0.16852523D-01
  543  0.01015685      0.17064477D-01
  544  0.01028018      0.17276274D-01
  545  0.01040500      0.17487796D-01
  546  0.01053134      0.17698921D-01
  547  0.01065921      0.17909523D-01
  548  0.01078864      0.18119470D-01
  549  0.01091963      0.18328629D-01
  550  0.01105222      0.18536860D-01
  551  0.01118642      0.18744020D-01
  552  0.01132224      0.18949963D-01
  553  0.01145972      0.19154537D-01
  554  0.01159886      0.19357586D-01
  555  0.01173970      0.19558950D-01
  556  0.01188224      0.19758466D-01
  557  0.01202652      0.19955964D-01
  558  0.01217254      0.20151274D-01
  559  0.01232034      0.20344217D-01
  560  0.01246994      0.20534614D-01
  561  0.01262135      0.20722279D-01
  562  0.01277460      0.20907024D-01
  563  0.01292971      0.21088656D-01
  564  0.01308670      0.21266978D-01
  565  0.01324560      0.21441789D-01
  566  0.01340643      0.21612886D-01
  567  0.01356921      0.21780061D-01
  568  0.01373397      0.21943102D-01
  569  0.01390072      0.22101795D-01
  570  0.01406951      0.22255921D-01
  571  0.01424034      0.22405259D-01
  572  0.01441325      0.22549585D-01
  573  0.01458825      0.22688672D-01
  574  0.01476539      0.22822291D-01
  575  0.01494467      0.22950210D-01
  576  0.01512613      0.23072195D-01
  577  0.01530979      0.23188010D-01
  578  0.01549568      0.23297417D-01
  579  0.01568383      0.23400176D-01
  580  0.01587426      0.23496049D-01
  581  0.01606701      0.23584793D-01
  582  0.01626210      0.23666166D-01
  583  0.01645955      0.23739928D-01
  584  0.01665941      0.23805836D-01
  585  0.01686169      0.23863649D-01
  586  0.01706642      0.23913126D-01
  587  0.01727364      0.23954028D-01
  588  0.01748338      0.23986118D-01
  589  0.01769566      0.24009161D-01
  590  0.01791053      0.24022924D-01
  591  0.01812800      0.24027178D-01
  592  0.01834811      0.24021696D-01
  593  0.01857089      0.24006258D-01
  594  0.01879638      0.23980645D-01
  595  0.01902461      0.23944646D-01
  596  0.01925560      0.23898056D-01
  597  0.01948941      0.23840674D-01
  598  0.01972605      0.23772308D-01
  599  0.01996556      0.23692774D-01
  600  0.02020799      0.23601895D-01
  601  0.02045335      0.23499504D-01
  602  0.02070170      0.23385443D-01
  603  0.02095306      0.23259566D-01
  604  0.02120747      0.23121736D-01
  605  0.02146497      0.22971831D-01
  606  0.02172560      0.22809738D-01
  607  0.02198940      0.22635362D-01
  608  0.02225639      0.22448618D-01
  609  0.02252663      0.22249440D-01
  610  0.02280015      0.22037776D-01
  611  0.02307699      0.21813590D-01
  612  0.02335719      0.21576867D-01
  613  0.02364080      0.21327609D-01
  614  0.02392785      0.21065835D-01
  615  0.02421838      0.20791589D-01
  616  0.02451244      0.20504933D-01
  617  0.02481007      0.20205953D-01
  618  0.02511132      0.19894757D-01
  619  0.02541622      0.19571477D-01
  620  0.02572483      0.19236272D-01
  621  0.02603718      0.18889324D-01
  622  0.02635332      0.18530842D-01
  623  0.02667331      0.18161065D-01
  624  0.02699717      0.17780259D-01
  625  0.02732498      0.17388717D-01
  626  0.02765676      0.16986766D-01
  627  0.02799257      0.16574761D-01
  628  0.02833245      0.16153089D-01
  629  0.02867647      0.15722171D-01
  630  0.02902466      0.15282460D-01
  631  0.02937708      0.14834441D-01
  632  0.02973378      0.14378637D-01
  633  0.03009481      0.13915602D-01
  634  0.03046022      0.13445928D-01
  635  0.03083007      0.12970242D-01
  636  0.03120441      0.12489208D-01
  637  0.03158329      0.12003525D-01
  638  0.03196678      0.11513930D-01
  639  0.03235492      0.11021198D-01
  640  0.03274778      0.10526140D-01
  641  0.03314540      0.10029604D-01
  642  0.03354786      0.95324758D-02
  643  0.03395520      0.90356787D-02
  644  0.03436748      0.85401720D-02
  645  0.03478477      0.80469520D-02
  646  0.03520713      0.75570505D-02
  647  0.03563462      0.70715351D-02
  648  0.03606730      0.65915080D-02
  649  0.03650523      0.61181053D-02
  650  0.03694848      0.56524958D-02
  651  0.03739711      0.51958805D-02
  652  0.03785119      0.47494906D-02
  653  0.03831078      0.43145868D-02
  654  0.03877595      0.38924573D-02
  655  0.03924677      0.34844162D-02
  656  0.03972330      0.30918020D-02
  657  0.04020563      0.27159751D-02
  658  0.04069381      0.23583158D-02
  659  0.04118791      0.20202222D-02
  660  0.04168802      0.17031070D-02
  661  0.04219420      0.14083959D-02
  662  0.04270652      0.11375235D-02
  663  0.04322507      0.89193115D-03
  664  0.04374991      0.67306331D-03
  665  0.04428112      0.48236424D-03
  666  0.04481878      0.32127433D-03
  667  0.04536298      0.19122646D-03
  668  0.04591378      0.93641907D-04
  669  0.04647126      0.29926332D-04
  670  0.04703552      0.14654222D-05
  671  0.04760663      0.96204447D-05
  672  0.04818467      0.55723619D-04
  673  0.04876973      0.14107333D-03
  674  0.04936190      0.26692920D-03
  675  0.04996125      0.43450700D-03
  676  0.05056788      0.64497343D-03
  677  0.05118188      0.89944082D-03
  678  0.05180333      0.11989617D-02
  679  0.05243233      0.15445230D-02
  680  0.05306897      0.19370409D-02
  681  0.05371334      0.23773546D-02
  682  0.05436553      0.28662210D-02
  683  0.05502564      0.34043085D-02
  684  0.05569376      0.39921914D-02
  685  0.05637000      0.46303439D-02
  686  0.05705444      0.53191346D-02
  687  0.05774720      0.60588203D-02
  688  0.05844837      0.68495405D-02
  689  0.05915806      0.76913118D-02
  690  0.05987636      0.85840223D-02
  691  0.06060338      0.95274262D-02
  692  0.06133923      0.10521139D-01
  693  0.06208401      0.11564630D-01
  694  0.06283784      0.12657224D-01
  695  0.06360082      0.13798088D-01
  696  0.06437306      0.14986233D-01
  697  0.06515469      0.16220508D-01
  698  0.06594580      0.17499597D-01
  699  0.06674652      0.18822017D-01
  700  0.06755696      0.20186111D-01
  701  0.06837724      0.21590050D-01
  702  0.06920748      0.23031830D-01
  703  0.07004780      0.24509270D-01
  704  0.07089832      0.26020010D-01
  705  0.07175917      0.27561515D-01
  706  0.07263048      0.29131071D-01
  707  0.07351236      0.30725790D-01
  708  0.07440495      0.32342607D-01
  709  0.07530838      0.33978288D-01
  710  0.07622278      0.35629430D-01
  711  0.07714828      0.37292466D-01
  712  0.07808502      0.38963668D-01
  713  0.07903313      0.40639158D-01
  714  0.07999275      0.42314907D-01
  715  0.08096403      0.43986750D-01
  716  0.08194710      0.45650388D-01
  717  0.08294211      0.47301404D-01
  718  0.08394919      0.48935265D-01
  719  0.08496851      0.50547340D-01
  720  0.08600020      0.52132910D-01
  721  0.08704442      0.53687179D-01
  722  0.08810132      0.55205289D-01
  723  0.08917105      0.56682339D-01
  724  0.09025377      0.58113391D-01
  725  0.09134964      0.59493498D-01
  726  0.09245881      0.60817712D-01
  727  0.09358145      0.62081108D-01
  728  0.09471772      0.63278801D-01
  729  0.09586779      0.64405965D-01
  730  0.09703182      0.65457855D-01
  731  0.09820999      0.66429828D-01
  732  0.09940246      0.67317362D-01
  733  0.10060941      0.68116082D-01
  734  0.10183101      0.68821782D-01
  735  0.10306745      0.69430443D-01
  736  0.10431890      0.69938264D-01
  737  0.10558555      0.70341679D-01
  738  0.10686757      0.70637384D-01
  739  0.10816516      0.70822358D-01
  740  0.10947851      0.70893889D-01
  741  0.11080781      0.70849597D-01
  742  0.11215324      0.70687452D-01
  743  0.11351501      0.70405804D-01
  744  0.11489332      0.70003396D-01
  745  0.11628836      0.69479394D-01
  746  0.11770034      0.68833398D-01
  747  0.11912946      0.68065468D-01
  748  0.12057594      0.67176138D-01
  749  0.12203998      0.66166433D-01
  750  0.12352179      0.65037888D-01
  751  0.12502160      0.63792553D-01
  752  0.12653962      0.62433014D-01
  753  0.12807607      0.60962399D-01
  754  0.12963118      0.59384383D-01
  755  0.13120517      0.57703200D-01
  756  0.13279827      0.55923640D-01
  757  0.13441071      0.54051058D-01
  758  0.13604273      0.52091364D-01
  759  0.13769457      0.50051027D-01
  760  0.13936647      0.47937062D-01
  761  0.14105866      0.45757026D-01
  762  0.14277140      0.43519002D-01
  763  0.14450494      0.41231588D-01
  764  0.14625953      0.38903874D-01
  765  0.14803542      0.36545425D-01
  766  0.14983287      0.34166255D-01
  767  0.15165215      0.31776801D-01
  768  0.15349352      0.29387894D-01
  769  0.15535725      0.27010723D-01
  770  0.15724361      0.24656801D-01
  771  0.15915287      0.22337927D-01
  772  0.16108531      0.20066142D-01
  773  0.16304122      0.17853689D-01
  774  0.16502087      0.15712960D-01
  775  0.16702456      0.13656455D-01
  776  0.16905258      0.11696721D-01
  777  0.17110523      0.98463087D-02
  778  0.17318280      0.81177087D-02
  779  0.17528559      0.65232998D-02
  780  0.17741392      0.50752892D-02
  781  0.17956809      0.37856532D-02
  782  0.18174842      0.26660771D-02
  783  0.18395522      0.17278945D-02
  784  0.18618881      0.98202683D-03
  785  0.18844953      0.43892202D-03
  786  0.19073769      0.10849460D-03
  787  0.19305364      0.66000916D-07
  788  0.19539771      0.12230614D-03
  789  0.19777024      0.48317656D-03
  790  0.20017157      0.10898753D-02
  791  0.20260207      0.19487843D-02
  792  0.20506207      0.30654185D-02
  793  0.20755195      0.44443795D-02
  794  0.21007205      0.60893106D-02
  795  0.21262276      0.80028568D-02
  796  0.21520444      0.10186629D-01
  797  0.21781746      0.12641169D-01
  798  0.22046221      0.15365927D-01
  799  0.22313908      0.18359234D-01
  800  0.22584844      0.21618288D-01
  801  0.22859071      0.25139137D-01
  802  0.23136627      0.28916678D-01
  803  0.23417553      0.32944653D-01
  804  0.23701890      0.37215655D-01
  805  0.23989680      0.41721137D-01
  806  0.24280964      0.46451433D-01
  807  0.24575785      0.51395778D-01
  808  0.24874185      0.56542339D-01
  809  0.25176209      0.61878253D-01
  810  0.25481900      0.67389662D-01
  811  0.25791303      0.73061769D-01
  812  0.26104462      0.78878884D-01
  813  0.26421424      0.84824490D-01
  814  0.26742234      0.90881301D-01
  815  0.27066940      0.97031335D-01
  816  0.27395588      0.10325599D+00
  817  0.27728227      0.10953611D+00
  818  0.28064905      0.11585209D+00
  819  0.28405670      0.12218394D+00
  820  0.28750573      0.12851139D+00
  821  0.29099664      0.13481396D+00
  822  0.29452994      0.14107109D+00
  823  0.29810614      0.14726219D+00
  824  0.30172576      0.15336677D+00
  825  0.30538933      0.15936452D+00
  826  0.30909739      0.16523541D+00
  827  0.31285046      0.17095979D+00
  828  0.31664911      0.17651847D+00
  829  0.32049388      0.18189283D+00
  830  0.32438534      0.18706488D+00
  831  0.32832404      0.19201739D+00
  832  0.33231057      0.19673391D+00
  833  0.33634550      0.20119892D+00
  834  0.34042943      0.20539783D+00
  835  0.34456294      0.20931712D+00
  836  0.34874664      0.21294433D+00
  837  0.35298114      0.21626817D+00
  838  0.35726706      0.21927855D+00
  839  0.36160502      0.22196662D+00
  840  0.36599565      0.22432480D+00
  841  0.37043958      0.22634683D+00
  842  0.37493748      0.22802776D+00
  843  0.37948999      0.22936401D+00
  844  0.38409778      0.23035333D+00
  845  0.38876152      0.23099482D+00
  846  0.39348188      0.23128892D+00
  847  0.39825956      0.23123740D+00
  848  0.40309525      0.23084333D+00
  849  0.40798966      0.23011104D+00
  850  0.41294349      0.22904611D+00
  851  0.41795747      0.22765532D+00
  852  0.42303233      0.22594658D+00
  853  0.42816882      0.22392889D+00
  854  0.43336766      0.22161230D+00
  855  0.43862964      0.21900779D+00
  856  0.44395550      0.21612729D+00
  857  0.44934604      0.21298351D+00
  858  0.45480202      0.20958995D+00
  859  0.46032425      0.20596074D+00
  860  0.46591353      0.20211063D+00
  861  0.47157068      0.19805488D+00
  862  0.47729652      0.19380916D+00
  863  0.48309188      0.18938949D+00
  864  0.48895761      0.18481215D+00
  865  0.49489456      0.18009359D+00
  866  0.50090359      0.17525035D+00
  867  0.50698559      0.17029898D+00
  868  0.51314144      0.16525596D+00
  869  0.51937203      0.16013761D+00
  870  0.52567828      0.15496006D+00
  871  0.53206109      0.14973912D+00
  872  0.53852141      0.14449026D+00
  873  0.54506016      0.13922850D+00
  874  0.55167831      0.13396843D+00
  875  0.55837682      0.12872404D+00
  876  0.56515666      0.12350880D+00
  877  0.57201883      0.11833551D+00
  878  0.57896431      0.11321631D+00
  879  0.58599413      0.10816265D+00
  880  0.59310930      0.10318523D+00
  881  0.60031086      0.98294022D-01
  882  0.60759987      0.93498203D-01
  883  0.61497738      0.88806175D-01
  884  0.62244447      0.84225546D-01
  885  0.63000223      0.79763128D-01
  886  0.63765175      0.75424940D-01
  887  0.64539415      0.71216217D-01
  888  0.65323056      0.67141418D-01
  889  0.66116212      0.63204243D-01
  890  0.66918999      0.59407653D-01
  891  0.67731533      0.55753891D-01
  892  0.68553933      0.52244514D-01
  893  0.69386319      0.48880416D-01
  894  0.70228811      0.45661863D-01
  895  0.71081534      0.42588526D-01
  896  0.71944609      0.39659521D-01
  897  0.72818165      0.36873441D-01
  898  0.73702327      0.34228399D-01
  899  0.74597225      0.31722065D-01
  900  0.75502988      0.29351707D-01
  901  0.76419750      0.27114233D-01
  902  0.77347643      0.25006229D-01
  903  0.78286802      0.23023997D-01
  904  0.79237364      0.21163597D-01
  905  0.80199469      0.19420884D-01
  906  0.81173255      0.17791542D-01
  907  0.82158865      0.16271123D-01
  908  0.83156443      0.14855077D-01
  909  0.84166133      0.13538787D-01
  910  0.85188083      0.12317595D-01
  911  0.86222441      0.11186833D-01
  912  0.87269359      0.10141849D-01
  913  0.88328988      0.91780278D-02
  914  0.89401484      0.82908160D-02
  915  0.90487001      0.74757397D-02
  916  0.91585699      0.67284223D-02
  917  0.92697738      0.60446003D-02
  918  0.93823279      0.54201362D-02
  919  0.94962486      0.48510299D-02
  920  0.96115526      0.43334284D-02
  921  0.97282566      0.38636332D-02
  922  0.98463776      0.34381066D-02
  923  0.99659329      0.30534755D-02
  924  1.00869398      0.27065344D-02
  925  1.02094160      0.23942471D-02
  926  1.03333793      0.21137463D-02
  927  1.04588477      0.18623328D-02
  928  1.05858396      0.16374734D-02
  929  1.07143735      0.14367976D-02
  930  1.08444680      0.12580940D-02
  931  1.09761421      0.10993055D-02
  932  1.11094150      0.95852426D-03
  933  1.12443062      0.83398582D-03
  934  1.13808352      0.72406309D-03
  935  1.15190219      0.62726000D-03
  936  1.16588865      0.54220478D-03
  937  1.18004493      0.46764326D-03
  938  1.19437310      0.40243201D-03
  939  1.20887525      0.34553150D-03
  940  1.22355348      0.29599934D-03
  941  1.23840993      0.25298359D-03
  942  1.25344677      0.21571629D-03
  943  1.26866619      0.18350707D-03
  944  1.28407041      0.15573712D-03
  945  1.29966166      0.13185330D-03
  946  1.31544222      0.11136260D-03
  947  1.33141439      0.93826814D-04
  948  1.34758050      0.78857598D-04
  949  1.36394290      0.66111744D-04
  950  1.38050397      0.55286817D-04
  951  1.39726612      0.46117072D-04
  952  1.41423180      0.38369679D-04
  953  1.43140348      0.31841235D-04
  954  1.44878366      0.26354560D-04
  955  1.46637487      0.21755770D-04
  956  1.48417968      0.17911608D-04
  957  1.50220067      0.14707013D-04
  958  1.52044047      0.12042938D-04
  959  1.53890175      0.98343721D-05
  960  1.55758718      0.80085699D-05
  961  1.57649948      0.65034719D-05
  962  1.59564143      0.52662953D-05
  963  1.61501579      0.42522842D-05
  964  1.63462540      0.34236066D-05
  965  1.65447312      0.27483822D-05
  966  1.67456182      0.21998302D-05
  967  1.69489444      0.17555241D-05
  968  1.71547394      0.13967440D-05
  969  1.73630332      0.11079132D-05
  970  1.75738561      0.87611278D-06
  971  1.77872388      0.69066251D-06
  972  1.80032125      0.54276198D-06
  973  1.82218085      0.42518364D-06
  974  1.84430587      0.33201143D-06
  975  1.86669953      0.25841902D-06
  976  1.88936510      0.20048240D-06
  977  1.91230587      0.15502212D-06
  978  1.93552520      0.11947080D-06
  979  1.95902645      0.91762552D-07
  980  1.98281306      0.70240810D-07
  981  2.00688848      0.53581936D-07
  982  2.03125623      0.40732074D-07
  983  2.05591986      0.30855178D-07
  984  2.08088295      0.23290401D-07
  985  2.10614914      0.17517294D-07
  986  2.13172212      0.13127493D-07
  987  2.15760561      0.98017736D-08
  988  2.18380338      0.72915310D-08
  989  2.21031924      0.54038944D-08
  990  2.23715705      0.39898046D-08
  991  2.26432074      0.29345083D-08
  992  2.29181424      0.21500072D-08
  993  2.31964158      0.15690863D-08
  994  2.34780679      0.11406095D-08
  995  2.37631399      0.82583026D-09
  996  2.40516733      0.59550838D-09
  997  2.43437100      0.42766490D-09
  998  2.46392927      0.30585860D-09
  999  2.49384643      0.21783063D-09
 1000  2.52412685      0.15446156D-09
 1001  2.55477494      0.10906533D-09
 1002  2.58579516      0.76664248D-10
 1003  2.61719203      0.53658706D-10
 1004  2.64897012      0.37394358D-10
 1005  2.68113406      0.25945837D-10
 1006  2.71368853      0.17922636D-10
 1007  2.74663829      0.12324953D-10
 1008  2.77998812      0.84371196D-11
 1009  2.81374289      0.57491636D-11
 1010  2.84790751      0.38993517D-11
 1011  2.88248696      0.26322848D-11
 1012  2.91748628      0.17684843D-11
 1013  2.95291055      0.11824213D-11
 1014  2.98876496      0.78672063D-12
 1015  3.02505470      0.52085918D-12
 1016  3.06178509      0.34311958D-12
 1017  3.09896145      0.22488978D-12
 1018  3.13658921      0.14664466D-12
 1019  3.17467385      0.95127938D-13
 1020  3.21322091      0.61385799D-13
 1021  3.25223602      0.39401986D-13
 1022  3.29172484      0.25155374D-13
 1023  3.33169315      0.15972679D-13
