System Description            : Mo, BCC structure                               
Number of Atoms in Unit Cell  : 1                                               
Number of Atomic Species      : 1                                               
Number of Atoms in Each Type  : 1(Mo)                                           
Energy Offset                 : -7946                                           
=======================================================================================
    Iter     Energy      3PV     Efermi   Rms_rho    Rms_pot   Mix  Alg  Alpha 
---------------------------------------------------------------------------------------
**      62  -0.574561   0.26882  0.81015  0.149E-04  0.180E-03  pot  B   0.1000  12x12x12
        63  -0.574559   0.25617  0.80997  0.217E-05  0.159E-03  pot  B   0.1000
        64  -0.574545   0.18450  0.81081  0.118E-04  0.822E-04  pot  B   0.1000
        65  -0.574558   0.20640  0.81040  0.368E-05  0.526E-04  pot  B   0.1000
        66  -0.574551   0.21035  0.81049  0.155E-05  0.244E-04  pot  B   0.1000
        67  -0.574554   0.21412  0.81041  0.670E-06  0.118E-04  pot  B   0.1000
        68  -0.574554   0.21329  0.81039  0.334E-06  0.337E-05  pot  B   0.1000
        69  -0.574554   0.21387  0.81039  0.966E-07  0.139E-05  pot  B   0.1000
        70  -0.574554   0.21399  0.81038  0.438E-07  0.148E-06  pot  B   0.1000
        71  -0.574554   0.21397  0.81038  0.540E-08  0.762E-07  pot  B   0.1000
        72  -0.574554   0.21399  0.81038  0.592E-08  0.220E-06  pot  B   0.1000
        73  -0.574554   0.21397  0.81038  0.378E-08  0.237E-06  pot  B   0.1000
        74  -0.574554   0.21394  0.81038  0.558E-08  0.955E-07  pot  B   0.1000
        75  -0.574554   0.21394  0.81038  0.376E-09  0.855E-07  pot  B   0.1000
        76  -0.574554   0.21392  0.81038  0.273E-08  0.163E-07  pot  B   0.1000
        77  -0.574554   0.21392  0.81038  0.151E-09  0.151E-07  pot  B   0.1000
        78  -0.574554   0.21392  0.81038  0.524E-09  0.212E-08  pot  B   0.1000
        79  -0.574554   0.21392  0.81038  0.761E-10  0.619E-10  pot  B   0.1000
**      80  -0.575841   0.28045  0.80662  0.351E-04  0.444E-03  pot  B   0.1000  16x16x16
        81  -0.575804   0.25505  0.80641  0.466E-05  0.351E-03  pot  B   0.1000
        82  -0.575782   0.17103  0.80737  0.148E-04  0.647E-04  pot  B   0.1000
        83  -0.575773   0.16174  0.80791  0.524E-05  0.109E-03  pot  B   0.1000
        84  -0.575785   0.18774  0.80773  0.445E-05  0.234E-04  pot  B   0.1000
        85  -0.575786   0.18608  0.80765  0.792E-06  0.580E-05  pot  B   0.1000
        86  -0.575785   0.18637  0.80764  0.523E-07  0.466E-05  pot  B   0.1000
        87  -0.575786   0.18712  0.80762  0.173E-06  0.548E-06  pot  B   0.1000
        88  -0.575785   0.18699  0.80762  0.292E-07  0.113E-06  pot  B   0.1000
        89  -0.575785   0.18700  0.80762  0.395E-08  0.261E-08  pot  B   0.1000
        90  -0.575785   0.18700  0.80762  0.208E-09  0.248E-09  pot  B   0.1000
        91  -0.575785   0.18700  0.80762  0.309E-10  0.290E-09  pot  B   0.1000
**      92  -0.576297   0.27264  0.79898  0.303E-04  0.388E-03  pot  B   0.1000  20x20x20
        93  -0.575971   0.26259  0.80338  0.997E-05  0.432E-03  pot  B   0.1000
        94  -0.576008   0.47897  0.79659  0.372E-04  0.120E-02  pot  B   0.1000
        95  -0.576089   0.19822  0.80853  0.507E-04  0.155E-03  pot  B   0.1000
        96  -0.576199   0.19941  0.79944  0.966E-05  0.324E-04  pot  B   0.1000
        97  -0.575990   0.18030  0.80475  0.835E-05  0.165E-04  pot  B   0.1000
        98  -0.575902   0.22533  0.80350  0.768E-05  0.133E-03  pot  B   0.1000
        99  -0.575868   0.18317  0.80417  0.716E-05  0.112E-04  pot  B   0.1000
       100  -0.575871   0.18187  0.80408  0.600E-06  0.190E-04  pot  B   0.1000
       101  -0.575872   0.18482  0.80403  0.654E-06  0.190E-05  pot  B   0.1000
       102  -0.575872   0.18568  0.80402  0.177E-06  0.249E-05  pot  B   0.1000
       103  -0.575871   0.18533  0.80403  0.734E-07  0.595E-06  pot  B   0.1000
       104  -0.575871   0.18522  0.80403  0.239E-07  0.199E-07  pot  B   0.1000
       105  -0.575871   0.18522  0.80403  0.116E-09  0.145E-07  pot  B   0.1000
       106  -0.575871   0.18522  0.80403  0.476E-09  0.118E-08  pot  B   0.1000
       107  -0.575871   0.18522  0.80403  0.132E-09  0.229E-08  pot  B   0.1000
**     108  -0.576506   0.27900  0.80286  0.372E-04  0.466E-03  pot  B   0.1000  24x24x24
       109  -0.576305   0.25598  0.80215  0.374E-05  0.391E-03  pot  B   0.1000
       110  -0.576268   0.14100  0.80309  0.200E-04  0.585E-04  pot  B   0.1000
       111  -0.576293   0.21879  0.80271  0.123E-04  0.184E-03  pot  B   0.1000
       112  -0.576268   0.17280  0.80321  0.979E-05  0.636E-04  pot  B   0.1000
       113  -0.576276   0.17963  0.80318  0.164E-05  0.181E-04  pot  B   0.1000
       114  -0.576277   0.17984  0.80317  0.163E-06  0.133E-04  pot  B   0.1000
       115  -0.576278   0.18268  0.80313  0.541E-06  0.270E-06  pot  B   0.1000
       116  -0.576278   0.18258  0.80312  0.158E-07  0.216E-06  pot  B   0.1000
       117  -0.576277   0.18256  0.80311  0.466E-08  0.800E-07  pot  B   0.1000
       118  -0.576277   0.18255  0.80311  0.154E-08  0.511E-07  pot  B   0.1000
       119  -0.576277   0.18254  0.80311  0.147E-08  0.114E-07  pot  B   0.1000
       120  -0.576277   0.18254  0.80311  0.374E-09  0.122E-08  pot  B   0.1000
**     121  -0.576506   0.27528  0.80162  0.330E-04  0.419E-03  pot  B   0.1000  28x28x28
       122  -0.576245   0.26324  0.80188  0.666E-05  0.427E-03  pot  B   0.1000
       123  -0.576229   0.16948  0.80300  0.163E-04  0.969E-04  pot  B   0.1000
       124  -0.576243   0.21095  0.80259  0.666E-05  0.214E-03  pot  B   0.1000
       125  -0.576219   0.17755  0.80334  0.938E-05  0.488E-04  pot  B   0.1000
       126  -0.576224   0.17849  0.80329  0.520E-06  0.390E-04  pot  B   0.1000
       127  -0.576226   0.18043  0.80321  0.917E-06  0.126E-04  pot  B   0.1000
       128  -0.576227   0.18235  0.80317  0.410E-06  0.188E-05  pot  B   0.1000
       129  -0.576227   0.18275  0.80316  0.989E-07  0.691E-06  pot  B   0.1000
       130  -0.576227   0.18265  0.80316  0.177E-07  0.190E-06  pot  B   0.1000
       131  -0.576227   0.18264  0.80317  0.382E-08  0.932E-07  pot  B   0.1000
       132  -0.576227   0.18263  0.80317  0.242E-08  0.289E-07  pot  B   0.1000
       133  -0.576227   0.18263  0.80317  0.580E-09  0.141E-07  pot  B   0.1000
       134  -0.576227   0.18262  0.80317  0.465E-09  0.166E-08  pot  B   0.1000
       135  -0.576227   0.18262  0.80317  0.793E-10  0.282E-09  pot  B   0.1000
**     136  -0.576437   0.27090  0.80361  0.290E-04  0.374E-03  pot  B   0.1000  32x32x32
       137  -0.576247   0.25714  0.80407  0.446E-05  0.360E-03  pot  B   0.1000
       138  -0.576173  -0.02744  0.80841  0.507E-04  0.688E-03  pot  B   0.1000
       139  -0.576378   0.20176  0.80401  0.396E-04  0.131E-03  pot  B   0.1000
       140  -0.576227   0.18671  0.80544  0.443E-05  0.135E-04  pot  B   0.1000
       141  -0.576236   0.18761  0.80527  0.242E-06  0.110E-04  pot  B   0.1000
       142  -0.576235   0.18684  0.80524  0.536E-06  0.711E-06  pot  B   0.1000
       143  -0.576235   0.18717  0.80524  0.935E-07  0.191E-05  pot  B   0.1000
       144  -0.576234   0.18696  0.80524  0.658E-07  0.159E-06  pot  B   0.1000
       145  -0.576235   0.18695  0.80524  0.434E-08  0.728E-07  pot  B   0.1000
       146  -0.576235   0.18693  0.80524  0.249E-08  0.134E-07  pot  B   0.1000
       147  -0.576235   0.18693  0.80524  0.109E-09  0.126E-07  pot  B   0.1000
       148  -0.576235   0.18693  0.80524  0.496E-09  0.708E-09  pot  B   0.1000
       149  -0.576235   0.18693  0.80524  0.161E-10  0.930E-09  pot  B   0.1000
**     150  -0.576334   0.27800  0.80600  0.340E-04  0.431E-03  pot  B   0.1000  36x36x36
       151  -0.576264   0.25619  0.80590  0.353E-05  0.370E-03  pot  B   0.1000
       152  -0.576227   0.13331  0.80738  0.214E-04  0.934E-04  pot  B   0.1000
       153  -0.576267   0.20763  0.80664  0.121E-04  0.153E-03  pot  B   0.1000
       154  -0.576235   0.18039  0.80721  0.737E-05  0.494E-04  pot  B   0.1000
       155  -0.576245   0.18298  0.80713  0.897E-06  0.231E-04  pot  B   0.1000
       156  -0.576246   0.18404  0.80708  0.503E-06  0.835E-05  pot  B   0.1000
       157  -0.576246   0.18547  0.80705  0.302E-06  0.331E-06  pot  B   0.1000
       158  -0.576246   0.18556  0.80705  0.244E-07  0.345E-06  pot  B   0.1000
       159  -0.576246   0.18551  0.80705  0.981E-08  0.758E-07  pot  B   0.1000
       160  -0.576246   0.18550  0.80705  0.193E-08  0.269E-07  pot  B   0.1000
       161  -0.576246   0.18550  0.80705  0.696E-09  0.829E-08  pot  B   0.1000
       162  -0.576246   0.18550  0.80705  0.255E-09  0.149E-08  pot  B   0.1000
       163  -0.576246   0.18550  0.80705  0.600E-10  0.105E-09  pot  B   0.1000
