System Description            : V, bcc structure                                
Number of Atoms in Unit Cell  : 1                                               
Number of Atomic Species      : 1                                               
Number of Atoms in Each Type  : 1(V)                                            
Energy Offset                 : -1883                                           
=======================================================================================
    Iter     Energy      3PV     Efermi   Rms_rho    Rms_pot   Mix  Alg  Alpha 
---------------------------------------------------------------------------------------
**       1  -0.994962  -0.17327  0.68575  0.735E-03  0.840E-03  pot  B   0.1000
         2  -0.995797  -0.87007  0.70181  0.189E-03  0.156E-02  pot  B   0.1000
         3  -0.994254  -0.64834  0.69603  0.678E-04  0.911E-03  pot  B   0.1000
         4  -0.994263  -0.42027  0.69297  0.494E-04  0.290E-03  pot  B   0.1000
         5  -0.994174  -0.41875  0.69311  0.219E-05  0.292E-03  pot  B   0.1000
         6  -0.994184  -0.39430  0.69283  0.494E-05  0.237E-03  pot  B   0.1000
         7  -0.994192  -0.37306  0.69246  0.514E-05  0.170E-03  pot  B   0.1000
         8  -0.994204  -0.33443  0.69174  0.967E-05  0.440E-04  pot  B   0.1000
         9  -0.994199  -0.33291  0.69169  0.632E-06  0.346E-04  pot  B   0.1000
        10  -0.994199  -0.33388  0.69174  0.548E-06  0.423E-04  pot  B   0.1000
        11  -0.994186  -0.34164  0.69160  0.229E-05  0.243E-04  pot  B   0.1000
        12  -0.994188  -0.33958  0.69156  0.501E-06  0.176E-04  pot  B   0.1000
        13  -0.994193  -0.33569  0.69149  0.992E-06  0.448E-05  pot  B   0.1000
        14  -0.994204  -0.33612  0.69146  0.278E-06  0.112E-05  pot  B   0.1000
        15  -0.994201  -0.33581  0.69146  0.109E-06  0.429E-06  pot  B   0.1000
        16  -0.994194  -0.33592  0.69146  0.435E-07  0.407E-06  pot  B   0.1000
        17  -0.994194  -0.33592  0.69146  0.359E-08  0.350E-06  pot  B   0.1000
        18  -0.994194  -0.33588  0.69146  0.247E-07  0.134E-06  pot  B   0.1000
        19  -0.994193  -0.33588  0.69146  0.630E-08  0.175E-06  pot  B   0.1000
        20  -0.994182  -0.33562  0.69146  0.994E-07  0.775E-06  pot  B   0.1000
        21  -0.994183  -0.33572  0.69146  0.294E-07  0.502E-06  pot  B   0.1000
        22  -0.994186  -0.33588  0.69146  0.457E-07  0.190E-06  pot  B   0.1000
        23  -0.994189  -0.33590  0.69146  0.139E-07  0.173E-06  pot  B   0.1000
        24  -0.994190  -0.33587  0.69146  0.213E-07  0.917E-07  pot  B   0.1000
        25  -0.994191  -0.33589  0.69146  0.105E-07  0.925E-07  pot  B   0.1000
        26  -0.994192  -0.33590  0.69146  0.555E-08  0.109E-06  pot  B   0.1000
        27  -0.994192  -0.33591  0.69146  0.400E-08  0.124E-06  pot  B   0.1000
        28  -0.994190  -0.33587  0.69146  0.233E-07  0.977E-07  pot  B   0.1000
        29  -0.994191  -0.33589  0.69146  0.791E-08  0.101E-06  pot  B   0.1000
        30  -0.994191  -0.33590  0.69146  0.605E-08  0.120E-06  pot  B   0.1000
        31  -0.994189  -0.33587  0.69146  0.121E-07  0.958E-07  pot  B   0.1000
        32  -0.994190  -0.33589  0.69146  0.783E-08  0.110E-06  pot  B   0.1000
        33  -0.994190  -0.33588  0.69146  0.554E-08  0.108E-06  pot  B   0.1000
        34  -0.994191  -0.33590  0.69146  0.102E-07  0.130E-06  pot  B   0.1000
        35  -0.994192  -0.33592  0.69146  0.539E-08  0.147E-06  pot  B   0.1000
        36  -0.994194  -0.33594  0.69146  0.903E-08  0.177E-06  pot  B   0.1000
        37  -0.994195  -0.33594  0.69146  0.287E-08  0.165E-06  pot  B   0.1000
        38  -0.994195  -0.33594  0.69146  0.256E-08  0.165E-06  pot  B   0.1000
        39  -0.994195  -0.33594  0.69146  0.252E-08  0.150E-06  pot  B   0.1000
        40  -0.994195  -0.33593  0.69146  0.229E-08  0.141E-06  pot  B   0.1000
        41  -0.994196  -0.33594  0.69146  0.287E-08  0.137E-06  pot  B   0.1000
        42  -0.994142  -0.33488  0.69146  0.344E-06  0.279E-05  pot  B   0.1000
        43  -0.994147  -0.33521  0.69147  0.869E-07  0.185E-05  pot  B   0.1000
        44  -0.994163  -0.33589  0.69147  0.188E-06  0.441E-06  pot  B   0.1000
        45  -0.994179  -0.33595  0.69146  0.796E-07  0.410E-06  pot  B   0.1000
        46  -0.994176  -0.33582  0.69146  0.400E-07  0.187E-06  pot  B   0.1000
        47  -0.994190  -0.33599  0.69146  0.579E-07  0.394E-06  pot  B   0.1000
        48  -0.994187  -0.33594  0.69146  0.316E-07  0.299E-06  pot  B   0.1000
        49  -0.994188  -0.33593  0.69146  0.388E-08  0.262E-06  pot  B   0.1000
        50  -0.994193  -0.33600  0.69146  0.705E-07  0.545E-06  pot  B   0.1000
        51  -0.994138  -0.33495  0.69147  0.450E-06  0.268E-05  pot  B   0.1000
        52  -0.994193  -0.33609  0.69146  0.449E-06  0.801E-06  pot  B   0.1000
        53  -0.994191  -0.33604  0.69146  0.214E-07  0.677E-06  pot  B   0.1000
        54  -0.994183  -0.33591  0.69146  0.478E-07  0.428E-06  pot  B   0.1000
        55  -0.994183  -0.33588  0.69146  0.334E-07  0.267E-06  pot  B   0.1000
        56  -0.994178  -0.33578  0.69146  0.315E-07  0.239E-06  pot  B   0.1000
        57  -0.994170  -0.33564  0.69146  0.687E-07  0.653E-06  pot  B   0.1000
        58  -0.994165  -0.33557  0.69146  0.344E-07  0.864E-06  pot  B   0.1000
        59  -0.994164  -0.33557  0.69146  0.717E-07  0.783E-06  pot  B   0.1000
        60  -0.994163  -0.33553  0.69146  0.374E-07  0.860E-06  pot  B   0.1000
**      61  -0.982492  -0.54390  0.69252  0.407E-03  0.120E-02  pot  B   0.1000
        62  -0.986253   0.46717  0.66782  0.253E-03  0.215E-02  pot  B   0.1000
        63  -0.983691   0.19654  0.67909  0.846E-04  0.130E-02  pot  B   0.1000
        64  -0.982727   0.11104  0.68041  0.220E-04  0.109E-02  pot  B   0.1000
        65  -0.983266  -0.52502  0.68893  0.147E-03  0.707E-03  pot  B   0.1000
        66  -0.983131  -0.19071  0.68484  0.763E-04  0.228E-03  pot  B   0.1000
        67  -0.982914  -0.19076  0.68463  0.817E-05  0.245E-03  pot  B   0.1000
        68  -0.982914  -0.19483  0.68472  0.122E-05  0.228E-03  pot  B   0.1000
        69  -0.982913  -0.24780  0.68561  0.133E-04  0.524E-04  pot  B   0.1000
        70  -0.982906  -0.24931  0.68564  0.373E-06  0.468E-04  pot  B   0.1000
        71  -0.982901  -0.26317  0.68591  0.370E-05  0.470E-05  pot  B   0.1000
        72  -0.982901  -0.26154  0.68588  0.436E-06  0.131E-05  pot  B   0.1000
        73  -0.982901  -0.26153  0.68588  0.295E-08  0.132E-05  pot  B   0.1000
        74  -0.982901  -0.26210  0.68589  0.138E-06  0.539E-06  pot  B   0.1000
        75  -0.982901  -0.26205  0.68589  0.159E-07  0.301E-06  pot  B   0.1000
        76  -0.982901  -0.26205  0.68589  0.201E-09  0.299E-06  pot  B   0.1000
        77  -0.982901  -0.26205  0.68589  0.654E-09  0.288E-06  pot  B   0.1000
        78  -0.982901  -0.26200  0.68589  0.136E-07  0.961E-07  pot  B   0.1000
        79  -0.982901  -0.26199  0.68589  0.372E-08  0.557E-07  pot  B   0.1000
        80  -0.982901  -0.26198  0.68589  0.251E-08  0.378E-07  pot  B   0.1000
        81  -0.982901  -0.26197  0.68589  0.630E-09  0.109E-07  pot  B   0.1000
