 ir        r            Re[f(r)]            Im[f(r)]
    1  0.00001379     -0.81078827D-09      0.18072286D-17
    2  0.00001396     -0.83074077D-09      0.18517023D-17
    3  0.00001413     -0.85118413D-09      0.18972701D-17
    4  0.00001431     -0.87213041D-09      0.19439588D-17
    5  0.00001448     -0.89359159D-09      0.19917953D-17
    6  0.00001466     -0.91558086D-09      0.20408089D-17
    7  0.00001484     -0.93811086D-09      0.20910278D-17
    8  0.00001502     -0.96119516D-09      0.21424821D-17
    9  0.00001520     -0.98484732D-09      0.21952023D-17
   10  0.00001539     -0.10090813D-08      0.22492193D-17
   11  0.00001558     -0.10339114D-08      0.23045650D-17
   12  0.00001577     -0.10593523D-08      0.23612722D-17
   13  0.00001596     -0.10854190D-08      0.24193743D-17
   14  0.00001616     -0.11121269D-08      0.24789056D-17
   15  0.00001636     -0.11394918D-08      0.25399012D-17
   16  0.00001656     -0.11675297D-08      0.26023972D-17
   17  0.00001676     -0.11962573D-08      0.26664303D-17
   18  0.00001696     -0.12256915D-08      0.27320385D-17
   19  0.00001717     -0.12558497D-08      0.27992604D-17
   20  0.00001738     -0.12867497D-08      0.28681358D-17
   21  0.00001759     -0.13184096D-08      0.29387051D-17
   22  0.00001781     -0.13508483D-08      0.30110101D-17
   23  0.00001803     -0.13840848D-08      0.30850935D-17
   24  0.00001825     -0.14181387D-08      0.31609990D-17
   25  0.00001847     -0.14530302D-08      0.32387713D-17
   26  0.00001870     -0.14887798D-08      0.33184563D-17
   27  0.00001893     -0.15254086D-08      0.34001011D-17
   28  0.00001916     -0.15629383D-08      0.34837539D-17
   29  0.00001939     -0.16013909D-08      0.35694639D-17
   30  0.00001963     -0.16407892D-08      0.36572817D-17
   31  0.00001987     -0.16811563D-08      0.37472592D-17
   32  0.00002011     -0.17225162D-08      0.38394494D-17
   33  0.00002036     -0.17648931D-08      0.39339067D-17
   34  0.00002061     -0.18083122D-08      0.40306868D-17
   35  0.00002086     -0.18527990D-08      0.41298468D-17
   36  0.00002112     -0.18983797D-08      0.42314451D-17
   37  0.00002137     -0.19450812D-08      0.43355418D-17
   38  0.00002163     -0.19929312D-08      0.44421982D-17
   39  0.00002190     -0.20419577D-08      0.45514772D-17
   40  0.00002217     -0.20921897D-08      0.46634432D-17
   41  0.00002244     -0.21436568D-08      0.47781622D-17
   42  0.00002271     -0.21963894D-08      0.48957020D-17
   43  0.00002299     -0.22504185D-08      0.50161317D-17
   44  0.00002327     -0.23057761D-08      0.51395225D-17
   45  0.00002356     -0.23624947D-08      0.52659470D-17
   46  0.00002385     -0.24206078D-08      0.53954798D-17
   47  0.00002414     -0.24801497D-08      0.55281973D-17
   48  0.00002443     -0.25411554D-08      0.56641776D-17
   49  0.00002473     -0.26036610D-08      0.58035010D-17
   50  0.00002503     -0.26677031D-08      0.59462496D-17
   51  0.00002534     -0.27333197D-08      0.60925074D-17
   52  0.00002565     -0.28005494D-08      0.62423608D-17
   53  0.00002596     -0.28694317D-08      0.63958980D-17
   54  0.00002628     -0.29400074D-08      0.65532095D-17
   55  0.00002660     -0.30123179D-08      0.67143881D-17
   56  0.00002693     -0.30864059D-08      0.68795286D-17
   57  0.00002726     -0.31623151D-08      0.70487284D-17
   58  0.00002759     -0.32400901D-08      0.72220872D-17
   59  0.00002793     -0.33197769D-08      0.73997071D-17
   60  0.00002827     -0.34014222D-08      0.75816928D-17
   61  0.00002862     -0.34850744D-08      0.77681515D-17
   62  0.00002897     -0.35707825D-08      0.79591929D-17
   63  0.00002932     -0.36585972D-08      0.81549298D-17
   64  0.00002968     -0.37485700D-08      0.83554773D-17
   65  0.00003005     -0.38407541D-08      0.85609535D-17
   66  0.00003041     -0.39352037D-08      0.87714796D-17
   67  0.00003078     -0.40319745D-08      0.89871793D-17
   68  0.00003116     -0.41311233D-08      0.92081799D-17
   69  0.00003154     -0.42327087D-08      0.94346114D-17
   70  0.00003193     -0.43367904D-08      0.96666071D-17
   71  0.00003232     -0.44434297D-08      0.99043037D-17
   72  0.00003272     -0.45526894D-08      0.10147841D-16
   73  0.00003312     -0.46646338D-08      0.10397362D-16
   74  0.00003352     -0.47793287D-08      0.10653015D-16
   75  0.00003393     -0.48968418D-08      0.10914949D-16
   76  0.00003435     -0.50172422D-08      0.11183319D-16
   77  0.00003477     -0.51406007D-08      0.11458282D-16
   78  0.00003519     -0.52669900D-08      0.11740001D-16
   79  0.00003562     -0.53964844D-08      0.12028641D-16
   80  0.00003606     -0.55291601D-08      0.12324372D-16
   81  0.00003650     -0.56650951D-08      0.12627368D-16
   82  0.00003695     -0.58043696D-08      0.12937808D-16
   83  0.00003740     -0.59470653D-08      0.13255873D-16
   84  0.00003786     -0.60932663D-08      0.13581752D-16
   85  0.00003832     -0.62430585D-08      0.13915635D-16
   86  0.00003879     -0.63965300D-08      0.14257720D-16
   87  0.00003926     -0.65537712D-08      0.14608207D-16
   88  0.00003974     -0.67148744D-08      0.14967302D-16
   89  0.00004023     -0.68799344D-08      0.15335217D-16
   90  0.00004072     -0.70490483D-08      0.15712168D-16
   91  0.00004122     -0.72223155D-08      0.16098377D-16
   92  0.00004172     -0.73998379D-08      0.16494070D-16
   93  0.00004223     -0.75817198D-08      0.16899481D-16
   94  0.00004275     -0.77680682D-08      0.17314847D-16
   95  0.00004327     -0.79589925D-08      0.17740413D-16
   96  0.00004380     -0.81546050D-08      0.18176429D-16
   97  0.00004434     -0.83550206D-08      0.18623151D-16
   98  0.00004488     -0.85603572D-08      0.19080841D-16
   99  0.00004543     -0.87707353D-08      0.19549769D-16
  100  0.00004599     -0.89862785D-08      0.20030210D-16
  101  0.00004655     -0.92071136D-08      0.20522447D-16
  102  0.00004712     -0.94333701D-08      0.21026767D-16
  103  0.00004770     -0.96651811D-08      0.21543469D-16
  104  0.00004828     -0.99026826D-08      0.22072854D-16
  105  0.00004887     -0.10146014D-07      0.22615235D-16
  106  0.00004947     -0.10395319D-07      0.23170929D-16
  107  0.00005008     -0.10650742D-07      0.23740262D-16
  108  0.00005069     -0.10912435D-07      0.24323570D-16
  109  0.00005131     -0.11180551D-07      0.24921194D-16
  110  0.00005194     -0.11455247D-07      0.25533485D-16
  111  0.00005257     -0.11736685D-07      0.26160803D-16
  112  0.00005321     -0.12025029D-07      0.26803516D-16
  113  0.00005387     -0.12320449D-07      0.27462000D-16
  114  0.00005453     -0.12623118D-07      0.28136643D-16
  115  0.00005519     -0.12933214D-07      0.28827840D-16
  116  0.00005587     -0.13250919D-07      0.29535996D-16
  117  0.00005655     -0.13576418D-07      0.30261527D-16
  118  0.00005724     -0.13909904D-07      0.31004859D-16
  119  0.00005794     -0.14251571D-07      0.31766427D-16
  120  0.00005865     -0.14601620D-07      0.32546678D-16
  121  0.00005937     -0.14960255D-07      0.33346069D-16
  122  0.00006010     -0.15327688D-07      0.34165069D-16
  123  0.00006083     -0.15704134D-07      0.35004158D-16
  124  0.00006158     -0.16089813D-07      0.35863828D-16
  125  0.00006233     -0.16484952D-07      0.36744582D-16
  126  0.00006309     -0.16889781D-07      0.37646937D-16
  127  0.00006387     -0.17304538D-07      0.38571422D-16
  128  0.00006465     -0.17729466D-07      0.39518577D-16
  129  0.00006544     -0.18164814D-07      0.40488958D-16
  130  0.00006624     -0.18610837D-07      0.41483133D-16
  131  0.00006705     -0.19067796D-07      0.42501684D-16
  132  0.00006787     -0.19535959D-07      0.43545208D-16
  133  0.00006870     -0.20015600D-07      0.44614316D-16
  134  0.00006954     -0.20506998D-07      0.45709633D-16
  135  0.00007039     -0.21010443D-07      0.46831800D-16
  136  0.00007125     -0.21526229D-07      0.47981474D-16
  137  0.00007212     -0.22054657D-07      0.49159329D-16
  138  0.00007301     -0.22596037D-07      0.50366052D-16
  139  0.00007390     -0.23150685D-07      0.51602350D-16
  140  0.00007481     -0.23718926D-07      0.52868946D-16
  141  0.00007572     -0.24301092D-07      0.54166580D-16
  142  0.00007665     -0.24897523D-07      0.55496012D-16
  143  0.00007758     -0.25508568D-07      0.56858018D-16
  144  0.00007853     -0.26134585D-07      0.58253395D-16
  145  0.00007950     -0.26775939D-07      0.59682959D-16
  146  0.00008047     -0.27433005D-07      0.61147544D-16
  147  0.00008145     -0.28106167D-07      0.62648007D-16
  148  0.00008245     -0.28795818D-07      0.64185223D-16
  149  0.00008346     -0.29502361D-07      0.65760091D-16
  150  0.00008448     -0.30226208D-07      0.67373531D-16
  151  0.00008551     -0.30967783D-07      0.69026484D-16
  152  0.00008656     -0.31727518D-07      0.70719916D-16
  153  0.00008762     -0.32505857D-07      0.72454815D-16
  154  0.00008869     -0.33303253D-07      0.74232194D-16
  155  0.00008978     -0.34120173D-07      0.76053089D-16
  156  0.00009088     -0.34957092D-07      0.77918563D-16
  157  0.00009199     -0.35814500D-07      0.79829705D-16
  158  0.00009311     -0.36692895D-07      0.81787628D-16
  159  0.00009425     -0.37592791D-07      0.83793475D-16
  160  0.00009541     -0.38514711D-07      0.85848414D-16
  161  0.00009657     -0.39459194D-07      0.87953644D-16
  162  0.00009775     -0.40426789D-07      0.90110392D-16
  163  0.00009895     -0.41418060D-07      0.92319914D-16
  164  0.00010016     -0.42433586D-07      0.94583497D-16
  165  0.00010139     -0.43473957D-07      0.96902460D-16
  166  0.00010263     -0.44539779D-07      0.99278154D-16
  167  0.00010388     -0.45631673D-07      0.10171196D-15
  168  0.00010516     -0.46750274D-07      0.10420530D-15
  169  0.00010644     -0.47896234D-07      0.10675961D-15
  170  0.00010774     -0.49070218D-07      0.10937640D-15
  171  0.00010906     -0.50272911D-07      0.11205718D-15
  172  0.00011040     -0.51505012D-07      0.11480350D-15
  173  0.00011175     -0.52767236D-07      0.11761697D-15
  174  0.00011312     -0.54060319D-07      0.12049922D-15
  175  0.00011450     -0.55385011D-07      0.12345193D-15
  176  0.00011590     -0.56742082D-07      0.12647681D-15
  177  0.00011732     -0.58132321D-07      0.12957562D-15
  178  0.00011875     -0.59556536D-07      0.13275016D-15
  179  0.00012021     -0.61015552D-07      0.13600228D-15
  180  0.00012168     -0.62510218D-07      0.13933385D-15
  181  0.00012317     -0.64041401D-07      0.14274683D-15
  182  0.00012468     -0.65609990D-07      0.14624317D-15
  183  0.00012620     -0.67216894D-07      0.14982493D-15
  184  0.00012775     -0.68863046D-07      0.15349416D-15
  185  0.00012931     -0.70549401D-07      0.15725301D-15
  186  0.00013089     -0.72276935D-07      0.16110364D-15
  187  0.00013249     -0.74046650D-07      0.16504830D-15
  188  0.00013411     -0.75859572D-07      0.16908926D-15
  189  0.00013575     -0.77716751D-07      0.17322887D-15
  190  0.00013742     -0.79619262D-07      0.17746952D-15
  191  0.00013910     -0.81568207D-07      0.18181368D-15
  192  0.00014080     -0.83564714D-07      0.18626385D-15
  193  0.00014252     -0.85609939D-07      0.19082261D-15
  194  0.00014427     -0.87705064D-07      0.19549259D-15
  195  0.00014603     -0.89851301D-07      0.20027651D-15
  196  0.00014782     -0.92049892D-07      0.20517711D-15
  197  0.00014963     -0.94302107D-07      0.21019725D-15
  198  0.00015146     -0.96609247D-07      0.21533981D-15
  199  0.00015331     -0.98972646D-07      0.22060777D-15
  200  0.00015519     -0.10139367D-06      0.22600418D-15
  201  0.00015709     -0.10387371D-06      0.23153214D-15
  202  0.00015901     -0.10641420D-06      0.23719484D-15
  203  0.00016095     -0.10901662D-06      0.24299556D-15
  204  0.00016292     -0.11168245D-06      0.24893764D-15
  205  0.00016492     -0.11441324D-06      0.25502451D-15
  206  0.00016694     -0.11721056D-06      0.26125967D-15
  207  0.00016898     -0.12007602D-06      0.26764672D-15
  208  0.00017105     -0.12301128D-06      0.27418933D-15
  209  0.00017314     -0.12601801D-06      0.28089128D-15
  210  0.00017526     -0.12909797D-06      0.28775643D-15
  211  0.00017740     -0.13225291D-06      0.29478872D-15
  212  0.00017957     -0.13548465D-06      0.30199219D-15
  213  0.00018177     -0.13879505D-06      0.30937100D-15
  214  0.00018400     -0.14218601D-06      0.31692938D-15
  215  0.00018625     -0.14565949D-06      0.32467168D-15
  216  0.00018853     -0.14921747D-06      0.33260235D-15
  217  0.00019083     -0.15286201D-06      0.34072593D-15
  218  0.00019317     -0.15659518D-06      0.34904710D-15
  219  0.00019553     -0.16041914D-06      0.35757062D-15
  220  0.00019792     -0.16433608D-06      0.36630138D-15
  221  0.00020035     -0.16834824D-06      0.37524440D-15
  222  0.00020280     -0.17245793D-06      0.38440480D-15
  223  0.00020528     -0.17666749D-06      0.39378782D-15
  224  0.00020779     -0.18097934D-06      0.40339884D-15
  225  0.00021033     -0.18539595D-06      0.41324336D-15
  226  0.00021291     -0.18991984D-06      0.42332701D-15
  227  0.00021551     -0.19455361D-06      0.43365557D-15
  228  0.00021815     -0.19929989D-06      0.44423493D-15
  229  0.00022082     -0.20416141D-06      0.45507114D-15
  230  0.00022352     -0.20914094D-06      0.46617040D-15
  231  0.00022626     -0.21424132D-06      0.47753903D-15
  232  0.00022903     -0.21946547D-06      0.48918354D-15
  233  0.00023183     -0.22481636D-06      0.50111055D-15
  234  0.00023467     -0.23029705D-06      0.51332688D-15
  235  0.00023754     -0.23591065D-06      0.52583948D-15
  236  0.00024044     -0.24166038D-06      0.53865549D-15
  237  0.00024339     -0.24754950D-06      0.55178219D-15
  238  0.00024636     -0.25358135D-06      0.56522707D-15
  239  0.00024938     -0.25975939D-06      0.57899776D-15
  240  0.00025243     -0.26608711D-06      0.59310211D-15
  241  0.00025552     -0.27256811D-06      0.60754812D-15
  242  0.00025865     -0.27920608D-06      0.62234400D-15
  243  0.00026181     -0.28600478D-06      0.63749815D-15
  244  0.00026502     -0.29296807D-06      0.65301917D-15
  245  0.00026826     -0.30009991D-06      0.66891586D-15
  246  0.00027154     -0.30740432D-06      0.68519723D-15
  247  0.00027486     -0.31488545D-06      0.70187251D-15
  248  0.00027823     -0.32254754D-06      0.71895113D-15
  249  0.00028163     -0.33039493D-06      0.73644277D-15
  250  0.00028508     -0.33843204D-06      0.75435731D-15
  251  0.00028857     -0.34666342D-06      0.77270488D-15
  252  0.00029210     -0.35509373D-06      0.79149585D-15
  253  0.00029567     -0.36372773D-06      0.81074082D-15
  254  0.00029929     -0.37257027D-06      0.83045066D-15
  255  0.00030295     -0.38162636D-06      0.85063648D-15
  256  0.00030666     -0.39090110D-06      0.87130965D-15
  257  0.00031041     -0.40039970D-06      0.89248182D-15
  258  0.00031421     -0.41012752D-06      0.91416491D-15
  259  0.00031806     -0.42009003D-06      0.93637112D-15
  260  0.00032195     -0.43029283D-06      0.95911293D-15
  261  0.00032589     -0.44074165D-06      0.98240311D-15
  262  0.00032987     -0.45144236D-06      0.10062547D-14
  263  0.00033391     -0.46240096D-06      0.10306812D-14
  264  0.00033800     -0.47362359D-06      0.10556962D-14
  265  0.00034213     -0.48511655D-06      0.10813138D-14
  266  0.00034632     -0.49688628D-06      0.11075482D-14
  267  0.00035056     -0.50893934D-06      0.11344142D-14
  268  0.00035485     -0.52128250D-06      0.11619268D-14
  269  0.00035919     -0.53392263D-06      0.11901014D-14
  270  0.00036358     -0.54686680D-06      0.12189537D-14
  271  0.00036803     -0.56012224D-06      0.12484997D-14
  272  0.00037254     -0.57369633D-06      0.12787561D-14
  273  0.00037710     -0.58759663D-06      0.13097395D-14
  274  0.00038171     -0.60183088D-06      0.13414673D-14
  275  0.00038638     -0.61640701D-06      0.13739572D-14
  276  0.00039111     -0.63133310D-06      0.14072271D-14
  277  0.00039590     -0.64661746D-06      0.14412956D-14
  278  0.00040074     -0.66226856D-06      0.14761815D-14
  279  0.00040564     -0.67829508D-06      0.15119043D-14
  280  0.00041061     -0.69470589D-06      0.15484836D-14
  281  0.00041563     -0.71151010D-06      0.15859398D-14
  282  0.00042072     -0.72871698D-06      0.16242936D-14
  283  0.00042587     -0.74633604D-06      0.16635661D-14
  284  0.00043108     -0.76437702D-06      0.17037790D-14
  285  0.00043635     -0.78284987D-06      0.17449545D-14
  286  0.00044169     -0.80176476D-06      0.17871154D-14
  287  0.00044710     -0.82113212D-06      0.18302848D-14
  288  0.00045257     -0.84096260D-06      0.18744865D-14
  289  0.00045811     -0.86126709D-06      0.19197447D-14
  290  0.00046371     -0.88205675D-06      0.19660844D-14
  291  0.00046939     -0.90334298D-06      0.20135309D-14
  292  0.00047513     -0.92513744D-06      0.20621103D-14
  293  0.00048094     -0.94745208D-06      0.21118491D-14
  294  0.00048683     -0.97029910D-06      0.21627746D-14
  295  0.00049279     -0.99369097D-06      0.22149146D-14
  296  0.00049882     -0.10176405D-05      0.22682975D-14
  297  0.00050492     -0.10421607D-05      0.23229524D-14
  298  0.00051110     -0.10672649D-05      0.23789092D-14
  299  0.00051735     -0.10929669D-05      0.24361983D-14
  300  0.00052368     -0.11192805D-05      0.24948507D-14
  301  0.00053009     -0.11462201D-05      0.25548985D-14
  302  0.00053658     -0.11738002D-05      0.26163740D-14
  303  0.00054314     -0.12020359D-05      0.26793107D-14
  304  0.00054979     -0.12309424D-05      0.27437426D-14
  305  0.00055652     -0.12605353D-05      0.28097045D-14
  306  0.00056333     -0.12908306D-05      0.28772321D-14
  307  0.00057022     -0.13218447D-05      0.29463617D-14
  308  0.00057720     -0.13535942D-05      0.30171306D-14
  309  0.00058426     -0.13860962D-05      0.30895769D-14
  310  0.00059141     -0.14193682D-05      0.31637394D-14
  311  0.00059865     -0.14534281D-05      0.32396581D-14
  312  0.00060597     -0.14882940D-05      0.33173735D-14
  313  0.00061339     -0.15239847D-05      0.33969272D-14
  314  0.00062090     -0.15605193D-05      0.34783619D-14
  315  0.00062849     -0.15979172D-05      0.35617210D-14
  316  0.00063618     -0.16361983D-05      0.36470488D-14
  317  0.00064397     -0.16753832D-05      0.37343910D-14
  318  0.00065185     -0.17154925D-05      0.38237938D-14
  319  0.00065983     -0.17565477D-05      0.39153048D-14
  320  0.00066790     -0.17985704D-05      0.40089724D-14
  321  0.00067607     -0.18415829D-05      0.41048464D-14
  322  0.00068435     -0.18856080D-05      0.42029773D-14
  323  0.00069272     -0.19306689D-05      0.43034170D-14
  324  0.00070120     -0.19767893D-05      0.44062184D-14
  325  0.00070978     -0.20239936D-05      0.45114356D-14
  326  0.00071846     -0.20723065D-05      0.46191240D-14
  327  0.00072725     -0.21217533D-05      0.47293399D-14
  328  0.00073615     -0.21723601D-05      0.48421413D-14
  329  0.00074516     -0.22241533D-05      0.49575870D-14
  330  0.00075428     -0.22771598D-05      0.50757374D-14
  331  0.00076351     -0.23314074D-05      0.51966540D-14
  332  0.00077285     -0.23869243D-05      0.53203998D-14
  333  0.00078231     -0.24437392D-05      0.54470392D-14
  334  0.00079188     -0.25018818D-05      0.55766377D-14
  335  0.00080157     -0.25613821D-05      0.57092625D-14
  336  0.00081138     -0.26222709D-05      0.58449821D-14
  337  0.00082131     -0.26845795D-05      0.59838666D-14
  338  0.00083136     -0.27483401D-05      0.61259875D-14
  339  0.00084153     -0.28135854D-05      0.62714179D-14
  340  0.00085183     -0.28803490D-05      0.64202324D-14
  341  0.00086226     -0.29486650D-05      0.65725072D-14
  342  0.00087281     -0.30185683D-05      0.67283201D-14
  343  0.00088349     -0.30900947D-05      0.68877507D-14
  344  0.00089430     -0.31632805D-05      0.70508802D-14
  345  0.00090524     -0.32381629D-05      0.72177913D-14
  346  0.00091632     -0.33147799D-05      0.73885689D-14
  347  0.00092753     -0.33931702D-05      0.75632992D-14
  348  0.00093888     -0.34733736D-05      0.77420707D-14
  349  0.00095037     -0.35554303D-05      0.79249732D-14
  350  0.00096200     -0.36393817D-05      0.81120989D-14
  351  0.00097377     -0.37252698D-05      0.83035416D-14
  352  0.00098569     -0.38131377D-05      0.84993972D-14
  353  0.00099775     -0.39030293D-05      0.86997635D-14
  354  0.00100996     -0.39949894D-05      0.89047404D-14
  355  0.00102232     -0.40890636D-05      0.91144297D-14
  356  0.00103483     -0.41852987D-05      0.93289356D-14
  357  0.00104749     -0.42837424D-05      0.95483642D-14
  358  0.00106031     -0.43844431D-05      0.97728238D-14
  359  0.00107328     -0.44874505D-05      0.10002425D-13
  360  0.00108642     -0.45928152D-05      0.10237281D-13
  361  0.00109971     -0.47005888D-05      0.10477506D-13
  362  0.00111317     -0.48108241D-05      0.10723217D-13
  363  0.00112679     -0.49235747D-05      0.10974536D-13
  364  0.00114058     -0.50388954D-05      0.11231583D-13
  365  0.00115453     -0.51568422D-05      0.11494484D-13
  366  0.00116866     -0.52774722D-05      0.11763365D-13
  367  0.00118296     -0.54008434D-05      0.12038357D-13
  368  0.00119744     -0.55270152D-05      0.12319591D-13
  369  0.00121209     -0.56560482D-05      0.12607203D-13
  370  0.00122692     -0.57880039D-05      0.12901329D-13
  371  0.00124194     -0.59229454D-05      0.13202110D-13
  372  0.00125713     -0.60609367D-05      0.13509690D-13
  373  0.00127252     -0.62020432D-05      0.13824213D-13
  374  0.00128809     -0.63463316D-05      0.14145829D-13
  375  0.00130385     -0.64938698D-05      0.14474688D-13
  376  0.00131981     -0.66447271D-05      0.14810946D-13
  377  0.00133596     -0.67989741D-05      0.15154759D-13
  378  0.00135230     -0.69566827D-05      0.15506287D-13
  379  0.00136885     -0.71179261D-05      0.15865695D-13
  380  0.00138560     -0.72827791D-05      0.16233149D-13
  381  0.00140256     -0.74513178D-05      0.16608818D-13
  382  0.00141972     -0.76236197D-05      0.16992875D-13
  383  0.00143709     -0.77997638D-05      0.17385496D-13
  384  0.00145468     -0.79798305D-05      0.17786861D-13
  385  0.00147248     -0.81639018D-05      0.18197151D-13
  386  0.00149050     -0.83520610D-05      0.18616554D-13
  387  0.00150874     -0.85443932D-05      0.19045258D-13
  388  0.00152720     -0.87409849D-05      0.19483456D-13
  389  0.00154589     -0.89419242D-05      0.19931346D-13
  390  0.00156480     -0.91473008D-05      0.20389125D-13
  391  0.00158395     -0.93572059D-05      0.20856999D-13
  392  0.00160333     -0.95717325D-05      0.21335174D-13
  393  0.00162295     -0.97909751D-05      0.21823861D-13
  394  0.00164281     -0.10015030D-04      0.22323274D-13
  395  0.00166291     -0.10243995D-04      0.22833632D-13
  396  0.00168326     -0.10477970D-04      0.23355156D-13
  397  0.00170386     -0.10717056D-04      0.23888074D-13
  398  0.00172471     -0.10961356D-04      0.24432613D-13
  399  0.00174582     -0.11210975D-04      0.24989009D-13
  400  0.00176718     -0.11466020D-04      0.25557499D-13
  401  0.00178880     -0.11726600D-04      0.26138324D-13
  402  0.00181069     -0.11992823D-04      0.26731730D-13
  403  0.00183285     -0.12264803D-04      0.27337967D-13
  404  0.00185528     -0.12542653D-04      0.27957288D-13
  405  0.00187798     -0.12826489D-04      0.28589953D-13
  406  0.00190096     -0.13116429D-04      0.29236222D-13
  407  0.00192422     -0.13412592D-04      0.29896363D-13
  408  0.00194777     -0.13715100D-04      0.30570645D-13
  409  0.00197160     -0.14024075D-04      0.31259345D-13
  410  0.00199573     -0.14339644D-04      0.31962740D-13
  411  0.00202015     -0.14661933D-04      0.32681115D-13
  412  0.00204487     -0.14991072D-04      0.33414758D-13
  413  0.00206989     -0.15327191D-04      0.34163960D-13
  414  0.00209522     -0.15670424D-04      0.34929018D-13
  415  0.00212086     -0.16020905D-04      0.35710233D-13
  416  0.00214681     -0.16378772D-04      0.36507911D-13
  417  0.00217308     -0.16744164D-04      0.37322361D-13
  418  0.00219968     -0.17117222D-04      0.38153898D-13
  419  0.00222659     -0.17498088D-04      0.39002840D-13
  420  0.00225384     -0.17886908D-04      0.39869510D-13
  421  0.00228142     -0.18283828D-04      0.40754237D-13
  422  0.00230934     -0.18688998D-04      0.41657352D-13
  423  0.00233759     -0.19102569D-04      0.42579191D-13
  424  0.00236620     -0.19524693D-04      0.43520096D-13
  425  0.00239515     -0.19955525D-04      0.44480412D-13
  426  0.00242446     -0.20395223D-04      0.45460488D-13
  427  0.00245413     -0.20843945D-04      0.46460680D-13
  428  0.00248416     -0.21301853D-04      0.47481345D-13
  429  0.00251456     -0.21769108D-04      0.48522845D-13
  430  0.00254533     -0.22245875D-04      0.49585550D-13
  431  0.00257648     -0.22732322D-04      0.50669829D-13
  432  0.00260800     -0.23228617D-04      0.51776059D-13
  433  0.00263992     -0.23734930D-04      0.52904619D-13
  434  0.00267222     -0.24251433D-04      0.54055893D-13
  435  0.00270492     -0.24778301D-04      0.55230270D-13
  436  0.00273802     -0.25315710D-04      0.56428141D-13
  437  0.00277152     -0.25863836D-04      0.57649902D-13
  438  0.00280544     -0.26422860D-04      0.58895953D-13
  439  0.00283977     -0.26992962D-04      0.60166699D-13
  440  0.00287452     -0.27574326D-04      0.61462545D-13
  441  0.00290969     -0.28167135D-04      0.62783903D-13
  442  0.00294530     -0.28771576D-04      0.64131187D-13
  443  0.00298134     -0.29387835D-04      0.65504816D-13
  444  0.00301782     -0.30016102D-04      0.66905209D-13
  445  0.00305475     -0.30656568D-04      0.68332792D-13
  446  0.00309213     -0.31309422D-04      0.69787990D-13
  447  0.00312997     -0.31974860D-04      0.71271235D-13
  448  0.00316827     -0.32653074D-04      0.72782958D-13
  449  0.00320704     -0.33344259D-04      0.74323596D-13
  450  0.00324628     -0.34048613D-04      0.75893584D-13
  451  0.00328601     -0.34766332D-04      0.77493364D-13
  452  0.00332622     -0.35497615D-04      0.79123376D-13
  453  0.00336692     -0.36242660D-04      0.80784065D-13
  454  0.00340812     -0.37001667D-04      0.82475874D-13
  455  0.00344982     -0.37774836D-04      0.84199251D-13
  456  0.00349204     -0.38562369D-04      0.85954642D-13
  457  0.00353477     -0.39364465D-04      0.87742497D-13
  458  0.00357802     -0.40181327D-04      0.89563263D-13
  459  0.00362181     -0.41013155D-04      0.91417390D-13
  460  0.00366613     -0.41860152D-04      0.93305326D-13
  461  0.00371099     -0.42722518D-04      0.95227521D-13
  462  0.00375640     -0.43600456D-04      0.97184423D-13
  463  0.00380236     -0.44494164D-04      0.99176479D-13
  464  0.00384889     -0.45403844D-04      0.10120414D-12
  465  0.00389599     -0.46329695D-04      0.10326783D-12
  466  0.00394366     -0.47271914D-04      0.10536802D-12
  467  0.00399192     -0.48230700D-04      0.10750513D-12
  468  0.00404077     -0.49206249D-04      0.10967961D-12
  469  0.00409022     -0.50198754D-04      0.11189188D-12
  470  0.00414027     -0.51208409D-04      0.11414238D-12
  471  0.00419093     -0.52235405D-04      0.11643153D-12
  472  0.00424221     -0.53279930D-04      0.11875975D-12
  473  0.00429413     -0.54342172D-04      0.12112746D-12
  474  0.00434667     -0.55422314D-04      0.12353508D-12
  475  0.00439986     -0.56520537D-04      0.12598299D-12
  476  0.00445370     -0.57637020D-04      0.12847161D-12
  477  0.00450820     -0.58771938D-04      0.13100131D-12
  478  0.00456337     -0.59925461D-04      0.13357249D-12
  479  0.00461921     -0.61097757D-04      0.13618551D-12
  480  0.00467573     -0.62288990D-04      0.13884074D-12
  481  0.00473295     -0.63499317D-04      0.14153853D-12
  482  0.00479086     -0.64728894D-04      0.14427923D-12
  483  0.00484949     -0.65977870D-04      0.14706317D-12
  484  0.00490883     -0.67246386D-04      0.14989066D-12
  485  0.00496890     -0.68534583D-04      0.15276203D-12
  486  0.00502970     -0.69842590D-04      0.15567754D-12
  487  0.00509125     -0.71170534D-04      0.15863750D-12
  488  0.00515355     -0.72518532D-04      0.16164216D-12
  489  0.00521661     -0.73886696D-04      0.16469176D-12
  490  0.00528045     -0.75275130D-04      0.16778655D-12
  491  0.00534506     -0.76683928D-04      0.17092673D-12
  492  0.00541047     -0.78113177D-04      0.17411249D-12
  493  0.00547668     -0.79562956D-04      0.17734402D-12
  494  0.00554369     -0.81033334D-04      0.18062146D-12
  495  0.00561153     -0.82524369D-04      0.18394494D-12
  496  0.00568020     -0.84036110D-04      0.18731458D-12
  497  0.00574970     -0.85568595D-04      0.19073045D-12
  498  0.00582006     -0.87121851D-04      0.19419262D-12
  499  0.00589128     -0.88695892D-04      0.19770112D-12
  500  0.00596337     -0.90290721D-04      0.20125596D-12
  501  0.00603634     -0.91906327D-04      0.20485711D-12
  502  0.00611021     -0.93542689D-04      0.20850452D-12
  503  0.00618498     -0.95199767D-04      0.21219811D-12
  504  0.00626066     -0.96877510D-04      0.21593777D-12
  505  0.00633727     -0.98575851D-04      0.21972333D-12
  506  0.00641482     -0.10029471D-03      0.22355462D-12
  507  0.00649332     -0.10203398D-03      0.22743142D-12
  508  0.00657277     -0.10379356D-03      0.23135347D-12
  509  0.00665320     -0.10557330D-03      0.23532048D-12
  510  0.00673462     -0.10737306D-03      0.23933210D-12
  511  0.00681703     -0.10919266D-03      0.24338796D-12
  512  0.00690045     -0.11103192D-03      0.24748763D-12
  513  0.00698489     -0.11289063D-03      0.25163065D-12
  514  0.00707036     -0.11476856D-03      0.25581651D-12
  515  0.00715688     -0.11666545D-03      0.26004463D-12
  516  0.00724445     -0.11858103D-03      0.26431442D-12
  517  0.00733310     -0.12051501D-03      0.26862520D-12
  518  0.00742284     -0.12246705D-03      0.27297627D-12
  519  0.00751367     -0.12443683D-03      0.27736686D-12
  520  0.00760561     -0.12642396D-03      0.28179614D-12
  521  0.00769868     -0.12842806D-03      0.28626322D-12
  522  0.00779289     -0.13044870D-03      0.29076718D-12
  523  0.00788825     -0.13248542D-03      0.29530699D-12
  524  0.00798477     -0.13453776D-03      0.29988161D-12
  525  0.00808248     -0.13660521D-03      0.30448990D-12
  526  0.00818138     -0.13868722D-03      0.30913067D-12
  527  0.00828150     -0.14078324D-03      0.31380264D-12
  528  0.00838284     -0.14289267D-03      0.31850450D-12
  529  0.00848542     -0.14501487D-03      0.32323484D-12
  530  0.00858925     -0.14714919D-03      0.32799218D-12
  531  0.00869435     -0.14929492D-03      0.33277498D-12
  532  0.00880074     -0.15145135D-03      0.33758160D-12
  533  0.00890844     -0.15361770D-03      0.34241035D-12
  534  0.00901745     -0.15579318D-03      0.34725944D-12
  535  0.00912779     -0.15797694D-03      0.35212701D-12
  536  0.00923949     -0.16016813D-03      0.35701111D-12
  537  0.00935255     -0.16236582D-03      0.36190971D-12
  538  0.00946699     -0.16456906D-03      0.36682069D-12
  539  0.00958284     -0.16677688D-03      0.37174186D-12
  540  0.00970010     -0.16898823D-03      0.37667092D-12
  541  0.00981880     -0.17120206D-03      0.38160549D-12
  542  0.00993895     -0.17341725D-03      0.38654310D-12
  543  0.01006057     -0.17563265D-03      0.39148118D-12
  544  0.01018368     -0.17784707D-03      0.39641707D-12
  545  0.01030830     -0.18005927D-03      0.40134802D-12
  546  0.01043444     -0.18226798D-03      0.40627118D-12
  547  0.01056212     -0.18447187D-03      0.41118361D-12
  548  0.01069137     -0.18666958D-03      0.41608225D-12
  549  0.01082220     -0.18885970D-03      0.42096396D-12
  550  0.01095462     -0.19104076D-03      0.42582551D-12
  551  0.01108867     -0.19321128D-03      0.43066355D-12
  552  0.01122436     -0.19536971D-03      0.43547463D-12
  553  0.01136171     -0.19751445D-03      0.44025522D-12
  554  0.01150074     -0.19964388D-03      0.44500166D-12
  555  0.01164148     -0.20175630D-03      0.44971021D-12
  556  0.01178393     -0.20385000D-03      0.45437702D-12
  557  0.01192813     -0.20592321D-03      0.45899814D-12
  558  0.01207409     -0.20797410D-03      0.46356953D-12
  559  0.01222184     -0.21000081D-03      0.46808703D-12
  560  0.01237139     -0.21200144D-03      0.47254639D-12
  561  0.01252278     -0.21397404D-03      0.47694327D-12
  562  0.01267602     -0.21591662D-03      0.48127323D-12
  563  0.01283113     -0.21782713D-03      0.48553171D-12
  564  0.01298814     -0.21970350D-03      0.48971410D-12
  565  0.01314708     -0.22154361D-03      0.49381566D-12
  566  0.01330795     -0.22334529D-03      0.49783157D-12
  567  0.01347080     -0.22510635D-03      0.50175693D-12
  568  0.01363564     -0.22682454D-03      0.50558675D-12
  569  0.01380250     -0.22849760D-03      0.50931595D-12
  570  0.01397139     -0.23012320D-03      0.51293938D-12
  571  0.01414236     -0.23169900D-03      0.51645181D-12
  572  0.01431542     -0.23322263D-03      0.51984793D-12
  573  0.01449059     -0.23469167D-03      0.52312238D-12
  574  0.01466791     -0.23610368D-03      0.52626973D-12
  575  0.01484740     -0.23745620D-03      0.52928447D-12
  576  0.01502908     -0.23874675D-03      0.53216106D-12
  577  0.01521299     -0.23997280D-03      0.53489391D-12
  578  0.01539915     -0.24113183D-03      0.53747737D-12
  579  0.01558758     -0.24222130D-03      0.53990577D-12
  580  0.01577832     -0.24323865D-03      0.54217341D-12
  581  0.01597140     -0.24418130D-03      0.54427455D-12
  582  0.01616684     -0.24504667D-03      0.54620346D-12
  583  0.01636467     -0.24583220D-03      0.54795437D-12
  584  0.01656492     -0.24653529D-03      0.54952155D-12
  585  0.01676762     -0.24715337D-03      0.55089924D-12
  586  0.01697280     -0.24768388D-03      0.55208174D-12
  587  0.01718049     -0.24812426D-03      0.55306334D-12
  588  0.01739073     -0.24847198D-03      0.55383839D-12
  589  0.01760353     -0.24872452D-03      0.55440129D-12
  590  0.01781895     -0.24887939D-03      0.55474650D-12
  591  0.01803699     -0.24893414D-03      0.55486854D-12
  592  0.01825771     -0.24888636D-03      0.55476203D-12
  593  0.01848112     -0.24873366D-03      0.55442167D-12
  594  0.01870727     -0.24847373D-03      0.55384229D-12
  595  0.01893619     -0.24810430D-03      0.55301884D-12
  596  0.01916791     -0.24762317D-03      0.55194640D-12
  597  0.01940246     -0.24702819D-03      0.55062020D-12
  598  0.01963988     -0.24631730D-03      0.54903566D-12
  599  0.01988021     -0.24548853D-03      0.54718835D-12
  600  0.02012348     -0.24453999D-03      0.54507407D-12
  601  0.02036973     -0.24346988D-03      0.54268882D-12
  602  0.02061899     -0.24227652D-03      0.54002884D-12
  603  0.02087130     -0.24095833D-03      0.53709063D-12
  604  0.02112670     -0.23951386D-03      0.53387095D-12
  605  0.02138522     -0.23794179D-03      0.53036683D-12
  606  0.02164690     -0.23624093D-03      0.52657565D-12
  607  0.02191179     -0.23441024D-03      0.52249508D-12
  608  0.02217992     -0.23244883D-03      0.51812315D-12
  609  0.02245133     -0.23035599D-03      0.51345826D-12
  610  0.02272607     -0.22813117D-03      0.50849919D-12
  611  0.02300416     -0.22577401D-03      0.50324513D-12
  612  0.02328566     -0.22328433D-03      0.49769569D-12
  613  0.02357060     -0.22066217D-03      0.49185096D-12
  614  0.02385903     -0.21790777D-03      0.48571146D-12
  615  0.02415098     -0.21502159D-03      0.47927823D-12
  616  0.02444651     -0.21200433D-03      0.47255283D-12
  617  0.02474566     -0.20885692D-03      0.46553733D-12
  618  0.02504847     -0.20558055D-03      0.45823438D-12
  619  0.02535498     -0.20217667D-03      0.45064720D-12
  620  0.02566524     -0.19864699D-03      0.44277963D-12
  621  0.02597930     -0.19499352D-03      0.43463611D-12
  622  0.02629721     -0.19121853D-03      0.42622175D-12
  623  0.02661900     -0.18732461D-03      0.41754229D-12
  624  0.02694473     -0.18331466D-03      0.40860421D-12
  625  0.02727445     -0.17919189D-03      0.39941465D-12
  626  0.02760820     -0.17495984D-03      0.38998151D-12
  627  0.02794603     -0.17062238D-03      0.38031341D-12
  628  0.02828800     -0.16618373D-03      0.37041976D-12
  629  0.02863416     -0.16164846D-03      0.36031074D-12
  630  0.02898455     -0.15702149D-03      0.34999733D-12
  631  0.02933922     -0.15230812D-03      0.33949134D-12
  632  0.02969824     -0.14751402D-03      0.32880539D-12
  633  0.03006165     -0.14264523D-03      0.31795297D-12
  634  0.03042951     -0.13770818D-03      0.30694840D-12
  635  0.03080187     -0.13270970D-03      0.29580690D-12
  636  0.03117879     -0.12765699D-03      0.28454453D-12
  637  0.03156031     -0.12255768D-03      0.27317828D-12
  638  0.03194651     -0.11741977D-03      0.26172600D-12
  639  0.03233743     -0.11225168D-03      0.25020645D-12
  640  0.03273314     -0.10706223D-03      0.23863928D-12
  641  0.03313369     -0.10186065D-03      0.22704506D-12
  642  0.03353914     -0.96656543D-04      0.21544524D-12
  643  0.03394955     -0.91459953D-04      0.20386215D-12
  644  0.03436498     -0.86281297D-04      0.19231905D-12
  645  0.03478550     -0.81131392D-04      0.18084003D-12
  646  0.03521116     -0.76021441D-04      0.16945006D-12
  647  0.03564203     -0.70963029D-04      0.15817498D-12
  648  0.03607817     -0.65968113D-04      0.14704142D-12
  649  0.03651965     -0.61049011D-04      0.13607686D-12
  650  0.03696654     -0.56218393D-04      0.12530952D-12
  651  0.03741889     -0.51489270D-04      0.11476841D-12
  652  0.03787678     -0.46874973D-04      0.10448325D-12
  653  0.03834027     -0.42389145D-04      0.94484439D-13
  654  0.03880943     -0.38045716D-04      0.84803036D-13
  655  0.03928433     -0.33858890D-04      0.75470695D-13
  656  0.03976504     -0.29843117D-04      0.66519629D-13
  657  0.04025164     -0.26013076D-04      0.57982555D-13
  658  0.04074419     -0.22383646D-04      0.49892638D-13
  659  0.04124277     -0.18969880D-04      0.42283431D-13
  660  0.04174745     -0.15786976D-04      0.35188811D-13
  661  0.04225830     -0.12850246D-04      0.28642906D-13
  662  0.04277541     -0.10175083D-04      0.22680029D-13
  663  0.04329884     -0.77769266D-05      0.17334592D-13
  664  0.04382868     -0.56712238D-05      0.12641029D-13
  665  0.04436500     -0.38733924D-05      0.86337035D-14
  666  0.04490788     -0.23987785D-05      0.53468228D-14
  667  0.04545741     -0.12626135D-05      0.28143368D-14
  668  0.04601366     -0.47996878D-06      0.10698395D-14
  669  0.04657672     -0.65708821D-07      0.14646347D-15
  670  0.04714667     -0.34441908D-07      0.76770229D-16
  671  0.04772360     -0.40046921D-06      0.89263676D-15
  672  0.04830758     -0.11777320D-05      0.26251377D-14
  673  0.04889871     -0.23797569D-05      0.53044239D-14
  674  0.04949707     -0.40196000D-05      0.89595969D-14
  675  0.05010275     -0.61097887D-05      0.13618580D-13
  676  0.05071585     -0.86622629D-05      0.19307987D-13
  677  0.05133645     -0.11688314D-04      0.26052985D-13
  678  0.05196464     -0.15198522D-04      0.33877160D-13
  679  0.05260052     -0.19202696D-04      0.42802373D-13
  680  0.05324418     -0.23709807D-04      0.52848621D-13
  681  0.05389572     -0.28727924D-04      0.64033890D-13
  682  0.05455523     -0.34264151D-04      0.76374013D-13
  683  0.05522281     -0.40324558D-04      0.89882522D-13
  684  0.05589856     -0.46914119D-04      0.10457050D-12
  685  0.05658258     -0.54036646D-04      0.12044645D-12
  686  0.05727497     -0.61694721D-04      0.13751613D-12
  687  0.05797583     -0.69889635D-04      0.15578241D-12
  688  0.05868527     -0.78621325D-04      0.17524514D-12
  689  0.05940338     -0.87888306D-04      0.19590103D-12
  690  0.06013029     -0.97687617D-04      0.21774348D-12
  691  0.06086609     -0.10801476D-03      0.24076244D-12
  692  0.06161090     -0.11886364D-03      0.26494436D-12
  693  0.06236482     -0.13022652D-03      0.29027196D-12
  694  0.06312796     -0.14209396D-03      0.31672420D-12
  695  0.06390044     -0.15445476D-03      0.34427616D-12
  696  0.06468238     -0.16729596D-03      0.37289888D-12
  697  0.06547388     -0.18060272D-03      0.40255936D-12
  698  0.06627507     -0.19435838D-03      0.43322041D-12
  699  0.06708607     -0.20854435D-03      0.46484062D-12
  700  0.06790698     -0.22314014D-03      0.49737428D-12
  701  0.06873795     -0.23812328D-03      0.53077136D-12
  702  0.06957908     -0.25346937D-03      0.56497745D-12
  703  0.07043050     -0.26915203D-03      0.59993375D-12
  704  0.07129234     -0.28514293D-03      0.63557711D-12
  705  0.07216473     -0.30141177D-03      0.67183997D-12
  706  0.07304779     -0.31792629D-03      0.70865047D-12
  707  0.07394166     -0.33465234D-03      0.74593244D-12
  708  0.07484647     -0.35155384D-03      0.78360551D-12
  709  0.07576235     -0.36859290D-03      0.82158519D-12
  710  0.07668944     -0.38572980D-03      0.85978296D-12
  711  0.07762787     -0.40292310D-03      0.89810641D-12
  712  0.07857779     -0.42012966D-03      0.93645944D-12
  713  0.07953933     -0.43730476D-03      0.97474236D-12
  714  0.08051263     -0.45440219D-03      0.10128521D-11
  715  0.08149785     -0.47137432D-03      0.10506826D-11
  716  0.08249512     -0.48817222D-03      0.10881248D-11
  717  0.08350459     -0.50474581D-03      0.11250669D-11
  718  0.08452642     -0.52104396D-03      0.11613951D-11
  719  0.08556075     -0.53701464D-03      0.11969934D-11
  720  0.08660774     -0.55260509D-03      0.12317442D-11
  721  0.08766754     -0.56776198D-03      0.12655285D-11
  722  0.08874031     -0.58243157D-03      0.12982267D-11
  723  0.08982620     -0.59655994D-03      0.13297185D-11
  724  0.09092538     -0.61009312D-03      0.13598837D-11
  725  0.09203802     -0.62297737D-03      0.13886024D-11
  726  0.09316427     -0.63515935D-03      0.14157557D-11
  727  0.09430430     -0.64658638D-03      0.14412263D-11
  728  0.09545828     -0.65720664D-03      0.14648986D-11
  729  0.09662638     -0.66696945D-03      0.14866597D-11
  730  0.09780878     -0.67582550D-03      0.15063997D-11
  731  0.09900564     -0.68372711D-03      0.15240122D-11
  732  0.10021715     -0.69062850D-03      0.15393952D-11
  733  0.10144349     -0.69648606D-03      0.15524516D-11
  734  0.10268483     -0.70125863D-03      0.15630895D-11
  735  0.10394136     -0.70490776D-03      0.15712234D-11
  736  0.10521327     -0.70739798D-03      0.15767740D-11
  737  0.10650074     -0.70869711D-03      0.15796697D-11
  738  0.10780396     -0.70877652D-03      0.15798467D-11
  739  0.10912314     -0.70761138D-03      0.15772497D-11
  740  0.11045845     -0.70518099D-03      0.15718324D-11
  741  0.11181011     -0.70146899D-03      0.15635584D-11
  742  0.11317830     -0.69646362D-03      0.15524016D-11
  743  0.11456324     -0.69015803D-03      0.15383465D-11
  744  0.11596513     -0.68255044D-03      0.15213894D-11
  745  0.11738417     -0.67364441D-03      0.15015381D-11
  746  0.11882057     -0.66344906D-03      0.14788129D-11
  747  0.12027455     -0.65197924D-03      0.14532469D-11
  748  0.12174632     -0.63925572D-03      0.14248865D-11
  749  0.12323611     -0.62530537D-03      0.13937914D-11
  750  0.12474412     -0.61016125D-03      0.13600356D-11
  751  0.12627059     -0.59386278D-03      0.13237066D-11
  752  0.12781573     -0.57645579D-03      0.12849068D-11
  753  0.12937979     -0.55799260D-03      0.12437528D-11
  754  0.13096298     -0.53853204D-03      0.12003757D-11
  755  0.13256554     -0.51813947D-03      0.11549211D-11
  756  0.13418772     -0.49688676D-03      0.11075493D-11
  757  0.13582974     -0.47485218D-03      0.10584347D-11
  758  0.13749186     -0.45212036D-03      0.10077660D-11
  759  0.13917432     -0.42878212D-03      0.95574558D-12
  760  0.14087736     -0.40493430D-03      0.90258934D-12
  761  0.14260125     -0.38067958D-03      0.84852612D-12
  762  0.14434623     -0.35612620D-03      0.79379719D-12
  763  0.14611256     -0.33138767D-03      0.73865558D-12
  764  0.14790051     -0.30658247D-03      0.68336536D-12
  765  0.14971034     -0.28183366D-03      0.62820082D-12
  766  0.15154231     -0.25726847D-03      0.57344556D-12
  767  0.15339670     -0.23301783D-03      0.51939144D-12
  768  0.15527378     -0.20921593D-03      0.46633755D-12
  769  0.15717383     -0.18599965D-03      0.41458899D-12
  770  0.15909713     -0.16350800D-03      0.36445561D-12
  771  0.16104397     -0.14188152D-03      0.31625067D-12
  772  0.16301463     -0.12126163D-03      0.27028941D-12
  773  0.16500940     -0.10178998D-03      0.22688755D-12
  774  0.16702858     -0.83607726D-04      0.18635972D-12
  775  0.16907248     -0.66854808D-04      0.14901785D-12
  776  0.17114138     -0.51669186D-04      0.11516944D-12
  777  0.17323560     -0.38186071D-04      0.85115883D-13
  778  0.17535544     -0.26537117D-04      0.59150631D-13
  779  0.17750123     -0.16849618D-04      0.37557415D-13
  780  0.17967327     -0.92456767D-05      0.20608404D-13
  781  0.18187190     -0.38413810D-05      0.85623519D-14
  782  0.18409742     -0.74596891D-06      0.16627489D-14
  783  0.18635018     -0.61001482D-07      0.13597221D-15
  784  0.18863051     -0.18795424D-05      0.41894586D-14
  785  0.19093874     -0.62853509D-05      0.14009906D-13
  786  0.19327521     -0.13352094D-04      0.29761516D-13
  787  0.19564028     -0.23142583D-04      0.51584294D-13
  788  0.19803428     -0.35708041D-04      0.79592413D-13
  789  0.20045759     -0.51087402D-04      0.11387266D-12
  790  0.20291054     -0.69306660D-04      0.15448297D-12
  791  0.20539351     -0.90378259D-04      0.20145109D-12
  792  0.20790687     -0.11430054D-03      0.25477330D-12
  793  0.21045098     -0.14105723D-03      0.31441337D-12
  794  0.21302622     -0.17061706D-03      0.38030154D-12
  795  0.21563298     -0.20293333D-03      0.45233377D-12
  796  0.21827163     -0.23794368D-03      0.53037106D-12
  797  0.22094257     -0.27556989D-03      0.61423903D-12
  798  0.22364620     -0.31571772D-03      0.70372762D-12
  799  0.22638290     -0.35827691D-03      0.79859108D-12
  800  0.22915310     -0.40312123D-03      0.89854805D-12
  801  0.23195720     -0.45010866D-03      0.10032820D-11
  802  0.23479561     -0.49908163D-03      0.11124416D-11
  803  0.23766875     -0.54986742D-03      0.12256420D-11
  804  0.24057705     -0.60227855D-03      0.13424652D-11
  805  0.24352094     -0.65611347D-03      0.14624620D-11
  806  0.24650085     -0.71115713D-03      0.15851531D-11
  807  0.24951723     -0.76718183D-03      0.17100309D-11
  808  0.25257051     -0.82394810D-03      0.18365616D-11
  809  0.25566116     -0.88120569D-03      0.19641874D-11
  810  0.25878963     -0.93869465D-03      0.20923290D-11
  811  0.26195638     -0.99614656D-03      0.22203880D-11
  812  0.26516189     -0.10532858D-02      0.23477501D-11
  813  0.26840661     -0.11098309D-02      0.24737878D-11
  814  0.27169104     -0.11654961D-02      0.25978643D-11
  815  0.27501567     -0.12199927D-02      0.27193360D-11
  816  0.27838097     -0.12730309D-02      0.28375569D-11
  817  0.28178746     -0.13243213D-02      0.29518820D-11
  818  0.28523563     -0.13735766D-02      0.30616711D-11
  819  0.28872600     -0.14205137D-02      0.31662928D-11
  820  0.29225907     -0.14648550D-02      0.32651286D-11
  821  0.29583538     -0.15063306D-02      0.33575767D-11
  822  0.29945545     -0.15446798D-02      0.34430563D-11
  823  0.30311983     -0.15796535D-02      0.35210118D-11
  824  0.30682904     -0.16110154D-02      0.35909167D-11
  825  0.31058363     -0.16385441D-02      0.36522776D-11
  826  0.31438418     -0.16620349D-02      0.37046380D-11
  827  0.31823123     -0.16813014D-02      0.37475826D-11
  828  0.32212535     -0.16961772D-02      0.37807405D-11
  829  0.32606713     -0.17065176D-02      0.38037890D-11
  830  0.33005714     -0.17122008D-02      0.38164567D-11
  831  0.33409598     -0.17131296D-02      0.38185270D-11
  832  0.33818424     -0.17092324D-02      0.38098404D-11
  833  0.34232252     -0.17004648D-02      0.37902976D-11
  834  0.34651145     -0.16868100D-02      0.37598614D-11
  835  0.35075163     -0.16682803D-02      0.37185591D-11
  836  0.35504370     -0.16449174D-02      0.36664837D-11
  837  0.35938829     -0.16167931D-02      0.36037953D-11
  838  0.36378605     -0.15840099D-02      0.35307223D-11
  839  0.36823762     -0.15467008D-02      0.34475612D-11
  840  0.37274366     -0.15050298D-02      0.33546775D-11
  841  0.37730484     -0.14591914D-02      0.32525048D-11
  842  0.38192184     -0.14094104D-02      0.31415443D-11
  843  0.38659533     -0.13559415D-02      0.30223633D-11
  844  0.39132601     -0.12990682D-02      0.28955940D-11
  845  0.39611458     -0.12391021D-02      0.27619312D-11
  846  0.40096175     -0.11763820D-02      0.26221296D-11
  847  0.40586823     -0.11112722D-02      0.24770012D-11
  848  0.41083475     -0.10441609D-02      0.23274118D-11
  849  0.41586204     -0.97545915D-03      0.21742773D-11
  850  0.42095085     -0.90559834D-03      0.20185593D-11
  851  0.42610194     -0.83502845D-03      0.18612607D-11
  852  0.43131605     -0.76421580D-03      0.17034210D-11
  853  0.43659397     -0.69364069D-03      0.15461109D-11
  854  0.44193648     -0.62379494D-03      0.13904264D-11
  855  0.44734435     -0.55517925D-03      0.12374838D-11
  856  0.45281841     -0.48830046D-03      0.10884127D-11
  857  0.45835945     -0.42366879D-03      0.94435036D-12
  858  0.46396829     -0.36179486D-03      0.80643500D-12
  859  0.46964577     -0.30318677D-03      0.67579915D-12
  860  0.47539272     -0.24834707D-03      0.55356297D-12
  861  0.48120999     -0.19776970D-03      0.44082747D-12
  862  0.48709846     -0.15193699D-03      0.33866772D-12
  863  0.49305897     -0.11131655D-03      0.24812605D-12
  864  0.49909242     -0.76358326D-04      0.17020534D-12
  865  0.50519971     -0.47491581D-04      0.10586244D-12
  866  0.51138173     -0.25122055D-04      0.56001744D-13
  867  0.51763939     -0.96291505D-05      0.21468919D-13
  868  0.52397363     -0.13632490D-05      0.30449675D-14
  869  0.53038538     -0.64316468D-06      0.14405226D-14
  870  0.53687559     -0.77537438D-05      0.17290505D-13
  871  0.54344522     -0.22943636D-04      0.51149153D-13
  872  0.55009523     -0.46423254D-04      0.10348548D-12
  873  0.55682663     -0.78362935D-04      0.17467916D-12
  874  0.56364039     -0.11889133D-03      0.26501698D-12
  875  0.57053754     -0.16809402D-03      0.37468967D-12
  876  0.57751908     -0.22601237D-03      0.50378949D-12
  877  0.58458605     -0.29264269D-03      0.65230817D-12
  878  0.59173950     -0.36793558D-03      0.82013566D-12
  879  0.59898049     -0.45179565D-03      0.10070593D-11
  880  0.60631008     -0.54408141D-03      0.12127637D-11
  881  0.61372936     -0.64460557D-03      0.14368315D-11
  882  0.62123943     -0.75313550D-03      0.16787441D-11
  883  0.62884140     -0.86939408D-03      0.19378839D-11
  884  0.63653639     -0.99306074D-03      0.22135363D-11
  885  0.64432555     -0.11237729D-02      0.25048931D-11
  886  0.65221002     -0.12611274D-02      0.28110558D-11
  887  0.66019097     -0.14046828D-02      0.31310403D-11
  888  0.66826958     -0.15539609D-02      0.34637810D-11
  889  0.67644705     -0.17084499D-02      0.38081367D-11
  890  0.68472458     -0.18676061D-02      0.41628960D-11
  891  0.69310340     -0.20308575D-02      0.45267836D-11
  892  0.70158476     -0.21976063D-02      0.48984672D-11
  893  0.71016989     -0.23672321D-02      0.52765640D-11
  894  0.71886009     -0.25390955D-02      0.56596487D-11
  895  0.72765662     -0.27125412D-02      0.60462606D-11
  896  0.73656079     -0.28869015D-02      0.64349117D-11
  897  0.74557392     -0.30615002D-02      0.68240948D-11
  898  0.75469735     -0.32356561D-02      0.72122914D-11
  899  0.76393241     -0.34086866D-02      0.75979803D-11
  900  0.77328048     -0.35799118D-02      0.79796457D-11
  901  0.78274295     -0.37486576D-02      0.83557853D-11
  902  0.79232120     -0.39142599D-02      0.87249190D-11
  903  0.80201666     -0.40760681D-02      0.90855964D-11
  904  0.81183076     -0.42334483D-02      0.94364050D-11
  905  0.82176495     -0.43857871D-02      0.97759774D-11
  906  0.83182071     -0.45324948D-02      0.10102999D-10
  907  0.84199951     -0.46730085D-02      0.10416216D-10
  908  0.85230288     -0.48067949D-02      0.10714439D-10
  909  0.86273232     -0.49333534D-02      0.10996553D-10
  910  0.87328938     -0.50522184D-02      0.11261520D-10
  911  0.88397563     -0.51629617D-02      0.11508385D-10
  912  0.89479265     -0.52651946D-02      0.11736282D-10
  913  0.90574203     -0.53585696D-02      0.11944438D-10
  914  0.91682539     -0.54427820D-02      0.12132172D-10
  915  0.92804438     -0.55175714D-02      0.12298905D-10
  916  0.93940066     -0.55827221D-02      0.12444156D-10
  917  0.95089589     -0.56380643D-02      0.12567547D-10
  918  0.96253180     -0.56834741D-02      0.12668802D-10
  919  0.97431009     -0.57188737D-02      0.12747747D-10
  920  0.98623250     -0.57442312D-02      0.12804312D-10
  921  0.99830081     -0.57595600D-02      0.12838528D-10
  922  1.01051680     -0.57649179D-02      0.12850522D-10
  923  1.02288227     -0.57604063D-02      0.12840522D-10
  924  1.03539905     -0.57461684D-02      0.12808847D-10
  925  1.04806900     -0.57223880D-02      0.12755907D-10
  926  1.06089399     -0.56892874D-02      0.12682198D-10
  927  1.07387592     -0.56471255D-02      0.12588299D-10
  928  1.08701670     -0.55961956D-02      0.12474861D-10
  929  1.10031828     -0.55368227D-02      0.12342612D-10
  930  1.11378263     -0.54693612D-02      0.12192341D-10
  931  1.12741175     -0.53941922D-02      0.12024899D-10
  932  1.14120763     -0.53117206D-02      0.11841189D-10
  933  1.15517234     -0.52223724D-02      0.11642161D-10
  934  1.16930793     -0.51265914D-02      0.11428805D-10
  935  1.18361649     -0.50248366D-02      0.11202146D-10
  936  1.19810014     -0.49175792D-02      0.10963234D-10
  937  1.21276103     -0.48052994D-02      0.10713141D-10
  938  1.22760132     -0.46884838D-02      0.10452954D-10
  939  1.24262321     -0.45676222D-02      0.10183764D-10
  940  1.25782891     -0.44432053D-02      0.99066669D-11
  941  1.27322069     -0.43157213D-02      0.96227530D-11
  942  1.28880081     -0.41856541D-02      0.93331022D-11
  943  1.30457158     -0.40534802D-02      0.90387785D-11
  944  1.32053533     -0.39196669D-02      0.87408255D-11
  945  1.33669443     -0.37846697D-02      0.84402606D-11
  946  1.35305126     -0.36489306D-02      0.81380715D-11
  947  1.36960825     -0.35128763D-02      0.78352117D-11
  948  1.38636785     -0.33769162D-02      0.75325967D-11
  949  1.40333252     -0.32414415D-02      0.72311011D-11
  950  1.42050479     -0.31068232D-02      0.69315555D-11
  951  1.43788720     -0.29734117D-02      0.66347441D-11
  952  1.45548230     -0.28415355D-02      0.63414029D-11
  953  1.47329272     -0.27115003D-02      0.60522179D-11
  954  1.49132108     -0.25835891D-02      0.57678237D-11
  955  1.50957004     -0.24580611D-02      0.54888031D-11
  956  1.52804232     -0.23351520D-02      0.52156864D-11
  957  1.54674064     -0.22150736D-02      0.49489515D-11
  958  1.56566776     -0.20980142D-02      0.46890238D-11
  959  1.58482649     -0.19841388D-02      0.44362773D-11
  960  1.60421966     -0.18735892D-02      0.41910351D-11
  961  1.62385014     -0.17664848D-02      0.39535705D-11
  962  1.64372084     -0.16629234D-02      0.37241091D-11
  963  1.66383469     -0.15629814D-02      0.35028294D-11
  964  1.68419466     -0.14667150D-02      0.32898657D-11
  965  1.70480378     -0.13741612D-02      0.30853093D-11
  966  1.72566509     -0.12853384D-02      0.28892112D-11
  967  1.74678167     -0.12002478D-02      0.27015843D-11
  968  1.76815665     -0.11188741D-02      0.25224057D-11
  969  1.78979319     -0.10411872D-02      0.23516190D-11
  970  1.81169450     -0.96714281D-03      0.21891376D-11
  971  1.83386380     -0.89668376D-03      0.20348462D-11
  972  1.85630439     -0.82974134D-03      0.18886043D-11
  973  1.87901958     -0.76623635D-03      0.17502481D-11
  974  1.90201272     -0.70608032D-03      0.16195937D-11
  975  1.92528723     -0.64917666D-03      0.14964387D-11
  976  1.94884655     -0.59542185D-03      0.13805655D-11
  977  1.97269415     -0.54470654D-03      0.12717429D-11
  978  1.99683357     -0.49691672D-03      0.11697290D-11
  979  2.02126838     -0.45193477D-03      0.10742727D-11
  980  2.04600220     -0.40964058D-03      0.98511624D-12
  981  2.07103868     -0.36991263D-03      0.90199682D-12
  982  2.09638152     -0.33262904D-03      0.82464844D-12
  983  2.12203448     -0.29766869D-03      0.75280356D-12
  984  2.14800134     -0.26491227D-03      0.68619464D-12
  985  2.17428596     -0.23424342D-03      0.62455549D-12
  986  2.20089222     -0.20554985D-03      0.56762254D-12
  987  2.22782405     -0.17872462D-03      0.51513596D-12
  988  2.25508544     -0.15366750D-03      0.46684065D-12
  989  2.28268042     -0.13028643D-03      0.42248711D-12
  990  2.31061308     -0.10849926D-03      0.38183218D-12
  991  2.33888754     -0.88235549D-04      0.34463968D-12
  992  2.36750799     -0.69438810D-04      0.31068090D-12
  993  2.39647866     -0.52069059D-04      0.27973506D-12
  994  2.42580384     -0.36105937D-04      0.25158954D-12
  995  2.45548787     -0.21552378D-04      0.22604016D-12
  996  2.48553513     -0.84389720D-05      0.20289126D-12
  997  2.51595007      0.31707998D-05      0.18195575D-12
  998  2.54673720      0.13174196D-04      0.16305508D-12
  999  2.57790106      0.21421383D-04      0.14601910D-12
 1000  2.60944626      0.27705895D-04      0.13068590D-12
 1001  2.64137748      0.31753128D-04      0.11690158D-12
 1002  2.67369943      0.33206386D-04      0.10451992D-12
 1003  2.70641690      0.33388424D-04      0.93451640D-13
 1004  2.73953473      0.32643664D-04      0.83577561D-13
 1005  2.77305781      0.31651698D-04      0.74791635D-13
 1006  2.80699111      0.30721082D-04      0.66978606D-13
 1007  2.84133964      0.29982190D-04      0.60022087D-13
 1008  2.87610848      0.29419549D-04      0.53806946D-13
 1009  2.91130278      0.28900797D-04      0.48221494D-13
 1010  2.94692775      0.28202763D-04      0.43159333D-13
 1011  2.98298866      0.27034380D-04      0.38520802D-13
 1012  3.01949083      0.25056015D-04      0.34214005D-13
 1013  3.05643967      0.21896241D-04      0.30155391D-13
 1014  3.09384065      0.17279534D-04      0.26273926D-13
 1015  3.13169929      0.11501498D-04      0.22549244D-13
 1016  3.17002121      0.47865237D-05      0.18989901D-13
 1017  3.20881205     -0.24189600D-05      0.15638873D-13
 1018  3.24807758     -0.96491004D-05      0.12562593D-13
 1019  3.28782359     -0.16454679D-04      0.98326512D-14
 1020  3.32805596     -0.22645479D-04      0.74689411D-14
 1021  3.36878064     -0.28089553D-04      0.54829378D-14
 1022  3.41000367     -0.32788347D-04      0.38626199D-14
 1023  3.45173113     -0.36811762D-04      0.25892064D-14
 1024  3.49396920     -0.40265099D-04      0.16435326D-14
 1025  3.53672413     -0.43247383D-04      0.10144922D-14
 1026  3.58000224     -0.45852688D-04      0.69927158D-15
 1027  3.62380993     -0.48172132D-04      0.70426150D-15
 1028  3.66815370     -0.50296095D-04      0.10463317D-14
 1029  3.71304008     -0.52316734D-04      0.17545615D-14
 1030  3.75847573     -0.54330922D-04      0.28725472D-14
 1031  3.80446737     -0.56443745D-04      0.44614404D-14
 1032  3.85102180     -0.58772730D-04      0.66039215D-14
