 ir        r               f(r)
    1  0.00001379      0.51321386D+05
    2  0.00001396      0.51320658D+05
    3  0.00001413      0.51319922D+05
    4  0.00001431      0.51319176D+05
    5  0.00001448      0.51318421D+05
    6  0.00001466      0.51317657D+05
    7  0.00001484      0.51316884D+05
    8  0.00001502      0.51316101D+05
    9  0.00001520      0.51315309D+05
   10  0.00001539      0.51314507D+05
   11  0.00001558      0.51313695D+05
   12  0.00001577      0.51312874D+05
   13  0.00001596      0.51312042D+05
   14  0.00001616      0.51311200D+05
   15  0.00001636      0.51310348D+05
   16  0.00001656      0.51309485D+05
   17  0.00001676      0.51308612D+05
   18  0.00001696      0.51307728D+05
   19  0.00001717      0.51306834D+05
   20  0.00001738      0.51305928D+05
   21  0.00001759      0.51305011D+05
   22  0.00001781      0.51304084D+05
   23  0.00001803      0.51303144D+05
   24  0.00001825      0.51302194D+05
   25  0.00001847      0.51301232D+05
   26  0.00001870      0.51300258D+05
   27  0.00001893      0.51299272D+05
   28  0.00001916      0.51298274D+05
   29  0.00001939      0.51297264D+05
   30  0.00001963      0.51296241D+05
   31  0.00001987      0.51295206D+05
   32  0.00002011      0.51294159D+05
   33  0.00002036      0.51293098D+05
   34  0.00002061      0.51292025D+05
   35  0.00002086      0.51290938D+05
   36  0.00002112      0.51289839D+05
   37  0.00002137      0.51288725D+05
   38  0.00002163      0.51287599D+05
   39  0.00002190      0.51286458D+05
   40  0.00002217      0.51285304D+05
   41  0.00002244      0.51284135D+05
   42  0.00002271      0.51282952D+05
   43  0.00002299      0.51281755D+05
   44  0.00002327      0.51280543D+05
   45  0.00002356      0.51279316D+05
   46  0.00002385      0.51278075D+05
   47  0.00002414      0.51276818D+05
   48  0.00002443      0.51275546D+05
   49  0.00002473      0.51274258D+05
   50  0.00002503      0.51272954D+05
   51  0.00002534      0.51271635D+05
   52  0.00002565      0.51270300D+05
   53  0.00002596      0.51268948D+05
   54  0.00002628      0.51267580D+05
   55  0.00002660      0.51266195D+05
   56  0.00002693      0.51264793D+05
   57  0.00002726      0.51263374D+05
   58  0.00002759      0.51261937D+05
   59  0.00002793      0.51260483D+05
   60  0.00002827      0.51259012D+05
   61  0.00002862      0.51257522D+05
   62  0.00002897      0.51256014D+05
   63  0.00002932      0.51254488D+05
   64  0.00002968      0.51252943D+05
   65  0.00003005      0.51251380D+05
   66  0.00003041      0.51249797D+05
   67  0.00003078      0.51248195D+05
   68  0.00003116      0.51246573D+05
   69  0.00003154      0.51244932D+05
   70  0.00003193      0.51243270D+05
   71  0.00003232      0.51241589D+05
   72  0.00003272      0.51239886D+05
   73  0.00003312      0.51238163D+05
   74  0.00003352      0.51236419D+05
   75  0.00003393      0.51234654D+05
   76  0.00003435      0.51232867D+05
   77  0.00003477      0.51231058D+05
   78  0.00003519      0.51229228D+05
   79  0.00003562      0.51227375D+05
   80  0.00003606      0.51225499D+05
   81  0.00003650      0.51223600D+05
   82  0.00003695      0.51221679D+05
   83  0.00003740      0.51219733D+05
   84  0.00003786      0.51217764D+05
   85  0.00003832      0.51215772D+05
   86  0.00003879      0.51213754D+05
   87  0.00003926      0.51211713D+05
   88  0.00003974      0.51209646D+05
   89  0.00004023      0.51207554D+05
   90  0.00004072      0.51205436D+05
   91  0.00004122      0.51203293D+05
   92  0.00004172      0.51201124D+05
   93  0.00004223      0.51198928D+05
   94  0.00004275      0.51196705D+05
   95  0.00004327      0.51194456D+05
   96  0.00004380      0.51192178D+05
   97  0.00004434      0.51189873D+05
   98  0.00004488      0.51187540D+05
   99  0.00004543      0.51185179D+05
  100  0.00004599      0.51182789D+05
  101  0.00004655      0.51180369D+05
  102  0.00004712      0.51177921D+05
  103  0.00004770      0.51175442D+05
  104  0.00004828      0.51172933D+05
  105  0.00004887      0.51170393D+05
  106  0.00004947      0.51167823D+05
  107  0.00005008      0.51165221D+05
  108  0.00005069      0.51162588D+05
  109  0.00005131      0.51159922D+05
  110  0.00005194      0.51157224D+05
  111  0.00005257      0.51154493D+05
  112  0.00005321      0.51151729D+05
  113  0.00005387      0.51148931D+05
  114  0.00005453      0.51146099D+05
  115  0.00005519      0.51143233D+05
  116  0.00005587      0.51140332D+05
  117  0.00005655      0.51137395D+05
  118  0.00005724      0.51134423D+05
  119  0.00005794      0.51131414D+05
  120  0.00005865      0.51128369D+05
  121  0.00005937      0.51125286D+05
  122  0.00006010      0.51122166D+05
  123  0.00006083      0.51119009D+05
  124  0.00006158      0.51115812D+05
  125  0.00006233      0.51112577D+05
  126  0.00006309      0.51109303D+05
  127  0.00006387      0.51105988D+05
  128  0.00006465      0.51102633D+05
  129  0.00006544      0.51099238D+05
  130  0.00006624      0.51095801D+05
  131  0.00006705      0.51092322D+05
  132  0.00006787      0.51088801D+05
  133  0.00006870      0.51085237D+05
  134  0.00006954      0.51081630D+05
  135  0.00007039      0.51077979D+05
  136  0.00007125      0.51074283D+05
  137  0.00007212      0.51070543D+05
  138  0.00007301      0.51066757D+05
  139  0.00007390      0.51062925D+05
  140  0.00007481      0.51059046D+05
  141  0.00007572      0.51055120D+05
  142  0.00007665      0.51051147D+05
  143  0.00007758      0.51047125D+05
  144  0.00007853      0.51043054D+05
  145  0.00007950      0.51038934D+05
  146  0.00008047      0.51034764D+05
  147  0.00008145      0.51030543D+05
  148  0.00008245      0.51026270D+05
  149  0.00008346      0.51021946D+05
  150  0.00008448      0.51017570D+05
  151  0.00008551      0.51013140D+05
  152  0.00008656      0.51008656D+05
  153  0.00008762      0.51004118D+05
  154  0.00008869      0.50999525D+05
  155  0.00008978      0.50994875D+05
  156  0.00009088      0.50990170D+05
  157  0.00009199      0.50985407D+05
  158  0.00009311      0.50980587D+05
  159  0.00009425      0.50975708D+05
  160  0.00009541      0.50970770D+05
  161  0.00009657      0.50965771D+05
  162  0.00009775      0.50960712D+05
  163  0.00009895      0.50955592D+05
  164  0.00010016      0.50950410D+05
  165  0.00010139      0.50945165D+05
  166  0.00010263      0.50939856D+05
  167  0.00010388      0.50934483D+05
  168  0.00010516      0.50929044D+05
  169  0.00010644      0.50923540D+05
  170  0.00010774      0.50917969D+05
  171  0.00010906      0.50912330D+05
  172  0.00011040      0.50906623D+05
  173  0.00011175      0.50900846D+05
  174  0.00011312      0.50895000D+05
  175  0.00011450      0.50889083D+05
  176  0.00011590      0.50883094D+05
  177  0.00011732      0.50877033D+05
  178  0.00011875      0.50870898D+05
  179  0.00012021      0.50864689D+05
  180  0.00012168      0.50858405D+05
  181  0.00012317      0.50852044D+05
  182  0.00012468      0.50845607D+05
  183  0.00012620      0.50839091D+05
  184  0.00012775      0.50832497D+05
  185  0.00012931      0.50825823D+05
  186  0.00013089      0.50819068D+05
  187  0.00013249      0.50812231D+05
  188  0.00013411      0.50805312D+05
  189  0.00013575      0.50798309D+05
  190  0.00013742      0.50791221D+05
  191  0.00013910      0.50784048D+05
  192  0.00014080      0.50776788D+05
  193  0.00014252      0.50769440D+05
  194  0.00014427      0.50762003D+05
  195  0.00014603      0.50754476D+05
  196  0.00014782      0.50746858D+05
  197  0.00014963      0.50739149D+05
  198  0.00015146      0.50731346D+05
  199  0.00015331      0.50723448D+05
  200  0.00015519      0.50715456D+05
  201  0.00015709      0.50707367D+05
  202  0.00015901      0.50699180D+05
  203  0.00016095      0.50690895D+05
  204  0.00016292      0.50682509D+05
  205  0.00016492      0.50674022D+05
  206  0.00016694      0.50665433D+05
  207  0.00016898      0.50656740D+05
  208  0.00017105      0.50647943D+05
  209  0.00017314      0.50639039D+05
  210  0.00017526      0.50630028D+05
  211  0.00017740      0.50620908D+05
  212  0.00017957      0.50611679D+05
  213  0.00018177      0.50602338D+05
  214  0.00018400      0.50592885D+05
  215  0.00018625      0.50583317D+05
  216  0.00018853      0.50573635D+05
  217  0.00019083      0.50563836D+05
  218  0.00019317      0.50553919D+05
  219  0.00019553      0.50543882D+05
  220  0.00019792      0.50533725D+05
  221  0.00020035      0.50523446D+05
  222  0.00020280      0.50513043D+05
  223  0.00020528      0.50502515D+05
  224  0.00020779      0.50491860D+05
  225  0.00021033      0.50481077D+05
  226  0.00021291      0.50470165D+05
  227  0.00021551      0.50459121D+05
  228  0.00021815      0.50447945D+05
  229  0.00022082      0.50436634D+05
  230  0.00022352      0.50425188D+05
  231  0.00022626      0.50413604D+05
  232  0.00022903      0.50401882D+05
  233  0.00023183      0.50390018D+05
  234  0.00023467      0.50378013D+05
  235  0.00023754      0.50365863D+05
  236  0.00024044      0.50353568D+05
  237  0.00024339      0.50341125D+05
  238  0.00024636      0.50328533D+05
  239  0.00024938      0.50315790D+05
  240  0.00025243      0.50302895D+05
  241  0.00025552      0.50289845D+05
  242  0.00025865      0.50276639D+05
  243  0.00026181      0.50263275D+05
  244  0.00026502      0.50249751D+05
  245  0.00026826      0.50236065D+05
  246  0.00027154      0.50222216D+05
  247  0.00027486      0.50208201D+05
  248  0.00027823      0.50194018D+05
  249  0.00028163      0.50179666D+05
  250  0.00028508      0.50165143D+05
  251  0.00028857      0.50150446D+05
  252  0.00029210      0.50135574D+05
  253  0.00029567      0.50120524D+05
  254  0.00029929      0.50105294D+05
  255  0.00030295      0.50089884D+05
  256  0.00030666      0.50074289D+05
  257  0.00031041      0.50058508D+05
  258  0.00031421      0.50042540D+05
  259  0.00031806      0.50026381D+05
  260  0.00032195      0.50010030D+05
  261  0.00032589      0.49993484D+05
  262  0.00032987      0.49976741D+05
  263  0.00033391      0.49959799D+05
  264  0.00033800      0.49942656D+05
  265  0.00034213      0.49925309D+05
  266  0.00034632      0.49907756D+05
  267  0.00035056      0.49889994D+05
  268  0.00035485      0.49872021D+05
  269  0.00035919      0.49853835D+05
  270  0.00036358      0.49835434D+05
  271  0.00036803      0.49816814D+05
  272  0.00037254      0.49797973D+05
  273  0.00037710      0.49778909D+05
  274  0.00038171      0.49759620D+05
  275  0.00038638      0.49740101D+05
  276  0.00039111      0.49720352D+05
  277  0.00039590      0.49700369D+05
  278  0.00040074      0.49680150D+05
  279  0.00040564      0.49659692D+05
  280  0.00041061      0.49638992D+05
  281  0.00041563      0.49618048D+05
  282  0.00042072      0.49596856D+05
  283  0.00042587      0.49575414D+05
  284  0.00043108      0.49553719D+05
  285  0.00043635      0.49531769D+05
  286  0.00044169      0.49509560D+05
  287  0.00044710      0.49487089D+05
  288  0.00045257      0.49464354D+05
  289  0.00045811      0.49441351D+05
  290  0.00046371      0.49418078D+05
  291  0.00046939      0.49394531D+05
  292  0.00047513      0.49370707D+05
  293  0.00048094      0.49346604D+05
  294  0.00048683      0.49322217D+05
  295  0.00049279      0.49297545D+05
  296  0.00049882      0.49272583D+05
  297  0.00050492      0.49247329D+05
  298  0.00051110      0.49221778D+05
  299  0.00051735      0.49195929D+05
  300  0.00052368      0.49169778D+05
  301  0.00053009      0.49143320D+05
  302  0.00053658      0.49116553D+05
  303  0.00054314      0.49089474D+05
  304  0.00054979      0.49062078D+05
  305  0.00055652      0.49034363D+05
  306  0.00056333      0.49006325D+05
  307  0.00057022      0.48977960D+05
  308  0.00057720      0.48949265D+05
  309  0.00058426      0.48920235D+05
  310  0.00059141      0.48890868D+05
  311  0.00059865      0.48861160D+05
  312  0.00060597      0.48831107D+05
  313  0.00061339      0.48800705D+05
  314  0.00062090      0.48769950D+05
  315  0.00062849      0.48738838D+05
  316  0.00063618      0.48707366D+05
  317  0.00064397      0.48675530D+05
  318  0.00065185      0.48643325D+05
  319  0.00065983      0.48610748D+05
  320  0.00066790      0.48577795D+05
  321  0.00067607      0.48544462D+05
  322  0.00068435      0.48510743D+05
  323  0.00069272      0.48476636D+05
  324  0.00070120      0.48442137D+05
  325  0.00070978      0.48407240D+05
  326  0.00071846      0.48371942D+05
  327  0.00072725      0.48336238D+05
  328  0.00073615      0.48300124D+05
  329  0.00074516      0.48263596D+05
  330  0.00075428      0.48226649D+05
  331  0.00076351      0.48189279D+05
  332  0.00077285      0.48151481D+05
  333  0.00078231      0.48113251D+05
  334  0.00079188      0.48074584D+05
  335  0.00080157      0.48035476D+05
  336  0.00081138      0.47995922D+05
  337  0.00082131      0.47955917D+05
  338  0.00083136      0.47915456D+05
  339  0.00084153      0.47874535D+05
  340  0.00085183      0.47833150D+05
  341  0.00086226      0.47791294D+05
  342  0.00087281      0.47748964D+05
  343  0.00088349      0.47706153D+05
  344  0.00089430      0.47662859D+05
  345  0.00090524      0.47619074D+05
  346  0.00091632      0.47574795D+05
  347  0.00092753      0.47530017D+05
  348  0.00093888      0.47484733D+05
  349  0.00095037      0.47438939D+05
  350  0.00096200      0.47392630D+05
  351  0.00097377      0.47345801D+05
  352  0.00098569      0.47298446D+05
  353  0.00099775      0.47250559D+05
  354  0.00100996      0.47202137D+05
  355  0.00102232      0.47153172D+05
  356  0.00103483      0.47103661D+05
  357  0.00104749      0.47053596D+05
  358  0.00106031      0.47002973D+05
  359  0.00107328      0.46951787D+05
  360  0.00108642      0.46900031D+05
  361  0.00109971      0.46847700D+05
  362  0.00111317      0.46794789D+05
  363  0.00112679      0.46741291D+05
  364  0.00114058      0.46687201D+05
  365  0.00115453      0.46632513D+05
  366  0.00116866      0.46577221D+05
  367  0.00118296      0.46521320D+05
  368  0.00119744      0.46464803D+05
  369  0.00121209      0.46407665D+05
  370  0.00122692      0.46349899D+05
  371  0.00124194      0.46291500D+05
  372  0.00125713      0.46232462D+05
  373  0.00127252      0.46172778D+05
  374  0.00128809      0.46112443D+05
  375  0.00130385      0.46051450D+05
  376  0.00131981      0.45989793D+05
  377  0.00133596      0.45927467D+05
  378  0.00135230      0.45864463D+05
  379  0.00136885      0.45800778D+05
  380  0.00138560      0.45736403D+05
  381  0.00140256      0.45671333D+05
  382  0.00141972      0.45605562D+05
  383  0.00143709      0.45539082D+05
  384  0.00145468      0.45471888D+05
  385  0.00147248      0.45403974D+05
  386  0.00149050      0.45335332D+05
  387  0.00150874      0.45265956D+05
  388  0.00152720      0.45195840D+05
  389  0.00154589      0.45124977D+05
  390  0.00156480      0.45053360D+05
  391  0.00158395      0.44980983D+05
  392  0.00160333      0.44907840D+05
  393  0.00162295      0.44833923D+05
  394  0.00164281      0.44759226D+05
  395  0.00166291      0.44683743D+05
  396  0.00168326      0.44607466D+05
  397  0.00170386      0.44530389D+05
  398  0.00172471      0.44452505D+05
  399  0.00174582      0.44373807D+05
  400  0.00176718      0.44294288D+05
  401  0.00178880      0.44213943D+05
  402  0.00181069      0.44132763D+05
  403  0.00183285      0.44050743D+05
  404  0.00185528      0.43967875D+05
  405  0.00187798      0.43884152D+05
  406  0.00190096      0.43799568D+05
  407  0.00192422      0.43714116D+05
  408  0.00194777      0.43627789D+05
  409  0.00197160      0.43540580D+05
  410  0.00199573      0.43452482D+05
  411  0.00202015      0.43363488D+05
  412  0.00204487      0.43273592D+05
  413  0.00206989      0.43182787D+05
  414  0.00209522      0.43091066D+05
  415  0.00212086      0.42998421D+05
  416  0.00214681      0.42904847D+05
  417  0.00217308      0.42810337D+05
  418  0.00219968      0.42714883D+05
  419  0.00222659      0.42618479D+05
  420  0.00225384      0.42521118D+05
  421  0.00228142      0.42422793D+05
  422  0.00230934      0.42323498D+05
  423  0.00233759      0.42223226D+05
  424  0.00236620      0.42121970D+05
  425  0.00239515      0.42019724D+05
  426  0.00242446      0.41916481D+05
  427  0.00245413      0.41812234D+05
  428  0.00248416      0.41706977D+05
  429  0.00251456      0.41600703D+05
  430  0.00254533      0.41493407D+05
  431  0.00257648      0.41385081D+05
  432  0.00260800      0.41275719D+05
  433  0.00263992      0.41165315D+05
  434  0.00267222      0.41053862D+05
  435  0.00270492      0.40941355D+05
  436  0.00273802      0.40827787D+05
  437  0.00277152      0.40713152D+05
  438  0.00280544      0.40597444D+05
  439  0.00283977      0.40480658D+05
  440  0.00287452      0.40362786D+05
  441  0.00290969      0.40243824D+05
  442  0.00294530      0.40123765D+05
  443  0.00298134      0.40002605D+05
  444  0.00301782      0.39880337D+05
  445  0.00305475      0.39756956D+05
  446  0.00309213      0.39632456D+05
  447  0.00312997      0.39506833D+05
  448  0.00316827      0.39380080D+05
  449  0.00320704      0.39252194D+05
  450  0.00324628      0.39123169D+05
  451  0.00328601      0.38992999D+05
  452  0.00332622      0.38861681D+05
  453  0.00336692      0.38729210D+05
  454  0.00340812      0.38595581D+05
  455  0.00344982      0.38460789D+05
  456  0.00349204      0.38324832D+05
  457  0.00353477      0.38187703D+05
  458  0.00357802      0.38049400D+05
  459  0.00362181      0.37909918D+05
  460  0.00366613      0.37769255D+05
  461  0.00371099      0.37627405D+05
  462  0.00375640      0.37484367D+05
  463  0.00380236      0.37340136D+05
  464  0.00384889      0.37194710D+05
  465  0.00389599      0.37048086D+05
  466  0.00394366      0.36900261D+05
  467  0.00399192      0.36751233D+05
  468  0.00404077      0.36600999D+05
  469  0.00409022      0.36449558D+05
  470  0.00414027      0.36296907D+05
  471  0.00419093      0.36143044D+05
  472  0.00424221      0.35987969D+05
  473  0.00429413      0.35831679D+05
  474  0.00434667      0.35674175D+05
  475  0.00439986      0.35515454D+05
  476  0.00445370      0.35355517D+05
  477  0.00450820      0.35194362D+05
  478  0.00456337      0.35031991D+05
  479  0.00461921      0.34868403D+05
  480  0.00467573      0.34703598D+05
  481  0.00473295      0.34537577D+05
  482  0.00479086      0.34370341D+05
  483  0.00484949      0.34201892D+05
  484  0.00490883      0.34032230D+05
  485  0.00496890      0.33861358D+05
  486  0.00502970      0.33689277D+05
  487  0.00509125      0.33515990D+05
  488  0.00515355      0.33341500D+05
  489  0.00521661      0.33165809D+05
  490  0.00528045      0.32988921D+05
  491  0.00534506      0.32810840D+05
  492  0.00541047      0.32631569D+05
  493  0.00547668      0.32451112D+05
  494  0.00554369      0.32269475D+05
  495  0.00561153      0.32086662D+05
  496  0.00568020      0.31902679D+05
  497  0.00574970      0.31717530D+05
  498  0.00582006      0.31531224D+05
  499  0.00589128      0.31343764D+05
  500  0.00596337      0.31155160D+05
  501  0.00603634      0.30965417D+05
  502  0.00611021      0.30774543D+05
  503  0.00618498      0.30582547D+05
  504  0.00626066      0.30389436D+05
  505  0.00633727      0.30195219D+05
  506  0.00641482      0.29999907D+05
  507  0.00649332      0.29803507D+05
  508  0.00657277      0.29606031D+05
  509  0.00665320      0.29407488D+05
  510  0.00673462      0.29207890D+05
  511  0.00681703      0.29007248D+05
  512  0.00690045      0.28805574D+05
  513  0.00698489      0.28602880D+05
  514  0.00707036      0.28399178D+05
  515  0.00715688      0.28194483D+05
  516  0.00724445      0.27988807D+05
  517  0.00733310      0.27782165D+05
  518  0.00742284      0.27574571D+05
  519  0.00751367      0.27366041D+05
  520  0.00760561      0.27156590D+05
  521  0.00769868      0.26946233D+05
  522  0.00779289      0.26734989D+05
  523  0.00788825      0.26522872D+05
  524  0.00798477      0.26309902D+05
  525  0.00808248      0.26096097D+05
  526  0.00818138      0.25881474D+05
  527  0.00828150      0.25666053D+05
  528  0.00838284      0.25449853D+05
  529  0.00848542      0.25232895D+05
  530  0.00858925      0.25015199D+05
  531  0.00869435      0.24796787D+05
  532  0.00880074      0.24577679D+05
  533  0.00890844      0.24357899D+05
  534  0.00901745      0.24137468D+05
  535  0.00912779      0.23916411D+05
  536  0.00923949      0.23694751D+05
  537  0.00935255      0.23472511D+05
  538  0.00946699      0.23249718D+05
  539  0.00958284      0.23026396D+05
  540  0.00970010      0.22802571D+05
  541  0.00981880      0.22578269D+05
  542  0.00993895      0.22353518D+05
  543  0.01006057      0.22128345D+05
  544  0.01018368      0.21902777D+05
  545  0.01030830      0.21676844D+05
  546  0.01043444      0.21450573D+05
  547  0.01056212      0.21223995D+05
  548  0.01069137      0.20997140D+05
  549  0.01082220      0.20770037D+05
  550  0.01095462      0.20542718D+05
  551  0.01108867      0.20315214D+05
  552  0.01122436      0.20087557D+05
  553  0.01136171      0.19859780D+05
  554  0.01150074      0.19631914D+05
  555  0.01164148      0.19403994D+05
  556  0.01178393      0.19176053D+05
  557  0.01192813      0.18948125D+05
  558  0.01207409      0.18720245D+05
  559  0.01222184      0.18492448D+05
  560  0.01237139      0.18264768D+05
  561  0.01252278      0.18037242D+05
  562  0.01267602      0.17809907D+05
  563  0.01283113      0.17582797D+05
  564  0.01298814      0.17355951D+05
  565  0.01314708      0.17129405D+05
  566  0.01330795      0.16903198D+05
  567  0.01347080      0.16677366D+05
  568  0.01363564      0.16451948D+05
  569  0.01380250      0.16226982D+05
  570  0.01397139      0.16002507D+05
  571  0.01414236      0.15778563D+05
  572  0.01431542      0.15555187D+05
  573  0.01449059      0.15332419D+05
  574  0.01466791      0.15110300D+05
  575  0.01484740      0.14888868D+05
  576  0.01502908      0.14668164D+05
  577  0.01521299      0.14448226D+05
  578  0.01539915      0.14229097D+05
  579  0.01558758      0.14010815D+05
  580  0.01577832      0.13793421D+05
  581  0.01597140      0.13576955D+05
  582  0.01616684      0.13361457D+05
  583  0.01636467      0.13146968D+05
  584  0.01656492      0.12933528D+05
  585  0.01676762      0.12721177D+05
  586  0.01697280      0.12509955D+05
  587  0.01718049      0.12299902D+05
  588  0.01739073      0.12091057D+05
  589  0.01760353      0.11883461D+05
  590  0.01781895      0.11677153D+05
  591  0.01803699      0.11472172D+05
  592  0.01825771      0.11268557D+05
  593  0.01848112      0.11066346D+05
  594  0.01870727      0.10865579D+05
  595  0.01893619      0.10666292D+05
  596  0.01916791      0.10468524D+05
  597  0.01940246      0.10272311D+05
  598  0.01963988      0.10077691D+05
  599  0.01988021      0.98847003D+04
  600  0.02012348      0.96933739D+04
  601  0.02036973      0.95037473D+04
  602  0.02061899      0.93158554D+04
  603  0.02087130      0.91297321D+04
  604  0.02112670      0.89454111D+04
  605  0.02138522      0.87629250D+04
  606  0.02164690      0.85823061D+04
  607  0.02191179      0.84035859D+04
  608  0.02217992      0.82267948D+04
  609  0.02245133      0.80519630D+04
  610  0.02272607      0.78791193D+04
  611  0.02300416      0.77082921D+04
  612  0.02328566      0.75395088D+04
  613  0.02357060      0.73727958D+04
  614  0.02385903      0.72081786D+04
  615  0.02415098      0.70456818D+04
  616  0.02444651      0.68853290D+04
  617  0.02474566      0.67271427D+04
  618  0.02504847      0.65711445D+04
  619  0.02535498      0.64173549D+04
  620  0.02566524      0.62657932D+04
  621  0.02597930      0.61164776D+04
  622  0.02629721      0.59694253D+04
  623  0.02661900      0.58246522D+04
  624  0.02694473      0.56821730D+04
  625  0.02727445      0.55420013D+04
  626  0.02760820      0.54041494D+04
  627  0.02794603      0.52686284D+04
  628  0.02828800      0.51354480D+04
  629  0.02863416      0.50046168D+04
  630  0.02898455      0.48761419D+04
  631  0.02933922      0.47500294D+04
  632  0.02969824      0.46262838D+04
  633  0.03006165      0.45049083D+04
  634  0.03042951      0.43859048D+04
  635  0.03080187      0.42692739D+04
  636  0.03117879      0.41550149D+04
  637  0.03156031      0.40431255D+04
  638  0.03194651      0.39336021D+04
  639  0.03233743      0.38264400D+04
  640  0.03273314      0.37216328D+04
  641  0.03313369      0.36191730D+04
  642  0.03353914      0.35190514D+04
  643  0.03394955      0.34212577D+04
  644  0.03436498      0.33257803D+04
  645  0.03478550      0.32326060D+04
  646  0.03521116      0.31417206D+04
  647  0.03564203      0.30531082D+04
  648  0.03607817      0.29667519D+04
  649  0.03651965      0.28826334D+04
  650  0.03696654      0.28007330D+04
  651  0.03741889      0.27210301D+04
  652  0.03787678      0.26435025D+04
  653  0.03834027      0.25681270D+04
  654  0.03880943      0.24948792D+04
  655  0.03928433      0.24237333D+04
  656  0.03976504      0.23546629D+04
  657  0.04025164      0.22876399D+04
  658  0.04074419      0.22226356D+04
  659  0.04124277      0.21596201D+04
  660  0.04174745      0.20985624D+04
  661  0.04225830      0.20394308D+04
  662  0.04277541      0.19821924D+04
  663  0.04329884      0.19268137D+04
  664  0.04382868      0.18732601D+04
  665  0.04436500      0.18214964D+04
  666  0.04490788      0.17714867D+04
  667  0.04545741      0.17231941D+04
  668  0.04601366      0.16765814D+04
  669  0.04657672      0.16316106D+04
  670  0.04714667      0.15882431D+04
  671  0.04772360      0.15464400D+04
  672  0.04830758      0.15061618D+04
  673  0.04889871      0.14673686D+04
  674  0.04949707      0.14300202D+04
  675  0.05010275      0.13940760D+04
  676  0.05071585      0.13594953D+04
  677  0.05133645      0.13262371D+04
  678  0.05196464      0.12942604D+04
  679  0.05260052      0.12635238D+04
  680  0.05324418      0.12339864D+04
  681  0.05389572      0.12056067D+04
  682  0.05455523      0.11783439D+04
  683  0.05522281      0.11521568D+04
  684  0.05589856      0.11270047D+04
  685  0.05658258      0.11028471D+04
  686  0.05727497      0.10796436D+04
  687  0.05797583      0.10573544D+04
  688  0.05868527      0.10359400D+04
  689  0.05940338      0.10153613D+04
  690  0.06013029      0.99557973D+03
  691  0.06086609      0.97655717D+03
  692  0.06161090      0.95825619D+03
  693  0.06236482      0.94063997D+03
  694  0.06312796      0.92367233D+03
  695  0.06390044      0.90731782D+03
  696  0.06468238      0.89154175D+03
  697  0.06547388      0.87631022D+03
  698  0.06627507      0.86159013D+03
  699  0.06708607      0.84734928D+03
  700  0.06790698      0.83355634D+03
  701  0.06873795      0.82018093D+03
  702  0.06957908      0.80719359D+03
  703  0.07043050      0.79456586D+03
  704  0.07129234      0.78227029D+03
  705  0.07216473      0.77028044D+03
  706  0.07304779      0.75857092D+03
  707  0.07394166      0.74711740D+03
  708  0.07484647      0.73589662D+03
  709  0.07576235      0.72488643D+03
  710  0.07668944      0.71406576D+03
  711  0.07762787      0.70341463D+03
  712  0.07857779      0.69291419D+03
  713  0.07953933      0.68254671D+03
  714  0.08051263      0.67229553D+03
  715  0.08149785      0.66214515D+03
  716  0.08249512      0.65208113D+03
  717  0.08350459      0.64209016D+03
  718  0.08452642      0.63215998D+03
  719  0.08556075      0.62227942D+03
  720  0.08660774      0.61243839D+03
  721  0.08766754      0.60262782D+03
  722  0.08874031      0.59283965D+03
  723  0.08982620      0.58306685D+03
  724  0.09092538      0.57330337D+03
  725  0.09203802      0.56354408D+03
  726  0.09316427      0.55378482D+03
  727  0.09430430      0.54402231D+03
  728  0.09545828      0.53425414D+03
  729  0.09662638      0.52447875D+03
  730  0.09780878      0.51469536D+03
  731  0.09900564      0.50490398D+03
  732  0.10021715      0.49510536D+03
  733  0.10144349      0.48530094D+03
  734  0.10268483      0.47549281D+03
  735  0.10394136      0.46568370D+03
  736  0.10521327      0.45587691D+03
  737  0.10650074      0.44607629D+03
  738  0.10780396      0.43628618D+03
  739  0.10912314      0.42651140D+03
  740  0.11045845      0.41675716D+03
  741  0.11181011      0.40702908D+03
  742  0.11317830      0.39733309D+03
  743  0.11456324      0.38767542D+03
  744  0.11596513      0.37806256D+03
  745  0.11738417      0.36850121D+03
  746  0.11882057      0.35899824D+03
  747  0.12027455      0.34956066D+03
  748  0.12174632      0.34019555D+03
  749  0.12323611      0.33091006D+03
  750  0.12474412      0.32171136D+03
  751  0.12627059      0.31260661D+03
  752  0.12781573      0.30360288D+03
  753  0.12937979      0.29470718D+03
  754  0.13096298      0.28592640D+03
  755  0.13256554      0.27726726D+03
  756  0.13418772      0.26873630D+03
  757  0.13582974      0.26033986D+03
  758  0.13749186      0.25208404D+03
  759  0.13917432      0.24397466D+03
  760  0.14087736      0.23601727D+03
  761  0.14260125      0.22821711D+03
  762  0.14434623      0.22057908D+03
  763  0.14611256      0.21310776D+03
  764  0.14790051      0.20580734D+03
  765  0.14971034      0.19868165D+03
  766  0.15154231      0.19173413D+03
  767  0.15339670      0.18496782D+03
  768  0.15527378      0.17838534D+03
  769  0.15717383      0.17198893D+03
  770  0.15909713      0.16578039D+03
  771  0.16104397      0.15976109D+03
  772  0.16301463      0.15393201D+03
  773  0.16500940      0.14829370D+03
  774  0.16702858      0.14284627D+03
  775  0.16907248      0.13758945D+03
  776  0.17114138      0.13252255D+03
  777  0.17323560      0.12764448D+03
  778  0.17535544      0.12295378D+03
  779  0.17750123      0.11844859D+03
  780  0.17967327      0.11412671D+03
  781  0.18187190      0.10998557D+03
  782  0.18409742      0.10602228D+03
  783  0.18635018      0.10223361D+03
  784  0.18863051      0.98616052D+02
  785  0.19093874      0.95165802D+02
  786  0.19327521      0.91878793D+02
  787  0.19564028      0.88750712D+02
  788  0.19803428      0.85777023D+02
  789  0.20045759      0.82952985D+02
  790  0.20291054      0.80273674D+02
  791  0.20539351      0.77734005D+02
  792  0.20790687      0.75328754D+02
  793  0.21045098      0.73052579D+02
  794  0.21302622      0.70900042D+02
  795  0.21563298      0.68865631D+02
  796  0.21827163      0.66943781D+02
  797  0.22094257      0.65128897D+02
  798  0.22364620      0.63415371D+02
  799  0.22638290      0.61797607D+02
  800  0.22915310      0.60270035D+02
  801  0.23195720      0.58827137D+02
  802  0.23479561      0.57463458D+02
  803  0.23766875      0.56173629D+02
  804  0.24057705      0.54952380D+02
  805  0.24352094      0.53794559D+02
  806  0.24650085      0.52695142D+02
  807  0.24951723      0.51649251D+02
  808  0.25257051      0.50652164D+02
  809  0.25566116      0.49699327D+02
  810  0.25878963      0.48786365D+02
  811  0.26195638      0.47909088D+02
  812  0.26516189      0.47063506D+02
  813  0.26840661      0.46245826D+02
  814  0.27169104      0.45452466D+02
  815  0.27501567      0.44680055D+02
  816  0.27838097      0.43925438D+02
  817  0.28178746      0.43185675D+02
  818  0.28523563      0.42458049D+02
  819  0.28872600      0.41740058D+02
  820  0.29225907      0.41029418D+02
  821  0.29583538      0.40324061D+02
  822  0.29945545      0.39622133D+02
  823  0.30311983      0.38921984D+02
  824  0.30682904      0.38222172D+02
  825  0.31058363      0.37521451D+02
  826  0.31438418      0.36818768D+02
  827  0.31823123      0.36113253D+02
  828  0.32212535      0.35404217D+02
  829  0.32606713      0.34691136D+02
  830  0.33005714      0.33973650D+02
  831  0.33409598      0.33251550D+02
  832  0.33818424      0.32524768D+02
  833  0.34232252      0.31793372D+02
  834  0.34651145      0.31057551D+02
  835  0.35075163      0.30317608D+02
  836  0.35504370      0.29573949D+02
  837  0.35938829      0.28827076D+02
  838  0.36378605      0.28077571D+02
  839  0.36823762      0.27326093D+02
  840  0.37274366      0.26573361D+02
  841  0.37730484      0.25820153D+02
  842  0.38192184      0.25067290D+02
  843  0.38659533      0.24315629D+02
  844  0.39132601      0.23566056D+02
  845  0.39611458      0.22819476D+02
  846  0.40096175      0.22076804D+02
  847  0.40586823      0.21338962D+02
  848  0.41083475      0.20606866D+02
  849  0.41586204      0.19881425D+02
  850  0.42095085      0.19163530D+02
  851  0.42610194      0.18454053D+02
  852  0.43131605      0.17753836D+02
  853  0.43659397      0.17063694D+02
  854  0.44193648      0.16384403D+02
  855  0.44734435      0.15716701D+02
  856  0.45281841      0.15061283D+02
  857  0.45835945      0.14418801D+02
  858  0.46396829      0.13789856D+02
  859  0.46964577      0.13175003D+02
  860  0.47539272      0.12574743D+02
  861  0.48120999      0.11989526D+02
  862  0.48709846      0.11419751D+02
  863  0.49305897      0.10865762D+02
  864  0.49909242      0.10327851D+02
  865  0.50519971      0.98062582D+01
  866  0.51138173      0.93011705D+01
  867  0.51763939      0.88127252D+01
  868  0.52397363      0.83410096D+01
  869  0.53038538      0.78860629D+01
  870  0.53687559      0.74478781D+01
  871  0.54344522      0.70264033D+01
  872  0.55009523      0.66215443D+01
  873  0.55682663      0.62331665D+01
  874  0.56364039      0.58610971D+01
  875  0.57053754      0.55051276D+01
  876  0.57751908      0.51650161D+01
  877  0.58458605      0.48404902D+01
  878  0.59173950      0.45312489D+01
  879  0.59898049      0.42369658D+01
  880  0.60631008      0.39572912D+01
  881  0.61372936      0.36918549D+01
  882  0.62123943      0.34402685D+01
  883  0.62884140      0.32021280D+01
  884  0.63653639      0.29770163D+01
  885  0.64432555      0.27645054D+01
  886  0.65221002      0.25641586D+01
  887  0.66019097      0.23755328D+01
  888  0.66826958      0.21981807D+01
  889  0.67644705      0.20316525D+01
  890  0.68472458      0.18754980D+01
  891  0.69310340      0.17292681D+01
  892  0.70158476      0.15925169D+01
  893  0.71016989      0.14648026D+01
  894  0.71886009      0.13456896D+01
  895  0.72765662      0.12347490D+01
  896  0.73656079      0.11315605D+01
  897  0.74557392      0.10357131D+01
  898  0.75469735      0.94680589D+00
  899  0.76393241      0.86444901D+00
  900  0.77328048      0.78826439D+00
  901  0.78274295      0.71788623D+00
  902  0.79232120      0.65296151D+00
  903  0.80201666      0.59315036D+00
  904  0.81183076      0.53812632D+00
  905  0.82176495      0.48757656D+00
  906  0.83182071      0.44120198D+00
  907  0.84199951      0.39871719D+00
  908  0.85230288      0.35985054D+00
  909  0.86273232      0.32434397D+00
  910  0.87328938      0.29195282D+00
  911  0.88397563      0.26244567D+00
  912  0.89479265      0.23560401D+00
  913  0.90574203      0.21122199D+00
  914  0.91682539      0.18910600D+00
  915  0.92804438      0.16907439D+00
  916  0.93940066      0.15095696D+00
  917  0.95089589      0.13459465D+00
  918  0.96253180      0.11983901D+00
  919  0.97431009      0.10655180D+00
  920  0.98623250      0.94604535D-01
  921  0.99830081      0.83877992D-01
  922  1.01051680      0.74261773D-01
  923  1.02288227      0.65653833D-01
  924  1.03539905      0.57960024D-01
  925  1.04806900      0.51093648D-01
  926  1.06089399      0.44975010D-01
  927  1.07387592      0.39530992D-01
  928  1.08701670      0.34694630D-01
  929  1.10031828      0.30404711D-01
  930  1.11378263      0.26605380D-01
  931  1.12741175      0.23245765D-01
  932  1.14120763      0.20279618D-01
  933  1.15517234      0.17664971D-01
  934  1.16930793      0.15363811D-01
  935  1.18361649      0.13341766D-01
  936  1.19810014      0.11567818D-01
  937  1.21276103      0.10014026D-01
  938  1.22760132      0.86552631D-02
  939  1.24262321      0.74689798D-02
  940  1.25782891      0.64349732D-02
  941  1.27322069      0.55351772D-02
  942  1.28880081      0.47534662D-02
  943  1.30457158      0.40754729D-02
  944  1.32053533      0.34884205D-02
  945  1.33669443      0.29809674D-02
  946  1.35305126      0.25430647D-02
  947  1.36960825      0.21658255D-02
  948  1.38636785      0.18414049D-02
  949  1.40333252      0.15628909D-02
  950  1.42050479      0.13242047D-02
  951  1.43788720      0.11200107D-02
  952  1.45548230      0.94563391D-03
  953  1.47329272      0.79698622D-03
  954  1.49132108      0.67049944D-03
  955  1.50957004      0.56306508D-03
  956  1.52804232      0.47198034D-03
  957  1.54674064      0.39489965D-03
  958  1.56566776      0.32979138D-03
  959  1.58482649      0.27489927D-03
  960  1.60421966      0.22870806D-03
  961  1.62385014      0.18991294D-03
  962  1.64372084      0.15739262D-03
  963  1.66383469      0.13018536D-03
  964  1.68419466      0.10746796D-03
  965  1.70480378      0.88537223D-04
  966  1.72566509      0.72793655D-04
  967  1.74678167      0.59727243D-04
  968  1.76815665      0.48904982D-04
  969  1.78979319      0.39960015D-04
  970  1.81169450      0.32582178D-04
  971  1.83386380      0.26509796D-04
  972  1.85630439      0.21522571D-04
  973  1.87901958      0.17435440D-04
  974  1.90201272      0.14093279D-04
  975  1.92528723      0.11366342D-04
  976  1.94884655      0.91463544D-05
  977  1.97269415      0.73431565D-05
  978  1.99683357      0.58818472D-05
  979  2.02126838      0.47003418D-05
  980  2.04600220      0.37472987D-05
  981  2.07103868      0.29803593D-05
  982  2.09638152      0.23646588D-05
  983  2.12203448      0.18715692D-05
  984  2.14800134      0.14776401D-05
  985  2.17428596      0.11637092D-05
  986  2.20089222      0.91415732D-06
  987  2.22782405      0.71628434D-06
  988  2.25508544      0.55979025D-06
  989  2.28268042      0.43634272D-06
  990  2.31061308      0.33921864D-06
  991  2.33888754      0.26300755D-06
  992  2.36750799      0.20336680D-06
  993  2.39647866      0.15682017D-06
  994  2.42580384      0.12059254D-06
  995  2.45548787      0.92474530D-07
  996  2.48553513      0.70712039D-07
  997  2.51595007      0.53916347D-07
  998  2.54673720      0.40991108D-07
  999  2.57790106      0.31073280D-07
 1000  2.60944626      0.23485450D-07
 1001  2.64137748      0.17697463D-07
 1002  2.67369943      0.13295646D-07
 1003  2.70641690      0.99581833D-08
 1004  2.73953473      0.74354775D-08
 1005  2.77305781      0.55345397D-08
 1006  2.80699111      0.41066131D-08
 1007  2.84133964      0.30373959D-08
 1008  2.87610848      0.22393395D-08
 1009  2.91130278      0.16456021D-08
 1010  2.94692775      0.12053172D-08
 1011  2.98298866      0.87990237D-09
 1012  3.01949083      0.64018993D-09
 1013  3.05643967      0.46420350D-09
 1014  3.09384065      0.33544119D-09
 1015  3.13169929      0.24155422D-09
 1016  3.17002121      0.17333391D-09
 1017  3.20881205      0.12393714D-09
 1018  3.24807758      0.88295014D-10
 1019  3.28782359      0.62671328D-10
 1020  3.32805596      0.44317399D-10
 1021  3.36878064      0.31210618D-10
 1022  3.41000367      0.21896307D-10
 1023  3.45173113      0.00000000D+00
 1024  3.49396920      0.00000000D+00
 1025  3.53672413      0.00000000D+00
 1026  3.58000224      0.00000000D+00
 1027  3.62380993      0.00000000D+00
 1028  3.66815370      0.00000000D+00
 1029  3.71304008      0.00000000D+00
 1030  3.75847573      0.00000000D+00
 1031  3.80446737      0.00000000D+00
 1032  3.85102180      0.00000000D+00
 1033  3.89814590      0.00000000D+00
 1034  3.94584665      0.00000000D+00
 1035  3.99413110      0.00000000D+00
 1036  4.04300640      0.00000000D+00
 1037  4.09247978      0.00000000D+00
 1038  4.14255855      0.00000000D+00
 1039  4.19325012      0.00000000D+00
 1040  4.24456200      0.00000000D+00
 1041  4.29650176      0.00000000D+00
 1042  4.34907711      0.00000000D+00
 1043  4.40229580      0.00000000D+00
 1044  4.45616572      0.00000000D+00
 1045  4.51069484      0.00000000D+00
 1046  4.56589121      0.00000000D+00
 1047  4.62176302      0.00000000D+00
 1048  4.67831851      0.00000000D+00
 1049  4.73556606      0.00000000D+00
 1050  4.79351413      0.00000000D+00
 1051  4.85217131      0.00000000D+00
 1052  4.91154626      0.00000000D+00
 1053  4.97164776      0.00000000D+00
 1054  5.03248472      0.00000000D+00
 1055  5.09406612      0.00000000D+00
 1056  5.15640108      0.00000000D+00
 1057  5.21949882      0.00000000D+00
 1058  5.28336868      0.00000000D+00
 1059  5.34802009      0.00000000D+00
 1060  5.41346263      0.00000000D+00
 1061  5.47970598      0.00000000D+00
 1062  5.54675993      0.00000000D+00
 1063  5.61463440      0.00000000D+00
 1064  5.68333944      0.00000000D+00
 1065  5.75288521      0.00000000D+00
 1066  5.82328200      0.00000000D+00
 1067  5.89454021      0.00000000D+00
 1068  5.96667040      0.00000000D+00
 1069  6.03968322      0.00000000D+00
 1070  6.11358949      0.00000000D+00
 1071  6.18840014      0.00000000D+00
 1072  6.26412622      0.00000000D+00
 1073  6.34077895      0.00000000D+00
 1074  6.41836966      0.00000000D+00
 1075  6.49690983      0.00000000D+00
 1076  6.57641108      0.00000000D+00
 1077  6.65688517      0.00000000D+00
 1078  6.73834400      0.00000000D+00
 1079  6.82079963      0.00000000D+00
 1080  6.90426425      0.00000000D+00
 1081  6.98875020      0.00000000D+00
 1082  7.07427000      0.00000000D+00
 1083  7.16083627      0.00000000D+00
 1084  7.24846185      0.00000000D+00
 1085  7.33715967      0.00000000D+00
 1086  7.42694287      0.00000000D+00
 1087  7.51782473      0.00000000D+00
 1088  7.60981869      0.00000000D+00
 1089  7.70293836      0.00000000D+00
 1090  7.79719751      0.00000000D+00
 1091  7.89261010      0.00000000D+00
 1092  7.98919022      0.00000000D+00
 1093  8.08695218      0.00000000D+00
 1094  8.18591043      0.00000000D+00
 1095  8.28607960      0.00000000D+00
 1096  8.38747453      0.00000000D+00
 1097  8.49011020      0.00000000D+00
 1098  8.59400180      0.00000000D+00
 1099  8.69916470      0.00000000D+00
 1100  8.80561446      0.00000000D+00
 1101  8.91336682      0.00000000D+00
