System Description            : Fe, SC-2 (BCC) structure                        
Number of Atoms in Unit Cell  : 1                                               
Number of Atomic Species      : 1                                               
Number of Atoms in Each Type  : 1(Fe)                                           
Energy Offset                 : -2522                                           
=======================================================================================
    Iter     Energy      3PV     Efermi   Rms_rho    Rms_pot   Mix  Alg  Alpha    Mom  
---------------------------------------------------------------------------------------
**       1  -0.818870   1.50313  0.73981  0.108E-01  0.810E-02  pot  B   0.0010  2.2680
         2  -1.433480 -19.19749  0.78981  0.545E-02  0.407E-01  pot  B   0.0010  1.6135
**       3  -0.822205   1.30824  0.75186  0.105E-01  0.778E-02  pot  B   0.0010  2.1967
         4  -1.177668 -13.03879  0.80186  0.384E-02  0.286E-01  pot  B   0.0010  1.4372
**       5  -0.822202   1.30828  0.75186  0.105E-01  0.778E-02  pot  B   0.0010  2.1967
         6  -1.178224 -13.04958  0.80186  0.384E-02  0.286E-01  pot  B   0.0010  1.4372
**       7  -0.822202   1.30828  0.75186  0.105E-01  0.778E-02  pot  B   0.0010  2.1967
         8  -1.178224 -13.04958  0.80186  0.384E-02  0.286E-01  pot  B   0.0010  1.4372
**       9  -0.848919  -0.47691  0.74516  0.999E-02  0.633E-02  pot  B   0.0020  2.0876
        10  -0.846883   0.87029  0.74761  0.512E-03  0.234E-02  pot  B   0.0020  2.2045
        11  -0.846910   0.85247  0.74739  0.120E-04  0.230E-02  pot  B   0.0020  2.2016
        12  -0.847757   0.43400  0.75163  0.106E-03  0.136E-02  pot  B   0.0020  2.1995
        13  -0.848346  -0.24142  0.75983  0.188E-03  0.399E-03  pot  B   0.0020  2.1615
        14  -0.848083  -0.17225  0.75820  0.916E-04  0.291E-03  pot  B   0.0020  2.1842
        15  -0.848078  -0.18725  0.75795  0.195E-04  0.318E-03  pot  B   0.0020  2.1793
        16  -0.848084  -0.12572  0.75693  0.269E-04  0.141E-03  pot  B   0.0020  2.1831
        17  -0.848058  -0.09983  0.75588  0.310E-04  0.770E-04  pot  B   0.0020  2.1877
        18  -0.848048  -0.08676  0.75585  0.467E-05  0.108E-03  pot  B   0.0020  2.1883
        19  -0.848042  -0.07808  0.75575  0.485E-05  0.126E-03  pot  B   0.0020  2.1893
        20  -0.848032  -0.08872  0.75582  0.973E-05  0.775E-04  pot  B   0.0020  2.1906
        21  -0.848032  -0.09047  0.75584  0.551E-06  0.733E-04  pot  B   0.0020  2.1905
        22  -0.848033  -0.09109  0.75585  0.564E-06  0.721E-04  pot  B   0.0020  2.1904
        23  -0.848035  -0.11207  0.75607  0.619E-05  0.993E-05  pot  B   0.0020  2.1897
        24  -0.848034  -0.11334  0.75611  0.645E-06  0.709E-05  pot  B   0.0020  2.1898
        25  -0.848033  -0.11295  0.75611  0.358E-06  0.820E-05  pot  B   0.0020  2.1899
        26  -0.848032  -0.11387  0.75611  0.163E-05  0.374E-05  pot  B   0.0020  2.1901
        27  -0.848030  -0.11354  0.75610  0.148E-05  0.305E-05  pot  B   0.0020  2.1904
        28  -0.848029  -0.11372  0.75610  0.467E-06  0.189E-05  pot  B   0.0020  2.1905
        29  -0.848029  -0.11379  0.75610  0.667E-07  0.157E-05  pot  B   0.0020  2.1905
        30  -0.848029  -0.11421  0.75611  0.233E-06  0.379E-06  pot  B   0.0020  2.1906
        31  -0.848029  -0.11423  0.75611  0.125E-07  0.440E-06  pot  B   0.0020  2.1906
        32  -0.848029  -0.11409  0.75611  0.101E-06  0.245E-06  pot  B   0.0020  2.1906
        33  -0.848029  -0.11415  0.75611  0.431E-07  0.337E-07  pot  B   0.0020  2.1906
        34  -0.848029  -0.11415  0.75611  0.204E-09  0.356E-07  pot  B   0.0020  2.1906
        35  -0.848029  -0.11414  0.75611  0.112E-07  0.564E-08  pot  B   0.0020  2.1906
        36  -0.848029  -0.11415  0.75611  0.279E-08  0.168E-07  pot  B   0.0020  2.1906
        37  -0.848029  -0.11416  0.75611  0.483E-08  0.414E-07  pot  B   0.0020  2.1906
        38  -0.848029  -0.11414  0.75611  0.582E-08  0.238E-07  pot  B   0.0020  2.1906
        39  -0.848029  -0.11415  0.75611  0.382E-08  0.324E-07  pot  B   0.0020  2.1906
        40  -0.848029  -0.11415  0.75611  0.121E-08  0.366E-07  pot  B   0.0020  2.1906
        41  -0.848029  -0.11415  0.75611  0.212E-08  0.467E-07  pot  B   0.0020  2.1906
        42  -0.848029  -0.11415  0.75611  0.109E-07  0.128E-07  pot  B   0.0020  2.1906
        43  -0.848029  -0.11415  0.75611  0.368E-08  0.241E-07  pot  B   0.0020  2.1906
        44  -0.848029  -0.11413  0.75611  0.744E-08  0.405E-07  pot  B   0.0020  2.1906
        45  -0.848029  -0.11414  0.75611  0.383E-08  0.162E-07  pot  B   0.0020  2.1906
        46  -0.848028  -0.11413  0.75611  0.704E-08  0.681E-07  pot  B   0.0020  2.1906
        47  -0.848028  -0.11413  0.75611  0.296E-08  0.768E-07  pot  B   0.0020  2.1906
        48  -0.848028  -0.11413  0.75611  0.602E-08  0.472E-07  pot  B   0.0020  2.1906
        49  -0.848029  -0.11413  0.75611  0.975E-09  0.466E-07  pot  B   0.0020  2.1906
        50  -0.848028  -0.11413  0.75611  0.778E-09  0.502E-07  pot  B   0.0020  2.1906
        51  -0.848029  -0.11414  0.75611  0.256E-08  0.314E-07  pot  B   0.0020  2.1906
        52  -0.848029  -0.11415  0.75611  0.585E-08  0.163E-07  pot  B   0.0020  2.1906
        53  -0.848029  -0.11415  0.75611  0.892E-09  0.105E-07  pot  B   0.0020  2.1906
        54  -0.848029  -0.11414  0.75611  0.327E-08  0.162E-07  pot  B   0.0020  2.1906
        55  -0.848029  -0.11414  0.75611  0.546E-09  0.129E-07  pot  B   0.0020  2.1906
        56  -0.848029  -0.11414  0.75611  0.754E-09  0.662E-08  pot  B   0.0020  2.1906
        57  -0.848029  -0.11414  0.75611  0.137E-08  0.586E-08  pot  B   0.0020  2.1906
        58  -0.848029  -0.11414  0.75611  0.202E-09  0.626E-08  pot  B   0.0020  2.1906
**      59  -0.848029  -0.11414  0.75611  0.105E-01  0.626E-08  pot  B   0.0020  2.1906
        60  -0.848029  -0.11415  0.75611  0.216E-08  0.651E-08  pot  B   0.0020  2.1906
        61  -0.848029  -0.11415  0.75611  0.908E-10  0.636E-08  pot  B   0.0020  2.1906
**      62  -0.848029  -0.11414  0.75611  0.105E-01  0.626E-08  pot  B   0.0020  2.1906
        63  -0.848029  -0.11415  0.75611  0.216E-08  0.651E-08  pot  B   0.0020  2.1906
        64  -0.848029  -0.11415  0.75611  0.908E-10  0.636E-08  pot  B   0.0020  2.1906
