System Description            : Fe, SC-2 (BCC) structure                        
Number of Atoms in Unit Cell  : 2                                               
Number of Atomic Species      : 1                                               
Number of Atoms in Each Type  : 2(Fe)                                           
Energy Offset                 : -2522                                           
=======================================================================================
    Iter     Energy      3PV     Efermi   Rms_rho    Rms_pot   Mix  Alg  Alpha    Mom  
---------------------------------------------------------------------------------------
**       1  -0.849002  -0.29085  0.75827  0.102E-01  0.576E-03  pot  B   0.0010  2.1226
         2  -0.848127   0.22594  0.75111  0.169E-03  0.791E-03  pot  B   0.0010  2.1601
         3  -0.847697   0.31084  0.75161  0.844E-04  0.102E-02  pot  B   0.0010  2.1632
         4  -0.847693   0.31617  0.75155  0.470E-05  0.103E-02  pot  B   0.0010  2.1622
         5  -0.848098  -0.20683  0.75701  0.151E-03  0.347E-03  pot  B   0.0010  2.1581
         6  -0.847917  -0.15140  0.75629  0.443E-04  0.154E-03  pot  B   0.0010  2.1555
         7  -0.847906  -0.16076  0.75644  0.648E-05  0.174E-03  pot  B   0.0010  2.1573
         8  -0.847906  -0.16162  0.75644  0.141E-05  0.175E-03  pot  B   0.0010  2.1570
         9  -0.847906  -0.16090  0.75643  0.269E-06  0.173E-03  pot  B   0.0010  2.1570
        10  -0.847898  -0.12609  0.75605  0.196E-04  0.647E-04  pot  B   0.0010  2.1610
        11  -0.847895  -0.12402  0.75607  0.386E-05  0.617E-04  pot  B   0.0010  2.1619
        12  -0.847895  -0.12411  0.75606  0.632E-06  0.619E-04  pot  B   0.0010  2.1618
        13  -0.847866  -0.16545  0.75686  0.402E-04  0.161E-03  pot  B   0.0010  2.1690
        14  -0.847909  -0.12958  0.75604  0.502E-04  0.722E-04  pot  B   0.0010  2.1591
        15  -0.847905  -0.10916  0.75577  0.596E-05  0.835E-04  pot  B   0.0010  2.1591
        16  -0.847913  -0.10205  0.75567  0.329E-05  0.104E-03  pot  B   0.0010  2.1586
        17  -0.847927  -0.09319  0.75555  0.267E-05  0.129E-03  pot  B   0.0010  2.1583
        18  -0.848155  -0.07410  0.75507  0.213E-04  0.178E-03  pot  B   0.0010  2.1572
        19  -0.848150  -0.07240  0.75506  0.267E-05  0.182E-03  pot  B   0.0010  2.1579
        20  -0.848159  -0.06434  0.75497  0.219E-05  0.201E-03  pot  B   0.0010  2.1578
        21  -0.848340  -0.02774  0.75476  0.116E-04  0.303E-03  pot  B   0.0010  2.1556
        22  -0.848483  -0.03489  0.75506  0.410E-05  0.302E-03  pot  B   0.0010  2.1542
        23  -0.848445  -0.03948  0.75508  0.164E-05  0.287E-03  pot  B   0.0010  2.1544
        24  -0.848168  -0.02392  0.75551  0.101E-04  0.338E-03  pot  B   0.0010  2.1536
        25  -0.848034  -0.02634  0.75543  0.277E-05  0.324E-03  pot  B   0.0010  2.1539
        26  -0.847738  -0.03116  0.75543  0.498E-05  0.305E-03  pot  B   0.0010  2.1549
        27  -0.847565  -0.03056  0.75549  0.245E-05  0.305E-03  pot  B   0.0010  2.1553
        28  -0.847086  -0.03563  0.75548  0.788E-05  0.275E-03  pot  B   0.0010  2.1576
        29  -0.846762  -0.04505  0.75555  0.709E-05  0.243E-03  pot  B   0.0010  2.1590
        30  -0.845689  -0.06423  0.75542  0.210E-04  0.173E-03  pot  B   0.0010  2.1630
        31  -0.846236  -0.04556  0.75549  0.117E-04  0.244E-03  pot  B   0.0010  2.1596
        32  -0.846567  -0.06273  0.75586  0.136E-04  0.218E-03  pot  B   0.0010  2.1627
        33  -0.845111  -0.04093  0.75567  0.102E-04  0.236E-03  pot  B   0.0010  2.1651
        34  -0.846496  -0.05797  0.75645  0.268E-04  0.264E-03  pot  B   0.0010  2.1536
        35  -0.842547  -0.02461  0.75649  0.329E-04  0.211E-03  pot  B   0.0010  2.1641
        36  -0.844422  -0.07266  0.75649  0.133E-04  0.128E-03  pot  B   0.0010  2.1628
        37  -0.844160  -0.06690  0.75649  0.844E-05  0.124E-03  pot  B   0.0010  2.1653
        38  -0.844789  -0.06502  0.75651  0.188E-04  0.193E-03  pot  B   0.0010  2.1573
        39  -0.845813  -0.08401  0.75563  0.231E-04  0.996E-04  pot  B   0.0010  2.1658
        40  -0.844195  -0.05987  0.75545  0.507E-04  0.102E-03  pot  B   0.0010  2.1821
        41  -0.846816  -0.07116  0.75544  0.568E-04  0.163E-03  pot  B   0.0010  2.1646
        42  -0.846122  -0.07143  0.75548  0.116E-04  0.132E-03  pot  B   0.0010  2.1690
        43  -0.843824  -0.01500  0.75605  0.353E-04  0.252E-03  pot  B   0.0010  2.1750
        44  -0.843890  -0.03591  0.75577  0.214E-04  0.202E-03  pot  B   0.0010  2.1704
        45  -0.845207  -0.07885  0.75592  0.139E-04  0.110E-03  pot  B   0.0010  2.1726
        46  -0.845789  -0.08730  0.75593  0.686E-05  0.115E-03  pot  B   0.0010  2.1703
        47  -0.846001  -0.08987  0.75599  0.704E-05  0.128E-03  pot  B   0.0010  2.1680
        48  -0.846090  -0.09200  0.75597  0.911E-06  0.129E-03  pot  B   0.0010  2.1679
        49  -0.845516  -0.08230  0.75604  0.329E-05  0.144E-03  pot  B   0.0010  2.1677
        50  -0.845837  -0.07611  0.75615  0.105E-04  0.132E-03  pot  B   0.0010  2.1679
        51  -0.847809  -0.11816  0.75600  0.119E-04  0.436E-04  pot  B   0.0010  2.1696
        52  -0.847301  -0.11170  0.75606  0.570E-05  0.433E-04  pot  B   0.0010  2.1711
        53  -0.848163  -0.12723  0.75618  0.759E-05  0.326E-04  pot  B   0.0010  2.1705
        54  -0.845428  -0.07741  0.75570  0.287E-04  0.767E-04  pot  B   0.0010  2.1778
        55  -0.844814  -0.06789  0.75607  0.150E-04  0.119E-03  pot  B   0.0010  2.1759
        56  -0.843920  -0.05806  0.75602  0.657E-05  0.123E-03  pot  B   0.0010  2.1769
        57  -0.844058  -0.05737  0.75593  0.398E-05  0.137E-03  pot  B   0.0010  2.1760
        58  -0.844649  -0.06617  0.75599  0.791E-05  0.146E-03  pot  B   0.0010  2.1729
        59  -0.844735  -0.06507  0.75585  0.280E-05  0.150E-03  pot  B   0.0010  2.1739
        60  -0.846161  -0.08645  0.75590  0.155E-04  0.133E-03  pot  B   0.0010  2.1695
        61  -0.846022  -0.07760  0.75582  0.391E-05  0.158E-03  pot  B   0.0010  2.1697
        62  -0.846766  -0.10166  0.75574  0.115E-04  0.756E-04  pot  B   0.0010  2.1741
        63  -0.847742  -0.12121  0.75585  0.901E-05  0.365E-04  pot  B   0.0010  2.1733
        64  -0.847571  -0.11805  0.75596  0.334E-05  0.306E-04  pot  B   0.0010  2.1739
        65  -0.847605  -0.12407  0.75583  0.670E-05  0.423E-04  pot  B   0.0010  2.1767
        66  -0.847683  -0.12709  0.75594  0.860E-05  0.616E-04  pot  B   0.0010  2.1731
        67  -0.847906  -0.12513  0.75564  0.932E-05  0.390E-04  pot  B   0.0010  2.1766
        68  -0.847239  -0.11068  0.75579  0.621E-05  0.351E-04  pot  B   0.0010  2.1753
        69  -0.847531  -0.11399  0.75607  0.130E-04  0.540E-04  pot  B   0.0010  2.1703
        70  -0.847386  -0.10391  0.75589  0.660E-05  0.569E-04  pot  B   0.0010  2.1723
        71  -0.846944  -0.10195  0.75583  0.832E-05  0.482E-04  pot  B   0.0010  2.1753
        72  -0.847093  -0.10208  0.75553  0.586E-05  0.566E-04  pot  B   0.0010  2.1751
        73  -0.846873  -0.09980  0.75569  0.656E-05  0.545E-04  pot  B   0.0010  2.1768
        74  -0.848136  -0.11131  0.75559  0.210E-04  0.631E-04  pot  B   0.0010  2.1709
        75  -0.848192  -0.11210  0.75597  0.914E-05  0.785E-04  pot  B   0.0010  2.1674
        76  -0.848006  -0.11866  0.75602  0.689E-05  0.402E-04  pot  B   0.0010  2.1698
        77  -0.847368  -0.10924  0.75602  0.584E-05  0.700E-04  pot  B   0.0010  2.1696
        78  -0.847748  -0.11459  0.75600  0.138E-04  0.417E-04  pot  B   0.0010  2.1729
        79  -0.846943  -0.10624  0.75594  0.982E-05  0.470E-04  pot  B   0.0010  2.1744
        80  -0.846546  -0.09552  0.75589  0.915E-05  0.958E-04  pot  B   0.0010  2.1718
        81  -0.847352  -0.11249  0.75580  0.609E-05  0.463E-04  pot  B   0.0010  2.1724
        82  -0.847697  -0.11467  0.75574  0.219E-05  0.428E-04  pot  B   0.0010  2.1721
        83  -0.847881  -0.11260  0.75558  0.450E-05  0.367E-04  pot  B   0.0010  2.1735
        84  -0.847481  -0.11216  0.75586  0.417E-05  0.407E-04  pot  B   0.0010  2.1731
        85  -0.848342  -0.11973  0.75541  0.764E-05  0.380E-04  pot  B   0.0010  2.1729
        86  -0.848275  -0.11803  0.75543  0.495E-05  0.371E-04  pot  B   0.0010  2.1739
        87  -0.847704  -0.11376  0.75577  0.546E-05  0.503E-04  pot  B   0.0010  2.1718
        88  -0.848327  -0.11503  0.75553  0.109E-04  0.517E-04  pot  B   0.0010  2.1714
        89  -0.848507  -0.11892  0.75536  0.900E-05  0.463E-04  pot  B   0.0010  2.1733
        90  -0.847301  -0.10174  0.75522  0.135E-04  0.689E-04  pot  B   0.0010  2.1763
        91  -0.847659  -0.10683  0.75539  0.583E-05  0.520E-04  pot  B   0.0010  2.1762
        92  -0.848089  -0.12176  0.75543  0.577E-05  0.432E-04  pot  B   0.0010  2.1772
        93  -0.848083  -0.10653  0.75527  0.131E-04  0.637E-04  pot  B   0.0010  2.1724
        94  -0.847987  -0.11158  0.75574  0.109E-04  0.506E-04  pot  B   0.0010  2.1738
        95  -0.848077  -0.12109  0.75584  0.342E-05  0.288E-04  pot  B   0.0010  2.1740
        96  -0.848044  -0.12672  0.75587  0.418E-05  0.344E-04  pot  B   0.0010  2.1746
        97  -0.847656  -0.11997  0.75585  0.501E-05  0.298E-04  pot  B   0.0010  2.1753
        98  -0.847600  -0.11890  0.75575  0.435E-05  0.265E-04  pot  B   0.0010  2.1763
        99  -0.847485  -0.12039  0.75574  0.576E-05  0.349E-04  pot  B   0.0010  2.1780
       100  -0.847580  -0.11826  0.75569  0.302E-05  0.395E-04  pot  B   0.0010  2.1789
**     101  -0.847580  -0.11826  0.75569  0.104E-01  0.395E-04  pot  B   0.0010  2.1789
       102  -0.847910  -0.11984  0.75594  0.378E-04  0.127E-03  pot  B   0.0010  2.1628
       103  -0.847910  -0.12069  0.75595  0.177E-05  0.125E-03  pot  B   0.0010  2.1625
       104  -0.847910  -0.12070  0.75595  0.378E-06  0.121E-03  pot  B   0.0010  2.1625
       105  -0.847908  -0.12063  0.75596  0.244E-05  0.102E-03  pot  B   0.0010  2.1629
       106  -0.847863  -0.11931  0.75623  0.338E-04  0.478E-04  pot  B   0.0010  2.1708
       107  -0.847860  -0.11968  0.75623  0.127E-05  0.466E-04  pot  B   0.0010  2.1706
       108  -0.847860  -0.11965  0.75623  0.205E-06  0.461E-04  pot  B   0.0010  2.1706
       109  -0.847860  -0.11956  0.75623  0.769E-06  0.441E-04  pot  B   0.0010  2.1708
       110  -0.847941  -0.12039  0.75627  0.116E-04  0.261E-04  pot  B   0.0010  2.1742
       111  -0.847889  -0.11869  0.75631  0.593E-05  0.269E-04  pot  B   0.0010  2.1749
       112  -0.848130  -0.12006  0.75640  0.376E-04  0.616E-04  pot  B   0.0010  2.1860
       113  -0.848129  -0.12039  0.75641  0.603E-06  0.619E-04  pot  B   0.0010  2.1859
       114  -0.848130  -0.12044  0.75641  0.534E-07  0.625E-04  pot  B   0.0010  2.1859
       115  -0.848081  -0.11915  0.75641  0.183E-05  0.454E-04  pot  B   0.0010  2.1851
       116  -0.847773  -0.11119  0.75647  0.122E-04  0.557E-04  pot  B   0.0010  2.1812
       117  -0.847786  -0.11176  0.75647  0.537E-06  0.533E-04  pot  B   0.0010  2.1813
       118  -0.847680  -0.10755  0.75646  0.670E-05  0.618E-04  pot  B   0.0010  2.1807
       119  -0.847727  -0.11134  0.75648  0.505E-05  0.433E-04  pot  B   0.0010  2.1812
       120  -0.847728  -0.11147  0.75649  0.560E-06  0.427E-04  pot  B   0.0010  2.1811
       121  -0.847728  -0.11150  0.75649  0.243E-07  0.425E-04  pot  B   0.0010  2.1811
       122  -0.847727  -0.11237  0.75650  0.135E-05  0.291E-04  pot  B   0.0010  2.1813
       123  -0.847786  -0.11211  0.75649  0.476E-05  0.580E-04  pot  B   0.0010  2.1811
       124  -0.847669  -0.11171  0.75650  0.845E-05  0.268E-04  pot  B   0.0010  2.1814
       125  -0.847671  -0.11183  0.75650  0.201E-06  0.266E-04  pot  B   0.0010  2.1814
       126  -0.847671  -0.11185  0.75650  0.308E-07  0.265E-04  pot  B   0.0010  2.1814
       127  -0.847701  -0.11471  0.75653  0.326E-05  0.208E-04  pot  B   0.0010  2.1821
       128  -0.847690  -0.11484  0.75654  0.830E-06  0.199E-04  pot  B   0.0010  2.1821
       129  -0.847618  -0.11446  0.75654  0.533E-05  0.278E-04  pot  B   0.0010  2.1821
       130  -0.847627  -0.11179  0.75650  0.717E-05  0.252E-04  pot  B   0.0010  2.1811
       131  -0.847741  -0.11309  0.75651  0.363E-05  0.315E-04  pot  B   0.0010  2.1819
       132  -0.847828  -0.11374  0.75651  0.591E-05  0.405E-04  pot  B   0.0010  2.1819
       133  -0.847828  -0.11374  0.75651  0.376E-07  0.404E-04  pot  B   0.0010  2.1819
       134  -0.847810  -0.11899  0.75658  0.551E-05  0.146E-04  pot  B   0.0010  2.1830
       135  -0.847810  -0.11925  0.75658  0.498E-06  0.151E-04  pot  B   0.0010  2.1829
       136  -0.847810  -0.11937  0.75658  0.115E-06  0.160E-04  pot  B   0.0010  2.1829
       137  -0.847809  -0.11870  0.75657  0.664E-06  0.105E-04  pot  B   0.0010  2.1830
       138  -0.847808  -0.11823  0.75657  0.116E-05  0.935E-05  pot  B   0.0010  2.1830
       139  -0.847808  -0.11784  0.75657  0.395E-06  0.819E-05  pot  B   0.0010  2.1831
       140  -0.847803  -0.11399  0.75655  0.367E-05  0.161E-04  pot  B   0.0010  2.1835
       141  -0.847800  -0.11277  0.75653  0.920E-05  0.439E-04  pot  B   0.0010  2.1840
       142  -0.847792  -0.11134  0.75651  0.184E-05  0.420E-04  pot  B   0.0010  2.1845
       143  -0.847790  -0.11120  0.75651  0.148E-06  0.424E-04  pot  B   0.0010  2.1845
       144  -0.847623  -0.10758  0.75655  0.423E-05  0.371E-04  pot  B   0.0010  2.1841
       145  -0.847665  -0.10900  0.75655  0.276E-05  0.356E-04  pot  B   0.0010  2.1836
       146  -0.847694  -0.10963  0.75654  0.952E-06  0.341E-04  pot  B   0.0010  2.1837
       147  -0.848328  -0.12854  0.75641  0.120E-04  0.840E-04  pot  B   0.0010  2.1838
       148  -0.848328  -0.12800  0.75639  0.969E-06  0.822E-04  pot  B   0.0010  2.1839
       149  -0.848317  -0.12638  0.75638  0.174E-05  0.617E-04  pot  B   0.0010  2.1840
       150  -0.848308  -0.12516  0.75638  0.129E-05  0.475E-04  pot  B   0.0010  2.1841
       151  -0.848392  -0.12719  0.75641  0.624E-05  0.347E-04  pot  B   0.0010  2.1833
       152  -0.848391  -0.12726  0.75641  0.221E-06  0.348E-04  pot  B   0.0010  2.1833
       153  -0.848460  -0.13428  0.75645  0.229E-05  0.538E-04  pot  B   0.0010  2.1829
       154  -0.848313  -0.11604  0.75637  0.635E-05  0.173E-04  pot  B   0.0010  2.1834
       155  -0.848312  -0.11576  0.75636  0.539E-06  0.179E-04  pot  B   0.0010  2.1834
       156  -0.848318  -0.11580  0.75636  0.123E-06  0.190E-04  pot  B   0.0010  2.1834
       157  -0.848285  -0.11551  0.75637  0.946E-06  0.128E-04  pot  B   0.0010  2.1836
       158  -0.848264  -0.11552  0.75637  0.109E-05  0.111E-04  pot  B   0.0010  2.1837
       159  -0.848233  -0.11509  0.75638  0.720E-06  0.117E-04  pot  B   0.0010  2.1838
       160  -0.848147  -0.11378  0.75641  0.210E-05  0.158E-04  pot  B   0.0010  2.1842
       161  -0.848113  -0.11444  0.75643  0.119E-05  0.123E-04  pot  B   0.0010  2.1844
       162  -0.848095  -0.11410  0.75643  0.441E-06  0.115E-04  pot  B   0.0010  2.1845
       163  -0.848064  -0.11286  0.75642  0.838E-06  0.156E-04  pot  B   0.0010  2.1846
       164  -0.848067  -0.11540  0.75643  0.359E-05  0.262E-04  pot  B   0.0010  2.1849
       165  -0.848067  -0.11543  0.75643  0.491E-07  0.258E-04  pot  B   0.0010  2.1849
       166  -0.848056  -0.11533  0.75643  0.963E-06  0.174E-04  pot  B   0.0010  2.1850
       167  -0.848057  -0.11534  0.75643  0.112E-06  0.184E-04  pot  B   0.0010  2.1850
       168  -0.848062  -0.11598  0.75643  0.237E-05  0.768E-05  pot  B   0.0010  2.1851
       169  -0.848061  -0.11597  0.75643  0.729E-08  0.768E-05  pot  B   0.0010  2.1851
       170  -0.848092  -0.11663  0.75642  0.550E-06  0.848E-05  pot  B   0.0010  2.1850
       171  -0.848047  -0.11554  0.75644  0.104E-05  0.970E-05  pot  B   0.0010  2.1851
       172  -0.848038  -0.11568  0.75644  0.700E-06  0.675E-05  pot  B   0.0010  2.1852
       173  -0.847945  -0.11494  0.75647  0.169E-05  0.110E-04  pot  B   0.0010  2.1856
       174  -0.847964  -0.11552  0.75647  0.642E-06  0.134E-04  pot  B   0.0010  2.1855
       175  -0.847964  -0.11550  0.75647  0.210E-07  0.133E-04  pot  B   0.0010  2.1855
       176  -0.847959  -0.11544  0.75647  0.329E-06  0.102E-04  pot  B   0.0010  2.1855
       177  -0.847957  -0.11545  0.75647  0.202E-06  0.938E-05  pot  B   0.0010  2.1855
       178  -0.847957  -0.11572  0.75648  0.138E-05  0.659E-05  pot  B   0.0010  2.1856
       179  -0.847919  -0.11520  0.75649  0.827E-06  0.764E-05  pot  B   0.0010  2.1856
       180  -0.847919  -0.11526  0.75649  0.106E-06  0.756E-05  pot  B   0.0010  2.1856
       181  -0.847916  -0.11524  0.75650  0.137E-06  0.783E-05  pot  B   0.0010  2.1856
       182  -0.847913  -0.11536  0.75650  0.502E-06  0.603E-05  pot  B   0.0010  2.1856
       183  -0.847887  -0.11566  0.75651  0.117E-05  0.362E-05  pot  B   0.0010  2.1857
       184  -0.847876  -0.11581  0.75652  0.634E-06  0.643E-05  pot  B   0.0010  2.1857
       185  -0.847846  -0.11518  0.75654  0.131E-05  0.813E-05  pot  B   0.0010  2.1855
       186  -0.847867  -0.11508  0.75652  0.116E-05  0.101E-04  pot  B   0.0010  2.1854
       187  -0.847867  -0.11502  0.75652  0.905E-07  0.104E-04  pot  B   0.0010  2.1854
       188  -0.847853  -0.11463  0.75653  0.292E-05  0.142E-04  pot  B   0.0010  2.1858
       189  -0.847850  -0.11469  0.75653  0.690E-06  0.161E-04  pot  B   0.0010  2.1858
       190  -0.847854  -0.11464  0.75653  0.173E-06  0.153E-04  pot  B   0.0010  2.1858
       191  -0.847887  -0.11514  0.75652  0.183E-05  0.119E-04  pot  B   0.0010  2.1860
       192  -0.847896  -0.11546  0.75652  0.212E-05  0.125E-04  pot  B   0.0010  2.1862
       193  -0.847929  -0.11655  0.75652  0.203E-05  0.131E-04  pot  B   0.0010  2.1863
       194  -0.847942  -0.11657  0.75651  0.882E-06  0.134E-04  pot  B   0.0010  2.1864
       195  -0.847888  -0.11540  0.75652  0.178E-05  0.131E-04  pot  B   0.0010  2.1861
       196  -0.847823  -0.11473  0.75653  0.231E-05  0.157E-04  pot  B   0.0010  2.1854
       197  -0.847772  -0.11228  0.75654  0.562E-05  0.176E-04  pot  B   0.0010  2.1850
       198  -0.847578  -0.10801  0.75657  0.863E-05  0.479E-04  pot  B   0.0010  2.1833
       199  -0.847578  -0.10815  0.75657  0.182E-06  0.473E-04  pot  B   0.0010  2.1833
       200  -0.847589  -0.10960  0.75659  0.108E-05  0.335E-04  pot  B   0.0010  2.1835
**     201  -0.847589  -0.10960  0.75659  0.105E-01  0.335E-04  pot  S   0.0100  2.1835
       202  -0.847773  -0.13216  0.75681  0.168E-04  0.643E-04  pot  S   0.0100  2.1886
       203  -0.847772  -0.13255  0.75681  0.180E-05  0.645E-04  pot  S   0.0100  2.1883
       204  -0.847772  -0.13181  0.75680  0.252E-06  0.620E-04  pot  S   0.0100  2.1883
       205  -0.847773  -0.13107  0.75679  0.243E-06  0.597E-04  pot  S   0.0100  2.1883
       206  -0.847773  -0.13037  0.75678  0.225E-06  0.575E-04  pot  S   0.0100  2.1883
       207  -0.847773  -0.12969  0.75678  0.209E-06  0.556E-04  pot  S   0.0100  2.1883
       208  -0.847773  -0.12905  0.75677  0.194E-06  0.537E-04  pot  S   0.0100  2.1883
       209  -0.847773  -0.12843  0.75676  0.181E-06  0.520E-04  pot  S   0.0100  2.1883
       210  -0.847773  -0.12785  0.75676  0.170E-06  0.505E-04  pot  S   0.0100  2.1883
       211  -0.847773  -0.12728  0.75675  0.159E-06  0.490E-04  pot  S   0.0100  2.1883
       212  -0.847773  -0.12675  0.75675  0.150E-06  0.476E-04  pot  S   0.0100  2.1883
       213  -0.847773  -0.12623  0.75674  0.141E-06  0.463E-04  pot  S   0.0100  2.1883
       214  -0.847773  -0.12574  0.75674  0.134E-06  0.450E-04  pot  S   0.0100  2.1883
       215  -0.847773  -0.12528  0.75673  0.129E-06  0.439E-04  pot  S   0.0100  2.1883
       216  -0.847773  -0.12483  0.75673  0.124E-06  0.427E-04  pot  S   0.0100  2.1883
       217  -0.847774  -0.12440  0.75672  0.120E-06  0.417E-04  pot  S   0.0100  2.1882
       218  -0.847774  -0.12399  0.75672  0.115E-06  0.407E-04  pot  S   0.0100  2.1882
       219  -0.847774  -0.12360  0.75671  0.111E-06  0.397E-04  pot  S   0.0100  2.1882
       220  -0.847774  -0.12323  0.75671  0.107E-06  0.388E-04  pot  S   0.0100  2.1882
       221  -0.847774  -0.12287  0.75670  0.102E-06  0.379E-04  pot  S   0.0100  2.1882
       222  -0.847774  -0.12253  0.75670  0.983E-07  0.371E-04  pot  S   0.0100  2.1882
       223  -0.847774  -0.12221  0.75670  0.944E-07  0.363E-04  pot  S   0.0100  2.1882
       224  -0.847774  -0.12189  0.75669  0.906E-07  0.355E-04  pot  S   0.0100  2.1882
       225  -0.847774  -0.12160  0.75669  0.869E-07  0.348E-04  pot  S   0.0100  2.1882
       226  -0.847774  -0.12131  0.75669  0.834E-07  0.341E-04  pot  S   0.0100  2.1882
       227  -0.847774  -0.12104  0.75668  0.800E-07  0.334E-04  pot  S   0.0100  2.1882
       228  -0.847774  -0.12078  0.75668  0.768E-07  0.327E-04  pot  S   0.0100  2.1882
       229  -0.847774  -0.12054  0.75668  0.737E-07  0.321E-04  pot  S   0.0100  2.1881
       230  -0.847775  -0.12030  0.75668  0.707E-07  0.315E-04  pot  S   0.0100  2.1881
       231  -0.847775  -0.12007  0.75667  0.678E-07  0.309E-04  pot  S   0.0100  2.1881
       232  -0.847775  -0.11986  0.75667  0.651E-07  0.304E-04  pot  S   0.0100  2.1881
       233  -0.847775  -0.11965  0.75667  0.625E-07  0.298E-04  pot  S   0.0100  2.1881
       234  -0.847775  -0.11945  0.75667  0.600E-07  0.293E-04  pot  S   0.0100  2.1881
       235  -0.847775  -0.11927  0.75666  0.576E-07  0.288E-04  pot  S   0.0100  2.1881
       236  -0.847775  -0.11909  0.75666  0.553E-07  0.283E-04  pot  S   0.0100  2.1881
       237  -0.847775  -0.11891  0.75666  0.530E-07  0.278E-04  pot  S   0.0100  2.1881
       238  -0.847775  -0.11875  0.75666  0.524E-07  0.274E-04  pot  S   0.0100  2.1881
       239  -0.847775  -0.11859  0.75666  0.528E-07  0.269E-04  pot  S   0.0100  2.1880
       240  -0.847775  -0.11844  0.75666  0.532E-07  0.265E-04  pot  S   0.0100  2.1880
       241  -0.847775  -0.11830  0.75665  0.535E-07  0.261E-04  pot  S   0.0100  2.1880
       242  -0.847775  -0.11816  0.75665  0.538E-07  0.257E-04  pot  S   0.0100  2.1880
       243  -0.847775  -0.11803  0.75665  0.541E-07  0.253E-04  pot  S   0.0100  2.1880
       244  -0.847775  -0.11791  0.75665  0.544E-07  0.249E-04  pot  S   0.0100  2.1880
       245  -0.847776  -0.11779  0.75665  0.546E-07  0.246E-04  pot  S   0.0100  2.1880
       246  -0.847776  -0.11768  0.75665  0.548E-07  0.242E-04  pot  S   0.0100  2.1880
       247  -0.847776  -0.11757  0.75665  0.550E-07  0.239E-04  pot  S   0.0100  2.1880
       248  -0.847776  -0.11746  0.75664  0.552E-07  0.235E-04  pot  S   0.0100  2.1879
       249  -0.847776  -0.11736  0.75664  0.553E-07  0.232E-04  pot  S   0.0100  2.1879
       250  -0.847776  -0.11727  0.75664  0.555E-07  0.229E-04  pot  S   0.0100  2.1879
       251  -0.847776  -0.11718  0.75664  0.556E-07  0.226E-04  pot  S   0.0100  2.1879
       252  -0.847776  -0.11709  0.75664  0.557E-07  0.223E-04  pot  S   0.0100  2.1879
       253  -0.847776  -0.11701  0.75664  0.557E-07  0.220E-04  pot  S   0.0100  2.1879
       254  -0.847776  -0.11693  0.75664  0.558E-07  0.217E-04  pot  S   0.0100  2.1879
       255  -0.847776  -0.11686  0.75664  0.558E-07  0.214E-04  pot  S   0.0100  2.1879
       256  -0.847776  -0.11679  0.75664  0.559E-07  0.211E-04  pot  S   0.0100  2.1879
       257  -0.847776  -0.11672  0.75663  0.559E-07  0.209E-04  pot  S   0.0100  2.1878
       258  -0.847776  -0.11665  0.75663  0.559E-07  0.206E-04  pot  S   0.0100  2.1878
       259  -0.847776  -0.11659  0.75663  0.559E-07  0.203E-04  pot  S   0.0100  2.1878
       260  -0.847777  -0.11653  0.75663  0.558E-07  0.201E-04  pot  S   0.0100  2.1878
       261  -0.847777  -0.11647  0.75663  0.558E-07  0.199E-04  pot  S   0.0100  2.1878
       262  -0.847777  -0.11642  0.75663  0.558E-07  0.197E-04  pot  S   0.0100  2.1878
       263  -0.847777  -0.11637  0.75663  0.557E-07  0.195E-04  pot  S   0.0100  2.1878
       264  -0.847777  -0.11632  0.75663  0.556E-07  0.193E-04  pot  S   0.0100  2.1878
       265  -0.847777  -0.11627  0.75663  0.556E-07  0.191E-04  pot  S   0.0100  2.1878
       266  -0.847777  -0.11623  0.75663  0.555E-07  0.189E-04  pot  S   0.0100  2.1877
       267  -0.847777  -0.11618  0.75663  0.554E-07  0.188E-04  pot  S   0.0100  2.1877
       268  -0.847777  -0.11614  0.75663  0.553E-07  0.186E-04  pot  S   0.0100  2.1877
       269  -0.847777  -0.11610  0.75663  0.552E-07  0.184E-04  pot  S   0.0100  2.1877
       270  -0.847777  -0.11607  0.75663  0.550E-07  0.182E-04  pot  S   0.0100  2.1877
       271  -0.847777  -0.11603  0.75663  0.549E-07  0.180E-04  pot  S   0.0100  2.1877
       272  -0.847777  -0.11600  0.75662  0.548E-07  0.179E-04  pot  S   0.0100  2.1877
       273  -0.847777  -0.11597  0.75662  0.546E-07  0.177E-04  pot  S   0.0100  2.1877
       274  -0.847777  -0.11594  0.75662  0.545E-07  0.175E-04  pot  S   0.0100  2.1877
       275  -0.847777  -0.11591  0.75662  0.543E-07  0.173E-04  pot  S   0.0100  2.1876
       276  -0.847777  -0.11588  0.75662  0.542E-07  0.172E-04  pot  S   0.0100  2.1876
       277  -0.847777  -0.11585  0.75662  0.540E-07  0.170E-04  pot  S   0.0100  2.1876
       278  -0.847778  -0.11583  0.75662  0.539E-07  0.168E-04  pot  S   0.0100  2.1876
       279  -0.847778  -0.11580  0.75662  0.537E-07  0.167E-04  pot  S   0.0100  2.1876
       280  -0.847778  -0.11578  0.75662  0.535E-07  0.165E-04  pot  S   0.0100  2.1876
       281  -0.847778  -0.11576  0.75662  0.534E-07  0.164E-04  pot  S   0.0100  2.1876
       282  -0.847778  -0.11574  0.75662  0.532E-07  0.163E-04  pot  S   0.0100  2.1876
       283  -0.847778  -0.11572  0.75662  0.530E-07  0.161E-04  pot  S   0.0100  2.1876
       284  -0.847778  -0.11570  0.75662  0.528E-07  0.160E-04  pot  S   0.0100  2.1875
       285  -0.847778  -0.11568  0.75662  0.526E-07  0.158E-04  pot  S   0.0100  2.1875
       286  -0.847778  -0.11566  0.75662  0.524E-07  0.157E-04  pot  S   0.0100  2.1875
       287  -0.847778  -0.11565  0.75662  0.522E-07  0.156E-04  pot  S   0.0100  2.1875
       288  -0.847778  -0.11563  0.75662  0.520E-07  0.154E-04  pot  S   0.0100  2.1875
       289  -0.847778  -0.11562  0.75662  0.518E-07  0.153E-04  pot  S   0.0100  2.1875
       290  -0.847778  -0.11560  0.75662  0.516E-07  0.152E-04  pot  S   0.0100  2.1875
       291  -0.847778  -0.11559  0.75662  0.514E-07  0.150E-04  pot  S   0.0100  2.1875
       292  -0.847778  -0.11558  0.75662  0.512E-07  0.149E-04  pot  S   0.0100  2.1875
       293  -0.847778  -0.11557  0.75662  0.510E-07  0.148E-04  pot  S   0.0100  2.1875
       294  -0.847778  -0.11555  0.75662  0.508E-07  0.147E-04  pot  S   0.0100  2.1874
       295  -0.847778  -0.11554  0.75662  0.506E-07  0.145E-04  pot  S   0.0100  2.1874
       296  -0.847778  -0.11553  0.75662  0.504E-07  0.144E-04  pot  S   0.0100  2.1874
       297  -0.847779  -0.11552  0.75662  0.502E-07  0.143E-04  pot  S   0.0100  2.1874
       298  -0.847779  -0.11552  0.75662  0.500E-07  0.142E-04  pot  S   0.0100  2.1874
       299  -0.847779  -0.11551  0.75661  0.498E-07  0.140E-04  pot  S   0.0100  2.1874
       300  -0.847779  -0.11550  0.75661  0.496E-07  0.139E-04  pot  S   0.0100  2.1874
       301  -0.847779  -0.11549  0.75661  0.493E-07  0.138E-04  pot  S   0.0100  2.1874
       302  -0.847779  -0.11548  0.75661  0.491E-07  0.137E-04  pot  S   0.0100  2.1874
       303  -0.847779  -0.11548  0.75661  0.489E-07  0.135E-04  pot  S   0.0100  2.1874
       304  -0.847779  -0.11547  0.75661  0.487E-07  0.134E-04  pot  S   0.0100  2.1873
       305  -0.847779  -0.11546  0.75661  0.485E-07  0.133E-04  pot  S   0.0100  2.1873
       306  -0.847779  -0.11546  0.75661  0.483E-07  0.132E-04  pot  S   0.0100  2.1873
       307  -0.847779  -0.11545  0.75661  0.481E-07  0.131E-04  pot  S   0.0100  2.1873
       308  -0.847779  -0.11545  0.75661  0.478E-07  0.130E-04  pot  S   0.0100  2.1873
       309  -0.847779  -0.11544  0.75661  0.476E-07  0.129E-04  pot  S   0.0100  2.1873
       310  -0.847779  -0.11544  0.75661  0.474E-07  0.127E-04  pot  S   0.0100  2.1873
       311  -0.847779  -0.11543  0.75661  0.472E-07  0.126E-04  pot  S   0.0100  2.1873
       312  -0.847779  -0.11543  0.75661  0.470E-07  0.125E-04  pot  S   0.0100  2.1873
       313  -0.847779  -0.11542  0.75661  0.468E-07  0.124E-04  pot  S   0.0100  2.1873
       314  -0.847779  -0.11542  0.75661  0.465E-07  0.123E-04  pot  S   0.0100  2.1872
       315  -0.847779  -0.11542  0.75661  0.463E-07  0.122E-04  pot  S   0.0100  2.1872
       316  -0.847779  -0.11541  0.75661  0.461E-07  0.121E-04  pot  S   0.0100  2.1872
       317  -0.847779  -0.11541  0.75661  0.459E-07  0.120E-04  pot  S   0.0100  2.1872
       318  -0.847780  -0.11541  0.75661  0.457E-07  0.119E-04  pot  S   0.0100  2.1872
       319  -0.847780  -0.11541  0.75661  0.455E-07  0.118E-04  pot  S   0.0100  2.1872
       320  -0.847780  -0.11540  0.75661  0.452E-07  0.117E-04  pot  S   0.0100  2.1872
       321  -0.847780  -0.11540  0.75661  0.450E-07  0.116E-04  pot  S   0.0100  2.1872
       322  -0.847780  -0.11540  0.75661  0.448E-07  0.115E-04  pot  S   0.0100  2.1872
       323  -0.847780  -0.11540  0.75661  0.446E-07  0.114E-04  pot  S   0.0100  2.1872
       324  -0.847780  -0.11540  0.75661  0.444E-07  0.113E-04  pot  S   0.0100  2.1872
       325  -0.847780  -0.11539  0.75661  0.442E-07  0.112E-04  pot  S   0.0100  2.1872
       326  -0.847780  -0.11539  0.75661  0.440E-07  0.111E-04  pot  S   0.0100  2.1871
       327  -0.847780  -0.11539  0.75661  0.438E-07  0.110E-04  pot  S   0.0100  2.1871
       328  -0.847780  -0.11539  0.75661  0.435E-07  0.109E-04  pot  S   0.0100  2.1871
       329  -0.847780  -0.11539  0.75661  0.433E-07  0.108E-04  pot  S   0.0100  2.1871
       330  -0.847780  -0.11539  0.75661  0.431E-07  0.107E-04  pot  S   0.0100  2.1871
       331  -0.847780  -0.11539  0.75661  0.429E-07  0.106E-04  pot  S   0.0100  2.1871
       332  -0.847780  -0.11539  0.75661  0.427E-07  0.105E-04  pot  S   0.0100  2.1871
       333  -0.847780  -0.11539  0.75661  0.425E-07  0.104E-04  pot  S   0.0100  2.1871
       334  -0.847780  -0.11539  0.75661  0.423E-07  0.103E-04  pot  S   0.0100  2.1871
       335  -0.847780  -0.11539  0.75661  0.421E-07  0.102E-04  pot  S   0.0100  2.1871
       336  -0.847780  -0.11538  0.75661  0.419E-07  0.101E-04  pot  S   0.0100  2.1871
       337  -0.847780  -0.11538  0.75661  0.417E-07  0.101E-04  pot  S   0.0100  2.1870
       338  -0.847780  -0.11538  0.75661  0.415E-07  0.997E-05  pot  S   0.0100  2.1870
       339  -0.847780  -0.11538  0.75661  0.413E-07  0.988E-05  pot  S   0.0100  2.1870
       340  -0.847780  -0.11538  0.75661  0.411E-07  0.980E-05  pot  S   0.0100  2.1870
       341  -0.847780  -0.11538  0.75661  0.409E-07  0.971E-05  pot  S   0.0100  2.1870
       342  -0.847781  -0.11538  0.75661  0.407E-07  0.963E-05  pot  S   0.0100  2.1870
       343  -0.847781  -0.11538  0.75661  0.405E-07  0.954E-05  pot  S   0.0100  2.1870
       344  -0.847781  -0.11538  0.75661  0.403E-07  0.946E-05  pot  S   0.0100  2.1870
       345  -0.847781  -0.11538  0.75661  0.401E-07  0.938E-05  pot  S   0.0100  2.1870
       346  -0.847781  -0.11538  0.75661  0.399E-07  0.929E-05  pot  S   0.0100  2.1870
       347  -0.847781  -0.11538  0.75661  0.397E-07  0.921E-05  pot  S   0.0100  2.1870
       348  -0.847781  -0.11539  0.75661  0.395E-07  0.913E-05  pot  S   0.0100  2.1870
       349  -0.847781  -0.11539  0.75661  0.393E-07  0.905E-05  pot  S   0.0100  2.1870
       350  -0.847781  -0.11539  0.75661  0.391E-07  0.897E-05  pot  S   0.0100  2.1869
       351  -0.847781  -0.11539  0.75661  0.389E-07  0.890E-05  pot  S   0.0100  2.1869
       352  -0.847781  -0.11539  0.75661  0.387E-07  0.882E-05  pot  S   0.0100  2.1869
       353  -0.847781  -0.11539  0.75661  0.386E-07  0.874E-05  pot  S   0.0100  2.1869
       354  -0.847781  -0.11539  0.75661  0.384E-07  0.867E-05  pot  S   0.0100  2.1869
       355  -0.847781  -0.11539  0.75661  0.382E-07  0.859E-05  pot  S   0.0100  2.1869
       356  -0.847781  -0.11539  0.75661  0.380E-07  0.852E-05  pot  S   0.0100  2.1869
       357  -0.847781  -0.11539  0.75661  0.378E-07  0.844E-05  pot  S   0.0100  2.1869
       358  -0.847781  -0.11539  0.75661  0.376E-07  0.837E-05  pot  S   0.0100  2.1869
       359  -0.847781  -0.11539  0.75661  0.374E-07  0.830E-05  pot  S   0.0100  2.1869
       360  -0.847781  -0.11539  0.75661  0.372E-07  0.822E-05  pot  S   0.0100  2.1869
       361  -0.847781  -0.11539  0.75661  0.371E-07  0.815E-05  pot  S   0.0100  2.1869
       362  -0.847781  -0.11539  0.75660  0.369E-07  0.808E-05  pot  S   0.0100  2.1869
       363  -0.847781  -0.11539  0.75660  0.367E-07  0.801E-05  pot  S   0.0100  2.1869
       364  -0.847781  -0.11540  0.75660  0.365E-07  0.794E-05  pot  S   0.0100  2.1868
       365  -0.847781  -0.11540  0.75660  0.363E-07  0.787E-05  pot  S   0.0100  2.1868
       366  -0.847781  -0.11540  0.75660  0.362E-07  0.780E-05  pot  S   0.0100  2.1868
       367  -0.847781  -0.11540  0.75660  0.360E-07  0.774E-05  pot  S   0.0100  2.1868
       368  -0.847781  -0.11540  0.75660  0.358E-07  0.767E-05  pot  S   0.0100  2.1868
       369  -0.847781  -0.11540  0.75660  0.356E-07  0.760E-05  pot  S   0.0100  2.1868
       370  -0.847782  -0.11540  0.75660  0.355E-07  0.754E-05  pot  S   0.0100  2.1868
       371  -0.847782  -0.11540  0.75660  0.353E-07  0.747E-05  pot  S   0.0100  2.1868
       372  -0.847782  -0.11540  0.75660  0.351E-07  0.741E-05  pot  S   0.0100  2.1868
       373  -0.847782  -0.11540  0.75660  0.349E-07  0.734E-05  pot  S   0.0100  2.1868
       374  -0.847782  -0.11540  0.75660  0.348E-07  0.728E-05  pot  S   0.0100  2.1868
       375  -0.847782  -0.11541  0.75660  0.346E-07  0.722E-05  pot  S   0.0100  2.1868
       376  -0.847782  -0.11541  0.75660  0.344E-07  0.715E-05  pot  S   0.0100  2.1868
       377  -0.847782  -0.11541  0.75660  0.343E-07  0.709E-05  pot  S   0.0100  2.1868
       378  -0.847782  -0.11541  0.75660  0.341E-07  0.703E-05  pot  S   0.0100  2.1868
       379  -0.847782  -0.11541  0.75660  0.339E-07  0.697E-05  pot  S   0.0100  2.1867
       380  -0.847782  -0.11541  0.75660  0.338E-07  0.691E-05  pot  S   0.0100  2.1867
       381  -0.847782  -0.11541  0.75660  0.336E-07  0.685E-05  pot  S   0.0100  2.1867
       382  -0.847782  -0.11541  0.75660  0.334E-07  0.679E-05  pot  S   0.0100  2.1867
       383  -0.847782  -0.11541  0.75660  0.333E-07  0.673E-05  pot  S   0.0100  2.1867
       384  -0.847782  -0.11542  0.75660  0.331E-07  0.668E-05  pot  S   0.0100  2.1867
       385  -0.847782  -0.11542  0.75660  0.330E-07  0.662E-05  pot  S   0.0100  2.1867
       386  -0.847782  -0.11542  0.75660  0.328E-07  0.656E-05  pot  S   0.0100  2.1867
       387  -0.847782  -0.11542  0.75660  0.326E-07  0.651E-05  pot  S   0.0100  2.1867
       388  -0.847782  -0.11542  0.75660  0.325E-07  0.645E-05  pot  S   0.0100  2.1867
       389  -0.847782  -0.11542  0.75660  0.323E-07  0.639E-05  pot  S   0.0100  2.1867
       390  -0.847782  -0.11542  0.75660  0.322E-07  0.634E-05  pot  S   0.0100  2.1867
       391  -0.847782  -0.11542  0.75660  0.320E-07  0.629E-05  pot  S   0.0100  2.1867
       392  -0.847782  -0.11542  0.75660  0.318E-07  0.623E-05  pot  S   0.0100  2.1867
       393  -0.847782  -0.11542  0.75660  0.317E-07  0.618E-05  pot  S   0.0100  2.1867
       394  -0.847782  -0.11543  0.75660  0.315E-07  0.612E-05  pot  S   0.0100  2.1867
       395  -0.847782  -0.11543  0.75660  0.314E-07  0.607E-05  pot  S   0.0100  2.1866
       396  -0.847782  -0.11543  0.75660  0.312E-07  0.602E-05  pot  S   0.0100  2.1866
       397  -0.847782  -0.11543  0.75660  0.311E-07  0.597E-05  pot  S   0.0100  2.1866
       398  -0.847782  -0.11543  0.75660  0.309E-07  0.592E-05  pot  S   0.0100  2.1866
       399  -0.847782  -0.11543  0.75660  0.308E-07  0.587E-05  pot  S   0.0100  2.1866
       400  -0.847782  -0.11543  0.75660  0.306E-07  0.582E-05  pot  S   0.0100  2.1866
**     401  -0.847782  -0.11543  0.75660  0.105E-01  0.582E-05  pot  S   0.0500  2.1866
       402  -0.847785  -0.11557  0.75659  0.309E-05  0.159E-05  pot  S   0.0500  2.1860
       403  -0.847785  -0.11554  0.75659  0.589E-07  0.146E-05  pot  S   0.0500  2.1860
       404  -0.847785  -0.11554  0.75659  0.740E-07  0.142E-05  pot  S   0.0500  2.1860
       405  -0.847785  -0.11555  0.75659  0.750E-07  0.140E-05  pot  S   0.0500  2.1860
       406  -0.847785  -0.11555  0.75659  0.735E-07  0.137E-05  pot  S   0.0500  2.1860
       407  -0.847786  -0.11556  0.75659  0.718E-07  0.135E-05  pot  S   0.0500  2.1860
       408  -0.847786  -0.11556  0.75659  0.702E-07  0.132E-05  pot  S   0.0500  2.1860
       409  -0.847786  -0.11556  0.75659  0.686E-07  0.129E-05  pot  S   0.0500  2.1859
       410  -0.847786  -0.11557  0.75659  0.671E-07  0.127E-05  pot  S   0.0500  2.1859
       411  -0.847786  -0.11557  0.75659  0.656E-07  0.124E-05  pot  S   0.0500  2.1859
       412  -0.847786  -0.11557  0.75659  0.641E-07  0.122E-05  pot  S   0.0500  2.1859
       413  -0.847786  -0.11558  0.75659  0.627E-07  0.119E-05  pot  S   0.0500  2.1859
       414  -0.847786  -0.11558  0.75659  0.613E-07  0.116E-05  pot  S   0.0500  2.1859
       415  -0.847786  -0.11558  0.75659  0.599E-07  0.114E-05  pot  S   0.0500  2.1859
       416  -0.847786  -0.11558  0.75659  0.586E-07  0.111E-05  pot  S   0.0500  2.1859
       417  -0.847786  -0.11559  0.75659  0.573E-07  0.109E-05  pot  S   0.0500  2.1859
       418  -0.847786  -0.11559  0.75659  0.560E-07  0.107E-05  pot  S   0.0500  2.1858
       419  -0.847786  -0.11559  0.75659  0.548E-07  0.104E-05  pot  S   0.0500  2.1858
       420  -0.847786  -0.11559  0.75659  0.536E-07  0.102E-05  pot  S   0.0500  2.1858
       421  -0.847786  -0.11560  0.75659  0.524E-07  0.999E-06  pot  S   0.0500  2.1858
       422  -0.847786  -0.11560  0.75659  0.512E-07  0.977E-06  pot  S   0.0500  2.1858
       423  -0.847786  -0.11560  0.75659  0.501E-07  0.955E-06  pot  S   0.0500  2.1858
       424  -0.847786  -0.11560  0.75659  0.489E-07  0.934E-06  pot  S   0.0500  2.1858
       425  -0.847786  -0.11560  0.75659  0.479E-07  0.914E-06  pot  S   0.0500  2.1858
       426  -0.847786  -0.11560  0.75659  0.468E-07  0.893E-06  pot  S   0.0500  2.1858
       427  -0.847787  -0.11561  0.75659  0.458E-07  0.874E-06  pot  S   0.0500  2.1858
       428  -0.847787  -0.11561  0.75659  0.447E-07  0.854E-06  pot  S   0.0500  2.1858
       429  -0.847787  -0.11561  0.75659  0.437E-07  0.835E-06  pot  S   0.0500  2.1858
       430  -0.847787  -0.11561  0.75659  0.428E-07  0.817E-06  pot  S   0.0500  2.1857
       431  -0.847787  -0.11561  0.75659  0.418E-07  0.799E-06  pot  S   0.0500  2.1857
       432  -0.847787  -0.11561  0.75659  0.409E-07  0.781E-06  pot  S   0.0500  2.1857
       433  -0.847787  -0.11562  0.75659  0.400E-07  0.764E-06  pot  S   0.0500  2.1857
       434  -0.847787  -0.11562  0.75659  0.391E-07  0.747E-06  pot  S   0.0500  2.1857
       435  -0.847787  -0.11562  0.75659  0.382E-07  0.730E-06  pot  S   0.0500  2.1857
       436  -0.847787  -0.11562  0.75659  0.374E-07  0.714E-06  pot  S   0.0500  2.1857
       437  -0.847787  -0.11562  0.75659  0.365E-07  0.698E-06  pot  S   0.0500  2.1857
       438  -0.847787  -0.11562  0.75659  0.357E-07  0.682E-06  pot  S   0.0500  2.1857
       439  -0.847787  -0.11562  0.75659  0.349E-07  0.667E-06  pot  S   0.0500  2.1857
       440  -0.847787  -0.11563  0.75658  0.341E-07  0.652E-06  pot  S   0.0500  2.1857
       441  -0.847787  -0.11563  0.75658  0.334E-07  0.638E-06  pot  S   0.0500  2.1857
       442  -0.847787  -0.11563  0.75658  0.326E-07  0.623E-06  pot  S   0.0500  2.1857
       443  -0.847787  -0.11563  0.75658  0.319E-07  0.610E-06  pot  S   0.0500  2.1857
       444  -0.847787  -0.11563  0.75658  0.312E-07  0.596E-06  pot  S   0.0500  2.1857
       445  -0.847787  -0.11563  0.75658  0.305E-07  0.583E-06  pot  S   0.0500  2.1857
       446  -0.847787  -0.11563  0.75658  0.298E-07  0.570E-06  pot  S   0.0500  2.1856
       447  -0.847787  -0.11563  0.75658  0.292E-07  0.557E-06  pot  S   0.0500  2.1856
       448  -0.847787  -0.11563  0.75658  0.285E-07  0.545E-06  pot  S   0.0500  2.1856
       449  -0.847787  -0.11564  0.75658  0.279E-07  0.533E-06  pot  S   0.0500  2.1856
       450  -0.847787  -0.11564  0.75658  0.273E-07  0.521E-06  pot  S   0.0500  2.1856
       451  -0.847787  -0.11564  0.75658  0.267E-07  0.509E-06  pot  S   0.0500  2.1856
       452  -0.847787  -0.11564  0.75658  0.261E-07  0.498E-06  pot  S   0.0500  2.1856
       453  -0.847787  -0.11564  0.75658  0.255E-07  0.487E-06  pot  S   0.0500  2.1856
       454  -0.847787  -0.11564  0.75658  0.249E-07  0.476E-06  pot  S   0.0500  2.1856
       455  -0.847787  -0.11564  0.75658  0.244E-07  0.465E-06  pot  S   0.0500  2.1856
       456  -0.847787  -0.11564  0.75658  0.238E-07  0.455E-06  pot  S   0.0500  2.1856
       457  -0.847787  -0.11564  0.75658  0.233E-07  0.445E-06  pot  S   0.0500  2.1856
       458  -0.847787  -0.11564  0.75658  0.228E-07  0.435E-06  pot  S   0.0500  2.1856
       459  -0.847787  -0.11565  0.75658  0.223E-07  0.425E-06  pot  S   0.0500  2.1856
       460  -0.847787  -0.11565  0.75658  0.218E-07  0.416E-06  pot  S   0.0500  2.1856
       461  -0.847787  -0.11565  0.75658  0.213E-07  0.406E-06  pot  S   0.0500  2.1856
       462  -0.847787  -0.11565  0.75658  0.208E-07  0.397E-06  pot  S   0.0500  2.1856
       463  -0.847787  -0.11565  0.75658  0.203E-07  0.389E-06  pot  S   0.0500  2.1856
       464  -0.847787  -0.11565  0.75658  0.199E-07  0.380E-06  pot  S   0.0500  2.1856
       465  -0.847788  -0.11565  0.75658  0.195E-07  0.372E-06  pot  S   0.0500  2.1856
       466  -0.847788  -0.11565  0.75658  0.190E-07  0.363E-06  pot  S   0.0500  2.1856
       467  -0.847788  -0.11565  0.75658  0.186E-07  0.355E-06  pot  S   0.0500  2.1856
       468  -0.847788  -0.11565  0.75658  0.182E-07  0.347E-06  pot  S   0.0500  2.1856
       469  -0.847788  -0.11565  0.75658  0.178E-07  0.340E-06  pot  S   0.0500  2.1856
       470  -0.847788  -0.11565  0.75658  0.174E-07  0.332E-06  pot  S   0.0500  2.1856
       471  -0.847788  -0.11565  0.75658  0.170E-07  0.325E-06  pot  S   0.0500  2.1855
       472  -0.847788  -0.11565  0.75658  0.166E-07  0.317E-06  pot  S   0.0500  2.1855
       473  -0.847788  -0.11566  0.75658  0.162E-07  0.310E-06  pot  S   0.0500  2.1855
       474  -0.847788  -0.11566  0.75658  0.159E-07  0.304E-06  pot  S   0.0500  2.1855
       475  -0.847788  -0.11566  0.75658  0.155E-07  0.297E-06  pot  S   0.0500  2.1855
       476  -0.847788  -0.11566  0.75658  0.152E-07  0.290E-06  pot  S   0.0500  2.1855
       477  -0.847788  -0.11566  0.75658  0.148E-07  0.284E-06  pot  S   0.0500  2.1855
       478  -0.847788  -0.11566  0.75658  0.145E-07  0.278E-06  pot  S   0.0500  2.1855
       479  -0.847788  -0.11566  0.75658  0.142E-07  0.271E-06  pot  S   0.0500  2.1855
       480  -0.847788  -0.11566  0.75658  0.139E-07  0.265E-06  pot  S   0.0500  2.1855
       481  -0.847788  -0.11566  0.75658  0.136E-07  0.259E-06  pot  S   0.0500  2.1855
       482  -0.847788  -0.11566  0.75658  0.133E-07  0.254E-06  pot  S   0.0500  2.1855
       483  -0.847788  -0.11566  0.75658  0.130E-07  0.248E-06  pot  S   0.0500  2.1855
       484  -0.847788  -0.11566  0.75658  0.127E-07  0.243E-06  pot  S   0.0500  2.1855
       485  -0.847788  -0.11566  0.75658  0.124E-07  0.237E-06  pot  S   0.0500  2.1855
       486  -0.847788  -0.11566  0.75658  0.121E-07  0.232E-06  pot  S   0.0500  2.1855
       487  -0.847788  -0.11566  0.75658  0.119E-07  0.227E-06  pot  S   0.0500  2.1855
       488  -0.847788  -0.11566  0.75658  0.116E-07  0.222E-06  pot  S   0.0500  2.1855
       489  -0.847788  -0.11566  0.75658  0.113E-07  0.217E-06  pot  S   0.0500  2.1855
       490  -0.847788  -0.11566  0.75658  0.111E-07  0.212E-06  pot  S   0.0500  2.1855
       491  -0.847788  -0.11566  0.75658  0.108E-07  0.207E-06  pot  S   0.0500  2.1855
       492  -0.847788  -0.11566  0.75658  0.106E-07  0.203E-06  pot  S   0.0500  2.1855
       493  -0.847788  -0.11567  0.75658  0.104E-07  0.198E-06  pot  S   0.0500  2.1855
       494  -0.847788  -0.11567  0.75658  0.101E-07  0.194E-06  pot  S   0.0500  2.1855
       495  -0.847788  -0.11567  0.75658  0.991E-08  0.190E-06  pot  S   0.0500  2.1855
       496  -0.847788  -0.11567  0.75658  0.969E-08  0.186E-06  pot  S   0.0500  2.1855
       497  -0.847788  -0.11567  0.75658  0.947E-08  0.181E-06  pot  S   0.0500  2.1855
       498  -0.847788  -0.11567  0.75658  0.926E-08  0.177E-06  pot  S   0.0500  2.1855
       499  -0.847788  -0.11567  0.75658  0.906E-08  0.174E-06  pot  S   0.0500  2.1855
       500  -0.847788  -0.11567  0.75658  0.886E-08  0.170E-06  pot  S   0.0500  2.1855
       501  -0.847788  -0.11567  0.75658  0.866E-08  0.166E-06  pot  S   0.0500  2.1855
       502  -0.847788  -0.11567  0.75658  0.847E-08  0.162E-06  pot  S   0.0500  2.1855
       503  -0.847788  -0.11567  0.75658  0.828E-08  0.159E-06  pot  S   0.0500  2.1855
       504  -0.847788  -0.11567  0.75658  0.809E-08  0.155E-06  pot  S   0.0500  2.1855
       505  -0.847788  -0.11567  0.75658  0.791E-08  0.152E-06  pot  S   0.0500  2.1855
       506  -0.847788  -0.11567  0.75658  0.774E-08  0.148E-06  pot  S   0.0500  2.1855
       507  -0.847788  -0.11567  0.75658  0.757E-08  0.145E-06  pot  S   0.0500  2.1855
       508  -0.847788  -0.11567  0.75658  0.740E-08  0.142E-06  pot  S   0.0500  2.1855
       509  -0.847788  -0.11567  0.75658  0.724E-08  0.139E-06  pot  S   0.0500  2.1855
       510  -0.847788  -0.11567  0.75658  0.707E-08  0.136E-06  pot  S   0.0500  2.1855
       511  -0.847788  -0.11567  0.75658  0.692E-08  0.133E-06  pot  S   0.0500  2.1855
       512  -0.847788  -0.11567  0.75658  0.676E-08  0.130E-06  pot  S   0.0500  2.1855
       513  -0.847788  -0.11567  0.75658  0.661E-08  0.127E-06  pot  S   0.0500  2.1855
       514  -0.847788  -0.11567  0.75658  0.647E-08  0.124E-06  pot  S   0.0500  2.1855
       515  -0.847788  -0.11567  0.75658  0.632E-08  0.121E-06  pot  S   0.0500  2.1855
       516  -0.847788  -0.11567  0.75658  0.618E-08  0.119E-06  pot  S   0.0500  2.1855
       517  -0.847788  -0.11567  0.75658  0.605E-08  0.116E-06  pot  S   0.0500  2.1855
       518  -0.847788  -0.11567  0.75658  0.591E-08  0.114E-06  pot  S   0.0500  2.1855
       519  -0.847788  -0.11567  0.75658  0.578E-08  0.111E-06  pot  S   0.0500  2.1855
       520  -0.847788  -0.11567  0.75658  0.565E-08  0.109E-06  pot  S   0.0500  2.1855
       521  -0.847788  -0.11567  0.75658  0.553E-08  0.106E-06  pot  S   0.0500  2.1855
       522  -0.847788  -0.11567  0.75658  0.540E-08  0.104E-06  pot  S   0.0500  2.1855
       523  -0.847788  -0.11567  0.75658  0.528E-08  0.102E-06  pot  S   0.0500  2.1855
       524  -0.847788  -0.11567  0.75658  0.517E-08  0.994E-07  pot  S   0.0500  2.1855
       525  -0.847788  -0.11567  0.75658  0.505E-08  0.972E-07  pot  S   0.0500  2.1855
       526  -0.847788  -0.11567  0.75658  0.494E-08  0.951E-07  pot  S   0.0500  2.1855
       527  -0.847788  -0.11567  0.75658  0.483E-08  0.930E-07  pot  S   0.0500  2.1855
       528  -0.847788  -0.11567  0.75658  0.472E-08  0.909E-07  pot  S   0.0500  2.1855
       529  -0.847788  -0.11567  0.75658  0.462E-08  0.889E-07  pot  S   0.0500  2.1855
       530  -0.847788  -0.11568  0.75658  0.452E-08  0.870E-07  pot  S   0.0500  2.1855
       531  -0.847788  -0.11568  0.75658  0.442E-08  0.851E-07  pot  S   0.0500  2.1854
       532  -0.847788  -0.11568  0.75658  0.432E-08  0.832E-07  pot  S   0.0500  2.1854
       533  -0.847788  -0.11568  0.75658  0.422E-08  0.814E-07  pot  S   0.0500  2.1854
       534  -0.847788  -0.11568  0.75658  0.413E-08  0.796E-07  pot  S   0.0500  2.1854
       535  -0.847788  -0.11568  0.75658  0.404E-08  0.778E-07  pot  S   0.0500  2.1854
       536  -0.847788  -0.11568  0.75658  0.395E-08  0.761E-07  pot  S   0.0500  2.1854
       537  -0.847788  -0.11568  0.75658  0.386E-08  0.744E-07  pot  S   0.0500  2.1854
       538  -0.847788  -0.11568  0.75658  0.378E-08  0.728E-07  pot  S   0.0500  2.1854
       539  -0.847788  -0.11568  0.75658  0.369E-08  0.712E-07  pot  S   0.0500  2.1854
       540  -0.847788  -0.11568  0.75658  0.361E-08  0.696E-07  pot  S   0.0500  2.1854
       541  -0.847788  -0.11568  0.75658  0.353E-08  0.681E-07  pot  S   0.0500  2.1854
       542  -0.847788  -0.11568  0.75658  0.345E-08  0.666E-07  pot  S   0.0500  2.1854
       543  -0.847788  -0.11568  0.75658  0.337E-08  0.651E-07  pot  S   0.0500  2.1854
       544  -0.847788  -0.11568  0.75658  0.330E-08  0.637E-07  pot  S   0.0500  2.1854
       545  -0.847788  -0.11568  0.75658  0.323E-08  0.623E-07  pot  S   0.0500  2.1854
       546  -0.847788  -0.11568  0.75658  0.316E-08  0.609E-07  pot  S   0.0500  2.1854
       547  -0.847788  -0.11568  0.75658  0.309E-08  0.596E-07  pot  S   0.0500  2.1854
       548  -0.847788  -0.11568  0.75658  0.302E-08  0.583E-07  pot  S   0.0500  2.1854
       549  -0.847788  -0.11568  0.75658  0.295E-08  0.570E-07  pot  S   0.0500  2.1854
       550  -0.847788  -0.11568  0.75658  0.288E-08  0.558E-07  pot  S   0.0500  2.1854
       551  -0.847788  -0.11568  0.75658  0.282E-08  0.545E-07  pot  S   0.0500  2.1854
       552  -0.847788  -0.11568  0.75658  0.276E-08  0.533E-07  pot  S   0.0500  2.1854
       553  -0.847788  -0.11568  0.75658  0.270E-08  0.522E-07  pot  S   0.0500  2.1854
       554  -0.847788  -0.11568  0.75658  0.264E-08  0.510E-07  pot  S   0.0500  2.1854
       555  -0.847788  -0.11568  0.75658  0.258E-08  0.499E-07  pot  S   0.0500  2.1854
       556  -0.847788  -0.11568  0.75658  0.252E-08  0.488E-07  pot  S   0.0500  2.1854
       557  -0.847788  -0.11568  0.75658  0.247E-08  0.477E-07  pot  S   0.0500  2.1854
       558  -0.847788  -0.11568  0.75658  0.241E-08  0.467E-07  pot  S   0.0500  2.1854
       559  -0.847788  -0.11568  0.75658  0.236E-08  0.457E-07  pot  S   0.0500  2.1854
       560  -0.847788  -0.11568  0.75658  0.231E-08  0.447E-07  pot  S   0.0500  2.1854
       561  -0.847788  -0.11568  0.75658  0.226E-08  0.437E-07  pot  S   0.0500  2.1854
       562  -0.847788  -0.11568  0.75658  0.221E-08  0.427E-07  pot  S   0.0500  2.1854
       563  -0.847788  -0.11568  0.75658  0.216E-08  0.418E-07  pot  S   0.0500  2.1854
       564  -0.847788  -0.11568  0.75658  0.211E-08  0.409E-07  pot  S   0.0500  2.1854
       565  -0.847788  -0.11568  0.75658  0.206E-08  0.400E-07  pot  S   0.0500  2.1854
       566  -0.847788  -0.11568  0.75658  0.202E-08  0.391E-07  pot  S   0.0500  2.1854
       567  -0.847788  -0.11568  0.75658  0.197E-08  0.382E-07  pot  S   0.0500  2.1854
       568  -0.847788  -0.11568  0.75658  0.193E-08  0.374E-07  pot  S   0.0500  2.1854
       569  -0.847788  -0.11568  0.75658  0.189E-08  0.366E-07  pot  S   0.0500  2.1854
       570  -0.847788  -0.11568  0.75658  0.184E-08  0.358E-07  pot  S   0.0500  2.1854
       571  -0.847788  -0.11568  0.75658  0.180E-08  0.350E-07  pot  S   0.0500  2.1854
       572  -0.847788  -0.11568  0.75658  0.176E-08  0.342E-07  pot  S   0.0500  2.1854
       573  -0.847788  -0.11568  0.75658  0.172E-08  0.335E-07  pot  S   0.0500  2.1854
       574  -0.847788  -0.11568  0.75658  0.169E-08  0.327E-07  pot  S   0.0500  2.1854
       575  -0.847788  -0.11568  0.75658  0.165E-08  0.320E-07  pot  S   0.0500  2.1854
       576  -0.847788  -0.11568  0.75658  0.161E-08  0.313E-07  pot  S   0.0500  2.1854
       577  -0.847788  -0.11568  0.75658  0.158E-08  0.306E-07  pot  S   0.0500  2.1854
       578  -0.847788  -0.11568  0.75658  0.154E-08  0.300E-07  pot  S   0.0500  2.1854
       579  -0.847788  -0.11568  0.75658  0.151E-08  0.293E-07  pot  S   0.0500  2.1854
       580  -0.847788  -0.11568  0.75658  0.147E-08  0.287E-07  pot  S   0.0500  2.1854
       581  -0.847788  -0.11568  0.75658  0.144E-08  0.280E-07  pot  S   0.0500  2.1854
       582  -0.847788  -0.11568  0.75658  0.141E-08  0.274E-07  pot  S   0.0500  2.1854
       583  -0.847788  -0.11568  0.75658  0.138E-08  0.268E-07  pot  S   0.0500  2.1854
       584  -0.847788  -0.11568  0.75658  0.135E-08  0.262E-07  pot  S   0.0500  2.1854
       585  -0.847788  -0.11568  0.75658  0.132E-08  0.257E-07  pot  S   0.0500  2.1854
       586  -0.847788  -0.11568  0.75658  0.129E-08  0.251E-07  pot  S   0.0500  2.1854
       587  -0.847788  -0.11568  0.75658  0.126E-08  0.245E-07  pot  S   0.0500  2.1854
       588  -0.847788  -0.11568  0.75658  0.123E-08  0.240E-07  pot  S   0.0500  2.1854
       589  -0.847788  -0.11568  0.75658  0.121E-08  0.235E-07  pot  S   0.0500  2.1854
       590  -0.847788  -0.11568  0.75658  0.118E-08  0.230E-07  pot  S   0.0500  2.1854
       591  -0.847788  -0.11568  0.75658  0.115E-08  0.225E-07  pot  S   0.0500  2.1854
       592  -0.847788  -0.11568  0.75658  0.113E-08  0.220E-07  pot  S   0.0500  2.1854
       593  -0.847788  -0.11568  0.75658  0.110E-08  0.215E-07  pot  S   0.0500  2.1854
       594  -0.847788  -0.11568  0.75658  0.108E-08  0.210E-07  pot  S   0.0500  2.1854
       595  -0.847788  -0.11568  0.75658  0.105E-08  0.206E-07  pot  S   0.0500  2.1854
       596  -0.847788  -0.11568  0.75658  0.103E-08  0.201E-07  pot  S   0.0500  2.1854
       597  -0.847788  -0.11568  0.75658  0.101E-08  0.197E-07  pot  S   0.0500  2.1854
       598  -0.847788  -0.11568  0.75658  0.986E-09  0.192E-07  pot  S   0.0500  2.1854
       599  -0.847788  -0.11568  0.75658  0.964E-09  0.188E-07  pot  S   0.0500  2.1854
       600  -0.847788  -0.11568  0.75658  0.942E-09  0.184E-07  pot  S   0.0500  2.1854
**     601  -0.847788  -0.11568  0.75658  0.105E-01  0.184E-07  pot  S   0.1000  2.1854
       602  -0.847788  -0.11568  0.75658  0.187E-07  0.111E-07  pot  S   0.1000  2.1854
       603  -0.847788  -0.11568  0.75658  0.809E-09  0.973E-08  pot  S   0.1000  2.1854
