System Description            : V, bcc structure                                
Number of Atoms in Unit Cell  : 1                                               
Number of Atomic Species      : 1                                               
Number of Atoms in Each Type  : 1(V)                                            
Energy Offset                 : -1883                                           
=======================================================================================
    Iter     Energy      3PV     Efermi   Rms_rho    Rms_pot   Mix  Alg  Alpha 
---------------------------------------------------------------------------------------
**       1  -0.981284  -0.39283  0.68581  0.365E-03  0.476E-02  pot  B   0.1000
         2  -0.981025   0.32226  0.66649  0.285E-03  0.210E-02  pot  B   0.1000
         3  -0.982200  -0.06902  0.67735  0.141E-03  0.616E-03  pot  B   0.1000
         4  -0.979816  -0.16132  0.67549  0.120E-03  0.276E-03  pot  B   0.1000
         5  -0.979929  -0.23958  0.67734  0.198E-04  0.513E-04  pot  B   0.1000
         6  -0.979835  -0.24052  0.67749  0.693E-05  0.532E-04  pot  B   0.1000
         7  -0.979838  -0.24363  0.67767  0.292E-05  0.242E-04  pot  B   0.1000
         8  -0.979848  -0.25996  0.67817  0.743E-05  0.797E-04  pot  B   0.1000
         9  -0.979838  -0.25639  0.67793  0.992E-06  0.657E-04  pot  B   0.1000
        10  -0.979838  -0.25267  0.67791  0.200E-05  0.496E-04  pot  B   0.1000
        11  -0.979838  -0.25148  0.67788  0.428E-06  0.439E-04  pot  B   0.1000
        12  -0.979837  -0.24341  0.67765  0.222E-05  0.109E-04  pot  B   0.1000
        13  -0.979837  -0.24054  0.67765  0.190E-05  0.171E-05  pot  B   0.1000
        14  -0.979837  -0.24044  0.67765  0.331E-07  0.216E-05  pot  B   0.1000
        15  -0.979837  -0.24082  0.67766  0.103E-06  0.645E-06  pot  B   0.1000
        16  -0.979837  -0.24083  0.67765  0.640E-07  0.596E-06  pot  B   0.1000
        17  -0.979837  -0.24081  0.67766  0.298E-07  0.690E-06  pot  B   0.1000
        18  -0.979837  -0.24080  0.67766  0.745E-08  0.740E-06  pot  B   0.1000
        19  -0.979837  -0.24080  0.67766  0.551E-08  0.757E-06  pot  B   0.1000
        20  -0.979837  -0.24073  0.67765  0.181E-07  0.103E-05  pot  B   0.1000
        21  -0.979837  -0.24072  0.67765  0.110E-07  0.106E-05  pot  B   0.1000
        22  -0.979837  -0.24072  0.67765  0.297E-08  0.106E-05  pot  B   0.1000
        23  -0.979837  -0.24072  0.67765  0.154E-08  0.107E-05  pot  B   0.1000
        24  -0.979837  -0.24076  0.67765  0.120E-07  0.894E-06  pot  B   0.1000
        25  -0.979837  -0.24078  0.67765  0.867E-08  0.821E-06  pot  B   0.1000
        26  -0.979837  -0.24078  0.67765  0.862E-09  0.833E-06  pot  B   0.1000
        27  -0.979837  -0.24076  0.67765  0.485E-08  0.914E-06  pot  B   0.1000
        28  -0.979837  -0.24080  0.67766  0.937E-08  0.762E-06  pot  B   0.1000
        29  -0.979837  -0.24087  0.67766  0.220E-07  0.472E-06  pot  B   0.1000
        30  -0.979837  -0.24099  0.67766  0.387E-07  0.131E-06  pot  B   0.1000
        31  -0.979837  -0.24097  0.67766  0.152E-07  0.358E-07  pot  B   0.1000
        32  -0.979837  -0.24095  0.67766  0.124E-07  0.120E-06  pot  B   0.1000
        33  -0.979837  -0.24097  0.67766  0.614E-08  0.452E-07  pot  B   0.1000
        34  -0.979837  -0.24098  0.67766  0.451E-08  0.334E-07  pot  B   0.1000
**      35  -0.980323  -0.24844  0.67763  0.433E-03  0.243E-04  pot  B   0.1000
        36  -0.980321  -0.24665  0.67761  0.478E-06  0.206E-04  pot  B   0.1000
        37  -0.980316  -0.24388  0.67759  0.644E-06  0.148E-04  pot  B   0.1000
        38  -0.980303  -0.24112  0.67761  0.771E-06  0.696E-05  pot  B   0.1000
        39  -0.980303  -0.24306  0.67764  0.451E-06  0.145E-05  pot  B   0.1000
        40  -0.980303  -0.24348  0.67764  0.205E-06  0.270E-06  pot  B   0.1000
        41  -0.980303  -0.24347  0.67764  0.358E-08  0.219E-06  pot  B   0.1000
        42  -0.980303  -0.24335  0.67764  0.381E-07  0.319E-06  pot  B   0.1000
        43  -0.980303  -0.24339  0.67764  0.179E-07  0.142E-06  pot  B   0.1000
        44  -0.980303  -0.24342  0.67764  0.168E-07  0.372E-07  pot  B   0.1000
        45  -0.980303  -0.24342  0.67764  0.224E-08  0.638E-07  pot  B   0.1000
        46  -0.980303  -0.24342  0.67764  0.189E-08  0.333E-07  pot  B   0.1000
**      47  -0.984932  -0.35494  0.67866  0.397E-03  0.361E-03  pot  B   0.1000
        48  -0.984904  -0.31157  0.67812  0.155E-04  0.212E-03  pot  B   0.1000
        49  -0.984918  -0.27360  0.67740  0.910E-05  0.922E-04  pot  B   0.1000
        50  -0.984942  -0.32970  0.67835  0.193E-04  0.304E-03  pot  B   0.1000
        51  -0.984911  -0.24531  0.67593  0.326E-04  0.704E-04  pot  B   0.1000
        52  -0.984946  -0.26150  0.67643  0.161E-04  0.511E-05  pot  B   0.1000
        53  -0.984927  -0.25696  0.67635  0.425E-05  0.181E-04  pot  B   0.1000
        54  -0.984931  -0.26211  0.67645  0.183E-05  0.124E-05  pot  B   0.1000
        55  -0.984928  -0.26041  0.67641  0.102E-05  0.619E-05  pot  B   0.1000
        56  -0.984929  -0.26081  0.67642  0.303E-06  0.445E-05  pot  B   0.1000
        57  -0.984929  -0.26152  0.67644  0.218E-06  0.159E-05  pot  B   0.1000
        58  -0.984929  -0.26177  0.67645  0.837E-07  0.596E-06  pot  B   0.1000
        59  -0.984928  -0.26170  0.67645  0.649E-07  0.904E-06  pot  B   0.1000
        60  -0.984928  -0.26175  0.67645  0.210E-07  0.697E-06  pot  B   0.1000
        61  -0.984928  -0.26178  0.67645  0.785E-08  0.577E-06  pot  B   0.1000
        62  -0.984928  -0.26180  0.67645  0.718E-08  0.473E-06  pot  B   0.1000
        63  -0.984928  -0.26181  0.67645  0.326E-08  0.445E-06  pot  B   0.1000
        64  -0.984928  -0.26196  0.67645  0.518E-07  0.190E-06  pot  B   0.1000
        65  -0.984928  -0.26192  0.67645  0.331E-07  0.183E-07  pot  B   0.1000
        66  -0.984928  -0.26193  0.67645  0.478E-08  0.361E-07  pot  B   0.1000
**      67  -0.984928  -0.26193  0.67645  0.401E-03  0.361E-07  pot  B   0.1000
        68  -0.984928  -0.26193  0.67645  0.132E-08  0.311E-07  pot  B   0.1000
**      69  -0.984928  -0.26193  0.67645  0.401E-03  0.361E-07  pot  B   0.1000
        70  -0.984928  -0.26193  0.67645  0.132E-08  0.748E-07  pot  B   0.1000
