System Description            : Fe, SC-2 (BCC) structure                        
Number of Atoms in Unit Cell  : 1                                               
Number of Atomic Species      : 1                                               
Number of Atoms in Each Type  : 1(Fe)                                           
Energy Offset                 : -2522                                           
=======================================================================================
    Iter     Energy      3PV     Efermi   Rms_rho    Rms_pot   Mix  Alg  Alpha    Mom  
---------------------------------------------------------------------------------------
**       1  -0.818870   1.50313  0.73981  0.108E-01  0.810E-02  pot  B   0.0010  2.2680
         2  -1.433480 -19.19749  0.78981  0.545E-02  0.407E-01  pot  B   0.0010  1.6135
**       3  -0.818866   1.50320  0.73981  0.108E-01  0.810E-02  pot  B   0.0010  2.2680
         4  -1.433646 -19.20444  0.78981  0.545E-02  0.407E-01  pot  B   0.0010  1.6130
**       5  -0.845920  -0.15953  0.73659  0.103E-01  0.634E-02  pot  B   0.0020  2.1846
         6  -0.850787  -0.70029  0.75800  0.927E-03  0.170E-02  pot  B   0.0020  2.0215
         7  -0.847098  -0.19943  0.74768  0.954E-03  0.429E-03  pot  B   0.0020  2.2199
         8  -0.846744  -0.23257  0.74972  0.701E-04  0.486E-03  pot  B   0.0020  2.2061
         9  -0.846697  -0.23425  0.75003  0.224E-04  0.480E-03  pot  B   0.0020  2.2015
        10  -0.846740  -0.10220  0.74816  0.429E-04  0.172E-03  pot  B   0.0020  2.2098
        11  -0.846703   0.08246  0.74565  0.535E-04  0.456E-03  pot  B   0.0020  2.2198
        12  -0.846655   0.09527  0.74522  0.367E-04  0.521E-03  pot  B   0.0020  2.2255
        13  -0.846702   0.00751  0.74616  0.227E-04  0.321E-03  pot  B   0.0020  2.2249
        14  -0.846695   0.00722  0.74620  0.288E-05  0.319E-03  pot  B   0.0020  2.2243
        15  -0.846688  -0.05138  0.74696  0.401E-04  0.142E-03  pot  B   0.0020  2.2325
        16  -0.846692  -0.08752  0.74749  0.125E-04  0.472E-04  pot  B   0.0020  2.2301
        17  -0.846690  -0.08819  0.74751  0.727E-06  0.452E-04  pot  B   0.0020  2.2300
        18  -0.846682  -0.08543  0.74748  0.954E-05  0.477E-04  pot  B   0.0020  2.2318
        19  -0.846652  -0.09059  0.74757  0.359E-04  0.158E-04  pot  B   0.0020  2.2389
        20  -0.846653  -0.09048  0.74757  0.803E-06  0.164E-04  pot  B   0.0020  2.2388
        21  -0.846643  -0.09303  0.74762  0.995E-05  0.556E-05  pot  B   0.0020  2.2407
        22  -0.846641  -0.09347  0.74763  0.223E-05  0.349E-05  pot  B   0.0020  2.2411
        23  -0.846641  -0.09353  0.74763  0.131E-06  0.326E-05  pot  B   0.0020  2.2412
        24  -0.846638  -0.09414  0.74764  0.331E-05  0.584E-07  pot  B   0.0020  2.2418
        25  -0.846638  -0.09413  0.74764  0.574E-08  0.570E-07  pot  B   0.0020  2.2418
        26  -0.846638  -0.09413  0.74764  0.144E-07  0.682E-07  pot  B   0.0020  2.2418
        27  -0.846637  -0.09415  0.74764  0.294E-07  0.244E-07  pot  B   0.0020  2.2418
        28  -0.846638  -0.09414  0.74764  0.469E-08  0.394E-07  pot  B   0.0020  2.2418
        29  -0.846638  -0.09414  0.74764  0.161E-07  0.250E-07  pot  B   0.0020  2.2418
        30  -0.846638  -0.09415  0.74764  0.312E-07  0.187E-07  pot  B   0.0020  2.2418
        31  -0.846638  -0.09414  0.74764  0.635E-07  0.394E-07  pot  B   0.0020  2.2418
        32  -0.846638  -0.09414  0.74764  0.821E-08  0.238E-07  pot  B   0.0020  2.2418
        33  -0.846638  -0.09414  0.74764  0.531E-08  0.332E-07  pot  B   0.0020  2.2418
        34  -0.846637  -0.09413  0.74764  0.219E-07  0.929E-07  pot  B   0.0020  2.2418
        35  -0.846638  -0.09415  0.74764  0.276E-07  0.124E-07  pot  B   0.0020  2.2418
        36  -0.846637  -0.09414  0.74764  0.101E-07  0.114E-07  pot  B   0.0020  2.2418
        37  -0.846638  -0.09415  0.74764  0.160E-08  0.991E-08  pot  B   0.0020  2.2418
        38  -0.846637  -0.09414  0.74764  0.331E-08  0.888E-08  pot  B   0.0020  2.2418
        39  -0.846637  -0.09414  0.74764  0.358E-08  0.156E-07  pot  B   0.0020  2.2418
        40  -0.846637  -0.09414  0.74764  0.129E-08  0.110E-07  pot  B   0.0020  2.2418
        41  -0.846637  -0.09415  0.74764  0.907E-09  0.176E-07  pot  B   0.0020  2.2418
        42  -0.846637  -0.09415  0.74764  0.459E-09  0.216E-07  pot  B   0.0020  2.2418
        43  -0.846637  -0.09415  0.74764  0.670E-09  0.182E-07  pot  B   0.0020  2.2418
        44  -0.846637  -0.09415  0.74764  0.160E-08  0.171E-07  pot  B   0.0020  2.2418
        45  -0.846637  -0.09414  0.74764  0.116E-08  0.161E-07  pot  B   0.0020  2.2418
        46  -0.846637  -0.09415  0.74764  0.900E-09  0.159E-07  pot  B   0.0020  2.2418
        47  -0.846638  -0.09415  0.74764  0.693E-09  0.149E-07  pot  B   0.0020  2.2418
        48  -0.846638  -0.09415  0.74764  0.245E-08  0.140E-07  pot  B   0.0020  2.2418
        49  -0.846638  -0.09414  0.74764  0.232E-08  0.112E-07  pot  B   0.0020  2.2418
        50  -0.846638  -0.09414  0.74764  0.125E-08  0.829E-08  pot  B   0.0020  2.2418
        51  -0.846638  -0.09414  0.74764  0.615E-09  0.739E-08  pot  B   0.0020  2.2418
        52  -0.846637  -0.09414  0.74764  0.695E-09  0.100E-07  pot  B   0.0020  2.2418
        53  -0.846637  -0.09414  0.74764  0.120E-08  0.905E-08  pot  B   0.0020  2.2418
        54  -0.846637  -0.09414  0.74764  0.488E-09  0.614E-08  pot  B   0.0020  2.2418
