 ir        r              f(r)*r^2
    1  0.00001085      0.76715358D-15
    2  0.00001099      0.80539392D-15
    3  0.00001112      0.84554037D-15
    4  0.00001126      0.88768794D-15
    5  0.00001140      0.93193636D-15
    6  0.00001154      0.97839036D-15
    7  0.00001168      0.10271599D-14
    8  0.00001182      0.10783603D-14
    9  0.00001196      0.11321128D-14
   10  0.00001211      0.11885446D-14
   11  0.00001226      0.12477892D-14
   12  0.00001241      0.13099869D-14
   13  0.00001256      0.13752848D-14
   14  0.00001271      0.14438374D-14
   15  0.00001287      0.15158070D-14
   16  0.00001303      0.15913638D-14
   17  0.00001319      0.16706867D-14
   18  0.00001335      0.17539634D-14
   19  0.00001351      0.18413909D-14
   20  0.00001368      0.19331762D-14
   21  0.00001384      0.20295364D-14
   22  0.00001401      0.21306995D-14
   23  0.00001419      0.22369049D-14
   24  0.00001436      0.23484040D-14
   25  0.00001453      0.24654606D-14
   26  0.00001471      0.25883516D-14
   27  0.00001489      0.27173679D-14
   28  0.00001507      0.28528147D-14
   29  0.00001526      0.29950126D-14
   30  0.00001545      0.31442980D-14
   31  0.00001563      0.33010242D-14
   32  0.00001583      0.34655619D-14
   33  0.00001602      0.36383007D-14
   34  0.00001622      0.38196490D-14
   35  0.00001641      0.40100362D-14
   36  0.00001662      0.42099126D-14
   37  0.00001682      0.44197512D-14
   38  0.00001702      0.46400486D-14
   39  0.00001723      0.48713258D-14
   40  0.00001744      0.51141302D-14
   41  0.00001766      0.53690363D-14
   42  0.00001787      0.56366472D-14
   43  0.00001809      0.59175961D-14
   44  0.00001831      0.62125476D-14
   45  0.00001854      0.65221998D-14
   46  0.00001876      0.68472851D-14
   47  0.00001899      0.71885728D-14
   48  0.00001923      0.75468703D-14
   49  0.00001946      0.79230254D-14
   50  0.00001970      0.83179280D-14
   51  0.00001994      0.87325124D-14
   52  0.00002018      0.91677595D-14
   53  0.00002043      0.96246991D-14
   54  0.00002068      0.10104412D-13
   55  0.00002093      0.10608034D-13
   56  0.00002119      0.11136755D-13
   57  0.00002145      0.11691827D-13
   58  0.00002171      0.12274563D-13
   59  0.00002198      0.12886342D-13
   60  0.00002225      0.13528611D-13
   61  0.00002252      0.14202889D-13
   62  0.00002279      0.14910772D-13
   63  0.00002307      0.15653934D-13
   64  0.00002336      0.16434133D-13
   65  0.00002364      0.17253215D-13
   66  0.00002393      0.18113117D-13
   67  0.00002422      0.19015875D-13
   68  0.00002452      0.19963623D-13
   69  0.00002482      0.20958603D-13
   70  0.00002512      0.22003170D-13
   71  0.00002543      0.23099793D-13
   72  0.00002574      0.24251068D-13
   73  0.00002606      0.25459717D-13
   74  0.00002638      0.26728600D-13
   75  0.00002670      0.28060718D-13
   76  0.00002703      0.29459222D-13
   77  0.00002736      0.30927420D-13
   78  0.00002769      0.32468785D-13
   79  0.00002803      0.34086963D-13
   80  0.00002837      0.35785781D-13
   81  0.00002872      0.37569258D-13
   82  0.00002907      0.39441613D-13
   83  0.00002943      0.41407273D-13
   84  0.00002979      0.43470888D-13
   85  0.00003015      0.45637339D-13
   86  0.00003052      0.47911750D-13
   87  0.00003090      0.50299501D-13
   88  0.00003127      0.52806239D-13
   89  0.00003166      0.55437892D-13
   90  0.00003204      0.58200684D-13
   91  0.00003244      0.61101151D-13
   92  0.00003283      0.64146151D-13
   93  0.00003323      0.67342887D-13
   94  0.00003364      0.70698917D-13
   95  0.00003405      0.74222180D-13
   96  0.00003447      0.77921007D-13
   97  0.00003489      0.81804146D-13
   98  0.00003532      0.85880780D-13
   99  0.00003575      0.90160550D-13
  100  0.00003619      0.94653575D-13
  101  0.00003663      0.99370482D-13
  102  0.00003708      0.10432243D-12
  103  0.00003753      0.10952111D-12
  104  0.00003799      0.11497884D-12
  105  0.00003846      0.12070851D-12
  106  0.00003893      0.12672368D-12
  107  0.00003940      0.13303856D-12
  108  0.00003989      0.13966809D-12
  109  0.00004037      0.14662794D-12
  110  0.00004087      0.15393458D-12
  111  0.00004137      0.16160527D-12
  112  0.00004187      0.16965815D-12
  113  0.00004239      0.17811227D-12
  114  0.00004290      0.18698761D-12
  115  0.00004343      0.19630515D-12
  116  0.00004396      0.20608693D-12
  117  0.00004450      0.21635608D-12
  118  0.00004504      0.22713686D-12
  119  0.00004560      0.23845477D-12
  120  0.00004615      0.25033657D-12
  121  0.00004672      0.26281034D-12
  122  0.00004729      0.27590557D-12
  123  0.00004787      0.28965322D-12
  124  0.00004845      0.30408579D-12
  125  0.00004905      0.31923740D-12
  126  0.00004965      0.33514386D-12
  127  0.00005025      0.35184278D-12
  128  0.00005087      0.36937362D-12
  129  0.00005149      0.38777783D-12
  130  0.00005212      0.40709891D-12
  131  0.00005276      0.42738252D-12
  132  0.00005341      0.44867661D-12
  133  0.00005406      0.47103151D-12
  134  0.00005472      0.49450006D-12
  135  0.00005539      0.51913772D-12
  136  0.00005607      0.54500273D-12
  137  0.00005675      0.57215621D-12
  138  0.00005745      0.60066233D-12
  139  0.00005815      0.63058847D-12
  140  0.00005886      0.66200535D-12
  141  0.00005958      0.69498721D-12
  142  0.00006031      0.72961200D-12
  143  0.00006105      0.76596153D-12
  144  0.00006180      0.80412170D-12
  145  0.00006255      0.84418268D-12
  146  0.00006332      0.88623915D-12
  147  0.00006409      0.93039046D-12
  148  0.00006488      0.97674095D-12
  149  0.00006567      0.10254001D-11
  150  0.00006648      0.10764830D-11
  151  0.00006729      0.11301101D-11
  152  0.00006811      0.11864084D-11
  153  0.00006895      0.12455107D-11
  154  0.00006979      0.13075567D-11
  155  0.00007064      0.13726929D-11
  156  0.00007151      0.14410733D-11
  157  0.00007238      0.15128594D-11
  158  0.00007327      0.15882207D-11
  159  0.00007417      0.16673354D-11
  160  0.00007507      0.17503901D-11
  161  0.00007599      0.18375813D-11
  162  0.00007692      0.19291147D-11
  163  0.00007786      0.20252066D-11
  164  0.00007882      0.21260839D-11
  165  0.00007978      0.22319849D-11
  166  0.00008076      0.23431598D-11
  167  0.00008174      0.24598710D-11
  168  0.00008274      0.25823942D-11
  169  0.00008376      0.27110187D-11
  170  0.00008478      0.28460484D-11
  171  0.00008582      0.29878019D-11
  172  0.00008687      0.31366142D-11
  173  0.00008793      0.32928365D-11
  174  0.00008901      0.34568377D-11
  175  0.00009010      0.36290051D-11
  176  0.00009120      0.38097451D-11
  177  0.00009232      0.39994844D-11
  178  0.00009345      0.41986711D-11
  179  0.00009459      0.44077753D-11
  180  0.00009575      0.46272908D-11
  181  0.00009692      0.48577356D-11
  182  0.00009811      0.50996537D-11
  183  0.00009931      0.53536163D-11
  184  0.00010052      0.56202228D-11
  185  0.00010175      0.59001023D-11
  186  0.00010300      0.61939156D-11
  187  0.00010426      0.65023561D-11
  188  0.00010553      0.68261516D-11
  189  0.00010682      0.71660664D-11
  190  0.00010813      0.75229025D-11
  191  0.00010945      0.78975021D-11
  192  0.00011079      0.82907491D-11
  193  0.00011215      0.87035713D-11
  194  0.00011352      0.91369429D-11
  195  0.00011491      0.95918864D-11
  196  0.00011632      0.10069475D-10
  197  0.00011774      0.10570836D-10
  198  0.00011918      0.11097151D-10
  199  0.00012064      0.11649662D-10
  200  0.00012212      0.12229674D-10
  201  0.00012361      0.12838552D-10
  202  0.00012512      0.13477735D-10
  203  0.00012665      0.14148729D-10
  204  0.00012820      0.14853118D-10
  205  0.00012977      0.15592561D-10
  206  0.00013136      0.16368804D-10
  207  0.00013297      0.17183676D-10
  208  0.00013459      0.18039099D-10
  209  0.00013624      0.18937091D-10
  210  0.00013791      0.19879767D-10
  211  0.00013960      0.20869352D-10
  212  0.00014130      0.21908178D-10
  213  0.00014303      0.22998694D-10
  214  0.00014478      0.24143470D-10
  215  0.00014656      0.25345206D-10
  216  0.00014835      0.26606734D-10
  217  0.00015016      0.27931027D-10
  218  0.00015200      0.29321207D-10
  219  0.00015386      0.30780549D-10
  220  0.00015574      0.32312494D-10
  221  0.00015765      0.33920650D-10
  222  0.00015958      0.35608807D-10
  223  0.00016153      0.37380943D-10
  224  0.00016351      0.39241234D-10
  225  0.00016551      0.41194061D-10
  226  0.00016753      0.43244026D-10
  227  0.00016958      0.45395957D-10
  228  0.00017166      0.47654923D-10
  229  0.00017376      0.50026245D-10
  230  0.00017589      0.52515508D-10
  231  0.00017804      0.55128574D-10
  232  0.00018022      0.57871598D-10
  233  0.00018242      0.60751037D-10
  234  0.00018466      0.63773673D-10
  235  0.00018691      0.66946621D-10
  236  0.00018920      0.70277353D-10
  237  0.00019152      0.73773708D-10
  238  0.00019386      0.77443918D-10
  239  0.00019623      0.81296621D-10
  240  0.00019863      0.85340885D-10
  241  0.00020106      0.89586229D-10
  242  0.00020353      0.94042644D-10
  243  0.00020602      0.98720615D-10
  244  0.00020854      0.10363115D-09
  245  0.00021109      0.10878580D-09
  246  0.00021367      0.11419670D-09
  247  0.00021629      0.11987657D-09
  248  0.00021893      0.12583877D-09
  249  0.00022161      0.13209734D-09
  250  0.00022432      0.13866698D-09
  251  0.00022707      0.14556314D-09
  252  0.00022985      0.15280205D-09
  253  0.00023266      0.16040073D-09
  254  0.00023551      0.16837703D-09
  255  0.00023839      0.17674972D-09
  256  0.00024131      0.18553847D-09
  257  0.00024426      0.19476395D-09
  258  0.00024725      0.20444782D-09
  259  0.00025027      0.21461287D-09
  260  0.00025334      0.22528296D-09
  261  0.00025644      0.23648317D-09
  262  0.00025957      0.24823982D-09
  263  0.00026275      0.26058053D-09
  264  0.00026597      0.27353428D-09
  265  0.00026922      0.28713150D-09
  266  0.00027251      0.30140413D-09
  267  0.00027585      0.31638568D-09
  268  0.00027922      0.33211133D-09
  269  0.00028264      0.34861801D-09
  270  0.00028610      0.36594446D-09
  271  0.00028960      0.38413136D-09
  272  0.00029314      0.40322140D-09
  273  0.00029673      0.42325938D-09
  274  0.00030036      0.44429232D-09
  275  0.00030404      0.46636957D-09
  276  0.00030776      0.48954294D-09
  277  0.00031152      0.51386678D-09
  278  0.00031534      0.53939815D-09
  279  0.00031920      0.56619693D-09
  280  0.00032310      0.59432598D-09
  281  0.00032705      0.62385123D-09
  282  0.00033106      0.65484194D-09
  283  0.00033511      0.68737073D-09
  284  0.00033921      0.72151386D-09
  285  0.00034336      0.75735136D-09
  286  0.00034756      0.79496721D-09
  287  0.00035181      0.83444955D-09
  288  0.00035612      0.87589087D-09
  289  0.00036048      0.91938826D-09
  290  0.00036489      0.96504361D-09
  291  0.00036935      0.10129638D-08
  292  0.00037387      0.10632611D-08
  293  0.00037845      0.11160533D-08
  294  0.00038308      0.11714639D-08
  295  0.00038777      0.12296226D-08
  296  0.00039251      0.12906656D-08
  297  0.00039731      0.13547356D-08
  298  0.00040218      0.14219827D-08
  299  0.00040710      0.14925641D-08
  300  0.00041208      0.15666449D-08
  301  0.00041712      0.16443983D-08
  302  0.00042223      0.17260062D-08
  303  0.00042739      0.18116594D-08
  304  0.00043262      0.19015581D-08
  305  0.00043792      0.19959124D-08
  306  0.00044328      0.20949428D-08
  307  0.00044870      0.21988807D-08
  308  0.00045419      0.23079689D-08
  309  0.00045975      0.24224622D-08
  310  0.00046537      0.25426280D-08
  311  0.00047107      0.26687469D-08
  312  0.00047683      0.28011133D-08
  313  0.00048267      0.29400363D-08
  314  0.00048857      0.30858399D-08
  315  0.00049455      0.32388644D-08
  316  0.00050060      0.33994669D-08
  317  0.00050673      0.35680219D-08
  318  0.00051293      0.37449226D-08
  319  0.00051921      0.39305813D-08
  320  0.00052556      0.41254310D-08
  321  0.00053199      0.43299258D-08
  322  0.00053850      0.45445422D-08
  323  0.00054509      0.47697803D-08
  324  0.00055176      0.50061648D-08
  325  0.00055851      0.52542462D-08
  326  0.00056535      0.55146021D-08
  327  0.00057227      0.57878388D-08
  328  0.00057927      0.60745921D-08
  329  0.00058636      0.63755294D-08
  330  0.00059353      0.66913508D-08
  331  0.00060079      0.70227911D-08
  332  0.00060815      0.73706209D-08
  333  0.00061559      0.77356490D-08
  334  0.00062312      0.81187240D-08
  335  0.00063075      0.85207362D-08
  336  0.00063846      0.89426196D-08
  337  0.00064628      0.93853543D-08
  338  0.00065419      0.98499685D-08
  339  0.00066219      0.10337541D-07
  340  0.00067029      0.10849204D-07
  341  0.00067850      0.11386144D-07
  342  0.00068680      0.11949608D-07
  343  0.00069520      0.12540902D-07
  344  0.00070371      0.13161398D-07
  345  0.00071232      0.13812534D-07
  346  0.00072104      0.14495819D-07
  347  0.00072986      0.15212838D-07
  348  0.00073879      0.15965251D-07
  349  0.00074783      0.16754801D-07
  350  0.00075698      0.17583315D-07
  351  0.00076625      0.18452712D-07
  352  0.00077562      0.19365003D-07
  353  0.00078511      0.20322300D-07
  354  0.00079472      0.21326816D-07
  355  0.00080445      0.22380874D-07
  356  0.00081429      0.23486911D-07
  357  0.00082425      0.24647481D-07
  358  0.00083434      0.25865267D-07
  359  0.00084455      0.27143081D-07
  360  0.00085488      0.28483873D-07
  361  0.00086535      0.29890737D-07
  362  0.00087593      0.31366920D-07
  363  0.00088665      0.32915826D-07
  364  0.00089750      0.34541027D-07
  365  0.00090849      0.36246269D-07
  366  0.00091960      0.38035482D-07
  367  0.00093086      0.39912787D-07
  368  0.00094225      0.41882507D-07
  369  0.00095378      0.43949176D-07
  370  0.00096545      0.46117551D-07
  371  0.00097726      0.48392619D-07
  372  0.00098922      0.50779613D-07
  373  0.00100132      0.53284018D-07
  374  0.00101358      0.55911590D-07
  375  0.00102598      0.58668365D-07
  376  0.00103854      0.61560672D-07
  377  0.00105124      0.64595152D-07
  378  0.00106411      0.67778765D-07
  379  0.00107713      0.71118814D-07
  380  0.00109031      0.74622957D-07
  381  0.00110365      0.78299223D-07
  382  0.00111716      0.82156036D-07
  383  0.00113083      0.86202226D-07
  384  0.00114466      0.90447056D-07
  385  0.00115867      0.94900237D-07
  386  0.00117285      0.99571954D-07
  387  0.00118720      0.10447289D-06
  388  0.00120173      0.10961423D-06
  389  0.00121643      0.11500774D-06
  390  0.00123132      0.12066572D-06
  391  0.00124639      0.12660108D-06
  392  0.00126164      0.13282736D-06
  393  0.00127708      0.13935876D-06
  394  0.00129270      0.14621016D-06
  395  0.00130852      0.15339717D-06
  396  0.00132454      0.16093615D-06
  397  0.00134074      0.16884425D-06
  398  0.00135715      0.17713947D-06
  399  0.00137376      0.18584066D-06
  400  0.00139057      0.19496759D-06
  401  0.00140758      0.20454099D-06
  402  0.00142481      0.21458259D-06
  403  0.00144224      0.22511517D-06
  404  0.00145989      0.23616262D-06
  405  0.00147776      0.24774996D-06
  406  0.00149584      0.25990345D-06
  407  0.00151414      0.27265060D-06
  408  0.00153267      0.28602024D-06
  409  0.00155143      0.30004262D-06
  410  0.00157041      0.31474943D-06
  411  0.00158963      0.33017387D-06
  412  0.00160908      0.34635077D-06
  413  0.00162877      0.36331662D-06
  414  0.00164870      0.38110967D-06
  415  0.00166887      0.39977003D-06
  416  0.00168930      0.41933970D-06
  417  0.00170997      0.43986273D-06
  418  0.00173089      0.46138527D-06
  419  0.00175207      0.48395571D-06
  420  0.00177351      0.50762474D-06
  421  0.00179521      0.53244548D-06
  422  0.00181718      0.55847362D-06
  423  0.00183942      0.58576750D-06
  424  0.00186193      0.61438827D-06
  425  0.00188471      0.64439999D-06
  426  0.00190777      0.67586980D-06
  427  0.00193112      0.70886805D-06
  428  0.00195475      0.74346847D-06
  429  0.00197867      0.77974827D-06
  430  0.00200288      0.81778839D-06
  431  0.00202739      0.85767361D-06
  432  0.00205220      0.89949278D-06
  433  0.00207731      0.94333895D-06
  434  0.00210273      0.98930964D-06
  435  0.00212846      0.10375070D-05
  436  0.00215451      0.10880380D-05
  437  0.00218087      0.11410149D-05
  438  0.00220756      0.11965549D-05
  439  0.00223457      0.12547812D-05
  440  0.00226192      0.13158225D-05
  441  0.00228959      0.13798140D-05
  442  0.00231761      0.14468968D-05
  443  0.00234597      0.15172192D-05
  444  0.00237468      0.15909361D-05
  445  0.00240374      0.16682101D-05
  446  0.00243315      0.17492113D-05
  447  0.00246293      0.18341177D-05
  448  0.00249306      0.19231160D-05
  449  0.00252357      0.20164016D-05
  450  0.00255445      0.21141790D-05
  451  0.00258571      0.22166625D-05
  452  0.00261735      0.23240764D-05
  453  0.00264938      0.24366557D-05
  454  0.00268180      0.25546462D-05
  455  0.00271461      0.26783055D-05
  456  0.00274783      0.28079031D-05
  457  0.00278146      0.29437214D-05
  458  0.00281549      0.30860558D-05
  459  0.00284995      0.32352156D-05
  460  0.00288482      0.33915246D-05
  461  0.00292012      0.35553219D-05
  462  0.00295585      0.37269622D-05
  463  0.00299202      0.39068169D-05
  464  0.00302864      0.40952748D-05
  465  0.00306570      0.42927425D-05
  466  0.00310321      0.44996460D-05
  467  0.00314118      0.47164308D-05
  468  0.00317962      0.49435632D-05
  469  0.00321853      0.51815312D-05
  470  0.00325792      0.54308455D-05
  471  0.00329778      0.56920403D-05
  472  0.00333814      0.59656747D-05
  473  0.00337898      0.62523336D-05
  474  0.00342033      0.65526291D-05
  475  0.00346219      0.68672012D-05
  476  0.00350455      0.71967200D-05
  477  0.00354744      0.75418859D-05
  478  0.00359085      0.79034319D-05
  479  0.00363479      0.82821247D-05
  480  0.00367926      0.86787662D-05
  481  0.00372429      0.90941949D-05
  482  0.00376986      0.95292880D-05
  483  0.00381599      0.99849629D-05
  484  0.00386269      0.10462179D-04
  485  0.00390995      0.10961939D-04
  486  0.00395780      0.11485292D-04
  487  0.00400623      0.12033334D-04
  488  0.00405525      0.12607213D-04
  489  0.00410488      0.13208127D-04
  490  0.00415511      0.13837330D-04
  491  0.00420595      0.14496131D-04
  492  0.00425742      0.15185899D-04
  493  0.00430952      0.15908067D-04
  494  0.00436225      0.16664131D-04
  495  0.00441563      0.17455654D-04
  496  0.00446966      0.18284270D-04
  497  0.00452436      0.19151686D-04
  498  0.00457972      0.20059688D-04
  499  0.00463576      0.21010140D-04
  500  0.00469249      0.22004990D-04
  501  0.00474991      0.23046273D-04
  502  0.00480803      0.24136116D-04
  503  0.00486687      0.25276739D-04
  504  0.00492642      0.26470463D-04
  505  0.00498671      0.27719711D-04
  506  0.00504773      0.29027013D-04
  507  0.00510950      0.30395014D-04
  508  0.00517202      0.31826473D-04
  509  0.00523531      0.33324273D-04
  510  0.00529937      0.34891423D-04
  511  0.00536422      0.36531064D-04
  512  0.00542986      0.38246478D-04
  513  0.00549630      0.40041089D-04
  514  0.00556356      0.41918470D-04
  515  0.00563164      0.43882353D-04
  516  0.00570055      0.45936630D-04
  517  0.00577031      0.48085366D-04
  518  0.00584092      0.50332801D-04
  519  0.00591239      0.52683358D-04
  520  0.00598474      0.55141653D-04
  521  0.00605798      0.57712503D-04
  522  0.00613211      0.60400931D-04
  523  0.00620714      0.63212176D-04
  524  0.00628310      0.66151705D-04
  525  0.00635998      0.69225215D-04
  526  0.00643781      0.72438652D-04
  527  0.00651659      0.75798212D-04
  528  0.00659633      0.79310358D-04
  529  0.00667705      0.82981825D-04
  530  0.00675875      0.86819636D-04
  531  0.00684146      0.90831111D-04
  532  0.00692518      0.95023878D-04
  533  0.00700992      0.99405886D-04
  534  0.00709570      0.10398542D-03
  535  0.00718253      0.10877111D-03
  536  0.00727042      0.11377196D-03
  537  0.00735938      0.11899731D-03
  538  0.00744944      0.12445695D-03
  539  0.00754060      0.13016102D-03
  540  0.00763287      0.13612010D-03
  541  0.00772627      0.14234523D-03
  542  0.00782081      0.14884786D-03
  543  0.00791652      0.15563994D-03
  544  0.00801339      0.16273391D-03
  545  0.00811145      0.17014270D-03
  546  0.00821070      0.17787978D-03
  547  0.00831118      0.18595916D-03
  548  0.00841288      0.19439540D-03
  549  0.00851583      0.20320369D-03
  550  0.00862003      0.21239979D-03
  551  0.00872551      0.22200010D-03
  552  0.00883229      0.23202168D-03
  553  0.00894036      0.24248228D-03
  554  0.00904977      0.25340032D-03
  555  0.00916051      0.26479497D-03
  556  0.00927260      0.27668617D-03
  557  0.00938607      0.28909459D-03
  558  0.00950092      0.30204177D-03
  559  0.00961718      0.31555003D-03
  560  0.00973487      0.32964259D-03
  561  0.00985399      0.34434355D-03
  562  0.00997457      0.35967795D-03
  563  0.01009663      0.37567178D-03
  564  0.01022018      0.39235201D-03
  565  0.01034524      0.40974665D-03
  566  0.01047183      0.42788476D-03
  567  0.01059997      0.44679648D-03
  568  0.01072968      0.46651309D-03
  569  0.01086098      0.48706705D-03
  570  0.01099388      0.50849199D-03
  571  0.01112841      0.53082280D-03
  572  0.01126459      0.55409564D-03
  573  0.01140243      0.57834801D-03
  574  0.01154196      0.60361874D-03
  575  0.01168320      0.62994808D-03
  576  0.01182616      0.65737773D-03
  577  0.01197088      0.68595087D-03
  578  0.01211736      0.71571220D-03
  579  0.01226564      0.74670802D-03
  580  0.01241573      0.77898624D-03
  581  0.01256766      0.81259644D-03
  582  0.01272145      0.84758991D-03
  583  0.01287712      0.88401973D-03
  584  0.01303469      0.92194076D-03
  585  0.01319419      0.96140973D-03
  586  0.01335565      0.10024853D-02
  587  0.01351908      0.10452280D-02
  588  0.01368451      0.10897006D-02
  589  0.01385196      0.11359677D-02
  590  0.01402147      0.11840960D-02
  591  0.01419304      0.12341546D-02
  592  0.01436672      0.12862145D-02
  593  0.01454252      0.13403493D-02
  594  0.01472048      0.13966347D-02
  595  0.01490061      0.14551487D-02
  596  0.01508294      0.15159720D-02
  597  0.01526751      0.15791875D-02
  598  0.01545433      0.16448808D-02
  599  0.01564345      0.17131400D-02
  600  0.01583487      0.17840558D-02
  601  0.01602864      0.18577215D-02
  602  0.01622478      0.19342333D-02
  603  0.01642332      0.20136900D-02
  604  0.01662429      0.20961933D-02
  605  0.01682771      0.21818477D-02
  606  0.01703363      0.22707605D-02
  607  0.01724207      0.23630422D-02
  608  0.01745305      0.24588059D-02
  609  0.01766662      0.25581679D-02
  610  0.01788281      0.26612476D-02
  611  0.01810163      0.27681672D-02
  612  0.01832314      0.28790523D-02
  613  0.01854736      0.29940314D-02
  614  0.01877432      0.31132361D-02
  615  0.01900405      0.32368012D-02
  616  0.01923660      0.33648648D-02
  617  0.01947199      0.34975677D-02
  618  0.01971027      0.36350544D-02
  619  0.01995146      0.37774722D-02
  620  0.02019560      0.39249715D-02
  621  0.02044273      0.40777061D-02
  622  0.02069288      0.42358326D-02
  623  0.02094610      0.43995108D-02
  624  0.02120241      0.45689036D-02
  625  0.02146186      0.47441765D-02
  626  0.02172448      0.49254984D-02
  627  0.02199032      0.51130408D-02
  628  0.02225941      0.53069779D-02
  629  0.02253180      0.55074867D-02
  630  0.02280751      0.57147468D-02
  631  0.02308660      0.59289403D-02
  632  0.02336911      0.61502516D-02
  633  0.02365507      0.63788673D-02
  634  0.02394453      0.66149763D-02
  635  0.02423754      0.68587693D-02
  636  0.02453413      0.71104388D-02
  637  0.02483434      0.73701788D-02
  638  0.02513824      0.76381847D-02
  639  0.02544585      0.79146534D-02
  640  0.02575722      0.81997822D-02
  641  0.02607241      0.84937695D-02
  642  0.02639145      0.87968140D-02
  643  0.02671440      0.91091144D-02
  644  0.02704130      0.94308695D-02
  645  0.02737219      0.97622775D-02
  646  0.02770714      0.10103536D-01
  647  0.02804619      0.10454840D-01
  648  0.02838938      0.10816385D-01
  649  0.02873678      0.11188363D-01
  650  0.02908842      0.11570965D-01
  651  0.02944437      0.11964378D-01
  652  0.02980468      0.12368785D-01
  653  0.03016939      0.12784367D-01
  654  0.03053857      0.13211299D-01
  655  0.03091226      0.13649751D-01
  656  0.03129053      0.14099890D-01
  657  0.03167342      0.14561873D-01
  658  0.03206100      0.15035854D-01
  659  0.03245332      0.15521977D-01
  660  0.03285045      0.16020378D-01
  661  0.03325243      0.16531186D-01
  662  0.03365934      0.17054519D-01
  663  0.03407122      0.17590485D-01
  664  0.03448814      0.18139180D-01
  665  0.03491016      0.18700691D-01
  666  0.03533735      0.19275089D-01
  667  0.03576977      0.19862433D-01
  668  0.03620747      0.20462766D-01
  669  0.03665054      0.21076118D-01
  670  0.03709902      0.21702501D-01
  671  0.03755299      0.22341909D-01
  672  0.03801252      0.22994320D-01
  673  0.03847767      0.23659690D-01
  674  0.03894851      0.24337955D-01
  675  0.03942512      0.25029033D-01
  676  0.03990755      0.25732814D-01
  677  0.04039589      0.26449170D-01
  678  0.04089021      0.27177943D-01
  679  0.04139057      0.27918954D-01
  680  0.04189706      0.28671993D-01
  681  0.04240975      0.29436826D-01
  682  0.04292871      0.30213188D-01
  683  0.04345402      0.31000781D-01
  684  0.04398575      0.31799282D-01
  685  0.04452400      0.32608329D-01
  686  0.04506883      0.33427531D-01
  687  0.04562032      0.34256461D-01
  688  0.04617857      0.35094656D-01
  689  0.04674365      0.35941616D-01
  690  0.04731564      0.36796804D-01
  691  0.04789463      0.37659645D-01
  692  0.04848071      0.38529523D-01
  693  0.04907395      0.39405782D-01
  694  0.04967446      0.40287726D-01
  695  0.05028232      0.41174614D-01
  696  0.05089761      0.42065665D-01
  697  0.05152043      0.42960054D-01
  698  0.05215088      0.43856910D-01
  699  0.05278903      0.44755320D-01
  700  0.05343500      0.45654324D-01
  701  0.05408887      0.46552919D-01
  702  0.05475075      0.47450055D-01
  703  0.05542072      0.48344637D-01
  704  0.05609889      0.49235525D-01
  705  0.05678536      0.50121532D-01
  706  0.05748023      0.51001427D-01
  707  0.05818360      0.51873936D-01
  708  0.05889558      0.52737739D-01
  709  0.05961628      0.53591473D-01
  710  0.06034579      0.54433735D-01
  711  0.06108423      0.55263078D-01
  712  0.06183170      0.56078016D-01
  713  0.06258832      0.56877026D-01
  714  0.06335420      0.57658547D-01
  715  0.06412945      0.58420985D-01
  716  0.06491419      0.59162711D-01
  717  0.06570853      0.59882068D-01
  718  0.06651259      0.60577370D-01
  719  0.06732649      0.61246907D-01
  720  0.06815035      0.61888948D-01
  721  0.06898429      0.62501741D-01
  722  0.06982844      0.63083523D-01
  723  0.07068291      0.63632517D-01
  724  0.07154784      0.64146940D-01
  725  0.07242336      0.64625008D-01
  726  0.07330959      0.65064937D-01
  727  0.07420666      0.65464952D-01
  728  0.07511471      0.65823289D-01
  729  0.07603387      0.66138202D-01
  730  0.07696428      0.66407969D-01
  731  0.07790608      0.66630898D-01
  732  0.07885940      0.66805330D-01
  733  0.07982438      0.66929650D-01
  734  0.08080118      0.67002292D-01
  735  0.08178992      0.67021745D-01
  736  0.08279077      0.66986560D-01
  737  0.08380386      0.66895361D-01
  738  0.08482935      0.66746847D-01
  739  0.08586739      0.66539803D-01
  740  0.08691813      0.66273108D-01
  741  0.08798172      0.65945742D-01
  742  0.08905834      0.65556795D-01
  743  0.09014812      0.65105473D-01
  744  0.09125125      0.64591110D-01
  745  0.09236787      0.64013173D-01
  746  0.09349815      0.63371273D-01
  747  0.09464227      0.62665169D-01
  748  0.09580039      0.61894782D-01
  749  0.09697267      0.61060200D-01
  750  0.09815931      0.60161684D-01
  751  0.09936046      0.59199681D-01
  752  0.10057631      0.58174827D-01
  753  0.10180704      0.57087955D-01
  754  0.10305283      0.55940107D-01
  755  0.10431387      0.54732534D-01
  756  0.10559033      0.53466706D-01
  757  0.10688242      0.52144318D-01
  758  0.10819032      0.50767292D-01
  759  0.10951422      0.49337790D-01
  760  0.11085432      0.47858206D-01
  761  0.11221082      0.46331183D-01
  762  0.11358392      0.44759607D-01
  763  0.11497382      0.43146609D-01
  764  0.11638073      0.41495575D-01
  765  0.11780485      0.39810137D-01
  766  0.11924641      0.38094179D-01
  767  0.12070560      0.36351832D-01
  768  0.12218265      0.34587474D-01
  769  0.12367777      0.32805727D-01
  770  0.12519119      0.31011452D-01
  771  0.12672312      0.29209744D-01
  772  0.12827380      0.27405926D-01
  773  0.12984346      0.25605539D-01
  774  0.13143233      0.23814336D-01
  775  0.13304064      0.22038272D-01
  776  0.13466863      0.20283492D-01
  777  0.13631654      0.18556316D-01
  778  0.13798461      0.16863230D-01
  779  0.13967310      0.15210867D-01
  780  0.14138225      0.13605994D-01
  781  0.14311231      0.12055491D-01
  782  0.14486354      0.10566335D-01
  783  0.14663621      0.91455778D-02
  784  0.14843056      0.78003284D-02
  785  0.15024687      0.65377263D-02
  786  0.15208541      0.53649210D-02
  787  0.15394645      0.42890464D-02
  788  0.15583026      0.33171959D-02
  789  0.15773712      0.24563956D-02
  790  0.15966731      0.17135777D-02
  791  0.16162112      0.10955519D-02
  792  0.16359885      0.60897730D-03
  793  0.16560077      0.26033311D-03
  794  0.16762719      0.55889095D-04
  795  0.16967841      0.16756940D-05
  796  0.17175472      0.10345394D-03
  797  0.17385645      0.36668529D-03
  798  0.17598389      0.79650161D-03
  799  0.17813737      0.13976753D-02
  800  0.18031720      0.21745897D-02
  801  0.18252370      0.31312104D-02
  802  0.18475720      0.42710566D-02
  803  0.18701803      0.55971742D-02
  804  0.18930653      0.71121088D-02
  805  0.19162303      0.88178808D-02
  806  0.19396788      0.10715961D-01
  807  0.19634142      0.12807250D-01
  808  0.19874401      0.15092055D-01
  809  0.20117600      0.17570072D-01
  810  0.20363774      0.20240368D-01
  811  0.20612961      0.23101369D-01
  812  0.20865198      0.26150845D-01
  813  0.21120520      0.29385900D-01
  814  0.21378967      0.32802965D-01
  815  0.21640577      0.36397793D-01
  816  0.21905388      0.40165460D-01
  817  0.22173440      0.44100359D-01
  818  0.22444771      0.48196212D-01
  819  0.22719423      0.52446069D-01
  820  0.22997435      0.56842325D-01
  821  0.23278850      0.61376730D-01
  822  0.23563708      0.66040406D-01
  823  0.23852052      0.70823864D-01
  824  0.24143924      0.75717032D-01
  825  0.24439368      0.80709279D-01
  826  0.24738427      0.85789440D-01
  827  0.25041146      0.90945857D-01
  828  0.25347569      0.96166405D-01
  829  0.25657741      0.10143854D+00
  830  0.25971709      0.10674932D+00
  831  0.26289520      0.11208548D+00
  832  0.26611219      0.11743345D+00
  833  0.26936854      0.12277942D+00
  834  0.27266474      0.12810937D+00
  835  0.27600128      0.13340916D+00
  836  0.27937865      0.13866454D+00
  837  0.28279734      0.14386122D+00
  838  0.28625787      0.14898495D+00
  839  0.28976075      0.15402153D+00
  840  0.29330649      0.15895691D+00
  841  0.29689561      0.16377724D+00
  842  0.30052866      0.16846888D+00
  843  0.30420616      0.17301853D+00
  844  0.30792866      0.17741323D+00
  845  0.31169672      0.18164044D+00
  846  0.31551088      0.18568807D+00
  847  0.31937172      0.18954458D+00
  848  0.32327980      0.19319896D+00
  849  0.32723571      0.19664083D+00
  850  0.33124002      0.19986046D+00
  851  0.33529333      0.20284883D+00
  852  0.33939624      0.20559765D+00
  853  0.34354935      0.20809939D+00
  854  0.34775329      0.21034734D+00
  855  0.35200867      0.21233561D+00
  856  0.35631612      0.21405916D+00
  857  0.36067629      0.21551383D+00
  858  0.36508980      0.21669634D+00
  859  0.36955733      0.21760431D+00
  860  0.37407952      0.21823627D+00
  861  0.37865704      0.21859166D+00
  862  0.38329059      0.21867081D+00
  863  0.38798083      0.21847498D+00
  864  0.39272847      0.21800627D+00
  865  0.39753420      0.21726771D+00
  866  0.40239874      0.21626314D+00
  867  0.40732280      0.21499725D+00
  868  0.41230712      0.21347555D+00
  869  0.41735243      0.21170429D+00
  870  0.42245948      0.20969050D+00
  871  0.42762902      0.20744189D+00
  872  0.43286182      0.20496684D+00
  873  0.43815866      0.20227435D+00
  874  0.44352031      0.19937399D+00
  875  0.44894757      0.19627589D+00
  876  0.45444124      0.19299062D+00
  877  0.46000214      0.18952919D+00
  878  0.46563108      0.18590301D+00
  879  0.47132891      0.18212378D+00
  880  0.47709646      0.17820349D+00
  881  0.48293458      0.17415432D+00
  882  0.48884414      0.16998864D+00
  883  0.49482602      0.16571891D+00
  884  0.50088110      0.16135762D+00
  885  0.50701027      0.15691730D+00
  886  0.51321444      0.15241039D+00
  887  0.51949453      0.14784924D+00
  888  0.52585147      0.14324604D+00
  889  0.53228620      0.13861278D+00
  890  0.53879967      0.13396119D+00
  891  0.54539284      0.12930274D+00
  892  0.55206669      0.12464853D+00
  893  0.55882221      0.12000932D+00
  894  0.56566040      0.11539546D+00
  895  0.57258226      0.11081684D+00
  896  0.57958882      0.10628292D+00
  897  0.58668112      0.10180266D+00
  898  0.59386021      0.97384479D-01
  899  0.60112714      0.93036299D-01
  900  0.60848300      0.88765477D-01
  901  0.61592888      0.84578812D-01
  902  0.62346586      0.80482535D-01
  903  0.63109507      0.76482301D-01
  904  0.63881765      0.72583188D-01
  905  0.64663472      0.68789700D-01
  906  0.65454744      0.65105765D-01
  907  0.66255699      0.61534749D-01
  908  0.67066456      0.58079460D-01
  909  0.67887133      0.54742164D-01
  910  0.68717853      0.51524600D-01
  911  0.69558738      0.48427993D-01
  912  0.70409913      0.45453080D-01
  913  0.71271504      0.42600126D-01
  914  0.72143637      0.39868948D-01
  915  0.73026443      0.37258942D-01
  916  0.73920052      0.34769105D-01
  917  0.74824595      0.32398065D-01
  918  0.75740207      0.30144105D-01
  919  0.76667023      0.28005192D-01
  920  0.77605181      0.25979008D-01
  921  0.78554818      0.24062973D-01
  922  0.79516076      0.22254276D-01
  923  0.80489097      0.20549904D-01
  924  0.81474024      0.18946668D-01
  925  0.82471003      0.17441227D-01
  926  0.83480183      0.16030118D-01
  927  0.84501711      0.14709779D-01
  928  0.85535740      0.13476573D-01
  929  0.86582422      0.12326811D-01
  930  0.87641912      0.11256774D-01
  931  0.88714367      0.10262729D-01
  932  0.89799945      0.93409561D-02
  933  0.90898807      0.84877583D-02
  934  0.92011116      0.76994815D-02
  935  0.93137035      0.69725279D-02
  936  0.94276733      0.63033696D-02
  937  0.95430376      0.56885601D-02
  938  0.96598137      0.51247451D-02
  939  0.97780187      0.46086709D-02
  940  0.98976701      0.41371926D-02
  941  1.00187857      0.37072804D-02
  942  1.01413834      0.33160244D-02
  943  1.02654813      0.29606391D-02
  944  1.03910977      0.26384659D-02
  945  1.05182512      0.23469752D-02
  946  1.06469608      0.20837670D-02
  947  1.07772453      0.18465711D-02
  948  1.09091240      0.16332461D-02
  949  1.10426166      0.14417779D-02
  950  1.11777426      0.12702774D-02
  951  1.13145222      0.11169778D-02
  952  1.14529755      0.98023105D-03
  953  1.15931230      0.85850420D-03
  954  1.17349855      0.75037523D-03
  955  1.18785840      0.65452854D-03
  956  1.20239396      0.56975035D-03
  957  1.21710739      0.49492376D-03
  958  1.23200086      0.42902382D-03
  959  1.24707658      0.37111244D-03
  960  1.26233678      0.32033335D-03
  961  1.27778372      0.27590704D-03
  962  1.29341968      0.23712575D-03
  963  1.30924697      0.20334863D-03
  964  1.32526793      0.17399692D-03
  965  1.34148494      0.14854932D-03
  966  1.35790040      0.12653760D-03
  967  1.37451672      0.10754227D-03
  968  1.39133638      0.91188552D-04
  969  1.40836186      0.77142481D-04
  970  1.42559567      0.65107297D-04
  971  1.44304037      0.54819996D-04
  972  1.46069854      0.46048132D-04
  973  1.47857278      0.38586822D-04
  974  1.49666575      0.32255975D-04
  975  1.51498012      0.26897730D-04
  976  1.53351859      0.22374089D-04
  977  1.55228392      0.18564758D-04
  978  1.57127888      0.15365164D-04
  979  1.59050627      0.12684659D-04
  980  1.60996894      0.10444885D-04
  981  1.62966978      0.85783025D-05
  982  1.64961169      0.70268588D-05
  983  1.66979762      0.57408022D-05
  984  1.69023057      0.46776166D-05
  985  1.71091354      0.38010751D-05
  986  1.73184961      0.30803996D-05
  987  1.75304187      0.24895184D-05
  988  1.77449346      0.20064119D-05
  989  1.79620755      0.16125382D-05
  990  1.81818734      0.12923308D-05
  991  1.84043610      0.10327606D-05
  992  1.86295711      0.82295535D-06
  993  1.88575370      0.65387065D-06
  994  1.90882925      0.51800574D-06
  995  1.93218717      0.40915942D-06
  996  1.95583092      0.32222097D-06
  997  1.97976399      0.25299166D-06
  998  2.00398993      0.19803302D-06
  999  2.02851231      0.15453815D-06
 1000  2.05333477      0.12022317D-06
 1001  2.07846097      0.93235767D-07
 1002  2.10389464      0.72078592D-07
 1003  2.12963953      0.55545237D-07
 1004  2.15569946      0.42666937D-07
 1005  2.18207828      0.32668370D-07
 1006  2.20877989      0.24931131D-07
 1007  2.23580824      0.18963656D-07
 1008  2.26316733      0.14376550D-07
 1009  2.29086121      0.10862421D-07
 1010  2.31889397      0.81794576D-08
 1011  2.34726976      0.61381094D-08
 1012  2.37599278      0.45903194D-08
 1013  2.40506728      0.34208555D-08
 1014  2.43449756      0.25403564D-08
 1015  2.46428797      0.18797754D-08
 1016  2.49444292      0.13859596D-08
 1017  2.52496686      0.10181423D-08
 1018  2.55586432      0.74516022D-09
 1019  2.58713987      0.54332112D-09
 1020  2.61879813      0.39464384D-09
 1021  2.65084378      0.28546740D-09
 1022  2.68328157      0.20569205D-09
