 ir        r              f(r)*r^2
    1  0.00001085      0.10506271D-15
    2  0.00001099      0.11029978D-15
    3  0.00001112      0.11579789D-15
    4  0.00001126      0.12157005D-15
    5  0.00001140      0.12762993D-15
    6  0.00001154      0.13399187D-15
    7  0.00001168      0.14067092D-15
    8  0.00001182      0.14768289D-15
    9  0.00001196      0.15504437D-15
   10  0.00001211      0.16277278D-15
   11  0.00001226      0.17088641D-15
   12  0.00001241      0.17940446D-15
   13  0.00001256      0.18834709D-15
   14  0.00001271      0.19773547D-15
   15  0.00001287      0.20759179D-15
   16  0.00001303      0.21793941D-15
   17  0.00001319      0.22880279D-15
   18  0.00001335      0.24020764D-15
   19  0.00001351      0.25218096D-15
   20  0.00001368      0.26475107D-15
   21  0.00001384      0.27794773D-15
   22  0.00001401      0.29180215D-15
   23  0.00001419      0.30634713D-15
   24  0.00001436      0.32161708D-15
   25  0.00001453      0.33764813D-15
   26  0.00001471      0.35447822D-15
   27  0.00001489      0.37214717D-15
   28  0.00001507      0.39069680D-15
   29  0.00001526      0.41017099D-15
   30  0.00001545      0.43061582D-15
   31  0.00001563      0.45207968D-15
   32  0.00001583      0.47461335D-15
   33  0.00001602      0.49827015D-15
   34  0.00001622      0.52310606D-15
   35  0.00001641      0.54917983D-15
   36  0.00001662      0.57655318D-15
   37  0.00001682      0.60529086D-15
   38  0.00001702      0.63546087D-15
   39  0.00001723      0.66713460D-15
   40  0.00001744      0.70038699D-15
   41  0.00001766      0.73529672D-15
   42  0.00001787      0.77194639D-15
   43  0.00001809      0.81042271D-15
   44  0.00001831      0.85081673D-15
   45  0.00001854      0.89322400D-15
   46  0.00001876      0.93774487D-15
   47  0.00001899      0.98448468D-15
   48  0.00001923      0.10335540D-14
   49  0.00001946      0.10850690D-14
   50  0.00001970      0.11391514D-14
   51  0.00001994      0.11959293D-14
   52  0.00002018      0.12555370D-14
   53  0.00002043      0.13181154D-14
   54  0.00002068      0.13838128D-14
   55  0.00002093      0.14527844D-14
   56  0.00002119      0.15251935D-14
   57  0.00002145      0.16012114D-14
   58  0.00002171      0.16810179D-14
   59  0.00002198      0.17648018D-14
   60  0.00002225      0.18527614D-14
   61  0.00002252      0.19451047D-14
   62  0.00002279      0.20420502D-14
   63  0.00002307      0.21438272D-14
   64  0.00002336      0.22506765D-14
   65  0.00002364      0.23628509D-14
   66  0.00002393      0.24806157D-14
   67  0.00002422      0.26042496D-14
   68  0.00002452      0.27340449D-14
   69  0.00002482      0.28703088D-14
   70  0.00002512      0.30133636D-14
   71  0.00002543      0.31635477D-14
   72  0.00002574      0.33212163D-14
   73  0.00002606      0.34867424D-14
   74  0.00002638      0.36605176D-14
   75  0.00002670      0.38429529D-14
   76  0.00002703      0.40344799D-14
   77  0.00002736      0.42355516D-14
   78  0.00002769      0.44466436D-14
   79  0.00002803      0.46682553D-14
   80  0.00002837      0.49009107D-14
   81  0.00002872      0.51451603D-14
   82  0.00002907      0.54015817D-14
   83  0.00002943      0.56707815D-14
   84  0.00002979      0.59533964D-14
   85  0.00003015      0.62500948D-14
   86  0.00003052      0.65615784D-14
   87  0.00003090      0.68885841D-14
   88  0.00003127      0.72318851D-14
   89  0.00003166      0.75922935D-14
   90  0.00003204      0.79706617D-14
   91  0.00003244      0.83678845D-14
   92  0.00003283      0.87849014D-14
   93  0.00003323      0.92226986D-14
   94  0.00003364      0.96823115D-14
   95  0.00003405      0.10164827D-13
   96  0.00003447      0.10671386D-13
   97  0.00003489      0.11203187D-13
   98  0.00003532      0.11761488D-13
   99  0.00003575      0.12347608D-13
  100  0.00003619      0.12962934D-13
  101  0.00003663      0.13608921D-13
  102  0.00003708      0.14287096D-13
  103  0.00003753      0.14999063D-13
  104  0.00003799      0.15746506D-13
  105  0.00003846      0.16531192D-13
  106  0.00003893      0.17354977D-13
  107  0.00003940      0.18219809D-13
  108  0.00003989      0.19127732D-13
  109  0.00004037      0.20080893D-13
  110  0.00004087      0.21081546D-13
  111  0.00004137      0.22132058D-13
  112  0.00004187      0.23234911D-13
  113  0.00004239      0.24392714D-13
  114  0.00004290      0.25608203D-13
  115  0.00004343      0.26884254D-13
  116  0.00004396      0.28223882D-13
  117  0.00004450      0.29630255D-13
  118  0.00004504      0.31106697D-13
  119  0.00004560      0.32656700D-13
  120  0.00004615      0.34283928D-13
  121  0.00004672      0.35992228D-13
  122  0.00004729      0.37785637D-13
  123  0.00004787      0.39668397D-13
  124  0.00004845      0.41644957D-13
  125  0.00004905      0.43719990D-13
  126  0.00004965      0.45898401D-13
  127  0.00005025      0.48185340D-13
  128  0.00005087      0.50586212D-13
  129  0.00005149      0.53106693D-13
  130  0.00005212      0.55752740D-13
  131  0.00005276      0.58530608D-13
  132  0.00005341      0.61446862D-13
  133  0.00005406      0.64508396D-13
  134  0.00005472      0.67722445D-13
  135  0.00005539      0.71096606D-13
  136  0.00005607      0.74638853D-13
  137  0.00005675      0.78357558D-13
  138  0.00005745      0.82261510D-13
  139  0.00005815      0.86359935D-13
  140  0.00005886      0.90662519D-13
  141  0.00005958      0.95179429D-13
  142  0.00006031      0.99921339D-13
  143  0.00006105      0.10489946D-12
  144  0.00006180      0.11012554D-12
  145  0.00006255      0.11561195D-12
  146  0.00006332      0.12137164D-12
  147  0.00006409      0.12741822D-12
  148  0.00006488      0.13376598D-12
  149  0.00006567      0.14042992D-12
  150  0.00006648      0.14742578D-12
  151  0.00006729      0.15477010D-12
  152  0.00006811      0.16248021D-12
  153  0.00006895      0.17057435D-12
  154  0.00006979      0.17907163D-12
  155  0.00007064      0.18799213D-12
  156  0.00007151      0.19735692D-12
  157  0.00007238      0.20718812D-12
  158  0.00007327      0.21750895D-12
  159  0.00007417      0.22834381D-12
  160  0.00007507      0.23971827D-12
  161  0.00007599      0.25165921D-12
  162  0.00007692      0.26419483D-12
  163  0.00007786      0.27735475D-12
  164  0.00007882      0.29117003D-12
  165  0.00007978      0.30567332D-12
  166  0.00008076      0.32089886D-12
  167  0.00008174      0.33688262D-12
  168  0.00008274      0.35366234D-12
  169  0.00008376      0.37127764D-12
  170  0.00008478      0.38977013D-12
  171  0.00008582      0.40918347D-12
  172  0.00008687      0.42956350D-12
  173  0.00008793      0.45095835D-12
  174  0.00008901      0.47341854D-12
  175  0.00009010      0.49699709D-12
  176  0.00009120      0.52174967D-12
  177  0.00009232      0.54773473D-12
  178  0.00009345      0.57501361D-12
  179  0.00009459      0.60365072D-12
  180  0.00009575      0.63371365D-12
  181  0.00009692      0.66527337D-12
  182  0.00009811      0.69840438D-12
  183  0.00009931      0.73318490D-12
  184  0.00010052      0.76969701D-12
  185  0.00010175      0.80802689D-12
  186  0.00010300      0.84826501D-12
  187  0.00010426      0.89050633D-12
  188  0.00010553      0.93485056D-12
  189  0.00010682      0.98140234D-12
  190  0.00010813      0.10302715D-11
  191  0.00010945      0.10815734D-11
  192  0.00011079      0.11354291D-11
  193  0.00011215      0.11919657D-11
  194  0.00011352      0.12513165D-11
  195  0.00011491      0.13136216D-11
  196  0.00011632      0.13790280D-11
  197  0.00011774      0.14476900D-11
  198  0.00011918      0.15197696D-11
  199  0.00012064      0.15954368D-11
  200  0.00012212      0.16748701D-11
  201  0.00012361      0.17582568D-11
  202  0.00012512      0.18457938D-11
  203  0.00012665      0.19376873D-11
  204  0.00012820      0.20341542D-11
  205  0.00012977      0.21354220D-11
  206  0.00013136      0.22417294D-11
  207  0.00013297      0.23533273D-11
  208  0.00013459      0.24704786D-11
  209  0.00013624      0.25934597D-11
  210  0.00013791      0.27225605D-11
  211  0.00013960      0.28580855D-11
  212  0.00014130      0.30003541D-11
  213  0.00014303      0.31497016D-11
  214  0.00014478      0.33064803D-11
  215  0.00014656      0.34710596D-11
  216  0.00014835      0.36438275D-11
  217  0.00015016      0.38251912D-11
  218  0.00015200      0.40155782D-11
  219  0.00015386      0.42154370D-11
  220  0.00015574      0.44252388D-11
  221  0.00015765      0.46454779D-11
  222  0.00015958      0.48766733D-11
  223  0.00016153      0.51193697D-11
  224  0.00016351      0.53741389D-11
  225  0.00016551      0.56415811D-11
  226  0.00016753      0.59223265D-11
  227  0.00016958      0.62170362D-11
  228  0.00017166      0.65264046D-11
  229  0.00017376      0.68511603D-11
  230  0.00017589      0.71920681D-11
  231  0.00017804      0.75499310D-11
  232  0.00018022      0.79255917D-11
  233  0.00018242      0.83199347D-11
  234  0.00018466      0.87338886D-11
  235  0.00018691      0.91684280D-11
  236  0.00018920      0.96245760D-11
  237  0.00019152      0.10103406D-10
  238  0.00019386      0.10606046D-10
  239  0.00019623      0.11133679D-10
  240  0.00019863      0.11687546D-10
  241  0.00020106      0.12268952D-10
  242  0.00020353      0.12879264D-10
  243  0.00020602      0.13519918D-10
  244  0.00020854      0.14192422D-10
  245  0.00021109      0.14898358D-10
  246  0.00021367      0.15639388D-10
  247  0.00021629      0.16417253D-10
  248  0.00021893      0.17233785D-10
  249  0.00022161      0.18090903D-10
  250  0.00022432      0.18990624D-10
  251  0.00022707      0.19935063D-10
  252  0.00022985      0.20926441D-10
  253  0.00023266      0.21967089D-10
  254  0.00023551      0.23059454D-10
  255  0.00023839      0.24206105D-10
  256  0.00024131      0.25409735D-10
  257  0.00024426      0.26673176D-10
  258  0.00024725      0.27999395D-10
  259  0.00025027      0.29391511D-10
  260  0.00025334      0.30852793D-10
  261  0.00025644      0.32386677D-10
  262  0.00025957      0.33996765D-10
  263  0.00026275      0.35686841D-10
  264  0.00026597      0.37460873D-10
  265  0.00026922      0.39323030D-10
  266  0.00027251      0.41277685D-10
  267  0.00027585      0.43329427D-10
  268  0.00027922      0.45483075D-10
  269  0.00028264      0.47743685D-10
  270  0.00028610      0.50116565D-10
  271  0.00028960      0.52607284D-10
  272  0.00029314      0.55221688D-10
  273  0.00029673      0.57965914D-10
  274  0.00030036      0.60846401D-10
  275  0.00030404      0.63869909D-10
  276  0.00030776      0.67043530D-10
  277  0.00031152      0.70374711D-10
  278  0.00031534      0.73871264D-10
  279  0.00031920      0.77541390D-10
  280  0.00032310      0.81393698D-10
  281  0.00032705      0.85437218D-10
  282  0.00033106      0.89681433D-10
  283  0.00033511      0.94136291D-10
  284  0.00033921      0.98812235D-10
  285  0.00034336      0.10372022D-09
  286  0.00034756      0.10887176D-09
  287  0.00035181      0.11427891D-09
  288  0.00035612      0.11995435D-09
  289  0.00036048      0.12591137D-09
  290  0.00036489      0.13216393D-09
  291  0.00036935      0.13872666D-09
  292  0.00037387      0.14561494D-09
  293  0.00037845      0.15284489D-09
  294  0.00038308      0.16043343D-09
  295  0.00038777      0.16839834D-09
  296  0.00039251      0.17675825D-09
  297  0.00039731      0.18553272D-09
  298  0.00040218      0.19474228D-09
  299  0.00040710      0.20440849D-09
  300  0.00041208      0.21455394D-09
  301  0.00041712      0.22520236D-09
  302  0.00042223      0.23637866D-09
  303  0.00042739      0.24810896D-09
  304  0.00043262      0.26042069D-09
  305  0.00043792      0.27334262D-09
  306  0.00044328      0.28690495D-09
  307  0.00044870      0.30113936D-09
  308  0.00045419      0.31607911D-09
  309  0.00045975      0.33175910D-09
  310  0.00046537      0.34821595D-09
  311  0.00047107      0.36548807D-09
  312  0.00047683      0.38361580D-09
  313  0.00048267      0.40264145D-09
  314  0.00048857      0.42260942D-09
  315  0.00049455      0.44356630D-09
  316  0.00050060      0.46556098D-09
  317  0.00050673      0.48864477D-09
  318  0.00051293      0.51287151D-09
  319  0.00051921      0.53829767D-09
  320  0.00052556      0.56498255D-09
  321  0.00053199      0.59298832D-09
  322  0.00053850      0.62238027D-09
  323  0.00054509      0.65322686D-09
  324  0.00055176      0.68559996D-09
  325  0.00055851      0.71957496D-09
  326  0.00056535      0.75523097D-09
  327  0.00057227      0.79265101D-09
  328  0.00057927      0.83192216D-09
  329  0.00058636      0.87313583D-09
  330  0.00059353      0.91638789D-09
  331  0.00060079      0.96177895D-09
  332  0.00060815      0.10094146D-08
  333  0.00061559      0.10594055D-08
  334  0.00062312      0.11118680D-08
  335  0.00063075      0.11669240D-08
  336  0.00063846      0.12247013D-08
  337  0.00064628      0.12853342D-08
  338  0.00065419      0.13489636D-08
  339  0.00066219      0.14157371D-08
  340  0.00067029      0.14858097D-08
  341  0.00067850      0.15593441D-08
  342  0.00068680      0.16365110D-08
  343  0.00069520      0.17174892D-08
  344  0.00070371      0.18024667D-08
  345  0.00071232      0.18916403D-08
  346  0.00072104      0.19852168D-08
  347  0.00072986      0.20834131D-08
  348  0.00073879      0.21864567D-08
  349  0.00074783      0.22945861D-08
  350  0.00075698      0.24080518D-08
  351  0.00076625      0.25271163D-08
  352  0.00077562      0.26520554D-08
  353  0.00078511      0.27831579D-08
  354  0.00079472      0.29207270D-08
  355  0.00080445      0.30650810D-08
  356  0.00081429      0.32165535D-08
  357  0.00082425      0.33754944D-08
  358  0.00083434      0.35422709D-08
  359  0.00084455      0.37172683D-08
  360  0.00085488      0.39008906D-08
  361  0.00086535      0.40935614D-08
  362  0.00087593      0.42957255D-08
  363  0.00088665      0.45078490D-08
  364  0.00089750      0.47304212D-08
  365  0.00090849      0.49639550D-08
  366  0.00091960      0.52089886D-08
  367  0.00093086      0.54660864D-08
  368  0.00094225      0.57358404D-08
  369  0.00095378      0.60188717D-08
  370  0.00096545      0.63158316D-08
  371  0.00097726      0.66274030D-08
  372  0.00098922      0.69543026D-08
  373  0.00100132      0.72972817D-08
  374  0.00101358      0.76571285D-08
  375  0.00102598      0.80346696D-08
  376  0.00103854      0.84307719D-08
  377  0.00105124      0.88463446D-08
  378  0.00106411      0.92823410D-08
  379  0.00107713      0.97397614D-08
  380  0.00109031      0.10219654D-07
  381  0.00110365      0.10723119D-07
  382  0.00111716      0.11251310D-07
  383  0.00113083      0.11805436D-07
  384  0.00114466      0.12386766D-07
  385  0.00115867      0.12996629D-07
  386  0.00117285      0.13636420D-07
  387  0.00118720      0.14307603D-07
  388  0.00120173      0.15011710D-07
  389  0.00121643      0.15750350D-07
  390  0.00123132      0.16525208D-07
  391  0.00124639      0.17338055D-07
  392  0.00126164      0.18190743D-07
  393  0.00127708      0.19085216D-07
  394  0.00129270      0.20023513D-07
  395  0.00130852      0.21007771D-07
  396  0.00132454      0.22040231D-07
  397  0.00134074      0.23123242D-07
  398  0.00135715      0.24259268D-07
  399  0.00137376      0.25450891D-07
  400  0.00139057      0.26700819D-07
  401  0.00140758      0.28011890D-07
  402  0.00142481      0.29387080D-07
  403  0.00144224      0.30829509D-07
  404  0.00145989      0.32342447D-07
  405  0.00147776      0.33929324D-07
  406  0.00149584      0.35593733D-07
  407  0.00151414      0.37339443D-07
  408  0.00153267      0.39170403D-07
  409  0.00155143      0.41090752D-07
  410  0.00157041      0.43104832D-07
  411  0.00158963      0.45217191D-07
  412  0.00160908      0.47432596D-07
  413  0.00162877      0.49756047D-07
  414  0.00164870      0.52192781D-07
  415  0.00166887      0.54748289D-07
  416  0.00168930      0.57428326D-07
  417  0.00170997      0.60238922D-07
  418  0.00173089      0.63186398D-07
  419  0.00175207      0.66277380D-07
  420  0.00177351      0.69518810D-07
  421  0.00179521      0.72917963D-07
  422  0.00181718      0.76482465D-07
  423  0.00183942      0.80220305D-07
  424  0.00186193      0.84139857D-07
  425  0.00188471      0.88249895D-07
  426  0.00190777      0.92559613D-07
  427  0.00193112      0.97078644D-07
  428  0.00195475      0.10181708D-06
  429  0.00197867      0.10678551D-06
  430  0.00200288      0.11199500D-06
  431  0.00202739      0.11745717D-06
  432  0.00205220      0.12318418D-06
  433  0.00207731      0.12918878D-06
  434  0.00210273      0.13548432D-06
  435  0.00212846      0.14208479D-06
  436  0.00215451      0.14900485D-06
  437  0.00218087      0.15625984D-06
  438  0.00220756      0.16386585D-06
  439  0.00223457      0.17183972D-06
  440  0.00226192      0.18019910D-06
  441  0.00228959      0.18896247D-06
  442  0.00231761      0.19814919D-06
  443  0.00234597      0.20777954D-06
  444  0.00237468      0.21787476D-06
  445  0.00240374      0.22845708D-06
  446  0.00243315      0.23954981D-06
  447  0.00246293      0.25117734D-06
  448  0.00249306      0.26336522D-06
  449  0.00252357      0.27614019D-06
  450  0.00255445      0.28953029D-06
  451  0.00258571      0.30356485D-06
  452  0.00261735      0.31827458D-06
  453  0.00264938      0.33369166D-06
  454  0.00268180      0.34984975D-06
  455  0.00271461      0.36678413D-06
  456  0.00274783      0.38453171D-06
  457  0.00278146      0.40313113D-06
  458  0.00281549      0.42262287D-06
  459  0.00284995      0.44304927D-06
  460  0.00288482      0.46445468D-06
  461  0.00292012      0.48688552D-06
  462  0.00295585      0.51039036D-06
  463  0.00299202      0.53502006D-06
  464  0.00302864      0.56082784D-06
  465  0.00306570      0.58786942D-06
  466  0.00310321      0.61620310D-06
  467  0.00314118      0.64588988D-06
  468  0.00317962      0.67699362D-06
  469  0.00321853      0.70958114D-06
  470  0.00325792      0.74372236D-06
  471  0.00329778      0.77949043D-06
  472  0.00333814      0.81696191D-06
  473  0.00337898      0.85621689D-06
  474  0.00342033      0.89733915D-06
  475  0.00346219      0.94041637D-06
  476  0.00350455      0.98554026D-06
  477  0.00354744      0.10328067D-05
  478  0.00359085      0.10823162D-05
  479  0.00363479      0.11341735D-05
  480  0.00367926      0.11884886D-05
  481  0.00372429      0.12453762D-05
  482  0.00376986      0.13049564D-05
  483  0.00381599      0.13673549D-05
  484  0.00386269      0.14327029D-05
  485  0.00390995      0.15011379D-05
  486  0.00395780      0.15728033D-05
  487  0.00400623      0.16478494D-05
  488  0.00405525      0.17264332D-05
  489  0.00410488      0.18087187D-05
  490  0.00415511      0.18948777D-05
  491  0.00420595      0.19850893D-05
  492  0.00425742      0.20795412D-05
  493  0.00430952      0.21784292D-05
  494  0.00436225      0.22819582D-05
  495  0.00441563      0.23903424D-05
  496  0.00446966      0.25038053D-05
  497  0.00452436      0.26225808D-05
  498  0.00457972      0.27469132D-05
  499  0.00463576      0.28770577D-05
  500  0.00469249      0.30132811D-05
  501  0.00474991      0.31558618D-05
  502  0.00480803      0.33050911D-05
  503  0.00486687      0.34612729D-05
  504  0.00492642      0.36247249D-05
  505  0.00498671      0.37957788D-05
  506  0.00504773      0.39747810D-05
  507  0.00510950      0.41620934D-05
  508  0.00517202      0.43580938D-05
  509  0.00523531      0.45631767D-05
  510  0.00529937      0.47777541D-05
  511  0.00536422      0.50022560D-05
  512  0.00542986      0.52371315D-05
  513  0.00549630      0.54828492D-05
  514  0.00556356      0.57398984D-05
  515  0.00563164      0.60087896D-05
  516  0.00570055      0.62900558D-05
  517  0.00577031      0.65842532D-05
  518  0.00584092      0.68919621D-05
  519  0.00591239      0.72137879D-05
  520  0.00598474      0.75503624D-05
  521  0.00605798      0.79023447D-05
  522  0.00613211      0.82704223D-05
  523  0.00620714      0.86553123D-05
  524  0.00628310      0.90577625D-05
  525  0.00635998      0.94785531D-05
  526  0.00643781      0.99184972D-05
  527  0.00651659      0.10378443D-04
  528  0.00659633      0.10859275D-04
  529  0.00667705      0.11361914D-04
  530  0.00675875      0.11887323D-04
  531  0.00684146      0.12436501D-04
  532  0.00692518      0.13010493D-04
  533  0.00700992      0.13610387D-04
  534  0.00709570      0.14237316D-04
  535  0.00718253      0.14892461D-04
  536  0.00727042      0.15577052D-04
  537  0.00735938      0.16292371D-04
  538  0.00744944      0.17039753D-04
  539  0.00754060      0.17820588D-04
  540  0.00763287      0.18636322D-04
  541  0.00772627      0.19488465D-04
  542  0.00782081      0.20378585D-04
  543  0.00791652      0.21308315D-04
  544  0.00801339      0.22279356D-04
  545  0.00811145      0.23293478D-04
  546  0.00821070      0.24352522D-04
  547  0.00831118      0.25458405D-04
  548  0.00841288      0.26613119D-04
  549  0.00851583      0.27818739D-04
  550  0.00862003      0.29077422D-04
  551  0.00872551      0.30391410D-04
  552  0.00883229      0.31763036D-04
  553  0.00894036      0.33194726D-04
  554  0.00904977      0.34689001D-04
  555  0.00916051      0.36248480D-04
  556  0.00927260      0.37875887D-04
  557  0.00938607      0.39574053D-04
  558  0.00950092      0.41345917D-04
  559  0.00961718      0.43194533D-04
  560  0.00973487      0.45123076D-04
  561  0.00985399      0.47134838D-04
  562  0.00997457      0.49233241D-04
  563  0.01009663      0.51421837D-04
  564  0.01022018      0.53704312D-04
  565  0.01034524      0.56084494D-04
  566  0.01047183      0.58566351D-04
  567  0.01059997      0.61154005D-04
  568  0.01072968      0.63851728D-04
  569  0.01086098      0.66663952D-04
  570  0.01099388      0.69595273D-04
  571  0.01112841      0.72650456D-04
  572  0.01126459      0.75834441D-04
  573  0.01140243      0.79152347D-04
  574  0.01154196      0.82609477D-04
  575  0.01168320      0.86211329D-04
  576  0.01182616      0.89963594D-04
  577  0.01197088      0.93872167D-04
  578  0.01211736      0.97943151D-04
  579  0.01226564      0.10218287D-03
  580  0.01241573      0.10659785D-03
  581  0.01256766      0.11119487D-03
  582  0.01272145      0.11598092D-03
  583  0.01287712      0.12096325D-03
  584  0.01303469      0.12614933D-03
  585  0.01319419      0.13154692D-03
  586  0.01335565      0.13716400D-03
  587  0.01351908      0.14300885D-03
  588  0.01368451      0.14908999D-03
  589  0.01385196      0.15541625D-03
  590  0.01402147      0.16199674D-03
  591  0.01419304      0.16884084D-03
  592  0.01436672      0.17595826D-03
  593  0.01454252      0.18335901D-03
  594  0.01472048      0.19105340D-03
  595  0.01490061      0.19905207D-03
  596  0.01508294      0.20736599D-03
  597  0.01526751      0.21600647D-03
  598  0.01545433      0.22498515D-03
  599  0.01564345      0.23431402D-03
  600  0.01583487      0.24400542D-03
  601  0.01602864      0.25407206D-03
  602  0.01622478      0.26452701D-03
  603  0.01642332      0.27538372D-03
  604  0.01662429      0.28665601D-03
  605  0.01682771      0.29835807D-03
  606  0.01703363      0.31050452D-03
  607  0.01724207      0.32311033D-03
  608  0.01745305      0.33619089D-03
  609  0.01766662      0.34976198D-03
  610  0.01788281      0.36383981D-03
  611  0.01810163      0.37844098D-03
  612  0.01832314      0.39358251D-03
  613  0.01854736      0.40928182D-03
  614  0.01877432      0.42555676D-03
  615  0.01900405      0.44242561D-03
  616  0.01923660      0.45990706D-03
  617  0.01947199      0.47802020D-03
  618  0.01971027      0.49678456D-03
  619  0.01995146      0.51622008D-03
  620  0.02019560      0.53634713D-03
  621  0.02044273      0.55718645D-03
  622  0.02069288      0.57875924D-03
  623  0.02094610      0.60108706D-03
  624  0.02120241      0.62419189D-03
  625  0.02146186      0.64809608D-03
  626  0.02172448      0.67282237D-03
  627  0.02199032      0.69839387D-03
  628  0.02225941      0.72483405D-03
  629  0.02253180      0.75216671D-03
  630  0.02280751      0.78041600D-03
  631  0.02308660      0.80960637D-03
  632  0.02336911      0.83976259D-03
  633  0.02365507      0.87090967D-03
  634  0.02394453      0.90307292D-03
  635  0.02423754      0.93627786D-03
  636  0.02453413      0.97055024D-03
  637  0.02483434      0.10059160D-02
  638  0.02513824      0.10424011D-02
  639  0.02544585      0.10800319D-02
  640  0.02575722      0.11188345D-02
  641  0.02607241      0.11588354D-02
  642  0.02639145      0.12000609D-02
  643  0.02671440      0.12425374D-02
  644  0.02704130      0.12862910D-02
  645  0.02737219      0.13313479D-02
  646  0.02770714      0.13777342D-02
  647  0.02804619      0.14254755D-02
  648  0.02838938      0.14745973D-02
  649  0.02873678      0.15251248D-02
  650  0.02908842      0.15770828D-02
  651  0.02944437      0.16304955D-02
  652  0.02980468      0.16853867D-02
  653  0.03016939      0.17417796D-02
  654  0.03053857      0.17996967D-02
  655  0.03091226      0.18591596D-02
  656  0.03129053      0.19201895D-02
  657  0.03167342      0.19828061D-02
  658  0.03206100      0.20470286D-02
  659  0.03245332      0.21128747D-02
  660  0.03285045      0.21803612D-02
  661  0.03325243      0.22495034D-02
  662  0.03365934      0.23203154D-02
  663  0.03407122      0.23928095D-02
  664  0.03448814      0.24669966D-02
  665  0.03491016      0.25428858D-02
  666  0.03533735      0.26204844D-02
  667  0.03576977      0.26997976D-02
  668  0.03620747      0.27808286D-02
  669  0.03665054      0.28635783D-02
  670  0.03709902      0.29480453D-02
  671  0.03755299      0.30342256D-02
  672  0.03801252      0.31221126D-02
  673  0.03847767      0.32116969D-02
  674  0.03894851      0.33029664D-02
  675  0.03942512      0.33959056D-02
  676  0.03990755      0.34904959D-02
  677  0.04039589      0.35867154D-02
  678  0.04089021      0.36845387D-02
  679  0.04139057      0.37839366D-02
  680  0.04189706      0.38848762D-02
  681  0.04240975      0.39873205D-02
  682  0.04292871      0.40912284D-02
  683  0.04345402      0.41965547D-02
  684  0.04398575      0.43032496D-02
  685  0.04452400      0.44112586D-02
  686  0.04506883      0.45205227D-02
  687  0.04562032      0.46309780D-02
  688  0.04617857      0.47425554D-02
  689  0.04674365      0.48551808D-02
  690  0.04731564      0.49687747D-02
  691  0.04789463      0.50832523D-02
  692  0.04848071      0.51985232D-02
  693  0.04907395      0.53144913D-02
  694  0.04967446      0.54310548D-02
  695  0.05028232      0.55481061D-02
  696  0.05089761      0.56655313D-02
  697  0.05152043      0.57832110D-02
  698  0.05215088      0.59010194D-02
  699  0.05278903      0.60188245D-02
  700  0.05343500      0.61364883D-02
  701  0.05408887      0.62538664D-02
  702  0.05475075      0.63708083D-02
  703  0.05542072      0.64871574D-02
  704  0.05609889      0.66027506D-02
  705  0.05678536      0.67174189D-02
  706  0.05748023      0.68309873D-02
  707  0.05818360      0.69432745D-02
  708  0.05889558      0.70540936D-02
  709  0.05961628      0.71632518D-02
  710  0.06034579      0.72705510D-02
  711  0.06108423      0.73757873D-02
  712  0.06183170      0.74787520D-02
  713  0.06258832      0.75792313D-02
  714  0.06335420      0.76770069D-02
  715  0.06412945      0.77718558D-02
  716  0.06491419      0.78635516D-02
  717  0.06570853      0.79518637D-02
  718  0.06651259      0.80365586D-02
  719  0.06732649      0.81174000D-02
  720  0.06815035      0.81941492D-02
  721  0.06898429      0.82665660D-02
  722  0.06982844      0.83344086D-02
  723  0.07068291      0.83974348D-02
  724  0.07154784      0.84554025D-02
  725  0.07242336      0.85080701D-02
  726  0.07330959      0.85551974D-02
  727  0.07420666      0.85965465D-02
  728  0.07511471      0.86318822D-02
  729  0.07603387      0.86609733D-02
  730  0.07696428      0.86835931D-02
  731  0.07790608      0.86995203D-02
  732  0.07885940      0.87085401D-02
  733  0.07982438      0.87104454D-02
  734  0.08080118      0.87050372D-02
  735  0.08178992      0.86921260D-02
  736  0.08279077      0.86715330D-02
  737  0.08380386      0.86430910D-02
  738  0.08482935      0.86066454D-02
  739  0.08586739      0.85620556D-02
  740  0.08691813      0.85091961D-02
  741  0.08798172      0.84479574D-02
  742  0.08905834      0.83782478D-02
  743  0.09014812      0.82999940D-02
  744  0.09125125      0.82131424D-02
  745  0.09236787      0.81176607D-02
  746  0.09349815      0.80135387D-02
  747  0.09464227      0.79007897D-02
  748  0.09580039      0.77794514D-02
  749  0.09697267      0.76495875D-02
  750  0.09815931      0.75112884D-02
  751  0.09936046      0.73646726D-02
  752  0.10057631      0.72098875D-02
  753  0.10180704      0.70471105D-02
  754  0.10305283      0.68765502D-02
  755  0.10431387      0.66984468D-02
  756  0.10559033      0.65130732D-02
  757  0.10688242      0.63207358D-02
  758  0.10819032      0.61217751D-02
  759  0.10951422      0.59165662D-02
  760  0.11085432      0.57055191D-02
  761  0.11221082      0.54890795D-02
  762  0.11358392      0.52677286D-02
  763  0.11497382      0.50419834D-02
  764  0.11638073      0.48123967D-02
  765  0.11780485      0.45795569D-02
  766  0.11924641      0.43440874D-02
  767  0.12070560      0.41066467D-02
  768  0.12218265      0.38679273D-02
  769  0.12367777      0.36286548D-02
  770  0.12519119      0.33895874D-02
  771  0.12672312      0.31515143D-02
  772  0.12827380      0.29152544D-02
  773  0.12984346      0.26816549D-02
  774  0.13143233      0.24515893D-02
  775  0.13304064      0.22259556D-02
  776  0.13466863      0.20056741D-02
  777  0.13631654      0.17916850D-02
  778  0.13798461      0.15849456D-02
  779  0.13967310      0.13864278D-02
  780  0.14138225      0.11971151D-02
  781  0.14311231      0.10179991D-02
  782  0.14486354      0.85007615D-03
  783  0.14663621      0.69434398D-03
  784  0.14843056      0.55179765D-03
  785  0.15024687      0.42342564D-03
  786  0.15208541      0.31020569D-03
  787  0.15394645      0.21310046D-03
  788  0.15583026      0.13305306D-03
  789  0.15773712      0.70982418D-04
  790  0.15966731      0.27778558D-04
  791  0.16162112      0.42977494D-05
  792  0.16359885      0.13575735D-05
  793  0.16560077      0.19731923D-04
  794  0.16762719      0.60145958D-04
  795  0.16967841      0.12327103D-03
  796  0.17175472      0.20971963D-03
  797  0.17385645      0.32004031D-03
  798  0.17598389      0.45471274D-03
  799  0.17813737      0.61414275D-03
  800  0.18031720      0.79865758D-03
  801  0.18252370      0.10085012D-02
  802  0.18475720      0.12438297D-02
  803  0.18701803      0.15047074D-02
  804  0.18930653      0.17911023D-02
  805  0.19162303      0.21028826D-02
  806  0.19396788      0.24398131D-02
  807  0.19634142      0.28015521D-02
  808  0.19874401      0.31876489D-02
  809  0.20117600      0.35975407D-02
  810  0.20363774      0.40305516D-02
  811  0.20612961      0.44858901D-02
  812  0.20865198      0.49626491D-02
  813  0.21120520      0.54598048D-02
  814  0.21378967      0.59762167D-02
  815  0.21640577      0.65106289D-02
  816  0.21905388      0.70616707D-02
  817  0.22173440      0.76278588D-02
  818  0.22444771      0.82075998D-02
  819  0.22719423      0.87991931D-02
  820  0.22997435      0.94008350D-02
  821  0.23278850      0.10010623D-01
  822  0.23563708      0.10626562D-01
  823  0.23852052      0.11246569D-01
  824  0.24143924      0.11868478D-01
  825  0.24439368      0.12490051D-01
  826  0.24738427      0.13108986D-01
  827  0.25041146      0.13722919D-01
  828  0.25347569      0.14329442D-01
  829  0.25657741      0.14926106D-01
  830  0.25971709      0.15510436D-01
  831  0.26289520      0.16079938D-01
  832  0.26611219      0.16632115D-01
  833  0.26936854      0.17164473D-01
  834  0.27266474      0.17674539D-01
  835  0.27600128      0.18159871D-01
  836  0.27937865      0.18618069D-01
  837  0.28279734      0.19046794D-01
  838  0.28625787      0.19443775D-01
  839  0.28976075      0.19806826D-01
  840  0.29330649      0.20133859D-01
  841  0.29689561      0.20422898D-01
  842  0.30052866      0.20672092D-01
  843  0.30420616      0.20879725D-01
  844  0.30792866      0.21044237D-01
  845  0.31169672      0.21164226D-01
  846  0.31551088      0.21238471D-01
  847  0.31937172      0.21265933D-01
  848  0.32327980      0.21245776D-01
  849  0.32723571      0.21177370D-01
  850  0.33124002      0.21060304D-01
  851  0.33529333      0.20894395D-01
  852  0.33939624      0.20679692D-01
  853  0.34354935      0.20416489D-01
  854  0.34775329      0.20105326D-01
  855  0.35200867      0.19746997D-01
  856  0.35631612      0.19342550D-01
  857  0.36067629      0.18893292D-01
  858  0.36508980      0.18400791D-01
  859  0.36955733      0.17866871D-01
  860  0.37407952      0.17293617D-01
  861  0.37865704      0.16683368D-01
  862  0.38329059      0.16038711D-01
  863  0.38798083      0.15362480D-01
  864  0.39272847      0.14657747D-01
  865  0.39753420      0.13927812D-01
  866  0.40239874      0.13176195D-01
  867  0.40732280      0.12406621D-01
  868  0.41230712      0.11623014D-01
  869  0.41735243      0.10829477D-01
  870  0.42245948      0.10030279D-01
  871  0.42762902      0.92298369D-02
  872  0.43286182      0.84327015D-02
  873  0.43815866      0.76435344D-02
  874  0.44352031      0.68670902D-02
  875  0.44894757      0.61081951D-02
  876  0.45444124      0.53717255D-02
  877  0.46000214      0.46625849D-02
  878  0.46563108      0.39856811D-02
  879  0.47132891      0.33459023D-02
  880  0.47709646      0.27480928D-02
  881  0.48293458      0.21970284D-02
  882  0.48884414      0.16973915D-02
  883  0.49482602      0.12537468D-02
  884  0.50088110      0.87051568D-03
  885  0.50701027      0.55195230D-03
  886  0.51321444      0.30211903D-03
  887  0.51949453      0.12486284D-03
  888  0.52585147      0.23792168D-04
  889  0.53228620      0.22546465D-05
  890  0.53879967      0.63315704D-04
  891  0.54539284      0.20973829D-03
  892  0.55206669      0.44396379D-03
  893  0.55882221      0.76809431D-03
  894  0.56566040      0.11838764D-02
  895  0.57258226      0.16926865D-02
  896  0.57958882      0.22955178D-02
  897  0.58668112      0.29929695D-02
  898  0.59386021      0.37852372D-02
  899  0.60112714      0.46721060D-02
  900  0.60848300      0.56529453D-02
  901  0.61592888      0.67267057D-02
  902  0.62346586      0.78919184D-02
  903  0.63109507      0.91466964D-02
  904  0.63881765      0.10488738D-01
  905  0.64663472      0.11915333D-01
  906  0.65454744      0.13423371D-01
  907  0.66255699      0.15009350D-01
  908  0.67066456      0.16669391D-01
  909  0.67887133      0.18399249D-01
  910  0.68717853      0.20194335D-01
  911  0.69558738      0.22049727D-01
  912  0.70409913      0.23960198D-01
  913  0.71271504      0.25920232D-01
  914  0.72143637      0.27924049D-01
  915  0.73026443      0.29965632D-01
  916  0.73920052      0.32038752D-01
  917  0.74824595      0.34136995D-01
  918  0.75740207      0.36253792D-01
  919  0.76667023      0.38382449D-01
  920  0.77605181      0.40516178D-01
  921  0.78554818      0.42648124D-01
  922  0.79516076      0.44771404D-01
  923  0.80489097      0.46879134D-01
  924  0.81474024      0.48964461D-01
  925  0.82471003      0.51020599D-01
  926  0.83480183      0.53040857D-01
  927  0.84501711      0.55018674D-01
  928  0.85535740      0.56947647D-01
  929  0.86582422      0.58821561D-01
  930  0.87641912      0.60634422D-01
  931  0.88714367      0.62380480D-01
  932  0.89799945      0.64054259D-01
  933  0.90898807      0.65650579D-01
  934  0.92011116      0.67164581D-01
  935  0.93137035      0.68591750D-01
  936  0.94276733      0.69927930D-01
  937  0.95430376      0.71169343D-01
  938  0.96598137      0.72312605D-01
  939  0.97780187      0.73354739D-01
  940  0.98976701      0.74293182D-01
  941  1.00187857      0.75125793D-01
  942  1.01413834      0.75850862D-01
  943  1.02654813      0.76467108D-01
  944  1.03910977      0.76973682D-01
  945  1.05182512      0.77370162D-01
  946  1.06469608      0.77656552D-01
  947  1.07772453      0.77833269D-01
  948  1.09091240      0.77901139D-01
  949  1.10426166      0.77861384D-01
  950  1.11777426      0.77715605D-01
  951  1.13145222      0.77465771D-01
  952  1.14529755      0.77114199D-01
  953  1.15931230      0.76663535D-01
  954  1.17349855      0.76116736D-01
  955  1.18785840      0.75477044D-01
  956  1.20239396      0.74747967D-01
  957  1.21710739      0.73933257D-01
  958  1.23200086      0.73036878D-01
  959  1.24707658      0.72062990D-01
  960  1.26233678      0.71015919D-01
  961  1.27778372      0.69900131D-01
  962  1.29341968      0.68720211D-01
  963  1.30924697      0.67480833D-01
  964  1.32526793      0.66186738D-01
  965  1.34148494      0.64842709D-01
  966  1.35790040      0.63453548D-01
  967  1.37451672      0.62024051D-01
  968  1.39133638      0.60558990D-01
  969  1.40836186      0.59063085D-01
  970  1.42559567      0.57540994D-01
  971  1.44304037      0.55997285D-01
  972  1.46069854      0.54436424D-01
  973  1.47857278      0.52862755D-01
  974  1.49666575      0.51280491D-01
  975  1.51498012      0.49693694D-01
  976  1.53351859      0.48106267D-01
  977  1.55228392      0.46521943D-01
  978  1.57127888      0.44944275D-01
  979  1.59050627      0.43376628D-01
  980  1.60996894      0.41822175D-01
  981  1.62966978      0.40283889D-01
  982  1.64961169      0.38764542D-01
  983  1.66979762      0.37266701D-01
  984  1.69023057      0.35792729D-01
  985  1.71091354      0.34344783D-01
  986  1.73184961      0.32924817D-01
  987  1.75304187      0.31534582D-01
  988  1.77449346      0.30175632D-01
  989  1.79620755      0.28849328D-01
  990  1.81818734      0.27556841D-01
  991  1.84043610      0.26299159D-01
  992  1.86295711      0.25077095D-01
  993  1.88575370      0.23891291D-01
  994  1.90882925      0.22742228D-01
  995  1.93218717      0.21630232D-01
  996  1.95583092      0.20555485D-01
  997  1.97976399      0.19518031D-01
  998  2.00398993      0.18517786D-01
  999  2.02851231      0.17554546D-01
 1000  2.05333477      0.16627998D-01
 1001  2.07846097      0.15737727D-01
 1002  2.10389464      0.14885374D-01
 1003  2.12963953      0.14071945D-01
 1004  2.15569946      0.13296028D-01
 1005  2.18207828      0.12556250D-01
 1006  2.20877989      0.11851270D-01
 1007  2.23580824      0.11179785D-01
 1008  2.26316733      0.10540525D-01
 1009  2.29086121      0.99322559D-02
 1010  2.31889397      0.93537759D-02
 1011  2.34726976      0.88039172D-02
 1012  2.37599278      0.82815444D-02
 1013  2.40506728      0.77855547D-02
 1014  2.43449756      0.73148766D-02
 1015  2.46428797      0.68684702D-02
 1016  2.49444292      0.64453262D-02
 1017  2.52496686      0.60444656D-02
 1018  2.55586432      0.56649393D-02
 1019  2.58713987      0.53058273D-02
 1020  2.61879813      0.49662385D-02
 1021  2.65084378      0.46453104D-02
 1022  2.68328157      0.43422080D-02
